25
BioscienceLibrary SutardjaDai Etcheverry SproulPlaza Hilgard StudentUnion EarthquakeLibrary UniversityHouse LawrenceofScience Pimentel Mulford CareerCenter HearstGym Durham OBrien Library Spieker FPF PacificFilmArchive BrainImagingCenter Morrison Wheeler Cheit Manville FacultyClub
0 82728.7729 19512.3758 57714.1191 41722.6619 80647.3945 74784.1198 85516.1865 31161.4779 34270.2193 52476.4769 33091.3094 16041.2423 54900.0955 26442.5507 29260.9715 42473.6535 93746.8401 33170.9306 67022.6463 59783.2756 39899.8098 61706.9509 30741.1152 24094.0385 
82728.7729 0 86737.4867 31956.5018 75170.8247 96486.4685 40736.1345 18129.1404 92415.594 79392.325 73307.3145 54870.2149 80564.5141 32165.594 99673.953 100839.9107 56772.2406 25057.2532 95850.2514 93530.5668 84357.0472 53224.2058 60931.2777 73813.6531 82930.7697 
19512.3758 86737.4867 0 67454.1359 60440.2767 63586.2747 69143.5163 85391.6808 11710.4867 53496.3478 38014.5126 31986.1382 6691.9119 63985.6707 12937.6697 15088.8032 36006.7233 92591.9438 14088.1995 48771.1056 42860.622 53988.919 78094.2355 49369.4258 6768.5668 
57714.1191 31956.5018 67454.1359 0 43219.6861 98291.4937 54076.5918 44628.4818 76166.9107 47795.4422 69227.5249 40051.2945 62916.7264 7351.1844 79733.4574 79355.1312 48935.1883 53538.0675 79527.2368 90676.2157 80928.5556 21959.2272 31782.4546 42584.4159 65804.2347 
41722.6619 75170.8247 60440.2767 43219.6861 0 114825.7371 88308.6094 86357.0639 72094.6287 17638.5511 83977.3171 53556.0647 55193.3922 43336.1797 68008.145 64609.7115 66492.4512 95433.404 74484.3413 102816.7706 94146.5674 23195.5081 25340.2471 11070.8555 63298.5442 
80647.3945 96486.4685 63586.2747 98291.4937 114825.7371 0 57172.9615 83386.2109 54279.8175 110425.9538 31037.0858 62725.5444 64662.8427 94447.7319 67118.613 72681.1712 50564.973 84929.0964 54815.2416 14815.1691 20988.6684 98419.4027 123381.3552 104662.356 57045.3811 
74784.1198 40736.1345 69143.5163 54076.5918 88308.6094 57172.9615 0 27574.5953 69770.4429 88412.7319 40641.3229 41809.7683 64976.9401 51168.5308 80918.8454 84186.9176 33783.5988 28658.2003 72783.2783 57128.5678 49252.8781 65752.3061 85223.3191 81855.761 63156.237 
85516.1865 18129.1404 85391.6808 44628.4818 86357.0639 83386.2109 27574.5953 0 88879.9932 89093.1398 64335.6 53917.2311 79924.6416 43424.1275 98114.3494 100266.3819 51561.9343 9081.4515 92188.8645 82677.0151 74230.5337 63312.8338 75827.869 82957.4621 80476.5608 
31161.4779 92415.594 11710.4867 76166.9107 72094.6287 54279.8175 69770.4429 88879.9932 0 65206.5736 33462.4038 37918.346 17248.2605 72510.1286 13313.4751 18587.0001 37371.8755 95335.051 3449.9358 43450.0083 35254.8629 64512.6638 89104.0262 61025.9315 10390.0541 
34270.2193 79392.325 53496.3478 47795.4422 17638.5511 110425.9538 88412.7319 89093.1398 65206.5736 0 79963.3244 50927.928 48734.6887 47252.562600000005 60165.4851 56477.5765 63737.4965 98157.0554 67388.7055 97825.44 89533.4367 26189.8764 33993.2525 6567.6956 56969.8198 
52476.4769 73307.3145 38014.5126 69227.5249 83977.3171 31037.0858 40641.3229 64335.6 33462.4038 79963.3244 0 31719.5615 37298.5505 65125.4723 46482.7132 51175.8306 20635.4293 68799.5332 35706.8452 21640.9981 11891.6248 67464.1715 92578.7269 74021.6212 31257.7039 
33091.3094 54870.2149 31986.1382 40051.2945 53556.0647 62725.5444 41809.7683 53917.2311 37918.346 50927.928 31719.5615 0 26122.3348 36171.0638 44910.4158 46535.7675 14919.2709 61612.3875 41368.0519 52587.6377 43074.5633 35748.0685 60904.9376 44544.6745 28115.5748 
16041.2423 80564.5141 6691.9119 62916.7264 55193.3922 64662.8427 64976.9401 79924.6416 17248.2605 48734.6887 37298.5505 26122.3348 0 57314.6739 19285.472 20415.3143 31246.0184 87375.5448 20108.3328 53619.8003 43869.9717 47518.9095 71893.5138 44159.1495 13460.4787 
54900.0955 32165.594 63985.6707 7351.1844 43336.1797 94447.7319 51168.5308 43424.1275 72510.1286 47252.562600000005 65125.4723 36171.0638 57314.6739 0 76371.5788 77729.98819999999 45005.7636 52443.5906 75888.9893 86752.9797 77006.1658 21062.6862 34171.7905 41691.1041 62165.9872 
26442.5507 99673.953 12937.6697 79733.4574 68008.145 67118.613 80918.8454 98114.3494 13313.4751 60165.4851 46482.7132 44910.4158 19285.472 76371.5788 0 5682.9356 47491.4777 105152.9732 12311.4407 52310.6077 48524.1982 66342.36050000001 87885.5927 57112.3772 17844.523 
29260.9715 100839.9107 15088.8032 79355.1312 64609.7115 72681.1712 84186.9176 100266.3819 18587.0001 56477.5765 51175.8306 46535.7675 20415.3143 77729.98819999999 5682.9356 0 50487.8435 107586.3954 17919.5436 57884.1013 53832.5376 63245.6925 85455.4745 53894.8835 21163.3289 
42473.6535 56772.2406 36006.7233 48935.1883 66492.4512 50564.973 33783.5988 51561.9343 37371.8755 63737.4965 20635.4293 14919.2709 31246.0184 45005.7636 47491.4777 50487.8435 0 57988.6613 40647.9356 41771.4072 32036.1873 48110.2947 72840.8921 57403.558 29647.4183 
93746.8401 25057.2532 92591.9438 53538.0675 95433.404 84929.0964 28658.2003 9081.4515 95335.051 98157.0554 68799.5332 61612.3875 87375.5448 52443.5906 105152.9732 107586.3954 57988.6613 0 98569.202 85785.0432 77877.8876 72394.2278 84502.0203 92003.9185 87379.5419 
33170.9306 95850.2514 14088.1995 79527.2368 74484.3413 54815.2416 72783.2783 92188.8645 3449.9358 67388.7055 35706.8452 41368.0519 20108.3328 75888.9893 12311.4407 17919.5436 40647.9356 98569.202 0 40000.0725 36505.8741 67560.7134 91994.794 63457.6253 13723.0021 
67022.6463 93530.5668 48771.1056 90676.2157 102816.7706 14815.1691 57128.5678 82677.0151 43450.0083 97825.44 21640.9981 52587.6377 53619.8003 86752.9797 52310.6077 57884.1013 41771.4072 85785.0432 40000.0725 0 9749.8286 88060.9106 113416.9218 92529.635 42928.6078 
59783.2756 84357.0472 42860.622 80928.5556 94146.5674 20988.6684 49252.8781 74230.5337 35254.8629 89533.4367 11891.6248 43074.5633 43869.9717 77006.1658 48524.1982 53832.5376 32036.1873 77877.8876 36505.8741 9749.8286 0 78696.22260000001 103968.6458 83848.3797 36506.1028 
39899.8098 53224.2058 53988.919 21959.2272 23195.5081 98419.4027 65752.3061 63312.8338 64512.6638 26189.8764 67464.1715 35748.0685 47518.9095 21062.6862 66342.36050000001 63245.6925 48110.2947 72394.2278 67560.7134 88060.9106 78696.22260000001 0 25478.6992 22667.1052 58155.189399999996 
61706.9509 60931.2777 78094.2355 31782.4546 25340.2471 123381.3552 85223.3191 75827.869 89104.0262 33993.2525 92578.7269 60904.9376 71893.5138 34171.7905 87885.5927 85455.4745 72840.8921 84502.0203 91994.794 113416.9218 103968.6458 25478.6992 0 33097.1291 79192.7714 
30741.1152 73813.6531 49369.4258 42584.4159 11070.8555 104662.356 81855.761 82957.4621 61025.9315 6567.6956 74021.6212 44544.6745 44159.1495 41691.1041 57112.3772 53894.8835 57403.558 92003.9185 63457.6253 92529.635 83848.3797 22667.1052 33097.1291 0 52294.748 
24094.0385 82930.7697 6768.5668 65804.2347 63298.5442 57045.3811 63156.237 80476.5608 10390.0541 56969.8198 31257.7039 28115.5748 13460.4787 62165.9872 17844.523 21163.3289 29647.4183 87379.5419 13723.0021 42928.6078 36506.1028 58155.189399999996 79192.7714 52294.748 0 
