87
Home4 Home157 Home69 Home110 Home154 Home91 Home34 Home97 Home20 Home3 Home126 Home7 Home106 Home60 Home88 Home144 Home31 Home35 Home25 Home122 Home114 Home156 Home81 Home131 Home149 Home173 Home15 Home164 Home62 Home132 Home45 Home50 Home82 Home11 Home76 Home48 Home171 Home83 Home147 Home172 Home100 Home51 Home32 Home143 Home152 Home135 Home47 Home86 Home134 Home167 Home124 Home37 Home64 Home13 Home112 Home128 Home165 Home27 Home125 Home36 Home176 Home63 Home103 Home74 Home55 Home120 Home170 Home136 Home127 Home5 Home67 Home161 Home75 Home66 Home92 Home44 Home105 Home26 Home96 Home43 Home16 Home177 Home53 Home89 Home1 Home111 Home87 Home141
0 3 3 2 3 3 3 3 2 3 3 2 3 3 2 3 3 3 3 3 3 3 2 3 3 2 4 2 3 2 3 2 2 2 2 3 3 2 3 2 3 3 2 2 3 2 2 4 2 4 3 2 2 3 2 3 3 1 3 3 3 2 3 3 4 2 2 2 2 3 3 3 3 2 3 3 3 1 4 2 3 1 3 2 2 2 2 3 
3 0 3 3 3 3 2 2 2 1 3 3 3 3 2 3 3 3 2 3 2 3 3 2 3 2 3 3 2 2 3 3 3 3 3 3 3 2 2 3 3 3 3 3 3 4 3 3 3 3 3 3 3 2 3 3 3 3 3 3 3 1 3 3 2 3 2 3 3 2 3 3 3 3 1 1 2 3 2 2 3 3 2 2 3 3 3 2 
3 3 0 3 4 3 3 3 3 2 3 3 3 1 4 3 4 3 2 3 4 3 3 2 3 4 4 4 4 1 2 3 3 3 3 3 3 2 3 3 4 3 3 3 4 2 3 3 3 2 4 4 2 3 3 3 3 2 4 2 3 3 3 3 3 1 3 2 4 3 3 3 4 3 3 2 4 2 3 4 2 4 3 2 3 3 3 3 
2 3 3 0 3 3 3 4 3 3 3 3 4 2 2 3 3 3 2 3 3 2 2 2 3 3 3 3 4 3 3 3 3 3 3 2 3 2 2 2 3 3 2 3 3 3 3 3 3 3 2 3 3 2 3 2 2 3 1 4 3 3 3 2 3 3 2 3 3 2 2 3 3 2 3 3 4 3 3 2 3 3 3 2 2 3 3 2 
3 3 4 3 0 2 3 3 2 3 3 3 3 3 1 3 3 3 3 3 3 3 3 3 2 3 2 2 3 3 2 4 3 2 2 2 3 3 2 3 2 3 1 2 4 3 3 4 2 4 2 2 2 3 2 1 3 3 2 3 3 2 2 2 4 3 3 3 3 3 3 3 2 2 2 2 3 3 2 2 3 2 3 2 3 3 3 1 
3 3 3 3 2 0 3 2 2 3 3 3 3 3 3 3 3 4 2 3 3 3 3 3 3 3 2 2 4 4 4 2 3 2 3 4 3 3 3 3 4 4 3 3 4 3 3 3 4 4 4 3 4 2 3 2 4 4 4 4 3 3 3 2 4 2 3 3 3 4 3 3 3 1 3 2 3 4 3 3 3 3 1 3 4 4 3 3 
3 2 3 3 3 3 0 3 3 3 3 3 1 3 2 3 3 2 2 2 3 3 3 2 2 1 3 3 3 3 4 4 2 2 3 3 3 3 3 4 2 2 3 1 2 3 3 2 3 3 4 4 3 3 3 3 3 2 3 3 1 2 3 3 2 3 2 3 3 3 2 3 3 3 3 1 3 2 2 2 3 3 2 2 1 1 3 3 
3 2 3 4 3 2 3 0 2 3 3 3 3 3 3 3 3 3 3 3 3 4 4 2 3 3 2 2 3 2 4 4 3 4 3 3 3 3 4 4 3 3 3 2 2 3 4 3 2 3 4 3 2 2 3 4 3 3 3 3 4 3 4 4 4 3 3 4 3 3 4 1 3 3 2 2 3 2 3 3 2 3 1 4 3 4 3 2 
2 2 3 3 2 2 3 2 0 2 1 2 3 3 2 2 1 2 2 3 2 3 3 3 1 2 3 3 3 2 4 3 2 2 3 3 3 3 3 2 3 2 3 2 3 3 3 2 2 3 4 3 2 2 2 3 3 3 3 2 3 2 3 2 3 3 2 4 2 3 2 3 3 3 3 2 3 2 3 2 3 2 3 3 2 3 3 2 
3 1 2 3 3 3 3 3 2 0 2 4 3 3 3 2 3 2 3 3 3 3 2 3 3 3 4 3 3 1 4 4 3 3 3 3 4 2 2 3 3 2 2 3 3 3 2 2 3 3 3 3 2 3 2 3 3 2 3 3 2 1 4 3 3 2 3 3 4 2 2 3 3 4 2 2 3 3 2 3 3 3 3 1 2 3 3 3 
3 3 3 3 3 3 3 3 1 2 0 3 3 3 3 2 2 1 2 3 3 4 3 3 2 3 4 4 4 2 4 4 3 3 3 3 4 3 4 3 3 3 4 2 3 3 3 2 3 3 3 4 2 3 3 3 3 3 3 3 4 3 4 3 3 3 3 4 3 2 2 3 4 3 3 3 3 2 4 3 3 2 4 3 2 4 3 3 
2 3 3 3 3 3 3 3 2 4 3 0 3 2 2 2 3 3 2 3 3 3 2 2 3 3 3 2 1 4 3 4 2 2 3 2 3 4 3 4 1 4 2 3 2 3 3 4 2 3 3 3 3 3 4 3 3 3 3 1 4 3 2 1 3 3 2 3 1 4 2 3 3 3 3 3 3 3 4 2 3 1 3 3 3 3 3 3 
3 3 3 4 3 3 1 3 3 3 3 3 0 4 2 3 4 3 3 3 2 2 4 3 3 2 4 4 4 2 3 3 3 1 3 2 3 3 4 4 3 3 3 2 3 2 3 3 3 4 4 3 3 3 4 3 3 3 3 2 2 3 3 2 3 3 3 3 4 3 3 2 3 3 3 2 2 2 3 3 4 2 3 3 2 2 3 4 
3 3 1 2 3 3 3 3 3 3 3 2 4 0 4 2 3 3 2 3 3 2 2 2 3 3 3 3 3 2 1 4 3 3 3 3 3 3 2 2 3 2 2 3 3 3 3 3 2 1 3 3 3 2 2 2 3 3 3 3 3 3 3 3 2 2 3 1 3 2 2 3 3 3 3 3 4 3 4 3 1 3 3 2 4 3 4 2 
2 2 4 2 1 3 2 3 2 3 3 2 2 4 0 3 3 2 3 2 3 2 3 2 1 3 3 3 3 3 3 3 2 1 3 3 3 3 3 3 3 2 2 1 3 3 3 3 2 3 3 3 3 3 3 2 4 3 3 2 3 3 1 2 4 3 4 3 2 3 3 3 3 3 3 3 3 3 3 3 3 1 3 3 2 3 3 2 
3 3 3 3 3 3 3 3 2 2 2 2 3 2 3 0 3 2 3 2 3 3 2 1 3 2 2 2 3 2 3 3 2 3 2 2 2 2 3 3 2 3 2 2 3 3 3 2 3 3 3 3 2 3 3 3 2 3 3 3 4 3 4 2 4 2 1 3 3 2 2 2 3 2 2 2 3 3 3 2 2 2 3 3 2 3 3 3 
3 3 4 3 3 3 3 3 1 3 2 3 4 3 3 3 0 3 3 4 2 4 3 3 2 3 4 4 3 3 4 2 3 3 4 3 4 3 3 1 2 3 3 3 4 4 4 3 3 4 4 3 3 3 3 3 4 4 4 3 4 3 4 3 3 3 3 4 3 4 1 4 3 3 4 3 3 3 4 3 4 3 4 3 3 4 4 3 
3 3 3 3 3 4 2 3 2 2 1 3 3 3 2 2 3 0 2 2 2 3 3 2 2 3 4 4 4 2 3 3 2 3 2 3 4 3 3 3 2 3 3 1 3 3 3 2 3 2 2 3 2 3 3 2 2 3 2 3 3 2 3 2 3 3 3 4 3 1 2 3 3 3 3 3 3 2 3 3 3 2 4 3 2 3 3 4 
3 2 2 2 3 2 2 3 2 3 2 2 3 2 3 3 3 2 0 2 3 3 1 2 3 2 3 3 3 3 3 3 3 2 3 3 4 3 3 2 3 2 2 3 3 2 3 2 3 3 3 3 3 3 2 2 4 3 3 3 3 3 4 1 3 1 3 3 3 3 3 3 2 1 1 3 2 2 4 2 1 2 2 2 3 3 3 3 
3 3 3 3 3 3 2 3 3 3 3 3 3 3 2 2 4 2 2 0 3 3 3 2 2 3 3 3 2 3 4 4 2 3 3 3 4 3 3 3 2 3 2 1 3 4 3 3 1 3 3 2 3 3 1 2 3 2 2 4 3 3 3 3 3 3 3 4 2 2 3 2 3 3 3 3 3 3 3 2 2 3 2 3 3 3 3 4 
3 2 4 3 3 3 3 3 2 3 3 3 2 3 3 3 2 2 3 3 0 2 2 2 3 3 4 3 3 3 3 4 3 3 3 3 4 3 2 3 2 3 3 3 3 3 4 3 2 4 4 1 3 2 3 2 3 3 3 4 3 3 3 2 1 3 3 3 3 3 1 2 1 3 3 2 2 2 3 3 3 2 3 3 3 4 4 3 
3 3 3 2 3 3 3 4 3 3 4 3 2 2 2 3 4 3 3 3 2 0 2 3 3 3 3 3 4 3 1 3 3 1 2 2 2 2 2 4 3 3 3 3 3 3 3 4 3 3 4 2 2 3 3 3 3 3 3 2 3 2 1 2 3 3 2 3 3 3 3 4 1 3 3 3 3 2 3 2 3 2 3 2 2 3 3 4 
2 3 3 2 3 3 3 4 3 2 3 2 4 2 3 2 3 3 1 3 2 2 0 2 2 3 3 2 3 3 3 4 3 3 3 2 3 3 3 3 3 3 2 3 3 3 3 3 2 3 3 2 3 2 3 2 4 2 3 3 2 3 3 2 3 2 3 3 2 4 2 3 1 2 2 3 2 2 3 2 2 3 3 1 3 3 4 2 
3 2 2 2 3 3 2 2 3 3 3 2 3 2 2 1 3 2 2 2 2 3 2 0 2 2 2 3 3 2 2 3 2 3 3 1 3 3 3 2 2 2 2 1 3 2 2 3 2 3 3 3 2 3 2 2 3 3 2 3 3 3 3 2 3 1 2 3 3 3 2 3 3 2 1 3 2 2 3 2 1 2 3 2 3 3 3 3 
3 3 3 3 2 3 2 3 1 3 2 3 3 3 1 3 2 2 3 2 3 3 2 2 0 2 4 3 2 3 4 3 2 2 2 3 3 2 2 3 4 1 3 1 3 3 3 3 1 4 4 2 3 2 3 3 3 2 4 3 3 3 2 3 3 2 3 3 3 3 3 2 3 3 2 3 2 2 3 3 2 2 4 3 3 2 3 3 
2 2 4 3 3 3 1 3 2 3 3 3 2 3 3 2 3 3 2 3 3 3 3 2 2 0 2 3 4 4 4 4 3 3 3 3 3 3 2 4 3 1 3 2 3 4 3 2 3 3 4 3 4 3 2 3 3 3 3 3 2 2 4 3 2 3 3 3 3 3 3 3 3 3 3 2 4 3 3 2 2 3 2 2 2 2 4 3 
4 3 4 3 2 2 3 2 3 4 4 3 4 3 3 2 4 4 3 3 4 3 3 2 4 2 0 2 3 4 4 4 3 4 3 3 1 3 3 4 4 3 3 3 3 3 3 3 3 2 3 3 3 3 4 3 3 3 4 3 4 3 4 4 4 3 3 4 3 3 3 3 3 3 2 2 3 3 3 3 3 3 1 3 3 2 4 1 
2 3 4 3 2 2 3 2 3 3 4 2 4 3 3 2 4 4 3 3 3 3 2 3 3 3 2 0 2 4 4 3 3 3 2 3 3 3 3 4 2 3 3 4 3 4 4 3 2 4 3 2 2 3 3 3 2 3 3 3 4 2 4 3 4 4 1 4 1 3 3 3 3 3 3 2 3 3 2 2 2 3 1 3 3 3 3 3 
3 2 4 4 3 4 3 3 3 3 4 1 4 3 3 3 3 4 3 2 3 4 3 3 2 4 3 2 0 3 4 3 3 3 3 3 4 3 2 3 2 3 3 3 1 4 4 4 1 3 4 2 3 3 3 3 3 2 3 2 3 3 3 2 3 3 3 3 1 4 3 2 3 4 3 3 2 3 4 3 3 2 3 2 2 3 3 4 
2 2 1 3 3 4 3 2 2 1 2 4 2 2 3 2 3 2 3 3 3 3 3 2 3 4 4 4 3 0 3 3 3 3 3 3 3 2 3 3 3 3 3 2 3 2 3 2 2 3 4 3 2 4 3 3 3 1 4 3 3 2 4 3 4 2 3 3 4 3 2 3 3 3 2 3 3 2 3 3 3 3 3 2 2 2 3 4 
3 3 2 3 2 4 4 4 4 4 4 3 3 1 3 3 4 3 3 4 3 1 3 2 4 4 4 4 4 3 0 4 4 2 3 3 3 3 3 3 2 3 3 3 4 4 4 4 3 2 4 3 3 3 3 3 4 4 3 3 4 3 2 3 3 3 3 2 4 3 3 4 2 4 3 4 4 3 4 2 2 3 4 3 3 3 4 3 
2 3 3 3 4 2 4 4 3 4 4 4 3 4 3 3 2 3 3 4 4 3 4 3 3 4 4 3 3 3 4 0 3 4 2 3 3 3 3 3 3 4 4 4 4 3 4 3 4 4 4 4 3 3 3 3 3 3 4 3 4 4 4 3 4 2 2 4 3 3 3 4 4 2 2 3 3 3 4 3 4 3 3 3 3 4 2 4 
2 3 3 3 3 3 2 3 2 3 3 2 3 3 2 2 3 2 3 2 3 3 3 2 2 3 3 3 3 3 4 3 0 2 3 2 2 2 1 4 3 2 3 1 3 2 1 4 3 3 4 2 2 3 3 2 2 3 3 2 3 2 3 3 3 2 2 2 2 3 3 3 3 3 3 3 3 1 3 2 3 1 3 3 2 3 1 3 
2 3 3 3 2 2 2 4 2 3 3 2 1 3 1 3 3 3 2 3 3 1 3 3 2 3 4 3 3 3 2 4 2 0 3 3 3 2 3 4 3 3 3 2 3 3 2 4 3 4 4 3 3 2 4 3 4 3 4 3 2 3 2 1 4 2 3 2 3 3 3 3 2 2 3 2 2 3 3 3 3 1 3 3 2 3 3 3 
2 3 3 3 2 3 3 3 3 3 3 3 3 3 3 2 4 2 3 3 3 2 3 3 2 3 3 2 3 3 3 2 3 3 0 3 2 2 3 4 2 3 3 3 2 3 2 2 3 2 2 2 2 3 3 3 2 3 2 2 3 2 3 3 3 2 1 3 3 1 3 3 3 2 2 2 1 3 2 3 2 3 3 3 3 2 2 3 
3 3 3 2 2 4 3 3 3 3 3 2 2 3 3 2 3 3 3 3 3 2 2 1 3 3 3 3 3 3 3 3 2 3 3 0 3 3 3 3 1 3 2 2 4 3 1 3 3 3 2 2 2 3 3 3 3 4 1 2 3 3 3 2 4 2 2 3 3 2 2 3 3 3 2 3 3 3 2 2 2 3 4 3 3 3 3 3 
3 3 3 3 3 3 3 3 3 4 4 3 3 3 3 2 4 4 4 4 4 2 3 3 3 3 1 3 4 3 3 3 2 3 2 3 0 2 3 3 3 4 3 3 3 2 3 4 3 3 4 4 4 3 4 4 2 3 4 3 4 3 3 3 3 3 3 3 4 3 3 4 3 4 3 3 3 3 4 3 3 2 2 3 4 3 3 2 
2 2 2 2 3 3 3 3 3 2 3 4 3 3 3 2 3 3 3 3 3 2 3 3 2 3 3 3 3 2 3 3 2 2 2 3 2 0 2 2 3 3 3 3 3 3 3 3 2 3 3 3 2 3 3 3 2 1 3 3 3 1 3 3 4 2 3 3 3 2 3 3 3 3 2 2 3 3 3 3 2 3 3 2 2 2 3 3 
3 2 3 2 2 3 3 4 3 2 4 3 4 2 3 3 3 3 3 3 2 2 3 3 2 2 3 3 2 3 3 3 1 3 3 3 3 2 0 4 3 1 3 2 3 3 2 3 2 3 3 1 2 2 2 1 1 3 3 3 3 1 3 3 3 3 2 1 3 2 3 3 2 2 3 2 2 2 3 3 2 2 3 2 3 3 2 3 
2 3 3 2 3 3 4 4 2 3 3 4 4 2 3 3 1 3 2 3 3 4 3 2 3 4 4 4 3 3 3 3 4 4 4 3 3 2 4 0 3 4 3 3 4 3 4 3 2 3 4 3 4 3 4 3 4 3 3 4 3 3 4 3 2 2 4 3 4 4 2 3 3 2 3 3 4 3 4 4 3 3 3 2 3 4 4 3 
3 3 4 3 2 4 2 3 3 3 3 1 3 3 3 2 2 2 3 2 2 3 3 2 4 3 4 2 2 3 2 3 3 3 2 1 3 3 3 3 0 4 3 3 3 3 2 3 3 4 3 3 3 3 3 2 2 4 2 2 3 3 3 2 3 3 1 3 2 3 1 2 2 3 3 2 3 4 3 2 3 2 3 3 3 3 3 3 
3 3 3 3 3 4 2 3 2 2 3 4 3 2 2 3 3 3 2 3 3 3 3 2 1 1 3 3 3 3 3 4 2 3 3 3 4 3 1 4 4 0 4 2 3 4 2 3 2 3 4 2 3 3 2 2 2 3 4 4 2 2 3 3 3 3 3 2 4 3 4 3 3 3 3 2 3 3 2 3 1 3 3 3 3 3 3 4 
2 3 3 2 1 3 3 3 3 2 4 2 3 2 2 2 3 3 2 2 3 3 2 2 3 3 3 3 3 3 3 4 3 3 3 2 3 3 3 3 3 4 0 2 4 3 3 3 3 3 1 3 3 3 3 2 3 2 1 3 2 3 3 3 3 2 3 3 3 2 2 3 3 2 2 3 3 3 3 1 3 2 3 1 3 2 4 2 
2 3 3 3 2 3 1 2 2 3 2 3 2 3 1 2 3 1 3 1 3 3 3 1 1 2 3 4 3 2 3 4 1 2 3 2 3 3 2 3 3 2 2 0 3 3 2 3 2 3 3 3 2 3 2 3 3 3 3 3 2 3 2 3 3 2 3 3 3 2 3 3 2 3 2 2 3 2 3 3 2 2 3 3 2 2 2 3 
3 3 4 3 4 4 2 2 3 3 3 2 3 3 3 3 4 3 3 3 3 3 3 3 3 3 3 3 1 3 4 4 3 3 2 4 3 3 3 4 3 3 4 3 0 3 4 3 2 3 4 3 3 3 3 4 4 3 3 2 3 4 3 3 4 4 3 4 2 3 3 3 4 3 2 3 1 2 4 3 2 3 3 3 1 3 2 4 
2 4 2 3 3 3 3 3 3 3 3 3 2 3 3 3 4 3 2 4 3 3 3 2 3 4 3 4 4 2 4 3 2 3 3 3 2 3 3 3 3 4 3 3 3 0 3 4 3 4 4 3 2 3 4 3 4 3 4 3 3 3 4 3 3 1 3 3 4 4 3 3 3 3 3 3 3 1 4 4 3 2 4 2 2 3 1 4 
2 3 3 3 3 3 3 4 3 2 3 3 3 3 3 3 4 3 3 3 4 3 3 2 3 3 3 4 4 3 4 4 1 2 2 1 3 3 2 4 2 2 3 2 4 3 0 3 4 3 3 3 2 3 2 3 3 3 2 2 2 2 3 3 4 2 3 2 3 3 3 4 4 4 3 2 3 2 2 3 3 2 3 3 3 4 2 4 
4 3 3 3 4 3 2 3 2 2 2 4 3 3 3 2 3 2 2 3 3 4 3 3 3 2 3 3 4 2 4 3 4 4 2 3 4 3 3 3 3 3 3 3 3 4 3 0 3 2 2 4 2 4 3 4 2 3 2 3 3 2 4 3 3 3 3 4 3 1 2 3 4 3 3 3 3 3 4 2 2 3 2 3 2 3 3 4 
2 3 3 3 2 4 3 2 2 3 3 2 3 2 2 3 3 3 3 1 2 3 2 2 1 3 3 2 1 2 3 4 3 3 3 3 3 2 2 2 3 2 3 2 2 3 4 3 0 3 4 1 2 2 2 3 3 1 3 3 3 3 3 3 2 2 3 3 2 3 3 1 2 3 2 4 3 2 3 2 3 3 3 2 3 2 3 3 
4 3 2 3 4 4 3 3 3 3 3 3 4 1 3 3 4 2 3 3 4 3 3 3 4 3 2 4 3 3 2 4 3 4 2 3 3 3 3 3 4 3 3 3 3 4 3 2 3 0 2 3 3 3 3 3 2 3 2 3 4 2 4 4 3 3 3 2 3 1 3 3 3 4 2 3 3 3 4 3 2 4 3 3 3 2 4 3 
3 3 4 2 2 4 4 4 4 3 3 3 4 3 3 3 4 2 3 3 4 4 3 3 4 4 3 3 4 4 4 4 4 4 2 2 4 3 3 4 3 4 1 3 4 4 3 2 4 2 0 3 3 4 4 3 2 3 1 4 3 2 4 4 4 3 3 4 3 1 3 3 4 3 3 3 3 4 3 2 4 3 4 2 4 3 4 2 
2 3 4 3 2 3 4 3 3 3 4 3 3 3 3 3 3 3 3 2 1 2 2 3 2 3 3 2 2 3 3 4 2 3 2 2 4 3 1 3 3 2 3 3 3 3 3 4 1 3 3 0 2 1 3 2 2 2 3 4 3 2 3 3 2 3 3 2 2 3 2 2 2 3 3 3 3 2 2 2 3 3 3 3 3 3 3 3 
2 3 2 3 2 4 3 2 2 2 2 3 3 3 3 2 3 2 3 3 3 2 3 2 3 4 3 2 3 2 3 3 2 3 2 2 4 2 2 4 3 3 3 2 3 2 2 2 2 3 3 2 0 3 4 3 3 3 3 2 4 2 3 3 4 3 3 3 3 3 2 3 2 3 2 3 3 1 2 3 3 3 3 3 2 3 1 3 
3 2 3 2 3 2 3 2 2 3 3 3 3 2 3 3 3 3 3 3 2 3 2 3 2 3 3 3 3 4 3 3 3 2 3 3 3 3 2 3 3 3 3 3 3 3 3 4 2 3 4 1 3 0 3 2 3 3 3 3 2 3 3 3 3 3 3 3 3 3 2 3 3 2 2 3 2 3 3 3 3 3 2 2 4 3 3 2 
2 3 3 3 2 3 3 3 2 2 3 4 4 2 3 3 3 3 2 1 3 3 3 2 3 2 4 3 3 3 3 3 3 4 3 3 4 3 2 4 3 2 3 2 3 4 2 3 2 3 4 3 4 3 0 1 3 3 3 4 2 2 4 3 4 3 3 3 3 3 3 3 4 2 3 2 4 3 2 3 1 3 3 3 4 3 4 3 
3 3 3 2 1 2 3 4 3 3 3 3 3 2 2 3 3 2 2 2 2 3 2 2 3 3 3 3 3 3 3 3 2 3 3 3 4 3 1 3 2 2 2 3 4 3 3 4 3 3 3 2 3 2 1 0 2 3 3 4 3 2 3 2 3 3 3 2 4 3 2 4 3 1 3 3 3 3 3 3 2 3 3 2 4 3 3 2 
3 3 3 2 3 4 3 3 3 3 3 3 3 3 4 2 4 2 4 3 3 3 4 3 3 3 3 2 3 3 4 3 2 4 2 3 2 2 1 4 2 2 3 3 4 4 3 2 3 2 2 2 3 3 3 2 0 3 2 3 4 2 3 4 4 4 1 2 3 1 3 3 3 3 3 2 3 3 3 3 3 3 3 3 4 4 3 3 
1 3 2 3 3 4 2 3 3 2 3 3 3 3 3 3 4 3 3 2 3 3 2 3 2 3 3 3 2 1 4 3 3 3 3 4 3 1 3 3 4 3 2 3 3 3 3 3 1 3 3 2 3 3 3 3 3 0 3 4 2 2 4 4 3 2 3 3 3 3 3 2 3 3 3 3 3 2 4 2 3 2 4 1 3 1 3 3 
3 3 4 1 2 4 3 3 3 3 3 3 3 3 3 3 4 2 3 2 3 3 3 2 4 3 4 3 3 4 3 4 3 4 2 1 4 3 3 3 2 4 1 3 3 4 2 2 3 2 1 3 3 3 3 3 2 3 0 3 3 2 4 3 4 3 3 4 2 1 3 2 4 3 2 3 3 4 3 1 3 3 3 2 3 2 4 3 
3 3 2 4 3 4 3 3 2 3 3 1 2 3 2 3 3 3 3 4 4 2 3 3 3 3 3 3 2 3 3 3 2 3 2 2 3 3 3 4 2 4 3 3 2 3 2 3 3 3 4 4 2 3 4 4 3 4 3 0 4 2 1 2 3 3 2 4 2 3 3 4 3 3 3 2 3 2 3 2 4 2 3 3 3 3 2 3 
3 3 3 3 3 3 1 4 3 2 4 4 2 3 3 4 4 3 3 3 3 3 2 3 3 2 4 4 3 3 4 4 3 2 3 3 4 3 3 3 3 2 2 2 3 3 2 3 3 4 3 3 4 2 2 3 4 2 3 4 0 3 4 3 3 2 3 4 4 3 3 4 3 2 3 2 2 3 2 3 3 3 3 1 2 2 4 3 
2 1 3 3 2 3 2 3 2 1 3 3 3 3 3 3 3 2 3 3 3 2 3 3 3 2 3 2 3 2 3 4 2 3 2 3 3 1 1 3 3 2 3 3 4 3 2 2 3 2 2 2 2 3 2 2 2 2 2 2 3 0 3 3 3 3 2 2 3 1 3 3 2 3 2 1 3 2 2 3 3 3 2 2 3 3 3 3 
3 3 3 3 2 3 3 4 3 4 4 2 3 3 1 4 4 3 4 3 3 1 3 3 2 4 4 4 3 4 2 4 3 2 3 3 3 3 3 4 3 3 3 2 3 4 3 4 3 4 4 3 3 3 4 3 3 4 4 1 4 3 0 3 4 4 3 4 3 4 4 4 2 4 4 3 3 3 4 3 4 2 3 3 3 4 3 3 
3 3 3 2 2 2 3 4 2 3 3 1 2 3 2 2 3 2 1 3 2 2 2 2 3 3 4 3 2 3 3 3 3 1 3 2 3 3 3 3 2 3 3 3 3 3 3 3 3 4 4 3 3 3 3 2 4 4 3 2 3 3 3 0 3 2 3 3 2 3 2 4 3 2 2 2 3 3 3 3 2 2 3 3 2 4 3 3 
4 2 3 3 4 4 2 4 3 3 3 3 3 2 4 4 3 3 3 3 1 3 3 3 3 2 4 4 3 4 3 4 3 4 3 4 3 4 3 2 3 3 3 3 4 3 4 3 2 3 4 2 4 3 4 3 4 3 4 3 3 3 4 3 0 2 3 3 3 4 2 3 2 4 3 2 3 3 3 3 3 3 3 2 3 3 4 3 
2 3 1 3 3 2 3 3 3 2 3 3 3 2 3 2 3 3 1 3 3 3 2 1 2 3 3 4 3 2 3 2 2 2 2 2 3 2 3 2 3 3 2 2 4 1 2 3 2 3 3 3 3 3 3 3 4 2 3 3 2 3 4 2 2 0 3 2 4 3 3 3 3 2 2 3 3 2 4 3 2 3 3 1 3 2 2 3 
2 2 3 2 3 3 2 3 2 3 3 2 3 3 4 1 3 3 3 3 3 2 3 2 3 3 3 1 3 3 3 2 2 3 1 2 3 3 2 4 1 3 3 3 3 3 3 3 3 3 3 3 3 3 3 3 1 3 3 2 3 2 3 3 3 3 0 3 2 2 2 3 3 2 2 1 2 3 2 2 3 3 2 2 3 3 2 3 
2 3 2 3 3 3 3 4 4 3 4 3 3 1 3 3 4 4 3 4 3 3 3 3 3 3 4 4 3 3 2 4 2 2 3 3 3 3 1 3 3 2 3 3 4 3 2 4 3 2 4 2 3 3 3 2 2 3 4 4 4 2 4 3 3 2 3 0 4 3 3 4 3 3 4 3 3 3 4 4 2 3 3 3 4 4 3 3 
2 3 4 3 3 3 3 3 2 4 3 1 4 3 2 3 3 3 3 2 3 3 2 3 3 3 3 1 1 4 4 3 2 3 3 3 4 3 3 4 2 4 3 3 2 4 3 3 2 3 3 2 3 3 3 4 3 3 2 2 4 3 3 2 3 4 2 4 0 3 3 2 3 4 3 3 3 3 3 2 3 2 2 3 2 3 3 3 
3 2 3 2 3 4 3 3 3 2 2 4 3 2 3 2 4 1 3 2 3 3 4 3 3 3 3 3 4 3 3 3 3 3 1 2 3 2 2 4 3 3 2 2 3 4 3 1 3 1 1 3 3 3 3 3 1 3 1 3 3 1 4 3 4 3 2 3 3 0 3 2 3 3 3 2 2 3 3 2 3 3 3 3 3 3 3 3 
3 3 3 2 3 3 2 4 2 2 2 2 3 2 3 2 1 2 3 3 1 3 2 2 3 3 3 3 3 2 3 3 3 3 3 2 3 3 3 2 1 4 2 3 3 3 3 2 3 3 3 2 2 2 3 2 3 3 3 3 3 3 4 2 2 3 2 3 3 3 0 3 2 3 3 2 3 3 3 3 3 3 3 2 2 3 3 2 
3 3 3 3 3 3 3 1 3 3 3 3 2 3 3 2 4 3 3 2 2 4 3 3 2 3 3 3 2 3 4 4 3 3 3 3 4 3 3 3 2 3 3 3 3 3 4 3 1 3 3 2 3 3 3 4 3 2 2 4 4 3 4 4 3 3 3 4 2 2 3 0 3 4 3 3 2 2 3 2 3 2 2 3 3 3 4 3 
3 3 4 3 2 3 3 3 3 3 4 3 3 3 3 3 3 3 2 3 1 1 1 3 3 3 3 3 3 3 2 4 3 2 3 3 3 3 2 3 2 3 3 2 4 3 4 4 2 3 4 2 2 3 4 3 3 3 4 3 3 2 2 3 2 3 3 3 3 3 2 3 0 3 2 3 3 2 4 3 3 3 3 2 3 3 3 3 
2 3 3 2 2 1 3 3 3 4 3 3 3 3 3 2 3 3 1 3 3 3 2 2 3 3 3 3 4 3 4 2 3 2 2 3 4 3 2 2 3 3 2 3 3 3 4 3 3 4 3 3 3 2 2 1 3 3 3 3 2 3 4 2 4 2 2 3 4 3 3 4 3 0 2 3 2 3 3 2 2 2 2 3 4 3 2 3 
3 1 3 3 2 3 3 2 3 2 3 3 3 3 3 2 4 3 1 3 3 3 2 1 2 3 2 3 3 2 3 2 3 3 2 2 3 2 3 3 3 3 2 2 2 3 3 3 2 2 3 3 2 2 3 3 3 3 2 3 3 2 4 2 3 2 2 4 3 3 3 3 2 2 0 2 1 2 3 1 2 3 3 3 3 2 3 3 
3 1 2 3 2 2 1 2 2 2 3 3 2 3 3 2 3 3 3 3 2 3 3 3 3 2 2 2 3 3 4 3 3 2 2 3 3 2 2 3 2 2 3 2 3 3 2 3 4 3 3 3 3 3 2 3 2 3 3 2 2 1 3 2 2 3 1 3 3 2 2 3 3 3 2 0 3 2 1 3 3 3 1 2 2 2 3 3 
3 2 4 4 3 3 3 3 3 3 3 3 2 4 3 3 3 3 2 3 2 3 2 2 2 4 3 3 2 3 4 3 3 2 1 3 3 3 2 4 3 3 3 3 1 3 3 3 3 3 3 3 3 2 4 3 3 3 3 3 2 3 3 3 3 3 2 3 3 2 3 2 3 2 1 3 0 2 3 2 3 2 3 2 2 3 3 4 
1 3 2 3 3 4 2 2 2 3 2 3 2 3 3 3 3 2 2 3 2 2 2 2 2 3 3 3 3 2 3 3 1 3 3 3 3 3 2 3 4 3 3 2 2 1 2 3 2 3 4 2 1 3 3 3 3 2 4 2 3 2 3 3 3 2 3 3 3 3 3 2 2 3 2 2 2 0 3 3 3 2 3 3 1 3 2 4 
4 2 3 3 2 3 2 3 3 2 4 4 3 4 3 3 4 3 4 3 3 3 3 3 3 3 3 2 4 3 4 4 3 3 2 2 4 3 3 4 3 2 3 3 4 4 2 4 3 4 3 2 2 3 2 3 3 4 3 3 2 2 4 3 3 4 2 4 3 3 3 3 4 3 3 1 3 3 0 3 3 4 2 3 3 3 3 3 
2 2 4 2 2 3 2 3 2 3 3 2 3 3 3 2 3 3 2 2 3 2 2 2 3 2 3 2 3 3 2 3 2 3 3 2 3 3 3 4 2 3 1 3 3 4 3 2 2 3 2 2 3 3 3 3 3 2 1 2 3 3 3 3 3 3 2 4 2 2 3 2 3 2 1 3 2 3 3 0 3 2 2 2 3 1 3 3 
3 3 2 3 3 3 3 2 3 3 3 3 4 1 3 2 4 3 1 2 3 3 2 1 2 2 3 2 3 3 2 4 3 3 2 2 3 2 2 3 3 1 3 2 2 3 3 2 3 2 4 3 3 3 1 2 3 3 3 4 3 3 4 2 3 2 3 2 3 3 3 3 3 2 2 3 3 3 3 3 0 3 3 3 3 2 4 3 
1 3 4 3 2 3 3 3 2 3 2 1 2 3 1 2 3 2 2 3 2 2 3 2 2 3 3 3 2 3 3 3 1 1 3 3 2 3 2 3 2 3 2 2 3 2 2 3 3 4 3 3 3 3 3 3 3 2 3 2 3 3 2 2 3 3 3 3 2 3 3 2 3 2 3 3 2 2 4 2 3 0 3 3 3 3 2 3 
3 2 3 3 3 1 2 1 3 3 4 3 3 3 3 3 4 4 2 2 3 3 3 3 4 2 1 1 3 3 4 3 3 3 3 4 2 3 3 3 3 3 3 3 3 4 3 2 3 3 4 3 3 2 3 3 3 4 3 3 3 2 3 3 3 3 2 3 2 3 3 2 3 2 3 1 3 3 2 2 3 3 0 3 3 3 4 2 
2 2 2 2 2 3 2 4 3 1 3 3 3 2 3 3 3 3 2 3 3 2 1 2 3 2 3 3 2 2 3 3 3 3 3 3 3 2 2 2 3 3 1 3 3 2 3 3 2 3 2 3 3 2 3 2 3 1 2 3 1 2 3 3 2 1 2 3 3 3 2 3 2 3 3 2 2 3 3 2 3 3 3 0 3 2 3 2 
2 3 3 2 3 4 1 3 2 2 2 3 2 4 2 2 3 2 3 3 3 2 3 3 3 2 3 3 2 2 3 3 2 2 3 3 4 2 3 3 3 3 3 2 1 2 3 2 3 3 4 3 2 4 4 4 4 3 3 3 2 3 3 2 3 3 3 4 2 3 2 3 3 4 3 2 2 1 3 3 3 3 3 3 0 2 3 4 
2 3 3 3 3 4 1 4 3 3 4 3 2 3 3 3 4 3 3 3 4 3 3 3 2 2 2 3 3 2 3 4 3 3 2 3 3 2 3 4 3 3 2 2 3 3 4 3 2 2 3 3 3 3 3 3 4 1 2 3 2 3 4 4 3 2 3 4 3 3 3 3 3 3 2 2 3 3 3 1 2 3 3 2 2 0 4 3 
2 3 3 3 3 3 3 3 3 3 3 3 3 4 3 3 4 3 3 3 4 3 4 3 3 4 4 3 3 3 4 2 1 3 2 3 3 3 2 4 3 3 4 2 2 1 2 3 3 4 4 3 1 3 4 3 3 3 4 2 4 3 3 3 4 2 2 3 3 3 3 4 3 2 3 3 3 2 3 3 4 2 4 3 3 4 0 4 
3 2 3 2 1 3 3 2 2 3 3 3 4 2 2 3 3 4 3 4 3 4 2 3 3 3 1 3 4 4 3 4 3 3 3 3 2 3 3 3 3 4 2 3 4 4 4 4 3 3 2 3 3 2 3 2 3 3 3 3 3 3 3 3 3 3 3 3 3 3 2 3 3 3 3 3 4 4 3 3 3 3 2 2 4 3 4 0 
