46
b0 b1 b2 b3 b4 b5 b6 b7 b8 b9 c0 c1 c2 c3 c4 c5 c6 c7 c8 c9 d0 d1 d2 d3 d4 d5 d6 d7 d8 d9 e0 e1 e2 e3 e4 e5 e6 e7 e8 e9 f0 f1 f2 f3 f4 a0
0 98.0 99.0 92.0 116.0 112.0 137.0 171.0 192.0 120.0 234.0 256.0 196.0 438.0 166.0 361.0 322.0 357.0 302.0 121.0 267.0 263.0 289.0 265.0 326.0 224.0 359.0 163.0 406.0 435.0 405.0 355.0 155.0 260.0 208.0 286.0 259.0 270.0 149.0 306.0 208.0 234.0 197.0 182.0 484.0 97.0 
98.0 0 103.0 96.0 120.0 116.0 141.0 175.0 196.0 124.0 238.0 260.0 200.0 442.0 68.0 365.0 326.0 361.0 306.0 125.0 271.0 267.0 191.0 167.0 228.0 228.0 363.0 167.0 410.0 439.0 307.0 257.0 159.0 252.0 212.0 290.0 161.0 200.0 153.0 208.0 212.0 238.0 201.0 186.0 386.0 101.0 
99.0 103.0 0 97.0 121.0 117.0 142.0 176.0 197.0 125.0 239.0 261.0 201.0 443.0 171.0 366.0 327.0 362.0 307.0 126.0 272.0 268.0 294.0 270.0 331.0 229.0 364.0 168.0 411.0 440.0 410.0 360.0 160.0 265.0 213.0 291.0 264.0 275.0 154.0 311.0 213.0 239.0 202.0 187.0 489.0 102.0 
92.0 96.0 97.0 0 114.0 110.0 135.0 169.0 190.0 118.0 232.0 254.0 194.0 436.0 164.0 359.0 320.0 355.0 300.0 119.0 265.0 261.0 287.0 263.0 324.0 222.0 357.0 161.0 404.0 433.0 403.0 353.0 153.0 258.0 206.0 284.0 257.0 268.0 147.0 304.0 206.0 232.0 195.0 180.0 482.0 95.0 
116.0 120.0 121.0 114.0 0 19.0 59.0 93.0 114.0 42.0 156.0 178.0 118.0 360.0 188.0 283.0 244.0 279.0 224.0 43.0 189.0 185.0 311.0 287.0 348.0 146.0 281.0 85.0 328.0 357.0 427.0 377.0 77.0 182.0 130.0 208.0 231.0 192.0 71.0 328.0 130.0 156.0 119.0 104.0 506.0 19.0 
112.0 116.0 117.0 110.0 19.0 0 55.0 89.0 110.0 38.0 152.0 174.0 114.0 356.0 184.0 279.0 240.0 275.0 220.0 39.0 185.0 181.0 307.0 283.0 344.0 142.0 277.0 81.0 324.0 353.0 423.0 373.0 73.0 178.0 126.0 204.0 227.0 188.0 67.0 324.0 126.0 152.0 115.0 100.0 502.0 15.0 
137.0 141.0 142.0 135.0 59.0 55.0 0 34.0 67.0 20.0 177.0 199.0 139.0 381.0 209.0 304.0 265.0 300.0 245.0 64.0 210.0 206.0 314.0 290.0 351.0 87.0 302.0 106.0 349.0 378.0 430.0 380.0 98.0 123.0 151.0 149.0 172.0 133.0 92.0 331.0 151.0 177.0 140.0 125.0 509.0 40.0 
171.0 175.0 176.0 169.0 93.0 89.0 34.0 0 33.0 54.0 211.0 233.0 173.0 415.0 243.0 338.0 299.0 334.0 279.0 98.0 244.0 240.0 348.0 324.0 385.0 53.0 336.0 140.0 383.0 412.0 464.0 414.0 132.0 157.0 185.0 183.0 206.0 167.0 126.0 365.0 185.0 211.0 174.0 159.0 543.0 74.0 
192.0 196.0 197.0 190.0 114.0 110.0 67.0 33.0 0 72.0 232.0 254.0 194.0 436.0 264.0 359.0 320.0 355.0 300.0 119.0 265.0 261.0 381.0 357.0 418.0 86.0 357.0 161.0 404.0 433.0 497.0 447.0 153.0 190.0 206.0 216.0 239.0 200.0 147.0 398.0 206.0 232.0 195.0 180.0 576.0 95.0 
120.0 124.0 125.0 118.0 42.0 38.0 20.0 54.0 72.0 0 160.0 182.0 122.0 364.0 192.0 287.0 248.0 283.0 228.0 47.0 193.0 189.0 315.0 291.0 352.0 107.0 285.0 89.0 332.0 361.0 431.0 381.0 81.0 143.0 134.0 169.0 192.0 153.0 75.0 332.0 134.0 160.0 123.0 108.0 510.0 23.0 
234.0 238.0 239.0 232.0 156.0 152.0 177.0 211.0 232.0 160.0 0 22.0 106.0 348.0 306.0 271.0 232.0 267.0 212.0 161.0 177.0 173.0 429.0 405.0 466.0 264.0 269.0 203.0 316.0 242.0 545.0 495.0 195.0 300.0 248.0 326.0 349.0 310.0 189.0 446.0 248.0 144.0 107.0 222.0 624.0 137.0 
256.0 260.0 261.0 254.0 178.0 174.0 199.0 233.0 254.0 182.0 22.0 0 128.0 329.0 328.0 293.0 254.0 289.0 234.0 183.0 199.0 195.0 451.0 427.0 488.0 286.0 250.0 225.0 297.0 220.0 567.0 517.0 217.0 322.0 270.0 348.0 371.0 332.0 211.0 468.0 270.0 166.0 129.0 244.0 646.0 159.0 
196.0 200.0 201.0 194.0 118.0 114.0 139.0 173.0 194.0 122.0 106.0 128.0 0 242.0 268.0 233.0 194.0 229.0 174.0 123.0 71.0 135.0 391.0 367.0 428.0 226.0 163.0 165.0 210.0 239.0 507.0 457.0 157.0 262.0 210.0 288.0 311.0 272.0 151.0 408.0 210.0 106.0 69.0 184.0 586.0 99.0 
438.0 442.0 443.0 436.0 360.0 356.0 381.0 415.0 436.0 364.0 348.0 329.0 242.0 0 510.0 475.0 436.0 471.0 416.0 365.0 171.0 377.0 633.0 609.0 670.0 468.0 79.0 407.0 126.0 219.0 749.0 699.0 399.0 504.0 452.0 530.0 553.0 514.0 393.0 650.0 452.0 348.0 311.0 426.0 803.0 341.0 
166.0 68.0 171.0 164.0 188.0 184.0 209.0 243.0 264.0 192.0 306.0 328.0 268.0 510.0 0 433.0 394.0 429.0 374.0 193.0 339.0 335.0 123.0 99.0 160.0 296.0 431.0 235.0 478.0 507.0 239.0 189.0 227.0 184.0 280.0 234.0 93.0 132.0 221.0 140.0 280.0 306.0 269.0 254.0 318.0 169.0 
361.0 365.0 366.0 359.0 283.0 279.0 304.0 338.0 359.0 287.0 271.0 293.0 233.0 475.0 433.0 0 39.0 73.0 59.0 288.0 304.0 98.0 556.0 532.0 593.0 391.0 396.0 301.0 443.0 472.0 672.0 622.0 322.0 427.0 375.0 453.0 476.0 437.0 315.0 573.0 375.0 127.0 164.0 349.0 751.0 264.0 
322.0 326.0 327.0 320.0 244.0 240.0 265.0 299.0 320.0 248.0 232.0 254.0 194.0 436.0 394.0 39.0 0 35.0 20.0 249.0 265.0 59.0 517.0 493.0 554.0 352.0 357.0 262.0 404.0 433.0 633.0 583.0 283.0 388.0 336.0 414.0 437.0 398.0 276.0 534.0 336.0 88.0 125.0 310.0 712.0 225.0 
357.0 361.0 362.0 355.0 279.0 275.0 300.0 334.0 355.0 283.0 267.0 289.0 229.0 471.0 429.0 73.0 35.0 0 55.0 284.0 300.0 94.0 552.0 528.0 589.0 387.0 392.0 297.0 439.0 468.0 668.0 618.0 318.0 423.0 371.0 449.0 472.0 433.0 311.0 569.0 371.0 123.0 160.0 345.0 747.0 260.0 
302.0 306.0 307.0 300.0 224.0 220.0 245.0 279.0 300.0 228.0 212.0 234.0 174.0 416.0 374.0 59.0 20.0 55.0 0 229.0 245.0 39.0 497.0 473.0 534.0 332.0 337.0 242.0 384.0 413.0 613.0 563.0 263.0 368.0 316.0 394.0 417.0 378.0 256.0 514.0 316.0 68.0 105.0 290.0 692.0 205.0 
121.0 125.0 126.0 119.0 43.0 39.0 64.0 98.0 119.0 47.0 161.0 183.0 123.0 365.0 193.0 288.0 249.0 284.0 229.0 0 194.0 190.0 316.0 292.0 353.0 151.0 286.0 42.0 333.0 362.0 432.0 382.0 82.0 187.0 135.0 213.0 236.0 197.0 28.0 333.0 135.0 161.0 124.0 109.0 511.0 24.0 
267.0 271.0 272.0 265.0 189.0 185.0 210.0 244.0 265.0 193.0 177.0 199.0 71.0 171.0 339.0 304.0 265.0 300.0 245.0 194.0 0 206.0 462.0 438.0 499.0 297.0 92.0 236.0 139.0 168.0 578.0 528.0 228.0 333.0 281.0 359.0 382.0 343.0 222.0 479.0 281.0 177.0 140.0 255.0 657.0 170.0 
263.0 267.0 268.0 261.0 185.0 181.0 206.0 240.0 261.0 189.0 173.0 195.0 135.0 377.0 335.0 98.0 59.0 94.0 39.0 190.0 206.0 0 458.0 434.0 495.0 293.0 298.0 203.0 345.0 374.0 574.0 524.0 224.0 329.0 277.0 355.0 378.0 339.0 217.0 475.0 277.0 29.0 66.0 251.0 653.0 166.0 
289.0 191.0 294.0 287.0 311.0 307.0 314.0 348.0 381.0 315.0 429.0 451.0 391.0 633.0 123.0 556.0 517.0 552.0 497.0 316.0 462.0 458.0 0 24.0 37.0 401.0 554.0 358.0 601.0 630.0 116.0 66.0 350.0 233.0 403.0 283.0 142.0 181.0 344.0 189.0 403.0 429.0 392.0 377.0 195.0 292.0 
265.0 167.0 270.0 263.0 287.0 283.0 290.0 324.0 357.0 291.0 405.0 427.0 367.0 609.0 99.0 532.0 493.0 528.0 473.0 292.0 438.0 434.0 24.0 0 61.0 377.0 530.0 334.0 577.0 606.0 140.0 90.0 326.0 209.0 379.0 259.0 118.0 157.0 320.0 165.0 379.0 405.0 368.0 353.0 219.0 268.0 
326.0 228.0 331.0 324.0 348.0 344.0 351.0 385.0 418.0 352.0 466.0 488.0 428.0 670.0 160.0 593.0 554.0 589.0 534.0 353.0 499.0 495.0 37.0 61.0 0 438.0 591.0 395.0 638.0 667.0 79.0 29.0 387.0 270.0 440.0 320.0 179.0 218.0 381.0 226.0 440.0 466.0 429.0 414.0 158.0 329.0 
224.0 228.0 229.0 222.0 146.0 142.0 87.0 53.0 86.0 107.0 264.0 286.0 226.0 468.0 296.0 391.0 352.0 387.0 332.0 151.0 297.0 293.0 401.0 377.0 438.0 0 389.0 193.0 436.0 465.0 517.0 467.0 185.0 210.0 238.0 236.0 259.0 220.0 179.0 418.0 238.0 264.0 227.0 212.0 596.0 127.0 
359.0 363.0 364.0 357.0 281.0 277.0 302.0 336.0 357.0 285.0 269.0 250.0 163.0 79.0 431.0 396.0 357.0 392.0 337.0 286.0 92.0 298.0 554.0 530.0 591.0 389.0 0 328.0 47.0 140.0 670.0 620.0 320.0 425.0 373.0 451.0 474.0 435.0 314.0 571.0 373.0 269.0 232.0 347.0 749.0 262.0 
163.0 167.0 168.0 161.0 85.0 81.0 106.0 140.0 161.0 89.0 203.0 225.0 165.0 407.0 235.0 301.0 262.0 297.0 242.0 42.0 236.0 203.0 358.0 334.0 395.0 193.0 328.0 0 375.0 404.0 474.0 424.0 124.0 229.0 177.0 255.0 278.0 239.0 14.0 375.0 177.0 203.0 166.0 151.0 553.0 66.0 
406.0 410.0 411.0 404.0 328.0 324.0 349.0 383.0 404.0 332.0 316.0 297.0 210.0 126.0 478.0 443.0 404.0 439.0 384.0 333.0 139.0 345.0 601.0 577.0 638.0 436.0 47.0 375.0 0 187.0 717.0 667.0 367.0 472.0 420.0 498.0 521.0 482.0 361.0 618.0 420.0 316.0 279.0 394.0 796.0 309.0 
435.0 439.0 440.0 433.0 357.0 353.0 378.0 412.0 433.0 361.0 242.0 220.0 239.0 219.0 507.0 472.0 433.0 468.0 413.0 362.0 168.0 374.0 630.0 606.0 667.0 465.0 140.0 404.0 187.0 0 746.0 696.0 396.0 501.0 449.0 527.0 550.0 511.0 390.0 647.0 449.0 345.0 308.0 423.0 825.0 338.0 
405.0 307.0 410.0 403.0 427.0 423.0 430.0 464.0 497.0 431.0 545.0 567.0 507.0 749.0 239.0 672.0 633.0 668.0 613.0 432.0 578.0 574.0 116.0 140.0 79.0 517.0 670.0 474.0 717.0 746.0 0 50.0 466.0 349.0 519.0 399.0 258.0 297.0 460.0 305.0 519.0 545.0 508.0 493.0 237.0 408.0 
355.0 257.0 360.0 353.0 377.0 373.0 380.0 414.0 447.0 381.0 495.0 517.0 457.0 699.0 189.0 622.0 583.0 618.0 563.0 382.0 528.0 524.0 66.0 90.0 29.0 467.0 620.0 424.0 667.0 696.0 50.0 0 416.0 299.0 469.0 349.0 208.0 247.0 410.0 255.0 469.0 495.0 458.0 443.0 187.0 358.0 
155.0 159.0 160.0 153.0 77.0 73.0 98.0 132.0 153.0 81.0 195.0 217.0 157.0 399.0 227.0 322.0 283.0 318.0 263.0 82.0 228.0 224.0 350.0 326.0 387.0 185.0 320.0 124.0 367.0 396.0 466.0 416.0 0 221.0 101.0 247.0 270.0 231.0 110.0 367.0 169.0 195.0 158.0 143.0 545.0 58.0 
260.0 252.0 265.0 258.0 182.0 178.0 123.0 157.0 190.0 143.0 300.0 322.0 262.0 504.0 184.0 427.0 388.0 423.0 368.0 187.0 333.0 329.0 233.0 209.0 270.0 210.0 425.0 229.0 472.0 501.0 349.0 299.0 221.0 0 274.0 53.0 91.0 52.0 215.0 250.0 274.0 300.0 263.0 248.0 428.0 163.0 
208.0 212.0 213.0 206.0 130.0 126.0 151.0 185.0 206.0 134.0 248.0 270.0 210.0 452.0 280.0 375.0 336.0 371.0 316.0 135.0 281.0 277.0 403.0 379.0 440.0 238.0 373.0 177.0 420.0 449.0 519.0 469.0 101.0 274.0 0 300.0 323.0 284.0 163.0 420.0 222.0 248.0 211.0 196.0 598.0 111.0 
286.0 290.0 291.0 284.0 208.0 204.0 149.0 183.0 216.0 169.0 326.0 348.0 288.0 530.0 234.0 453.0 414.0 449.0 394.0 213.0 359.0 355.0 283.0 259.0 320.0 236.0 451.0 255.0 498.0 527.0 399.0 349.0 247.0 53.0 300.0 0 141.0 102.0 241.0 300.0 300.0 326.0 289.0 274.0 478.0 189.0 
259.0 161.0 264.0 257.0 231.0 227.0 172.0 206.0 239.0 192.0 349.0 371.0 311.0 553.0 93.0 476.0 437.0 472.0 417.0 236.0 382.0 378.0 142.0 118.0 179.0 259.0 474.0 278.0 521.0 550.0 258.0 208.0 270.0 91.0 323.0 141.0 0 39.0 264.0 159.0 323.0 349.0 312.0 297.0 337.0 212.0 
270.0 200.0 275.0 268.0 192.0 188.0 133.0 167.0 200.0 153.0 310.0 332.0 272.0 514.0 132.0 437.0 398.0 433.0 378.0 197.0 343.0 339.0 181.0 157.0 218.0 220.0 435.0 239.0 482.0 511.0 297.0 247.0 231.0 52.0 284.0 102.0 39.0 0 225.0 198.0 284.0 310.0 273.0 258.0 376.0 173.0 
149.0 153.0 154.0 147.0 71.0 67.0 92.0 126.0 147.0 75.0 189.0 211.0 151.0 393.0 221.0 315.0 276.0 311.0 256.0 28.0 222.0 217.0 344.0 320.0 381.0 179.0 314.0 14.0 361.0 390.0 460.0 410.0 110.0 215.0 163.0 241.0 264.0 225.0 0 361.0 163.0 189.0 152.0 137.0 539.0 52.0 
306.0 208.0 311.0 304.0 328.0 324.0 331.0 365.0 398.0 332.0 446.0 468.0 408.0 650.0 140.0 573.0 534.0 569.0 514.0 333.0 479.0 475.0 189.0 165.0 226.0 418.0 571.0 375.0 618.0 647.0 305.0 255.0 367.0 250.0 420.0 300.0 159.0 198.0 361.0 0 420.0 446.0 409.0 394.0 384.0 309.0 
208.0 212.0 213.0 206.0 130.0 126.0 151.0 185.0 206.0 134.0 248.0 270.0 210.0 452.0 280.0 375.0 336.0 371.0 316.0 135.0 281.0 277.0 403.0 379.0 440.0 238.0 373.0 177.0 420.0 449.0 519.0 469.0 169.0 274.0 222.0 300.0 323.0 284.0 163.0 420.0 0 248.0 211.0 102.0 598.0 111.0 
234.0 238.0 239.0 232.0 156.0 152.0 177.0 211.0 232.0 160.0 144.0 166.0 106.0 348.0 306.0 127.0 88.0 123.0 68.0 161.0 177.0 29.0 429.0 405.0 466.0 264.0 269.0 203.0 316.0 345.0 545.0 495.0 195.0 300.0 248.0 326.0 349.0 310.0 189.0 446.0 248.0 0 37.0 222.0 624.0 137.0 
197.0 201.0 202.0 195.0 119.0 115.0 140.0 174.0 195.0 123.0 107.0 129.0 69.0 311.0 269.0 164.0 125.0 160.0 105.0 124.0 140.0 66.0 392.0 368.0 429.0 227.0 232.0 166.0 279.0 308.0 508.0 458.0 158.0 263.0 211.0 289.0 312.0 273.0 152.0 409.0 211.0 37.0 0 185.0 587.0 100.0 
182.0 186.0 187.0 180.0 104.0 100.0 125.0 159.0 180.0 108.0 222.0 244.0 184.0 426.0 254.0 349.0 310.0 345.0 290.0 109.0 255.0 251.0 377.0 353.0 414.0 212.0 347.0 151.0 394.0 423.0 493.0 443.0 143.0 248.0 196.0 274.0 297.0 258.0 137.0 394.0 102.0 222.0 185.0 0 572.0 85.0 
484.0 386.0 489.0 482.0 506.0 502.0 509.0 543.0 576.0 510.0 624.0 646.0 586.0 803.0 318.0 751.0 712.0 747.0 692.0 511.0 657.0 653.0 195.0 219.0 158.0 596.0 749.0 553.0 796.0 825.0 237.0 187.0 545.0 428.0 598.0 478.0 337.0 376.0 539.0 384.0 598.0 624.0 587.0 572.0 0 487.0 
97.0 101.0 102.0 95.0 19.0 15.0 40.0 74.0 95.0 23.0 137.0 159.0 99.0 341.0 169.0 264.0 225.0 260.0 205.0 24.0 170.0 166.0 292.0 268.0 329.0 127.0 262.0 66.0 309.0 338.0 408.0 358.0 58.0 163.0 111.0 189.0 212.0 173.0 52.0 309.0 111.0 137.0 100.0 85.0 487.0 0 
