20
22 40 0 49 23 32 37 17 13 29 2 42 25 8 39 6 12 15 47 7
0 2 1 1 1 1 2 2 1 2 2 1 1 1 1 2 2 1 1 1 
2 0 1 2 1 1 2 1 1 1 1 2 1 2 1 2 1 2 1 2 
1 1 0 2 2 2 2 1 2 2 2 2 1 2 1 1 1 2 1 2 
1 2 2 0 2 1 1 2 1 1 2 1 1 2 1 2 1 1 1 2 
1 1 2 2 0 1 1 2 2 1 1 2 2 1 1 2 2 2 2 2 
1 1 2 1 1 0 1 1 2 1 1 2 1 1 1 1 1 1 1 2 
2 2 2 1 1 1 0 1 2 2 1 1 1 1 1 2 1 2 1 1 
2 1 1 2 2 1 1 0 1 1 2 1 1 1 1 2 1 2 1 2 
1 1 2 1 2 2 2 1 0 2 1 1 1 2 2 1 1 2 1 2 
2 1 2 1 1 1 2 1 2 0 2 1 2 1 1 1 1 1 1 1 
2 1 2 2 1 1 1 2 1 2 0 1 1 2 1 2 1 2 2 1 
1 2 2 1 2 2 1 1 1 1 1 0 1 2 1 2 1 1 1 1 
1 1 1 1 2 1 1 1 1 2 1 1 0 1 2 2 1 1 1 1 
1 2 2 2 1 1 1 1 2 1 2 2 1 0 2 1 2 2 1 2 
1 1 1 1 1 1 1 1 2 1 1 1 2 2 0 2 1 1 1 1 
2 2 1 2 2 1 2 2 1 1 2 2 2 1 2 0 1 1 1 2 
2 1 1 1 2 1 1 1 1 1 1 1 1 2 1 1 0 1 1 2 
1 2 2 1 2 1 2 2 2 1 2 1 1 2 1 1 1 0 1 2 
1 1 1 1 2 1 1 1 1 1 2 1 1 1 1 1 1 1 0 1 
1 2 2 2 2 2 1 2 2 1 1 1 1 2 1 2 2 2 1 0 
