51
1 5 8 9 10 11 12 13 15 14 18 19 21 22 25 27 29 33 34 44 46 48 49 50 53 57 65 66 68 71 74 75 76 77 78 79 81 82 83 84 86 85 90 91 93 94 96 98 99 100 73
0 2.0 5.0 5.0 4.0 4.0 6.0 3.0 3.0 2.0 3.0 1.0 6.0 4.0 3.0 4.0 5.0 3.0 5.0 7.0 6.0 2.0 5.0 2.0 4.0 7.0 4.0 5.0 1.0 4.0 3.0 6.0 4.0 1.0 4.0 3.0 6.0 4.0 5.0 5.0 6.0 6.0 2.0 5.0 4.0 5.0 4.0 4.0 5.0 4.0 6.0 
2.0 0 3.0 5.0 4.0 6.0 5.0 5.0 3.0 4.0 5.0 3.0 6.0 4.0 5.0 4.0 4.0 5.0 3.0 8.0 6.0 4.0 7.0 4.0 5.0 7.0 6.0 7.0 3.0 6.0 5.0 6.0 6.0 3.0 5.0 4.0 7.0 6.0 3.0 6.0 6.0 8.0 4.0 6.0 6.0 6.0 2.0 4.0 7.0 4.0 4.0 
5.0 3.0 0 8.0 7.0 8.0 8.0 6.0 4.0 7.0 8.0 6.0 9.0 5.0 8.0 5.0 6.0 7.0 6.0 10.0 7.0 5.0 9.0 7.0 8.0 9.0 9.0 10.0 6.0 9.0 8.0 7.0 9.0 6.0 8.0 5.0 10.0 9.0 6.0 8.0 8.0 9.0 7.0 9.0 9.0 8.0 3.0 7.0 8.0 5.0 5.0 
5.0 5.0 8.0 0 5.0 8.0 8.0 7.0 8.0 5.0 7.0 6.0 3.0 5.0 7.0 5.0 5.0 7.0 7.0 3.0 5.0 7.0 5.0 3.0 5.0 2.0 8.0 5.0 5.0 1.0 5.0 4.0 6.0 4.0 5.0 8.0 7.0 9.0 6.0 7.0 4.0 10.0 6.0 6.0 7.0 6.0 7.0 1.0 6.0 5.0 9.0 
4.0 4.0 7.0 5.0 0 6.0 8.0 7.0 7.0 3.0 7.0 5.0 6.0 4.0 6.0 4.0 5.0 7.0 6.0 8.0 6.0 6.0 8.0 6.0 8.0 7.0 8.0 9.0 5.0 6.0 7.0 6.0 8.0 3.0 8.0 7.0 7.0 8.0 6.0 5.0 7.0 9.0 5.0 7.0 3.0 7.0 6.0 4.0 7.0 4.0 8.0 
4.0 6.0 8.0 8.0 6.0 0 6.0 4.0 4.0 5.0 3.0 5.0 8.0 8.0 4.0 8.0 8.0 1.0 7.0 9.0 7.0 3.0 7.0 6.0 8.0 10.0 4.0 7.0 3.0 8.0 5.0 8.0 4.0 5.0 8.0 5.0 8.0 3.0 9.0 7.0 6.0 7.0 3.0 7.0 3.0 9.0 5.0 7.0 6.0 8.0 7.0 
6.0 5.0 8.0 8.0 8.0 6.0 0 8.0 8.0 8.0 7.0 5.0 7.0 6.0 4.0 6.0 5.0 5.0 2.0 7.0 3.0 7.0 6.0 6.0 4.0 6.0 2.0 6.0 5.0 8.0 4.0 4.0 8.0 7.0 4.0 7.0 6.0 7.0 4.0 7.0 7.0 9.0 5.0 5.0 7.0 5.0 7.0 8.0 2.0 5.0 9.0 
3.0 5.0 6.0 7.0 7.0 4.0 8.0 0 2.0 5.0 5.0 4.0 8.0 6.0 6.0 7.0 5.0 3.0 6.0 10.0 9.0 1.0 8.0 5.0 7.0 9.0 6.0 6.0 4.0 6.0 6.0 9.0 5.0 4.0 4.0 3.0 4.0 5.0 6.0 5.0 3.0 3.0 5.0 3.0 7.0 8.0 3.0 7.0 8.0 7.0 5.0 
3.0 3.0 4.0 8.0 7.0 4.0 8.0 2.0 0 5.0 5.0 3.0 9.0 5.0 6.0 5.0 6.0 3.0 6.0 10.0 7.0 1.0 8.0 5.0 7.0 9.0 6.0 8.0 4.0 7.0 6.0 7.0 6.0 4.0 6.0 1.0 6.0 5.0 6.0 7.0 5.0 5.0 5.0 5.0 7.0 8.0 1.0 7.0 8.0 5.0 3.0 
2.0 4.0 7.0 5.0 3.0 5.0 8.0 5.0 5.0 0 5.0 3.0 6.0 4.0 5.0 4.0 5.0 5.0 6.0 8.0 6.0 4.0 7.0 4.0 6.0 7.0 6.0 7.0 3.0 6.0 5.0 6.0 6.0 1.0 6.0 5.0 6.0 6.0 6.0 4.0 7.0 8.0 4.0 6.0 2.0 7.0 6.0 4.0 7.0 4.0 8.0 
3.0 5.0 8.0 7.0 7.0 3.0 7.0 5.0 5.0 5.0 0 2.0 9.0 6.0 6.0 7.0 5.0 2.0 8.0 10.0 8.0 4.0 8.0 5.0 7.0 9.0 5.0 6.0 4.0 6.0 6.0 9.0 1.0 4.0 7.0 4.0 9.0 4.0 6.0 7.0 3.0 8.0 5.0 8.0 6.0 8.0 6.0 7.0 7.0 7.0 8.0 
1.0 3.0 6.0 6.0 5.0 5.0 5.0 4.0 3.0 3.0 2.0 0 7.0 5.0 4.0 5.0 6.0 4.0 6.0 8.0 7.0 3.0 6.0 3.0 5.0 8.0 5.0 6.0 2.0 5.0 4.0 7.0 3.0 2.0 5.0 2.0 7.0 5.0 6.0 6.0 5.0 7.0 3.0 6.0 5.0 6.0 4.0 5.0 6.0 5.0 6.0 
6.0 6.0 9.0 3.0 6.0 8.0 7.0 8.0 9.0 6.0 9.0 7.0 0 6.0 6.0 6.0 5.0 7.0 5.0 6.0 8.0 8.0 7.0 6.0 7.0 5.0 8.0 7.0 5.0 4.0 5.0 7.0 9.0 5.0 7.0 9.0 7.0 9.0 6.0 5.0 7.0 9.0 6.0 7.0 7.0 8.0 8.0 2.0 8.0 6.0 10.0 
4.0 4.0 5.0 5.0 4.0 8.0 6.0 6.0 5.0 4.0 6.0 5.0 6.0 0 7.0 2.0 1.0 7.0 4.0 7.0 4.0 6.0 6.0 6.0 6.0 6.0 7.0 6.0 5.0 6.0 6.0 4.0 5.0 3.0 6.0 6.0 5.0 8.0 2.0 3.0 3.0 9.0 6.0 6.0 6.0 5.0 4.0 4.0 5.0 2.0 6.0 
3.0 5.0 8.0 7.0 6.0 4.0 4.0 6.0 6.0 5.0 6.0 4.0 6.0 7.0 0 7.0 6.0 4.0 3.0 6.0 3.0 5.0 4.0 5.0 5.0 6.0 4.0 4.0 2.0 7.0 2.0 4.0 7.0 4.0 5.0 6.0 7.0 6.0 5.0 6.0 7.0 9.0 1.0 6.0 3.0 6.0 7.0 6.0 2.0 5.0 9.0 
4.0 4.0 5.0 5.0 4.0 8.0 6.0 7.0 5.0 4.0 7.0 5.0 6.0 2.0 7.0 0 3.0 7.0 4.0 7.0 4.0 6.0 6.0 6.0 4.0 6.0 7.0 8.0 5.0 6.0 6.0 4.0 7.0 3.0 6.0 6.0 7.0 8.0 2.0 5.0 5.0 10.0 6.0 7.0 6.0 3.0 4.0 4.0 5.0 2.0 6.0 
5.0 4.0 6.0 5.0 5.0 8.0 5.0 5.0 6.0 5.0 5.0 6.0 5.0 1.0 6.0 3.0 0 7.0 3.0 8.0 5.0 6.0 7.0 7.0 5.0 7.0 7.0 5.0 6.0 5.0 5.0 5.0 4.0 4.0 5.0 7.0 4.0 9.0 1.0 2.0 2.0 8.0 7.0 5.0 6.0 6.0 5.0 4.0 6.0 3.0 7.0 
3.0 5.0 7.0 7.0 7.0 1.0 5.0 3.0 3.0 5.0 2.0 4.0 7.0 7.0 4.0 7.0 7.0 0 6.0 8.0 6.0 2.0 6.0 5.0 7.0 9.0 3.0 6.0 2.0 7.0 4.0 7.0 3.0 4.0 7.0 4.0 7.0 2.0 8.0 6.0 5.0 6.0 3.0 6.0 4.0 8.0 4.0 6.0 5.0 7.0 6.0 
5.0 3.0 6.0 7.0 6.0 7.0 2.0 6.0 6.0 6.0 8.0 6.0 5.0 4.0 3.0 4.0 3.0 6.0 0 6.0 5.0 7.0 4.0 4.0 2.0 7.0 4.0 4.0 4.0 6.0 2.0 6.0 7.0 5.0 2.0 7.0 4.0 8.0 2.0 5.0 5.0 7.0 4.0 3.0 6.0 3.0 5.0 6.0 4.0 4.0 7.0 
7.0 8.0 10.0 3.0 8.0 9.0 7.0 10.0 10.0 8.0 10.0 8.0 6.0 7.0 6.0 7.0 8.0 8.0 6.0 0 4.0 9.0 2.0 6.0 8.0 1.0 7.0 6.0 6.0 4.0 4.0 3.0 9.0 7.0 8.0 10.0 10.0 10.0 8.0 8.0 7.0 12.0 7.0 9.0 9.0 9.0 9.0 4.0 5.0 5.0 11.0 
6.0 6.0 7.0 5.0 6.0 7.0 3.0 9.0 7.0 6.0 8.0 7.0 8.0 4.0 3.0 4.0 5.0 6.0 5.0 4.0 0 8.0 3.0 8.0 7.0 3.0 3.0 7.0 5.0 6.0 5.0 1.0 9.0 5.0 7.0 8.0 9.0 8.0 6.0 7.0 7.0 12.0 4.0 8.0 6.0 7.0 6.0 6.0 1.0 2.0 8.0 
2.0 4.0 5.0 7.0 6.0 3.0 7.0 1.0 1.0 4.0 4.0 3.0 8.0 6.0 5.0 6.0 6.0 2.0 7.0 9.0 8.0 0 7.0 4.0 6.0 9.0 5.0 7.0 3.0 6.0 5.0 8.0 5.0 3.0 5.0 2.0 5.0 4.0 7.0 6.0 4.0 4.0 4.0 4.0 6.0 7.0 2.0 6.0 7.0 6.0 4.0 
5.0 7.0 9.0 5.0 8.0 7.0 6.0 8.0 8.0 7.0 8.0 6.0 7.0 6.0 4.0 6.0 7.0 6.0 4.0 2.0 3.0 7.0 0 7.0 6.0 3.0 6.0 4.0 4.0 6.0 2.0 2.0 9.0 6.0 6.0 8.0 8.0 8.0 6.0 6.0 7.0 10.0 5.0 7.0 7.0 7.0 8.0 6.0 4.0 4.0 10.0 
2.0 4.0 7.0 3.0 6.0 6.0 6.0 5.0 5.0 4.0 5.0 3.0 6.0 6.0 5.0 6.0 7.0 5.0 4.0 6.0 8.0 4.0 7.0 0 2.0 5.0 6.0 6.0 3.0 2.0 5.0 7.0 6.0 3.0 2.0 5.0 4.0 6.0 6.0 6.0 5.0 7.0 4.0 3.0 6.0 3.0 6.0 4.0 7.0 6.0 8.0 
4.0 5.0 8.0 5.0 8.0 8.0 4.0 7.0 7.0 6.0 7.0 5.0 7.0 6.0 5.0 4.0 5.0 7.0 2.0 8.0 7.0 6.0 6.0 2.0 0 7.0 6.0 6.0 5.0 4.0 4.0 8.0 8.0 5.0 4.0 7.0 6.0 8.0 4.0 7.0 7.0 9.0 6.0 5.0 8.0 1.0 7.0 6.0 6.0 6.0 9.0 
7.0 7.0 9.0 2.0 7.0 10.0 6.0 9.0 9.0 7.0 9.0 8.0 5.0 6.0 6.0 6.0 7.0 9.0 7.0 1.0 3.0 9.0 3.0 5.0 7.0 0 6.0 7.0 7.0 3.0 5.0 2.0 8.0 6.0 7.0 10.0 9.0 11.0 8.0 9.0 6.0 12.0 7.0 8.0 9.0 8.0 8.0 3.0 4.0 4.0 10.0 
4.0 6.0 9.0 8.0 8.0 4.0 2.0 6.0 6.0 6.0 5.0 5.0 8.0 7.0 4.0 7.0 7.0 3.0 4.0 7.0 3.0 5.0 6.0 6.0 6.0 6.0 0 7.0 3.0 8.0 5.0 4.0 6.0 5.0 6.0 7.0 8.0 5.0 6.0 7.0 8.0 9.0 4.0 7.0 6.0 7.0 7.0 7.0 2.0 5.0 9.0 
5.0 7.0 10.0 5.0 9.0 7.0 6.0 6.0 8.0 7.0 6.0 6.0 7.0 6.0 4.0 8.0 5.0 6.0 4.0 6.0 7.0 7.0 4.0 6.0 6.0 7.0 7.0 0 4.0 4.0 2.0 6.0 5.0 6.0 6.0 8.0 8.0 8.0 6.0 6.0 3.0 9.0 5.0 7.0 7.0 7.0 9.0 6.0 6.0 8.0 11.0 
1.0 3.0 6.0 5.0 5.0 3.0 5.0 4.0 4.0 3.0 4.0 2.0 5.0 5.0 2.0 5.0 6.0 2.0 4.0 6.0 5.0 3.0 4.0 3.0 5.0 7.0 3.0 4.0 0 5.0 2.0 6.0 5.0 2.0 5.0 4.0 6.0 4.0 6.0 4.0 7.0 7.0 1.0 6.0 3.0 6.0 5.0 4.0 4.0 5.0 7.0 
4.0 6.0 9.0 1.0 6.0 8.0 8.0 6.0 7.0 6.0 6.0 5.0 4.0 6.0 7.0 6.0 5.0 7.0 6.0 4.0 6.0 6.0 6.0 2.0 4.0 3.0 8.0 4.0 5.0 0 6.0 5.0 5.0 5.0 4.0 7.0 6.0 8.0 6.0 7.0 3.0 9.0 6.0 5.0 8.0 5.0 8.0 2.0 7.0 6.0 10.0 
3.0 5.0 8.0 5.0 7.0 5.0 4.0 6.0 6.0 5.0 6.0 4.0 5.0 6.0 2.0 6.0 5.0 4.0 2.0 4.0 5.0 5.0 2.0 5.0 4.0 5.0 5.0 2.0 2.0 6.0 0 4.0 7.0 4.0 4.0 6.0 6.0 6.0 4.0 4.0 5.0 8.0 3.0 5.0 5.0 5.0 7.0 4.0 4.0 6.0 9.0 
6.0 6.0 7.0 4.0 6.0 8.0 4.0 9.0 7.0 6.0 9.0 7.0 7.0 4.0 4.0 4.0 5.0 7.0 6.0 3.0 1.0 8.0 2.0 7.0 8.0 2.0 4.0 6.0 6.0 5.0 4.0 0 9.0 5.0 8.0 8.0 9.0 9.0 6.0 7.0 7.0 12.0 5.0 9.0 7.0 7.0 6.0 5.0 2.0 2.0 8.0 
4.0 6.0 9.0 6.0 8.0 4.0 8.0 5.0 6.0 6.0 1.0 3.0 9.0 5.0 7.0 7.0 4.0 3.0 7.0 9.0 9.0 5.0 9.0 6.0 8.0 8.0 6.0 5.0 5.0 5.0 7.0 9.0 0 5.0 8.0 5.0 8.0 5.0 5.0 6.0 2.0 8.0 6.0 8.0 7.0 9.0 7.0 7.0 8.0 7.0 9.0 
1.0 3.0 6.0 4.0 3.0 5.0 7.0 4.0 4.0 1.0 4.0 2.0 5.0 3.0 4.0 3.0 4.0 4.0 5.0 7.0 5.0 3.0 6.0 3.0 5.0 6.0 5.0 6.0 2.0 5.0 4.0 5.0 5.0 0 5.0 4.0 7.0 5.0 5.0 5.0 6.0 7.0 3.0 6.0 3.0 6.0 5.0 3.0 6.0 3.0 7.0 
4.0 5.0 8.0 5.0 8.0 8.0 4.0 4.0 6.0 6.0 7.0 5.0 7.0 6.0 5.0 6.0 5.0 7.0 2.0 8.0 7.0 5.0 6.0 2.0 4.0 7.0 6.0 6.0 5.0 4.0 4.0 8.0 8.0 5.0 0 7.0 2.0 8.0 4.0 4.0 7.0 5.0 6.0 1.0 7.0 5.0 7.0 6.0 6.0 6.0 9.0 
3.0 4.0 5.0 8.0 7.0 5.0 7.0 3.0 1.0 5.0 4.0 2.0 9.0 6.0 6.0 6.0 7.0 4.0 7.0 10.0 8.0 2.0 8.0 5.0 7.0 10.0 7.0 8.0 4.0 7.0 6.0 8.0 5.0 4.0 7.0 0 7.0 6.0 7.0 8.0 6.0 6.0 5.0 6.0 7.0 8.0 2.0 7.0 8.0 6.0 4.0 
6.0 7.0 10.0 7.0 7.0 8.0 6.0 4.0 6.0 6.0 9.0 7.0 7.0 5.0 7.0 7.0 4.0 7.0 4.0 10.0 9.0 5.0 8.0 4.0 6.0 9.0 8.0 8.0 6.0 6.0 6.0 9.0 8.0 7.0 2.0 7.0 0 9.0 5.0 2.0 6.0 5.0 7.0 1.0 6.0 7.0 7.0 8.0 8.0 7.0 9.0 
4.0 6.0 9.0 9.0 8.0 3.0 7.0 5.0 5.0 6.0 4.0 5.0 9.0 8.0 6.0 8.0 9.0 2.0 8.0 10.0 8.0 4.0 8.0 6.0 8.0 11.0 5.0 8.0 4.0 8.0 6.0 9.0 5.0 5.0 8.0 6.0 9.0 0 9.0 8.0 7.0 8.0 5.0 8.0 6.0 9.0 6.0 8.0 7.0 8.0 8.0 
5.0 3.0 6.0 6.0 6.0 9.0 4.0 6.0 6.0 6.0 6.0 6.0 6.0 2.0 5.0 2.0 1.0 8.0 2.0 8.0 6.0 7.0 6.0 6.0 4.0 8.0 6.0 6.0 6.0 6.0 4.0 6.0 5.0 5.0 4.0 7.0 5.0 9.0 0 3.0 3.0 9.0 6.0 5.0 7.0 5.0 5.0 5.0 6.0 4.0 7.0 
5.0 6.0 8.0 7.0 5.0 7.0 7.0 5.0 7.0 4.0 7.0 6.0 5.0 3.0 6.0 5.0 2.0 6.0 5.0 8.0 7.0 6.0 6.0 6.0 7.0 9.0 7.0 6.0 4.0 7.0 4.0 7.0 6.0 5.0 4.0 8.0 2.0 8.0 3.0 0 4.0 6.0 5.0 3.0 4.0 8.0 7.0 6.0 8.0 5.0 9.0 
6.0 6.0 8.0 4.0 7.0 6.0 7.0 3.0 5.0 7.0 3.0 5.0 7.0 3.0 7.0 5.0 2.0 5.0 5.0 7.0 7.0 4.0 7.0 5.0 7.0 6.0 8.0 3.0 7.0 3.0 5.0 7.0 2.0 6.0 7.0 6.0 6.0 7.0 3.0 4.0 0 6.0 8.0 6.0 8.0 8.0 6.0 5.0 8.0 5.0 8.0 
6.0 8.0 9.0 10.0 9.0 7.0 9.0 3.0 5.0 8.0 8.0 7.0 9.0 9.0 9.0 10.0 8.0 6.0 7.0 12.0 12.0 4.0 10.0 7.0 9.0 12.0 9.0 9.0 7.0 9.0 8.0 12.0 8.0 7.0 5.0 6.0 5.0 8.0 9.0 6.0 6.0 0 8.0 4.0 8.0 10.0 6.0 10.0 11.0 10.0 8.0 
2.0 4.0 7.0 6.0 5.0 3.0 5.0 5.0 5.0 4.0 5.0 3.0 6.0 6.0 1.0 6.0 7.0 3.0 4.0 7.0 4.0 4.0 5.0 4.0 6.0 7.0 4.0 5.0 1.0 6.0 3.0 5.0 6.0 3.0 6.0 5.0 7.0 5.0 6.0 5.0 8.0 8.0 0 7.0 2.0 7.0 6.0 5.0 3.0 6.0 8.0 
5.0 6.0 9.0 6.0 7.0 7.0 5.0 3.0 5.0 6.0 8.0 6.0 7.0 6.0 6.0 7.0 5.0 6.0 3.0 9.0 8.0 4.0 7.0 3.0 5.0 8.0 7.0 7.0 6.0 5.0 5.0 9.0 8.0 6.0 1.0 6.0 1.0 8.0 5.0 3.0 6.0 4.0 7.0 0 6.0 6.0 6.0 7.0 7.0 7.0 8.0 
4.0 6.0 9.0 7.0 3.0 3.0 7.0 7.0 7.0 2.0 6.0 5.0 7.0 6.0 3.0 6.0 6.0 4.0 6.0 9.0 6.0 6.0 7.0 6.0 8.0 9.0 6.0 7.0 3.0 8.0 5.0 7.0 7.0 3.0 7.0 7.0 6.0 6.0 7.0 4.0 8.0 8.0 2.0 6.0 0 9.0 8.0 6.0 5.0 6.0 10.0 
5.0 6.0 8.0 6.0 7.0 9.0 5.0 8.0 8.0 7.0 8.0 6.0 8.0 5.0 6.0 3.0 6.0 8.0 3.0 9.0 7.0 7.0 7.0 3.0 1.0 8.0 7.0 7.0 6.0 5.0 5.0 7.0 9.0 6.0 5.0 8.0 7.0 9.0 5.0 8.0 8.0 10.0 7.0 6.0 9.0 0 7.0 7.0 7.0 5.0 9.0 
4.0 2.0 3.0 7.0 6.0 5.0 7.0 3.0 1.0 6.0 6.0 4.0 8.0 4.0 7.0 4.0 5.0 4.0 5.0 9.0 6.0 2.0 8.0 6.0 7.0 8.0 7.0 9.0 5.0 8.0 7.0 6.0 7.0 5.0 7.0 2.0 7.0 6.0 5.0 7.0 6.0 6.0 6.0 6.0 8.0 7.0 0 6.0 7.0 4.0 2.0 
4.0 4.0 7.0 1.0 4.0 7.0 8.0 7.0 7.0 4.0 7.0 5.0 2.0 4.0 6.0 4.0 4.0 6.0 6.0 4.0 6.0 6.0 6.0 4.0 6.0 3.0 7.0 6.0 4.0 2.0 4.0 5.0 7.0 3.0 6.0 7.0 8.0 8.0 5.0 6.0 5.0 10.0 5.0 7.0 6.0 7.0 6.0 0 7.0 4.0 8.0 
5.0 7.0 8.0 6.0 7.0 6.0 2.0 8.0 8.0 7.0 7.0 6.0 8.0 5.0 2.0 5.0 6.0 5.0 4.0 5.0 1.0 7.0 4.0 7.0 6.0 4.0 2.0 6.0 4.0 7.0 4.0 2.0 8.0 6.0 6.0 8.0 8.0 7.0 6.0 8.0 8.0 11.0 3.0 7.0 5.0 7.0 7.0 7.0 0 3.0 9.0 
4.0 4.0 5.0 5.0 4.0 8.0 5.0 7.0 5.0 4.0 7.0 5.0 6.0 2.0 5.0 2.0 3.0 7.0 4.0 5.0 2.0 6.0 4.0 6.0 6.0 4.0 5.0 8.0 5.0 6.0 6.0 2.0 7.0 3.0 6.0 6.0 7.0 8.0 4.0 5.0 5.0 10.0 6.0 7.0 6.0 5.0 4.0 4.0 3.0 0 6.0 
6.0 4.0 5.0 9.0 8.0 7.0 9.0 5.0 3.0 8.0 8.0 6.0 10.0 6.0 9.0 6.0 7.0 6.0 7.0 11.0 8.0 4.0 10.0 8.0 9.0 10.0 9.0 11.0 7.0 10.0 9.0 8.0 9.0 7.0 9.0 4.0 9.0 8.0 7.0 9.0 8.0 8.0 8.0 8.0 10.0 9.0 2.0 8.0 9.0 6.0 0 
