100
4 5 11 12 14 16 17 18 20 23 27 31 32 39 42 45 44 47 50 51 52 53 56 58 59 60 61 54 63 66 72 73 76 77 80 81 83 86 88 89 90 91 94 95 96 97 98 99 100 103 105 107 108 109 111 112 113 114 115 118 116 120 123 125 127 128 129 130 132 133 134 135 136 138 139 140 142 143 146 152 154 155 157 158 161 163 165 167 171 173 174 178 179 184 190 192 193 198 199 200 74
0 5 3 4 4 3 3 3 4 5 4 5 3 4 3 2 3 3 4 2 3 4 4 4 4 3 2 3 3 4 3 3 3 3 4 3 2 4 3 4 5 5 3 4 5 3 4 2 2 3 4 4 4 4 4 4 4 3 4 5 3 3 4 3 2 5 4 4 4 4 3 4 4 3 3 4 2 3 3 2 4 4 4 4 4 4 4 4 4 3 4 4 2 4 3 4 1 3 3 6 5 
5 0 5 2 5 4 3 5 4 4 5 6 5 5 5 5 5 3 5 5 4 5 4 4 4 4 5 5 3 4 5 3 5 5 5 5 5 5 5 6 3 4 5 2 5 5 5 6 4 4 5 6 6 6 5 6 4 5 4 6 5 5 5 4 4 6 6 5 2 5 5 5 5 5 4 4 4 3 4 4 6 4 5 6 5 6 3 4 4 3 4 5 5 5 5 5 4 4 5 5 6 
3 5 0 5 4 2 5 2 2 5 5 4 5 4 1 3 5 4 3 4 3 5 4 4 4 4 4 4 3 4 3 4 3 4 4 4 3 3 5 4 5 4 3 3 3 3 5 1 3 4 5 5 3 2 4 4 4 5 3 5 4 4 3 4 4 4 4 4 5 4 4 4 5 3 2 1 2 5 3 3 3 4 5 6 1 4 4 5 5 4 4 4 4 4 5 5 3 4 3 5 4 
4 2 5 0 4 4 5 5 4 4 5 6 6 5 5 5 5 4 4 5 4 5 4 4 3 2 5 6 3 4 5 5 5 6 5 5 3 5 3 6 5 4 5 2 5 5 4 5 4 4 5 6 4 5 5 6 4 6 4 5 4 5 5 4 5 6 6 5 4 5 5 5 5 5 4 4 4 3 5 4 6 4 5 5 5 6 4 5 4 5 4 6 6 5 5 5 4 4 4 5 6 
4 5 4 4 0 5 3 3 4 4 3 4 2 1 3 3 5 3 4 4 3 3 3 2 1 2 3 5 4 5 3 5 2 3 3 4 3 4 3 2 3 3 3 4 4 5 4 3 4 4 3 4 4 3 3 3 2 4 4 1 3 4 4 4 3 5 5 2 5 4 4 3 4 4 4 4 2 4 4 4 3 2 5 4 4 4 4 4 5 5 5 4 4 3 3 4 4 3 3 3 5 
3 4 2 4 5 0 4 3 3 4 5 5 4 4 3 4 4 2 4 4 3 3 4 4 5 4 4 4 2 3 4 2 3 4 4 3 3 4 4 4 4 5 3 3 4 4 4 3 3 4 5 5 3 4 5 4 4 4 3 6 4 4 4 3 3 5 4 4 3 5 4 4 5 3 3 1 3 4 3 1 4 4 4 5 3 4 4 3 5 4 3 3 4 4 5 5 3 3 4 5 5 
3 3 5 5 3 4 0 4 5 4 4 4 3 2 4 4 4 2 4 5 3 4 2 3 4 4 4 4 4 4 4 2 3 4 3 4 4 4 3 4 2 4 5 4 5 4 4 4 3 4 4 5 5 5 5 4 2 4 5 4 3 2 5 3 3 5 6 4 3 4 3 3 4 4 5 5 3 4 3 3 4 3 4 3 5 6 2 3 3 4 5 4 4 4 4 5 4 3 4 4 6 
3 5 2 5 3 3 4 0 2 4 4 3 3 3 2 2 4 2 4 3 2 5 3 3 4 4 3 2 3 3 2 2 2 2 3 4 3 2 4 3 4 4 2 3 3 4 4 3 3 3 5 4 4 2 4 3 3 4 3 4 3 4 3 3 3 3 3 3 4 3 3 3 3 2 2 3 3 3 1 3 1 3 4 5 1 3 4 4 4 4 4 5 3 2 4 3 2 3 3 5 4 
4 4 2 4 4 3 5 2 0 4 4 5 3 4 3 4 5 4 5 4 3 5 4 4 5 4 4 4 3 4 4 4 4 4 3 4 3 4 5 5 5 5 1 2 1 5 5 3 4 4 6 6 4 2 4 5 4 5 4 5 4 4 3 4 4 5 3 4 5 4 5 4 3 3 2 2 2 4 3 4 3 4 5 6 1 2 4 5 4 5 4 4 4 2 5 5 3 5 3 5 4 
5 4 5 4 4 4 4 4 4 0 5 5 4 5 5 4 2 2 3 4 5 5 4 2 5 4 5 5 3 2 5 4 4 4 5 4 4 4 4 4 4 5 3 4 5 5 4 4 4 5 6 3 3 4 3 4 4 4 4 5 4 4 5 4 3 5 5 4 3 4 5 5 4 3 4 4 4 4 4 3 5 4 5 4 5 4 4 3 5 3 4 4 4 4 5 4 4 3 3 5 6 
4 5 5 5 3 5 4 4 4 5 0 6 1 2 4 4 5 3 3 2 3 4 4 4 4 4 4 5 5 4 5 3 4 3 3 5 3 5 4 5 5 6 4 3 3 5 3 5 4 1 4 4 5 4 4 4 3 3 5 4 3 4 5 2 2 6 5 2 6 4 5 4 3 4 4 5 4 4 4 4 3 4 3 6 5 5 5 6 4 5 6 6 6 2 3 6 3 3 3 6 6 
5 6 4 6 4 5 4 3 5 5 6 0 5 5 4 3 4 4 5 5 4 5 3 5 5 5 3 3 3 4 4 3 2 5 4 5 4 1 5 3 5 5 5 6 5 4 5 3 3 5 6 4 4 4 4 3 4 4 4 5 3 2 4 4 5 2 5 4 5 4 2 4 4 4 4 4 4 4 2 4 3 5 5 5 4 6 4 4 5 4 4 4 4 4 6 5 4 3 4 5 5 
3 5 5 6 2 4 3 3 3 4 1 5 0 1 4 3 4 2 3 3 2 5 3 3 3 4 3 4 4 3 4 4 3 4 3 4 4 4 4 4 4 5 4 4 2 4 4 4 3 2 3 3 4 3 5 3 3 2 4 3 3 3 4 3 1 5 5 1 5 5 4 3 2 4 5 4 3 3 3 3 2 3 4 5 4 5 4 5 3 4 5 5 5 1 4 5 2 2 4 5 5 
4 5 4 5 1 4 2 3 4 5 2 5 1 0 3 4 5 3 4 4 3 4 2 3 2 3 4 5 4 4 4 4 3 4 3 5 3 4 3 3 4 4 3 4 3 5 5 4 4 3 2 4 3 4 4 4 2 3 4 2 4 4 5 4 2 5 4 2 5 4 3 2 3 3 4 3 3 3 4 4 3 3 5 4 4 4 4 5 4 5 5 5 5 2 4 4 3 3 4 4 6 
3 5 1 5 3 3 4 2 3 5 4 4 4 3 0 3 4 4 4 3 2 5 4 3 3 4 3 3 3 3 4 3 4 4 3 3 4 3 4 5 4 3 2 3 4 4 4 2 4 3 4 5 4 3 5 5 3 4 2 4 3 3 2 4 3 4 3 3 4 4 4 3 5 2 3 2 1 4 2 3 3 3 5 5 2 3 3 4 4 4 4 3 3 4 4 4 2 4 4 4 3 
2 5 3 5 3 4 4 2 4 4 4 3 3 4 3 0 5 3 4 4 3 5 3 3 4 3 4 2 3 3 3 2 4 3 4 4 2 2 4 4 4 4 4 5 4 3 4 2 2 4 4 5 4 4 3 4 3 3 3 4 4 4 3 3 2 3 4 3 4 3 3 4 4 4 3 4 3 3 1 3 3 3 4 5 3 5 4 5 4 3 4 5 3 3 4 2 3 3 3 5 4 
3 5 5 5 5 4 4 4 5 2 5 4 4 5 4 5 0 2 3 5 4 5 4 4 5 5 4 5 3 2 5 4 3 4 5 5 4 3 4 4 4 5 5 5 5 5 4 4 4 5 6 1 3 5 5 2 4 3 4 6 4 4 6 4 3 4 6 4 4 5 3 5 4 3 4 5 3 4 4 3 4 5 5 5 5 6 4 4 5 3 4 5 5 4 6 5 4 3 4 5 7 
3 3 4 4 3 2 2 2 4 2 3 4 2 3 4 3 2 0 2 3 3 3 4 3 3 4 3 4 3 2 3 2 4 2 4 4 4 4 3 5 2 3 4 4 4 3 2 4 2 4 5 3 3 3 3 3 2 2 4 4 3 2 4 3 1 5 5 2 3 3 3 4 4 3 4 3 3 2 3 1 3 3 4 5 3 5 2 3 3 3 4 3 4 3 4 3 2 1 2 4 5 
4 5 3 4 4 4 4 4 5 3 3 5 3 4 4 4 3 2 0 3 3 3 3 5 3 3 3 4 2 1 4 2 4 4 2 4 2 4 3 5 4 3 4 4 4 2 2 2 3 2 5 2 4 3 3 3 4 4 3 5 2 3 4 1 3 5 5 4 3 3 4 4 4 2 3 4 4 3 3 3 4 4 2 5 4 5 4 5 4 2 3 5 5 3 4 5 4 3 2 4 5 
2 5 4 5 4 4 5 3 4 4 2 5 3 4 3 4 5 3 3 0 3 4 4 4 4 4 2 3 4 4 4 3 3 1 3 3 3 4 4 4 3 4 3 3 5 5 3 4 4 1 4 5 5 2 2 4 3 3 4 5 3 4 3 2 2 5 4 4 5 2 5 4 5 3 4 5 4 3 4 4 3 2 3 6 3 4 4 4 4 5 5 6 4 4 1 4 1 4 1 5 4 
3 4 3 4 3 3 3 2 3 5 3 4 2 3 2 3 4 3 3 3 0 5 2 3 3 4 3 3 3 3 4 3 3 4 3 3 4 3 4 4 2 3 2 3 4 4 4 4 3 3 4 3 4 3 5 4 3 4 2 4 3 3 2 4 3 4 3 1 4 4 4 3 4 2 3 4 3 3 2 4 3 1 5 4 3 3 3 4 4 4 4 5 4 3 2 4 2 2 4 4 3 
4 5 5 5 3 3 4 5 5 5 4 5 5 4 5 5 5 3 3 4 5 0 4 5 4 4 4 5 4 4 5 3 3 5 3 4 3 4 4 4 4 2 4 4 5 5 1 5 4 3 6 5 5 4 4 4 4 5 5 4 3 4 5 2 4 5 6 4 5 4 5 5 5 4 4 4 4 4 4 2 4 5 3 5 5 5 4 3 5 5 5 2 4 4 5 6 5 4 3 2 6 
4 4 4 4 3 4 2 3 4 4 4 3 3 2 4 3 4 4 3 4 2 4 0 4 4 3 2 3 3 2 4 3 1 5 1 3 3 3 3 2 4 4 4 4 3 5 3 4 4 3 4 3 3 3 5 2 2 3 4 4 3 3 4 2 4 4 4 3 4 4 3 1 3 3 4 3 4 2 2 4 2 3 3 4 4 5 4 4 3 3 4 5 4 2 4 5 3 3 4 4 5 
4 4 4 4 2 4 3 3 4 2 4 5 3 3 3 3 4 3 5 4 3 5 4 0 3 3 4 5 4 4 5 5 4 3 4 4 4 4 3 4 3 5 3 4 5 5 4 4 4 4 4 5 5 4 3 5 2 4 5 3 3 3 5 4 3 5 5 2 3 4 5 4 5 4 5 4 2 4 4 4 4 2 5 2 4 4 4 3 5 4 5 4 4 4 3 4 4 3 3 5 6 
4 4 4 3 1 5 4 4 5 5 4 5 3 2 3 4 5 3 3 4 3 4 4 3 0 1 4 4 3 4 4 4 3 4 4 4 2 4 4 3 4 2 4 4 5 5 3 4 4 4 4 5 4 4 4 4 3 5 3 2 3 4 3 3 4 5 4 3 5 4 5 4 4 4 3 4 3 3 3 4 4 3 4 4 4 5 4 4 4 5 4 5 5 4 4 5 4 4 3 3 4 
3 4 4 2 2 4 4 4 4 4 4 5 4 3 4 3 5 4 3 4 4 4 3 3 1 0 3 4 3 3 4 3 3 5 3 4 1 4 3 4 5 3 5 4 4 4 3 3 3 3 5 5 3 4 5 4 4 5 4 3 2 3 4 2 5 5 5 4 4 5 4 4 3 3 2 3 4 3 3 4 4 4 3 3 3 6 4 5 4 4 4 5 5 3 5 5 4 4 4 4 5 
2 5 4 5 3 4 4 3 4 5 4 3 3 4 3 4 4 3 3 2 3 4 2 4 4 3 0 4 4 3 5 3 1 3 3 3 3 4 5 2 5 4 3 4 4 5 3 4 4 3 4 3 3 3 4 2 4 3 3 4 1 2 3 2 2 5 2 4 5 4 3 3 4 2 3 3 4 3 3 4 2 4 3 4 4 3 4 4 4 4 5 4 4 3 3 4 1 3 3 4 4 
3 5 4 6 5 4 4 2 4 5 5 3 4 5 3 2 5 4 4 3 3 5 3 5 4 4 4 0 4 3 4 2 4 4 4 4 4 2 5 5 4 4 4 5 4 4 4 4 3 4 5 5 6 3 3 4 4 5 3 6 4 3 3 3 4 3 4 4 4 1 3 4 4 4 4 5 3 3 1 3 3 4 4 5 3 5 3 4 4 4 5 3 1 3 4 4 4 4 2 5 4 
3 3 3 3 4 2 4 3 3 3 5 3 4 4 3 3 3 3 2 4 3 4 3 4 3 3 4 4 0 1 2 2 4 5 4 3 2 2 4 5 4 3 3 3 4 2 4 3 1 4 3 4 4 3 4 3 3 4 1 5 3 3 3 3 4 3 4 3 3 4 2 4 3 2 1 3 4 2 3 3 4 3 4 5 2 4 3 3 3 2 1 4 4 3 4 3 3 2 4 4 4 
4 4 4 4 5 3 4 3 4 2 4 4 3 4 3 3 2 2 1 4 3 4 2 4 4 3 3 3 1 0 3 3 3 4 3 3 3 3 4 4 4 4 3 4 3 3 3 3 2 3 4 3 3 4 4 4 4 4 2 6 2 3 4 2 3 4 4 4 2 4 3 3 3 1 2 4 4 2 2 3 3 4 3 4 3 4 4 4 3 1 2 5 4 2 5 4 3 3 3 4 5 
3 5 3 5 3 4 4 2 4 5 5 4 4 4 4 3 5 3 4 4 4 5 4 5 4 4 5 4 2 3 0 2 4 4 3 4 3 3 4 3 4 5 4 5 5 2 4 2 1 4 5 4 5 2 4 3 3 4 3 4 4 3 3 3 4 4 5 3 3 4 2 5 5 4 3 4 5 3 3 3 3 5 4 6 3 5 4 5 4 2 3 5 5 4 5 5 4 2 3 5 4 
3 3 4 5 5 2 2 2 4 4 3 3 4 4 3 2 4 2 2 3 3 3 3 5 4 3 3 2 2 3 2 0 4 4 2 4 2 2 4 5 2 4 4 4 4 2 2 3 1 2 5 4 4 4 5 3 3 4 3 6 2 3 3 1 3 3 4 3 3 3 2 4 4 3 3 3 3 3 1 1 3 3 2 5 3 5 2 3 3 2 3 3 3 3 4 4 4 2 4 4 4 
3 5 3 5 2 3 3 2 4 4 4 2 3 3 4 4 3 4 4 3 3 3 1 4 3 3 1 4 4 3 4 4 0 4 2 4 2 3 4 1 5 3 3 4 3 4 4 4 3 4 5 2 2 2 4 1 3 2 4 3 2 2 3 3 3 4 3 3 5 4 2 2 3 3 3 2 4 3 3 4 1 4 4 5 3 4 4 4 4 4 5 4 4 2 4 5 2 3 3 3 4 
3 5 4 6 3 4 4 2 4 4 3 5 4 4 4 3 4 2 4 1 4 5 5 3 4 5 3 4 5 4 4 4 4 0 4 4 4 4 4 5 4 5 4 4 5 5 4 5 4 2 5 5 5 3 3 5 3 4 5 4 4 4 4 3 3 5 5 3 5 3 5 5 5 4 4 5 3 4 3 3 3 3 4 5 3 5 4 5 5 5 6 5 5 4 2 3 2 3 2 6 5 
4 5 4 5 3 4 3 3 3 5 3 4 3 3 3 4 5 4 2 3 3 3 1 4 4 3 3 4 4 3 3 2 2 4 0 4 2 4 4 3 4 4 3 3 4 4 2 3 3 2 5 4 4 3 5 3 3 4 5 4 2 3 4 1 4 5 4 2 5 5 4 2 4 3 3 3 3 3 3 3 3 4 2 5 4 4 4 5 4 4 5 5 5 3 4 6 3 3 4 4 5 
3 5 4 5 4 3 4 4 4 4 5 5 4 5 3 4 5 4 4 3 3 4 3 4 4 4 3 4 3 3 4 4 4 4 4 0 5 4 5 5 4 3 4 5 4 5 5 4 4 4 5 5 6 2 4 5 4 4 3 5 3 4 1 4 3 5 4 4 3 4 5 4 4 4 4 4 4 3 3 4 3 4 5 5 3 5 4 1 4 4 4 4 4 3 4 5 2 4 3 4 2 
2 5 3 3 3 3 4 3 3 4 3 4 4 3 4 2 4 4 2 3 4 3 3 4 2 1 3 4 2 3 3 2 2 4 2 5 0 4 4 3 4 4 4 4 4 3 2 2 2 2 5 4 2 3 5 3 4 4 3 4 2 3 4 1 4 5 5 3 4 4 3 3 2 2 1 2 4 4 3 3 3 5 2 4 2 5 4 5 3 3 3 5 4 3 4 4 3 3 4 5 5 
4 5 3 5 4 4 4 2 4 4 5 1 4 4 3 2 3 4 4 4 3 4 3 4 4 4 4 2 2 3 3 2 3 4 4 4 4 0 5 4 4 4 4 5 4 3 4 2 2 4 5 3 4 4 3 2 4 3 3 5 4 3 3 3 4 1 4 4 4 3 1 4 3 4 3 4 4 3 1 3 3 4 4 5 3 5 4 3 4 3 3 5 3 3 5 4 4 3 3 4 4 
3 5 5 3 3 4 3 4 5 4 4 5 4 3 4 4 4 3 3 4 4 4 3 3 4 3 5 5 4 4 4 4 4 4 4 5 4 5 0 5 4 4 4 3 5 4 3 5 3 3 5 5 3 4 4 5 1 5 4 4 4 3 4 4 4 6 5 3 5 4 4 4 4 4 5 5 3 3 4 3 5 3 5 5 5 5 5 6 4 4 5 5 5 4 4 5 4 2 3 5 5 
4 6 4 6 2 4 4 3 5 4 5 3 4 3 5 4 4 5 5 4 4 4 2 4 3 4 2 5 5 4 3 5 1 5 3 5 3 4 5 0 5 4 4 5 4 5 5 3 4 5 5 3 3 3 3 2 4 3 5 3 3 3 4 4 4 5 4 4 5 4 3 3 4 4 4 3 4 4 4 5 2 4 5 6 4 5 5 5 5 5 6 5 5 3 5 4 3 4 3 4 5 
5 3 5 5 3 4 2 4 5 4 5 5 4 4 4 4 4 2 4 3 2 4 4 3 4 5 5 4 4 4 4 2 5 4 4 4 4 4 4 5 0 4 4 5 6 4 4 5 3 4 6 5 5 5 5 5 3 4 4 4 4 4 4 3 3 5 5 3 3 4 4 5 4 4 5 5 3 4 3 3 5 1 4 5 5 5 2 3 3 4 5 4 4 5 2 5 4 3 4 4 5 
5 4 4 4 3 5 4 4 5 5 6 5 5 4 3 4 5 3 3 4 3 2 4 5 2 3 4 4 3 4 5 4 3 5 4 3 4 4 4 4 4 0 4 4 5 5 3 5 4 5 5 5 5 4 4 4 4 5 3 4 4 5 3 4 4 5 4 4 4 4 5 5 5 5 4 5 4 3 3 4 4 4 5 6 5 5 4 2 4 5 4 4 5 4 5 5 4 4 3 2 4 
3 5 3 5 3 3 5 2 1 3 4 5 4 3 2 4 5 4 4 3 2 4 4 3 4 5 3 4 3 3 4 4 3 4 3 4 4 4 4 4 4 4 0 3 2 5 4 4 4 3 5 5 4 3 4 4 3 4 4 4 3 4 4 4 3 5 2 3 4 5 5 3 4 2 3 3 3 4 3 4 3 3 5 5 2 1 5 4 5 4 4 5 5 3 4 5 2 4 4 4 5 
4 2 3 2 4 3 4 3 2 4 3 6 4 4 3 5 5 4 4 3 3 4 4 4 4 4 4 5 3 4 5 4 4 4 3 5 4 5 3 5 5 4 3 0 3 5 3 4 4 2 5 6 4 4 5 5 2 5 4 5 4 4 5 3 4 6 4 4 4 5 5 4 5 3 4 2 2 3 4 4 4 4 4 5 3 4 4 5 4 5 4 4 4 4 4 5 3 3 4 5 6 
5 5 3 5 4 4 5 3 1 5 3 5 2 3 4 4 5 4 4 5 4 5 3 5 5 4 4 4 4 3 5 4 3 5 4 4 4 4 5 4 6 5 2 3 0 6 5 4 5 4 5 5 5 3 5 4 4 4 5 5 4 5 4 5 3 5 4 3 5 5 5 4 2 4 3 3 3 3 3 5 2 5 6 5 2 3 4 5 3 4 5 5 5 1 6 6 4 4 4 5 5 
3 5 3 5 5 4 4 4 5 5 5 4 4 5 4 3 5 3 2 5 4 5 5 5 5 4 5 4 2 3 2 2 4 5 4 5 3 3 4 5 4 5 5 5 6 0 4 2 1 4 5 4 5 4 5 3 3 4 3 6 4 3 5 3 4 4 6 3 3 5 2 5 5 4 3 4 5 3 3 3 5 4 4 5 4 6 4 5 4 2 3 5 5 5 5 5 4 2 4 6 6 
4 5 5 4 4 4 4 4 5 4 3 5 4 5 4 4 4 2 2 3 4 1 3 4 3 3 3 4 4 3 4 2 4 4 2 5 2 4 3 5 4 3 4 3 5 4 0 4 3 2 6 4 4 3 3 5 3 4 4 5 2 3 4 1 3 5 5 4 5 3 4 4 4 3 3 4 4 4 3 3 4 5 2 4 4 5 4 4 5 4 5 3 5 4 4 5 4 3 2 3 5 
2 6 1 5 3 3 4 3 3 4 5 3 4 4 2 2 4 4 2 4 4 5 4 4 4 3 4 4 3 3 2 3 4 5 3 4 2 2 5 3 5 5 4 4 4 2 4 0 2 4 6 4 4 2 3 4 4 5 4 4 4 4 3 3 4 3 5 3 4 4 3 5 4 4 3 2 3 4 3 4 3 4 4 5 2 5 4 4 5 3 4 5 4 4 5 4 3 3 3 5 4 
2 4 3 4 4 3 3 3 4 4 4 3 3 4 4 2 4 2 3 4 3 4 4 4 4 3 4 3 1 2 1 1 3 4 3 4 2 2 3 4 3 4 4 4 5 1 3 2 0 3 4 3 4 3 5 2 2 3 2 5 3 2 4 2 3 3 5 2 2 4 1 4 4 3 2 4 4 2 2 2 4 4 3 5 3 5 3 4 3 1 2 4 4 4 5 4 3 1 4 5 5 
3 4 4 4 4 4 4 3 4 5 1 5 2 3 3 4 5 4 2 1 3 3 3 4 4 3 3 4 4 3 4 2 4 2 2 4 2 4 3 5 4 5 3 2 4 4 2 4 3 0 5 4 4 3 3 5 2 4 5 5 2 3 4 1 3 5 4 3 5 3 4 4 4 3 3 4 4 4 3 3 4 3 2 5 4 4 4 5 5 4 5 5 5 3 2 5 2 3 2 5 5 
4 5 5 5 3 5 4 5 6 6 4 6 3 2 4 4 6 5 5 4 4 6 4 4 4 5 4 5 3 4 5 5 5 5 5 5 5 5 5 5 6 5 5 5 5 5 6 6 4 5 0 6 5 5 5 6 4 5 2 4 5 5 4 6 4 6 5 4 6 5 5 4 5 5 4 5 5 4 4 6 5 5 7 4 5 6 5 6 5 5 4 7 6 4 5 2 3 5 5 6 5 
4 6 5 6 4 5 5 4 6 3 4 4 3 4 5 5 1 3 2 5 3 5 3 5 5 5 3 5 4 3 4 4 2 5 4 5 4 3 5 3 5 5 5 6 5 4 4 4 3 4 6 0 4 4 5 1 5 2 5 5 4 4 5 3 3 4 5 4 5 5 2 4 5 4 5 4 4 5 4 4 3 4 4 6 5 6 5 5 6 4 5 6 6 4 5 6 4 4 4 5 6 
4 6 3 4 4 3 5 4 4 3 5 4 4 3 4 4 3 3 4 5 4 5 3 5 4 3 3 6 4 3 5 4 2 5 4 6 2 4 3 3 5 5 4 4 5 5 4 4 4 4 5 4 0 4 5 3 4 4 5 5 4 4 5 3 4 5 5 3 5 5 4 3 3 4 3 2 4 4 5 4 3 5 4 6 4 5 5 5 4 4 5 6 6 4 6 6 4 4 4 5 6 
4 6 2 5 3 4 5 2 2 4 4 4 3 4 3 4 5 3 3 2 3 4 3 4 4 4 3 3 3 4 2 4 2 3 3 2 3 4 4 3 5 4 3 4 3 4 3 2 3 3 5 4 4 0 2 3 4 4 3 4 4 4 1 4 4 5 4 3 5 2 4 4 3 3 2 3 4 4 3 4 1 4 5 6 1 4 5 3 4 4 4 6 4 2 3 4 3 4 1 5 2 
4 5 4 5 3 5 5 4 4 3 4 4 5 4 5 3 5 3 3 2 5 4 5 3 4 5 4 3 4 4 4 5 4 3 5 4 5 3 4 3 5 4 4 5 5 5 3 3 5 3 5 5 5 2 0 5 5 5 5 4 5 5 3 4 4 4 6 5 4 2 4 6 5 5 4 5 5 5 4 4 3 4 5 5 3 5 5 4 6 5 5 5 4 4 3 3 3 4 1 5 4 
4 6 4 6 3 4 4 3 5 4 4 3 3 4 5 4 2 3 3 4 4 4 2 5 4 4 2 4 3 4 3 3 1 5 3 5 3 2 5 2 5 4 4 5 4 3 5 4 2 5 6 1 3 3 5 0 4 1 4 4 3 3 4 4 2 3 4 4 4 4 1 3 4 4 4 3 5 4 3 4 2 5 5 6 4 5 5 5 5 3 4 5 5 3 5 6 3 3 4 4 5 
4 4 4 4 2 4 2 3 4 4 3 4 3 2 3 3 4 2 4 3 3 4 2 2 3 4 4 4 3 4 3 3 3 3 3 4 4 4 1 4 3 4 3 2 4 3 3 4 2 2 4 5 4 4 5 4 0 4 3 3 3 2 3 3 3 5 4 2 4 4 3 3 4 3 4 4 2 2 3 3 4 2 4 4 4 4 4 5 3 3 4 4 4 3 3 4 3 1 4 5 4 
3 5 5 6 4 4 4 4 5 4 3 4 2 3 4 3 3 2 4 3 4 5 3 4 5 5 3 5 4 4 4 4 2 4 4 4 4 3 5 3 4 5 4 5 4 4 4 5 3 4 5 2 4 4 5 1 4 0 5 5 4 4 5 5 1 4 5 3 5 5 2 4 4 4 5 4 4 4 4 3 3 4 6 6 5 5 4 5 5 4 5 5 5 3 4 5 2 3 4 5 6 
4 4 3 4 4 3 5 3 4 4 5 4 4 4 2 3 4 4 3 4 2 5 4 5 3 4 3 3 1 2 3 3 4 5 5 3 3 3 4 5 4 3 4 4 5 3 4 4 2 5 2 5 5 3 5 4 3 5 0 5 4 4 2 4 4 4 3 3 4 4 3 5 4 3 2 4 3 3 2 4 4 3 5 6 3 4 4 4 4 3 2 5 4 4 4 2 3 3 4 4 3 
5 6 5 5 1 6 4 4 5 5 4 5 3 2 4 4 6 4 5 5 4 4 4 3 2 3 4 6 5 6 4 6 3 4 4 5 4 5 4 3 4 4 4 5 5 6 5 4 5 5 4 5 5 4 4 4 3 5 5 0 4 5 5 5 4 6 6 3 6 5 5 4 5 5 5 5 3 5 5 5 4 3 6 5 5 5 5 5 6 6 6 5 5 4 4 5 5 4 4 4 6 
3 5 4 4 3 4 3 3 4 4 3 3 3 4 3 4 4 3 2 3 3 3 3 3 3 2 1 4 3 2 4 2 2 4 2 3 2 4 4 3 4 4 3 4 4 4 2 4 3 2 5 4 4 4 5 3 3 4 4 4 0 1 4 1 3 5 3 3 4 5 4 4 4 1 2 4 3 3 3 3 3 4 2 3 3 4 3 4 4 3 4 3 3 3 4 5 2 2 4 4 5 
3 5 4 5 4 4 2 4 4 4 4 2 3 4 3 4 4 2 3 4 3 4 3 3 4 3 2 3 3 3 3 3 2 4 3 4 3 3 3 3 4 5 4 4 5 3 3 4 2 3 5 4 4 4 5 3 2 4 4 5 1 0 5 2 3 4 4 2 3 4 3 4 4 2 3 4 2 2 4 3 3 4 3 3 4 5 2 3 3 3 4 2 2 4 5 5 3 1 4 5 6 
4 5 3 5 4 4 5 3 3 5 5 4 4 5 2 3 6 4 4 3 2 5 4 5 3 4 3 3 3 4 3 3 3 4 4 1 4 3 4 4 4 3 4 5 4 5 4 3 4 4 4 5 5 1 3 4 3 5 2 5 4 5 0 4 4 4 3 3 4 3 4 5 4 4 3 4 3 4 2 4 2 3 5 6 2 4 5 2 5 5 4 5 4 3 4 4 3 4 2 4 1 
3 4 4 4 4 3 3 3 4 4 2 4 3 4 4 3 4 3 1 2 4 2 2 4 3 2 2 3 3 2 3 1 3 3 1 4 1 3 4 4 3 4 4 3 5 3 1 3 2 1 6 3 3 4 4 4 3 5 4 5 1 2 4 0 4 4 4 3 4 4 3 3 3 2 2 3 4 4 2 2 4 4 1 4 3 5 3 4 4 3 4 4 4 4 3 5 3 3 3 4 5 
2 4 4 5 3 3 3 3 4 3 2 5 1 2 3 2 3 1 3 2 3 4 4 3 4 5 2 4 4 3 4 3 3 3 4 3 4 4 4 4 3 4 3 4 3 4 3 4 3 3 4 3 4 4 4 2 3 1 4 4 3 3 4 4 0 5 4 2 4 4 3 4 3 3 4 4 3 3 3 2 3 3 5 5 4 4 3 4 4 4 5 4 4 2 3 4 1 2 3 5 5 
5 6 4 6 5 5 5 3 5 5 6 2 5 5 4 3 4 5 5 5 4 5 4 5 5 5 5 3 3 4 4 3 4 5 5 5 5 1 6 5 5 5 5 6 5 4 5 3 3 5 6 4 5 5 4 3 5 4 4 6 5 4 4 4 5 0 5 5 5 4 2 5 4 5 4 5 5 4 2 4 4 5 5 6 4 6 5 4 5 4 4 6 4 4 6 5 5 4 4 5 5 
4 6 4 6 5 4 6 3 3 5 5 5 5 4 3 4 6 5 5 4 3 6 4 5 4 5 2 4 4 4 5 4 3 5 4 4 5 4 5 4 5 4 2 4 4 6 5 5 5 4 5 5 5 4 6 4 4 5 3 6 3 4 3 4 4 5 0 4 5 4 5 4 6 3 4 5 4 5 3 5 4 4 5 6 4 1 5 5 6 5 5 6 5 5 5 5 3 5 5 5 4 
4 5 4 5 2 4 4 3 4 4 2 4 1 2 3 3 4 2 4 4 1 4 3 2 3 4 4 4 3 4 3 3 3 3 2 4 3 4 3 4 3 4 3 4 3 3 4 3 2 3 4 4 3 3 5 4 2 3 3 3 3 2 3 3 2 5 4 0 4 5 3 2 3 3 4 3 2 2 3 3 3 2 4 4 4 4 4 5 3 3 4 4 4 2 3 4 3 1 4 4 4 
4 2 5 4 5 3 3 4 5 3 6 5 5 5 4 4 4 3 3 5 4 5 4 3 5 4 5 4 3 2 3 3 5 5 5 3 4 4 5 5 3 4 4 4 5 3 5 4 2 5 6 5 5 5 4 4 4 5 4 6 4 3 4 4 4 5 5 4 0 5 3 5 5 3 4 4 3 4 4 4 5 4 5 5 5 5 3 2 4 1 4 3 3 4 5 5 4 3 4 5 5 
4 5 4 5 4 5 4 3 4 4 4 4 5 4 4 3 5 3 3 2 4 4 4 4 4 5 4 1 4 4 4 3 4 3 5 4 4 3 4 4 4 4 5 5 5 5 3 4 4 3 5 5 5 2 2 4 4 5 4 5 5 4 3 4 4 4 4 5 5 0 3 5 5 5 4 5 4 4 2 4 3 3 5 6 3 5 3 5 4 5 5 4 2 4 3 4 3 4 1 5 4 
3 5 4 5 4 4 3 3 5 5 5 2 4 3 4 3 3 3 4 5 4 5 3 5 5 4 3 3 2 3 2 2 2 5 4 5 3 1 4 3 4 5 5 5 5 2 4 3 1 4 5 2 4 4 4 1 3 2 3 5 4 3 4 3 3 2 5 3 3 3 0 4 4 4 3 4 5 3 2 3 3 4 4 6 4 6 4 4 4 2 3 5 4 4 5 5 4 2 4 5 5 
4 5 4 5 3 4 3 3 4 5 4 4 3 2 3 4 5 4 4 4 3 5 1 4 4 4 3 4 4 3 5 4 2 5 2 4 3 4 4 3 5 5 3 4 4 5 4 5 4 4 4 4 3 4 6 3 3 4 5 4 4 4 5 3 4 5 4 2 5 5 4 0 4 3 4 3 4 3 3 5 3 4 4 5 4 4 5 5 4 4 5 6 5 3 5 6 3 3 5 5 6 
4 5 5 5 4 5 4 3 3 4 3 4 2 3 5 4 4 4 4 5 4 5 3 5 4 3 4 4 3 3 5 4 3 5 4 4 2 3 4 4 4 5 4 5 2 5 4 4 4 4 5 5 3 3 5 4 4 4 4 5 4 4 4 3 3 4 6 3 5 5 4 4 0 4 3 4 4 2 3 5 2 4 4 5 4 5 2 4 1 4 4 4 4 1 5 6 4 3 4 5 5 
3 5 3 5 4 3 4 2 3 3 4 4 4 3 2 4 3 3 2 3 2 4 3 4 4 3 2 4 2 1 4 3 3 4 3 4 2 4 4 4 4 5 2 3 4 4 3 4 3 3 5 4 4 3 5 4 3 4 3 5 1 2 4 2 3 5 3 3 3 5 4 3 4 0 1 4 3 3 3 4 3 3 3 4 2 3 4 4 4 2 3 4 4 3 4 5 2 3 4 5 5 
3 4 2 4 4 3 5 2 2 4 4 4 5 4 3 3 4 4 3 4 3 4 4 5 3 2 3 4 1 2 3 3 3 4 3 4 1 3 5 4 5 4 3 4 3 3 3 3 2 3 4 5 3 2 4 4 4 5 2 5 2 3 3 2 4 4 4 4 4 4 3 4 3 1 0 3 4 3 3 4 3 4 3 5 1 4 4 4 4 3 2 5 5 4 5 4 3 3 3 5 4 
4 4 1 4 4 1 5 3 2 4 5 4 4 3 2 4 5 3 4 5 4 4 3 4 4 3 3 5 3 4 4 3 2 5 3 4 2 4 5 3 5 5 3 2 3 4 4 2 4 4 5 4 2 3 5 3 4 4 4 5 4 4 4 3 4 5 5 3 4 5 4 3 4 4 3 0 2 4 4 2 3 4 4 6 2 4 4 4 5 5 4 4 4 4 5 6 4 4 4 5 5 
2 4 2 4 2 3 3 3 2 4 4 4 3 3 1 3 3 3 4 4 3 4 4 2 3 4 4 3 4 4 5 3 4 3 3 4 4 4 3 4 3 4 3 2 3 5 4 3 4 4 5 4 4 4 5 5 2 4 3 3 3 2 3 4 3 5 4 2 3 4 5 4 4 3 4 2 0 4 3 2 4 2 5 4 3 4 2 3 3 4 5 2 2 4 3 4 3 3 4 5 4 
3 3 5 3 4 4 4 3 4 4 4 4 3 3 4 3 4 2 3 3 3 4 2 4 3 3 3 3 2 2 3 3 3 4 3 3 4 3 3 4 4 3 4 3 3 3 4 4 2 4 4 5 4 4 5 4 2 4 3 5 3 2 4 4 3 4 5 2 4 4 3 3 2 3 3 4 4 0 2 3 3 3 5 4 4 5 2 4 1 3 3 4 4 2 4 4 2 1 4 4 5 
3 4 3 5 4 3 3 1 3 4 4 2 3 4 2 1 4 3 3 4 2 4 2 4 3 3 3 1 3 2 3 1 3 3 3 3 3 1 4 4 3 3 3 4 3 3 3 3 2 3 4 4 5 3 4 3 3 4 2 5 3 4 2 2 3 2 3 3 4 2 2 3 3 3 3 4 3 2 0 2 2 3 3 4 2 4 3 4 3 3 4 4 2 2 4 3 3 3 3 4 3 
2 4 3 4 4 1 3 3 4 3 4 4 3 4 3 3 3 1 3 4 4 2 4 4 4 4 4 3 3 3 3 1 4 3 3 4 3 3 3 5 3 4 4 4 5 3 3 4 2 3 6 4 4 4 4 4 3 3 4 5 3 3 4 2 2 4 5 3 4 4 3 5 5 4 4 2 2 3 2 0 4 4 3 4 4 5 3 4 4 3 4 2 4 4 5 4 3 2 3 4 5 
4 6 3 6 3 4 4 1 3 5 3 3 2 3 3 3 4 3 4 3 3 4 2 4 4 4 2 3 4 3 3 3 1 3 3 3 3 3 5 2 5 4 3 4 2 5 4 3 4 4 5 3 3 1 3 2 4 3 4 4 3 3 2 4 3 4 4 3 5 3 3 3 2 3 3 3 4 3 2 4 0 4 5 5 2 4 4 4 3 4 5 5 4 1 4 4 3 4 2 4 3 
4 4 4 4 2 4 3 3 4 4 4 5 3 3 3 3 5 3 4 2 1 5 3 2 3 4 4 4 3 4 5 3 4 3 4 4 5 4 3 4 1 4 3 4 5 4 5 4 4 3 5 4 5 4 4 5 2 4 3 3 4 4 3 4 3 5 4 2 4 3 4 4 4 3 4 4 2 3 3 4 4 0 5 4 4 4 2 4 3 5 4 4 4 4 1 4 3 3 3 5 4 
4 5 5 5 5 4 4 4 5 5 3 5 4 5 5 4 5 4 2 3 5 3 3 5 4 3 3 4 4 3 4 2 4 4 2 5 2 4 5 5 4 5 5 4 6 4 2 4 3 2 7 4 4 5 5 5 4 6 5 6 2 3 5 1 5 5 5 4 5 5 4 4 4 3 3 4 5 5 3 3 5 5 0 5 4 6 4 5 5 4 5 5 5 5 4 6 4 4 4 5 6 
4 6 6 5 4 5 3 5 6 4 6 5 5 4 5 5 5 5 5 6 4 5 4 2 4 3 4 5 5 4 6 5 5 5 5 5 4 5 5 6 5 6 5 5 5 5 4 5 5 5 4 6 6 6 5 6 4 6 6 5 3 3 6 4 5 6 6 4 5 6 6 5 5 4 5 6 4 4 4 4 5 4 5 0 6 6 5 5 5 5 6 5 5 4 5 6 5 4 5 6 7 
4 5 1 5 4 3 5 1 1 5 5 4 4 4 2 3 5 3 4 3 3 5 4 4 4 3 4 3 2 3 3 3 3 3 4 3 2 3 5 4 5 5 2 3 2 4 4 2 3 4 5 5 4 1 3 4 4 5 3 5 3 4 2 3 4 4 4 4 5 3 4 4 4 2 1 2 3 4 2 4 2 4 4 6 0 3 5 4 5 4 3 5 4 3 4 4 3 4 2 6 3 
4 6 4 6 4 4 6 3 2 4 5 6 5 4 3 5 6 5 5 4 3 5 5 4 5 6 3 5 4 4 5 5 4 5 4 5 5 5 5 5 5 5 1 4 3 6 5 5 5 4 6 6 5 4 5 5 4 5 4 5 4 5 4 5 4 6 1 4 5 5 6 4 5 3 4 4 4 5 4 5 4 4 6 6 3 0 6 5 6 5 5 6 6 4 5 6 3 5 5 5 5 
4 3 4 4 4 4 2 4 4 4 5 4 4 4 3 4 4 2 4 4 3 4 4 4 4 4 4 3 3 4 4 2 4 4 4 4 4 4 5 5 2 4 5 4 4 4 4 4 3 4 5 5 5 5 5 5 4 4 4 5 3 2 5 3 3 5 5 4 3 3 4 5 2 4 4 4 2 2 3 3 4 2 4 5 5 6 0 3 1 4 4 2 2 3 3 5 4 3 4 4 6 
4 4 5 5 4 3 3 4 5 3 6 4 5 5 4 5 4 3 5 4 4 3 4 3 4 5 4 4 3 4 5 3 4 5 5 1 5 3 6 5 3 2 4 5 5 5 4 4 4 5 6 5 5 3 4 5 5 5 4 5 4 3 2 4 4 4 5 5 2 5 4 5 4 4 4 4 3 4 4 4 4 4 5 5 4 5 3 0 4 3 4 3 3 4 5 5 3 4 4 3 3 
4 4 5 4 5 5 3 4 4 5 4 5 3 4 4 4 5 3 4 4 4 5 3 5 4 4 4 4 3 3 4 3 4 5 4 4 3 4 4 5 3 4 5 4 3 4 5 5 3 5 5 6 4 4 6 5 3 5 4 6 4 3 5 4 4 5 6 3 4 4 4 4 1 4 4 5 3 1 3 4 3 3 5 5 5 6 1 4 0 4 4 3 3 2 4 5 3 2 5 5 6 
3 3 4 5 5 4 4 4 5 3 5 4 4 5 4 3 3 3 2 5 4 5 3 4 5 4 4 4 2 1 2 2 4 5 4 4 3 3 4 5 4 5 4 5 4 2 4 3 1 4 5 4 4 4 5 3 3 4 3 6 3 3 5 3 4 4 5 3 1 5 2 4 4 2 3 5 4 3 3 3 4 5 4 5 4 5 4 3 4 0 3 4 4 3 6 5 4 2 4 5 6 
4 4 4 4 5 3 5 4 4 4 6 4 5 5 4 4 4 4 3 5 4 5 4 5 4 4 5 5 1 2 3 3 5 6 5 4 3 3 5 6 5 4 4 4 5 3 5 4 2 5 4 5 5 4 5 4 4 5 2 6 4 4 4 4 5 4 5 4 4 5 3 5 4 3 2 4 5 3 4 4 5 4 5 6 3 5 4 4 4 3 0 5 5 4 5 4 4 3 5 5 5 
4 5 4 6 4 3 4 5 4 4 6 4 5 5 3 5 5 3 5 6 5 2 5 4 5 5 4 3 4 5 5 3 4 5 5 4 5 5 5 5 4 4 5 4 5 5 3 5 4 5 7 6 6 6 5 5 4 5 5 5 3 2 5 4 4 6 6 4 3 4 5 6 4 4 5 4 2 4 4 2 5 4 5 5 5 6 2 3 3 4 5 0 2 5 5 6 5 3 5 4 6 
2 5 4 6 4 4 4 3 4 4 6 4 5 5 3 3 5 4 5 4 4 4 4 4 5 5 4 1 4 4 5 3 4 5 5 4 4 3 5 5 4 5 5 4 5 5 5 4 4 5 6 6 6 4 4 5 4 5 4 5 3 2 4 4 4 4 5 4 3 2 4 5 4 4 5 4 2 4 2 4 4 4 5 5 4 6 2 3 3 4 5 2 0 4 5 5 3 3 3 6 5 
4 5 4 5 3 4 4 2 2 4 2 4 1 2 4 3 4 3 3 4 3 4 2 4 4 3 3 3 3 2 4 3 2 4 3 3 3 3 4 3 5 4 3 4 1 5 4 4 4 3 4 4 4 2 4 3 3 3 4 4 3 4 3 4 2 4 5 2 4 4 4 3 1 3 4 4 4 2 2 4 1 4 5 4 3 4 3 4 2 3 4 5 4 0 5 5 3 3 3 4 4 
3 5 5 5 3 5 4 4 5 5 3 6 4 4 4 4 6 4 4 1 2 5 4 3 4 5 3 4 4 5 5 4 4 2 4 4 4 5 4 5 2 5 4 4 6 5 4 5 5 2 5 5 6 3 3 5 3 4 4 4 4 5 4 3 3 6 5 3 5 3 5 5 5 4 5 5 3 4 4 5 4 1 4 5 4 5 3 5 4 6 5 5 5 5 0 5 2 4 2 6 5 
4 5 5 5 4 5 5 3 5 4 6 5 5 4 4 2 5 3 5 4 4 6 5 4 5 5 4 4 3 4 5 4 5 3 6 5 4 4 5 4 5 5 5 5 6 5 5 4 4 5 2 6 6 4 3 6 4 5 2 5 5 5 4 5 4 5 5 4 5 4 5 6 6 5 4 6 4 4 3 4 4 4 6 6 4 6 5 5 5 5 4 6 5 5 5 0 3 4 3 6 5 
1 4 3 4 4 3 4 2 3 4 3 4 2 3 2 3 4 2 4 1 2 5 3 4 4 4 1 4 3 3 4 4 2 2 3 2 3 4 4 3 4 4 2 3 4 4 4 3 3 2 3 4 4 3 3 3 3 2 3 5 2 3 3 3 1 5 3 3 4 3 4 3 4 2 3 4 3 2 3 3 3 3 4 5 3 3 4 3 3 4 4 5 3 3 2 3 0 3 2 5 4 
3 4 4 4 3 3 3 3 5 3 3 3 2 3 4 3 3 1 3 4 2 4 3 3 4 4 3 4 2 3 2 2 3 3 3 4 3 3 2 4 3 4 4 3 4 2 3 3 1 3 5 4 4 4 4 3 1 3 3 4 2 1 4 3 2 4 5 1 3 4 2 3 3 3 3 4 3 1 3 2 4 3 4 4 4 5 3 4 2 2 3 3 3 3 4 4 3 0 3 5 5 
3 5 3 4 3 4 4 3 3 3 3 4 4 4 4 3 4 2 2 1 4 3 4 3 3 4 3 2 4 3 3 4 3 2 4 3 4 3 3 3 4 3 4 4 4 4 2 3 4 2 5 4 4 1 1 4 4 4 4 4 4 4 2 3 3 4 5 4 4 1 4 5 4 4 3 4 4 4 3 3 2 3 4 5 2 5 4 4 5 4 5 5 3 3 2 3 2 3 0 4 3 
6 5 5 5 3 5 4 5 5 5 6 5 5 4 4 5 5 4 4 5 4 2 4 5 3 4 4 5 4 4 5 4 3 6 4 4 5 4 5 4 4 2 4 5 5 6 3 5 5 5 6 5 5 5 5 4 5 5 4 4 4 5 4 4 5 5 5 4 5 5 5 5 5 5 5 5 5 4 4 4 4 5 5 6 6 5 4 3 5 5 5 4 6 4 6 6 5 5 4 0 5 
5 6 4 6 5 5 6 4 4 6 6 5 5 6 3 4 7 5 5 4 3 6 5 6 4 5 4 4 4 5 4 4 4 5 5 2 5 4 5 5 5 4 5 6 5 6 5 4 5 5 5 6 6 2 4 5 4 6 3 6 5 6 1 5 5 5 4 4 5 4 5 6 5 5 4 5 4 5 3 5 3 4 6 7 3 5 6 3 6 6 5 6 5 4 5 5 4 5 3 5 0 
