25
34 37 19 18 15 39 2 40 21 48 26 17 23 9 22 24 7 45 33 28 14 5 35 31 47 38
0 3 4 4 4 4 4 4 3 3 4 2 3 3 3 5 4 2 5 2 4 4 3 4 3 3 
3 0 3 3 1 2 3 2 2 2 1 4 3 2 3 3 3 4 2 3 3 3 2 3 3 4 
4 3 0 2 2 4 1 4 3 1 3 3 3 3 4 3 4 2 3 2 2 2 3 1 3 2 
4 3 2 0 3 3 3 3 3 2 2 2 2 4 3 3 4 3 4 3 4 3 3 1 3 2 
4 1 2 3 0 2 3 2 2 1 2 4 3 1 3 2 2 4 1 2 3 4 3 3 3 3 
4 2 4 3 2 0 4 2 2 3 1 4 1 3 3 3 2 2 3 3 4 4 3 4 1 4 
4 3 1 3 3 4 0 4 3 2 3 3 4 4 4 4 4 3 4 3 2 3 3 2 4 3 
4 2 4 3 2 2 4 0 2 3 1 2 3 3 1 1 2 4 3 3 4 4 3 3 3 4 
3 2 3 3 2 2 3 2 0 2 3 2 3 3 1 3 3 3 3 1 3 3 2 3 3 2 
3 2 1 2 1 3 2 3 2 0 3 3 4 2 3 3 3 3 2 1 3 3 4 2 3 2 
4 1 3 2 2 1 3 1 3 3 0 3 2 3 2 2 3 3 3 4 3 4 3 3 2 4 
2 4 3 2 4 4 3 2 2 3 3 0 3 4 1 3 4 2 4 2 2 4 3 3 3 3 
3 3 3 2 3 1 4 3 3 4 2 3 0 4 3 4 2 1 2 3 5 3 2 3 2 4 
3 2 3 4 1 3 4 3 3 2 3 4 4 0 3 3 3 3 2 3 4 3 4 4 2 4 
3 3 4 3 3 3 4 1 1 3 2 1 3 3 0 2 3 3 3 2 3 4 3 4 3 3 
5 3 3 3 2 3 4 1 3 3 2 3 4 3 2 0 3 4 3 4 5 4 4 2 4 3 
4 3 4 4 2 2 4 2 3 3 3 4 2 3 3 3 0 3 2 4 4 3 2 4 1 4 
2 4 2 3 4 2 3 4 3 3 3 2 1 3 3 4 3 0 3 2 4 2 3 3 3 3 
5 2 3 4 1 3 4 3 3 2 3 4 2 2 3 3 2 3 0 3 4 3 2 4 3 4 
2 3 2 3 2 3 3 3 1 1 4 2 3 3 2 4 4 2 3 0 4 4 3 2 3 1 
4 3 2 4 3 4 2 4 3 3 3 2 5 4 3 5 4 4 4 4 0 4 3 3 3 4 
4 3 2 3 4 4 3 4 3 3 4 4 3 3 4 4 3 2 3 4 4 0 1 3 3 3 
3 2 3 3 3 3 3 3 2 4 3 3 2 4 3 4 2 3 2 3 3 1 0 3 3 2 
4 3 1 1 3 4 2 3 3 2 3 3 3 4 4 2 4 3 4 2 3 3 3 0 4 1 
3 3 3 3 3 1 4 3 3 3 2 3 2 2 3 4 1 3 3 3 3 3 3 4 0 3 
3 4 2 2 3 4 3 4 2 2 4 3 4 4 3 3 4 3 4 1 4 3 2 1 3 0 
