25
21 35 22 8 42 17 5 31 27 14 29 49 44 23 4 7 10 36 20 3 33 48 2 30 43 0
0 2 1 4 3 3 3 4 3 3 2 2 3 2 3 3 3 4 2 4 4 3 3 3 2 3 
2 0 1 2 2 2 1 3 1 1 1 2 2 2 1 1 2 2 1 3 2 2 2 1 2 2 
1 1 0 3 2 2 2 3 2 2 1 1 2 1 2 2 2 3 1 3 3 2 2 2 1 2 
4 2 3 0 3 3 1 4 3 3 3 3 3 3 2 2 2 4 2 3 3 3 2 2 3 3 
3 2 2 3 0 2 2 3 2 2 2 2 1 3 2 3 2 3 2 3 3 3 2 3 2 2 
3 2 2 3 2 0 2 3 2 2 2 2 2 1 2 2 2 3 2 3 1 1 2 2 2 2 
3 1 2 1 2 2 0 3 2 2 2 2 2 2 1 1 1 3 1 2 2 2 1 1 2 2 
4 3 3 4 3 3 3 0 3 3 3 3 2 4 3 3 3 4 3 4 3 2 3 2 2 3 
3 1 2 3 2 2 2 3 0 2 2 2 1 3 2 2 2 3 2 3 3 2 2 2 1 2 
3 1 2 3 2 2 2 3 2 0 1 1 1 2 1 1 1 3 1 2 2 2 1 1 2 2 
2 1 1 3 2 2 2 3 2 1 0 1 1 2 1 2 2 3 2 3 2 2 2 1 2 2 
2 2 1 3 2 2 2 3 2 1 1 0 1 2 1 1 2 3 2 2 2 2 1 2 2 2 
3 2 2 3 1 2 2 2 1 1 1 1 0 2 1 2 2 3 2 2 2 2 1 2 2 2 
2 2 1 3 3 1 2 4 3 2 2 2 2 0 2 3 2 4 1 2 2 2 1 2 2 2 
3 1 2 2 2 2 1 3 2 1 1 1 1 2 0 2 1 3 1 2 2 2 1 1 2 1 
3 1 2 2 3 2 1 3 2 1 2 1 2 3 2 0 2 3 2 3 1 1 2 2 1 2 
3 2 2 2 2 2 1 3 2 1 2 2 2 2 1 2 0 3 1 2 2 2 2 1 2 1 
4 2 3 4 3 3 3 4 3 3 3 3 3 4 3 3 3 0 3 4 4 4 3 3 2 3 
2 1 1 2 2 2 1 3 2 1 2 2 2 1 1 2 1 3 0 2 2 2 1 2 2 1 
4 3 3 3 3 3 2 4 3 2 3 2 2 2 2 3 2 4 2 0 2 3 1 2 2 1 
4 2 3 3 3 1 2 3 3 2 2 2 2 2 2 1 2 4 2 2 0 2 1 1 2 2 
3 2 2 3 3 1 2 2 2 2 2 2 2 2 2 1 2 4 2 3 2 0 3 2 2 2 
3 2 2 2 2 2 1 3 2 1 2 1 1 1 1 2 2 3 1 1 1 3 0 1 1 1 
3 1 2 2 3 2 1 2 2 1 1 2 2 2 1 2 1 3 2 2 1 2 1 0 2 1 
2 2 1 3 2 2 2 2 1 2 2 2 2 2 2 1 2 2 2 2 2 2 1 2 0 2 
3 2 2 3 2 2 2 3 2 2 2 2 2 2 1 2 1 3 1 1 2 2 1 1 2 0 
