51
0 1 2 3 4 5 6 7 8 9 10 11 12 13 14 15 16 17 18 19 20 21 22 23 24 25 26 27 28 29 30 31 32 33 34 35 36 37 38 39 40 41 42 43 44 45 46 47 48 49 99
0 137.0 124.0 129.0 120.0 55.0 142.0 105.0 143.0 122.0 103.0 146.0 119.0 52.0 123.0 113.0 123.0 134.0 55.0 122.0 55.0 77.0 80.0 134.0 117.0 152.0 72.0 108.0 105.0 118.0 108.0 117.0 140.0 121.0 70.0 106.0 97.0 146.0 122.0 93.0 67.0 109.0 70.0 113.0 111.0 121.0 128.0 115.0 107.0 132.0 127.0 
137.0 0 112.0 122.0 57.0 122.0 80.0 95.0 167.0 58.0 114.0 61.0 113.0 128.0 113.0 133.0 125.0 117.0 135.0 118.0 107.0 117.0 108.0 152.0 141.0 126.0 139.0 116.0 147.0 98.0 107.0 110.0 117.0 107.0 121.0 100.0 123.0 63.0 121.0 125.0 117.0 121.0 153.0 123.0 109.0 134.0 81.0 96.0 100.0 116.0 115.0 
124.0 112.0 0 126.0 117.0 121.0 121.0 114.0 57.0 115.0 132.0 80.0 134.0 135.0 121.0 127.0 132.0 109.0 104.0 112.0 108.0 159.0 124.0 119.0 91.0 67.0 123.0 120.0 125.0 75.0 60.0 111.0 122.0 111.0 70.0 123.0 127.0 128.0 101.0 124.0 57.0 84.0 126.0 122.0 106.0 113.0 85.0 117.0 122.0 123.0 120.0 
129.0 122.0 126.0 0 89.0 127.0 74.0 77.0 183.0 118.0 126.0 151.0 97.0 130.0 146.0 120.0 59.0 105.0 131.0 171.0 80.0 132.0 130.0 122.0 140.0 109.0 79.0 130.0 114.0 128.0 121.0 119.0 133.0 95.0 135.0 85.0 118.0 147.0 121.0 127.0 140.0 147.0 114.0 131.0 67.0 144.0 121.0 143.0 132.0 109.0 97.0 
120.0 57.0 117.0 89.0 0 65.0 130.0 75.0 146.0 56.0 121.0 114.0 120.0 116.0 120.0 83.0 68.0 102.0 115.0 105.0 120.0 69.0 118.0 104.0 118.0 121.0 124.0 130.0 101.0 50.0 88.0 53.0 119.0 50.0 84.0 82.0 91.0 120.0 87.0 122.0 60.0 102.0 104.0 66.0 105.0 126.0 109.0 122.0 68.0 78.0 63.0 
55.0 122.0 121.0 127.0 65.0 0 117.0 70.0 88.0 120.0 59.0 92.0 64.0 77.0 110.0 58.0 68.0 92.0 110.0 119.0 90.0 125.0 107.0 120.0 132.0 117.0 63.0 124.0 50.0 101.0 136.0 118.0 119.0 108.0 119.0 109.0 70.0 95.0 109.0 113.0 64.0 127.0 114.0 99.0 127.0 117.0 117.0 126.0 114.0 124.0 89.0 
142.0 80.0 121.0 74.0 130.0 117.0 0 102.0 161.0 137.0 72.0 141.0 143.0 107.0 123.0 78.0 73.0 114.0 114.0 134.0 116.0 65.0 122.0 110.0 92.0 149.0 120.0 138.0 67.0 118.0 147.0 118.0 144.0 114.0 138.0 51.0 118.0 131.0 126.0 135.0 125.0 118.0 128.0 127.0 126.0 113.0 156.0 109.0 109.0 125.0 109.0 
105.0 95.0 114.0 77.0 75.0 70.0 102.0 0 155.0 123.0 129.0 134.0 80.0 53.0 125.0 81.0 90.0 107.0 112.0 128.0 112.0 55.0 110.0 103.0 122.0 111.0 92.0 108.0 110.0 59.0 140.0 115.0 80.0 61.0 104.0 109.0 107.0 70.0 112.0 50.0 73.0 110.0 64.0 130.0 114.0 113.0 118.0 116.0 60.0 111.0 73.0 
143.0 167.0 57.0 183.0 146.0 88.0 161.0 155.0 0 148.0 144.0 137.0 138.0 110.0 128.0 145.0 146.0 142.0 161.0 70.0 139.0 170.0 69.0 107.0 141.0 124.0 120.0 146.0 124.0 117.0 117.0 122.0 132.0 127.0 127.0 110.0 158.0 148.0 73.0 145.0 86.0 125.0 121.0 131.0 118.0 128.0 116.0 76.0 119.0 135.0 133.0 
122.0 58.0 115.0 118.0 56.0 120.0 137.0 123.0 148.0 0 115.0 58.0 112.0 70.0 64.0 94.0 124.0 113.0 97.0 83.0 83.0 92.0 85.0 99.0 129.0 68.0 123.0 115.0 126.0 106.0 55.0 103.0 117.0 106.0 125.0 117.0 65.0 121.0 105.0 116.0 62.0 77.0 125.0 115.0 51.0 76.0 105.0 118.0 68.0 106.0 118.0 
103.0 114.0 132.0 126.0 121.0 59.0 72.0 129.0 144.0 115.0 0 123.0 123.0 110.0 51.0 73.0 122.0 108.0 52.0 109.0 114.0 122.0 75.0 110.0 114.0 110.0 114.0 66.0 109.0 125.0 124.0 114.0 110.0 124.0 66.0 103.0 65.0 59.0 133.0 98.0 83.0 97.0 123.0 55.0 108.0 89.0 117.0 125.0 119.0 113.0 106.0 
146.0 61.0 80.0 151.0 114.0 92.0 141.0 134.0 137.0 58.0 123.0 0 54.0 128.0 89.0 146.0 157.0 126.0 124.0 114.0 116.0 126.0 117.0 110.0 122.0 126.0 123.0 57.0 142.0 117.0 113.0 62.0 148.0 140.0 117.0 109.0 122.0 124.0 130.0 113.0 120.0 135.0 104.0 125.0 109.0 134.0 134.0 116.0 109.0 136.0 89.0 
119.0 113.0 134.0 97.0 120.0 64.0 143.0 80.0 138.0 112.0 123.0 54.0 0 122.0 126.0 122.0 105.0 108.0 129.0 113.0 71.0 130.0 96.0 56.0 68.0 108.0 116.0 111.0 114.0 110.0 107.0 67.0 112.0 134.0 113.0 113.0 68.0 88.0 116.0 59.0 119.0 146.0 50.0 130.0 119.0 108.0 80.0 62.0 113.0 112.0 117.0 
52.0 128.0 135.0 130.0 116.0 77.0 107.0 53.0 110.0 70.0 110.0 128.0 122.0 0 129.0 106.0 113.0 114.0 107.0 109.0 88.0 108.0 108.0 105.0 128.0 113.0 84.0 126.0 72.0 66.0 125.0 119.0 121.0 106.0 120.0 56.0 54.0 123.0 111.0 103.0 117.0 57.0 80.0 77.0 116.0 112.0 84.0 63.0 111.0 126.0 116.0 
123.0 113.0 121.0 146.0 120.0 110.0 123.0 125.0 128.0 64.0 51.0 89.0 126.0 129.0 0 116.0 139.0 114.0 79.0 58.0 116.0 79.0 121.0 89.0 131.0 127.0 81.0 72.0 110.0 121.0 119.0 110.0 131.0 126.0 108.0 108.0 116.0 102.0 125.0 75.0 113.0 126.0 139.0 106.0 115.0 138.0 139.0 127.0 81.0 123.0 103.0 
113.0 133.0 127.0 120.0 83.0 58.0 78.0 81.0 145.0 94.0 73.0 146.0 122.0 106.0 116.0 0 61.0 84.0 93.0 89.0 131.0 126.0 110.0 106.0 133.0 125.0 121.0 139.0 103.0 52.0 93.0 121.0 120.0 108.0 82.0 117.0 120.0 114.0 72.0 89.0 119.0 132.0 116.0 128.0 126.0 127.0 111.0 127.0 116.0 112.0 110.0 
123.0 125.0 132.0 59.0 68.0 68.0 73.0 90.0 146.0 124.0 122.0 157.0 105.0 113.0 139.0 61.0 0 72.0 72.0 136.0 115.0 126.0 107.0 63.0 127.0 86.0 85.0 122.0 118.0 69.0 128.0 106.0 125.0 118.0 109.0 66.0 59.0 91.0 109.0 116.0 124.0 134.0 55.0 130.0 126.0 113.0 83.0 124.0 128.0 112.0 108.0 
134.0 117.0 109.0 105.0 102.0 92.0 114.0 107.0 142.0 113.0 108.0 126.0 108.0 114.0 114.0 84.0 72.0 0 79.0 94.0 104.0 134.0 73.0 77.0 110.0 66.0 116.0 126.0 103.0 52.0 91.0 114.0 109.0 79.0 141.0 106.0 121.0 129.0 108.0 105.0 123.0 129.0 125.0 58.0 62.0 114.0 110.0 116.0 117.0 89.0 107.0 
55.0 135.0 104.0 131.0 115.0 110.0 114.0 112.0 161.0 97.0 52.0 124.0 129.0 107.0 79.0 93.0 72.0 79.0 0 114.0 104.0 132.0 127.0 135.0 120.0 100.0 122.0 118.0 123.0 113.0 138.0 62.0 121.0 140.0 118.0 95.0 105.0 111.0 119.0 100.0 111.0 92.0 113.0 66.0 84.0 97.0 121.0 106.0 121.0 117.0 103.0 
122.0 118.0 112.0 171.0 105.0 119.0 134.0 128.0 70.0 83.0 109.0 114.0 113.0 109.0 58.0 89.0 136.0 94.0 114.0 0 124.0 137.0 131.0 106.0 73.0 118.0 97.0 130.0 74.0 116.0 91.0 52.0 132.0 77.0 69.0 109.0 123.0 150.0 110.0 118.0 55.0 124.0 92.0 115.0 104.0 125.0 115.0 122.0 115.0 65.0 113.0 
55.0 107.0 108.0 80.0 120.0 90.0 116.0 112.0 139.0 83.0 114.0 116.0 71.0 88.0 116.0 131.0 115.0 104.0 104.0 124.0 0 124.0 70.0 127.0 133.0 114.0 62.0 128.0 115.0 115.0 53.0 115.0 87.0 98.0 122.0 83.0 56.0 136.0 84.0 122.0 122.0 87.0 116.0 59.0 67.0 106.0 117.0 133.0 52.0 116.0 115.0 
77.0 117.0 159.0 132.0 69.0 125.0 65.0 55.0 170.0 92.0 122.0 126.0 130.0 108.0 79.0 126.0 126.0 134.0 132.0 137.0 124.0 0 125.0 136.0 151.0 143.0 136.0 145.0 119.0 114.0 104.0 122.0 135.0 116.0 135.0 60.0 148.0 125.0 114.0 105.0 128.0 128.0 103.0 88.0 135.0 131.0 148.0 118.0 85.0 144.0 78.0 
80.0 108.0 124.0 130.0 118.0 107.0 122.0 110.0 69.0 85.0 75.0 117.0 96.0 108.0 121.0 110.0 107.0 73.0 127.0 131.0 70.0 125.0 0 122.0 122.0 107.0 51.0 105.0 57.0 108.0 115.0 103.0 115.0 110.0 138.0 108.0 112.0 134.0 76.0 113.0 121.0 138.0 52.0 125.0 88.0 75.0 109.0 113.0 50.0 119.0 117.0 
134.0 152.0 119.0 122.0 104.0 120.0 110.0 103.0 107.0 99.0 110.0 110.0 56.0 105.0 89.0 106.0 63.0 77.0 135.0 106.0 127.0 136.0 122.0 0 124.0 52.0 116.0 111.0 77.0 54.0 77.0 123.0 107.0 120.0 64.0 105.0 118.0 110.0 108.0 53.0 118.0 120.0 106.0 107.0 113.0 121.0 111.0 102.0 123.0 120.0 94.0 
117.0 141.0 91.0 140.0 118.0 132.0 92.0 122.0 141.0 129.0 114.0 122.0 68.0 128.0 131.0 133.0 127.0 110.0 120.0 73.0 133.0 151.0 122.0 124.0 0 115.0 71.0 119.0 124.0 131.0 149.0 123.0 99.0 133.0 142.0 117.0 119.0 135.0 126.0 127.0 128.0 138.0 72.0 124.0 122.0 127.0 129.0 65.0 126.0 138.0 115.0 
152.0 126.0 67.0 109.0 121.0 117.0 149.0 111.0 124.0 68.0 110.0 126.0 108.0 113.0 127.0 125.0 86.0 66.0 100.0 118.0 114.0 143.0 107.0 52.0 115.0 0 140.0 76.0 115.0 106.0 123.0 118.0 55.0 114.0 116.0 108.0 66.0 63.0 111.0 79.0 115.0 129.0 116.0 55.0 119.0 85.0 121.0 50.0 124.0 79.0 69.0 
72.0 139.0 123.0 79.0 124.0 63.0 120.0 92.0 120.0 123.0 114.0 123.0 116.0 84.0 81.0 121.0 85.0 116.0 122.0 97.0 62.0 136.0 51.0 116.0 71.0 140.0 0 145.0 53.0 104.0 115.0 124.0 130.0 124.0 99.0 112.0 82.0 114.0 112.0 104.0 70.0 132.0 103.0 105.0 112.0 108.0 58.0 136.0 101.0 70.0 105.0 
108.0 116.0 120.0 130.0 130.0 124.0 138.0 108.0 146.0 115.0 66.0 57.0 111.0 126.0 72.0 139.0 122.0 126.0 118.0 130.0 128.0 145.0 105.0 111.0 119.0 76.0 145.0 0 132.0 93.0 115.0 119.0 126.0 128.0 112.0 108.0 72.0 125.0 73.0 58.0 128.0 153.0 126.0 115.0 113.0 123.0 87.0 114.0 128.0 131.0 67.0 
105.0 147.0 125.0 114.0 101.0 50.0 67.0 110.0 124.0 126.0 109.0 142.0 114.0 72.0 110.0 103.0 118.0 103.0 123.0 74.0 115.0 119.0 57.0 77.0 124.0 115.0 53.0 132.0 0 51.0 132.0 126.0 77.0 114.0 141.0 59.0 119.0 121.0 59.0 112.0 114.0 85.0 82.0 132.0 113.0 114.0 110.0 117.0 107.0 115.0 111.0 
118.0 98.0 75.0 128.0 50.0 101.0 118.0 59.0 117.0 106.0 125.0 117.0 110.0 66.0 121.0 52.0 69.0 52.0 113.0 116.0 115.0 114.0 108.0 54.0 131.0 106.0 104.0 93.0 51.0 0 81.0 103.0 75.0 100.0 118.0 108.0 120.0 129.0 110.0 72.0 110.0 123.0 121.0 110.0 113.0 113.0 59.0 128.0 108.0 128.0 113.0 
108.0 107.0 60.0 121.0 88.0 136.0 147.0 140.0 117.0 55.0 124.0 113.0 107.0 125.0 119.0 93.0 128.0 91.0 138.0 91.0 53.0 104.0 115.0 77.0 149.0 123.0 115.0 115.0 132.0 81.0 0 76.0 107.0 126.0 120.0 104.0 109.0 124.0 89.0 127.0 72.0 132.0 105.0 112.0 84.0 53.0 132.0 103.0 103.0 83.0 82.0 
117.0 110.0 111.0 119.0 53.0 118.0 118.0 115.0 122.0 103.0 114.0 62.0 67.0 119.0 110.0 121.0 106.0 114.0 62.0 52.0 115.0 122.0 103.0 123.0 123.0 118.0 124.0 119.0 126.0 103.0 76.0 0 91.0 79.0 70.0 94.0 79.0 130.0 106.0 121.0 107.0 121.0 51.0 63.0 52.0 73.0 106.0 129.0 63.0 81.0 61.0 
140.0 117.0 122.0 133.0 119.0 119.0 144.0 80.0 132.0 117.0 110.0 148.0 112.0 121.0 131.0 120.0 125.0 109.0 121.0 132.0 87.0 135.0 115.0 107.0 99.0 55.0 130.0 126.0 77.0 75.0 107.0 91.0 0 70.0 116.0 121.0 77.0 54.0 89.0 130.0 117.0 74.0 124.0 55.0 66.0 125.0 120.0 82.0 124.0 67.0 59.0 
121.0 107.0 111.0 95.0 50.0 108.0 114.0 61.0 127.0 106.0 124.0 140.0 134.0 106.0 126.0 108.0 118.0 79.0 140.0 77.0 98.0 116.0 110.0 120.0 133.0 114.0 124.0 128.0 114.0 100.0 126.0 79.0 70.0 0 72.0 63.0 113.0 120.0 109.0 111.0 54.0 52.0 123.0 116.0 120.0 93.0 89.0 72.0 113.0 65.0 83.0 
70.0 121.0 70.0 135.0 84.0 119.0 138.0 104.0 127.0 125.0 66.0 117.0 113.0 120.0 108.0 82.0 109.0 141.0 118.0 69.0 122.0 135.0 138.0 64.0 142.0 116.0 99.0 112.0 141.0 118.0 120.0 70.0 116.0 72.0 0 100.0 66.0 125.0 117.0 54.0 63.0 124.0 98.0 86.0 84.0 143.0 138.0 136.0 90.0 87.0 57.0 
106.0 100.0 123.0 85.0 82.0 109.0 51.0 109.0 110.0 117.0 103.0 109.0 113.0 56.0 108.0 117.0 66.0 106.0 95.0 109.0 83.0 60.0 108.0 105.0 117.0 108.0 112.0 108.0 59.0 108.0 104.0 94.0 121.0 63.0 100.0 0 108.0 94.0 102.0 95.0 74.0 68.0 103.0 113.0 111.0 120.0 114.0 58.0 100.0 103.0 76.0 
97.0 123.0 127.0 118.0 91.0 70.0 118.0 107.0 158.0 65.0 65.0 122.0 68.0 54.0 116.0 120.0 59.0 121.0 105.0 123.0 56.0 148.0 112.0 118.0 119.0 66.0 82.0 72.0 119.0 120.0 109.0 79.0 77.0 113.0 66.0 108.0 0 122.0 91.0 69.0 125.0 111.0 60.0 114.0 113.0 117.0 86.0 111.0 108.0 83.0 108.0 
146.0 63.0 128.0 147.0 120.0 95.0 131.0 70.0 148.0 121.0 59.0 124.0 88.0 123.0 102.0 114.0 91.0 129.0 111.0 150.0 136.0 125.0 134.0 110.0 135.0 63.0 114.0 125.0 121.0 129.0 124.0 130.0 54.0 120.0 125.0 94.0 122.0 0 126.0 120.0 121.0 128.0 129.0 109.0 83.0 71.0 82.0 113.0 130.0 119.0 106.0 
122.0 121.0 101.0 121.0 87.0 109.0 126.0 112.0 73.0 105.0 133.0 130.0 116.0 111.0 125.0 72.0 109.0 108.0 119.0 110.0 84.0 114.0 76.0 108.0 126.0 111.0 112.0 73.0 59.0 110.0 89.0 106.0 89.0 109.0 117.0 102.0 91.0 126.0 0 110.0 55.0 111.0 97.0 118.0 54.0 55.0 108.0 61.0 89.0 89.0 103.0 
93.0 125.0 124.0 127.0 122.0 113.0 135.0 50.0 145.0 116.0 98.0 113.0 59.0 103.0 75.0 89.0 116.0 105.0 100.0 118.0 122.0 105.0 113.0 53.0 127.0 79.0 104.0 58.0 112.0 72.0 127.0 121.0 130.0 111.0 54.0 95.0 69.0 120.0 110.0 0 80.0 132.0 109.0 101.0 69.0 104.0 86.0 82.0 70.0 73.0 103.0 
67.0 117.0 57.0 140.0 60.0 64.0 125.0 73.0 86.0 62.0 83.0 120.0 119.0 117.0 113.0 119.0 124.0 123.0 111.0 55.0 122.0 128.0 121.0 118.0 128.0 115.0 70.0 128.0 114.0 110.0 72.0 107.0 117.0 54.0 63.0 74.0 125.0 121.0 55.0 80.0 0 106.0 69.0 109.0 109.0 109.0 106.0 116.0 128.0 66.0 115.0 
109.0 121.0 84.0 147.0 102.0 127.0 118.0 110.0 125.0 77.0 97.0 135.0 146.0 57.0 126.0 132.0 134.0 129.0 92.0 124.0 87.0 128.0 138.0 120.0 138.0 129.0 132.0 153.0 85.0 123.0 132.0 121.0 74.0 52.0 124.0 68.0 111.0 128.0 111.0 132.0 106.0 0 96.0 129.0 120.0 127.0 121.0 120.0 124.0 105.0 125.0 
70.0 153.0 126.0 114.0 104.0 114.0 128.0 64.0 121.0 125.0 123.0 104.0 50.0 80.0 139.0 116.0 55.0 125.0 113.0 92.0 116.0 103.0 52.0 106.0 72.0 116.0 103.0 126.0 82.0 121.0 105.0 51.0 124.0 123.0 98.0 103.0 60.0 129.0 97.0 109.0 69.0 96.0 0 114.0 88.0 58.0 87.0 81.0 102.0 120.0 91.0 
113.0 123.0 122.0 131.0 66.0 99.0 127.0 130.0 131.0 115.0 55.0 125.0 130.0 77.0 106.0 128.0 130.0 58.0 66.0 115.0 59.0 88.0 125.0 107.0 124.0 55.0 105.0 115.0 132.0 110.0 112.0 63.0 55.0 116.0 86.0 113.0 114.0 109.0 118.0 101.0 109.0 129.0 114.0 0 64.0 105.0 103.0 105.0 88.0 119.0 109.0 
111.0 109.0 106.0 67.0 105.0 127.0 126.0 114.0 118.0 51.0 108.0 109.0 119.0 116.0 115.0 126.0 126.0 62.0 84.0 104.0 67.0 135.0 88.0 113.0 122.0 119.0 112.0 113.0 113.0 113.0 84.0 52.0 66.0 120.0 84.0 111.0 113.0 83.0 54.0 69.0 109.0 120.0 88.0 64.0 0 109.0 54.0 115.0 78.0 55.0 113.0 
121.0 134.0 113.0 144.0 126.0 117.0 113.0 113.0 128.0 76.0 89.0 134.0 108.0 112.0 138.0 127.0 113.0 114.0 97.0 125.0 106.0 131.0 75.0 121.0 127.0 85.0 108.0 123.0 114.0 113.0 53.0 73.0 125.0 93.0 143.0 120.0 117.0 71.0 55.0 104.0 109.0 127.0 58.0 105.0 109.0 0 118.0 62.0 77.0 129.0 112.0 
128.0 81.0 85.0 121.0 109.0 117.0 156.0 118.0 116.0 105.0 117.0 134.0 80.0 84.0 139.0 111.0 83.0 110.0 121.0 115.0 117.0 148.0 109.0 111.0 129.0 121.0 58.0 87.0 110.0 59.0 132.0 106.0 120.0 89.0 138.0 114.0 86.0 82.0 108.0 86.0 106.0 121.0 87.0 103.0 54.0 118.0 0 120.0 89.0 109.0 122.0 
115.0 96.0 117.0 143.0 122.0 126.0 109.0 116.0 76.0 118.0 125.0 116.0 62.0 63.0 127.0 127.0 124.0 116.0 106.0 122.0 133.0 118.0 113.0 102.0 65.0 50.0 136.0 114.0 117.0 128.0 103.0 129.0 82.0 72.0 136.0 58.0 111.0 113.0 61.0 82.0 116.0 120.0 81.0 105.0 115.0 62.0 120.0 0 126.0 123.0 109.0 
107.0 100.0 122.0 132.0 68.0 114.0 109.0 60.0 119.0 68.0 119.0 109.0 113.0 111.0 81.0 116.0 128.0 117.0 121.0 115.0 52.0 85.0 50.0 123.0 126.0 124.0 101.0 128.0 107.0 108.0 103.0 63.0 124.0 113.0 90.0 100.0 108.0 130.0 89.0 70.0 128.0 124.0 102.0 88.0 78.0 77.0 89.0 126.0 0 116.0 111.0 
132.0 116.0 123.0 109.0 78.0 124.0 125.0 111.0 135.0 106.0 113.0 136.0 112.0 126.0 123.0 112.0 112.0 89.0 117.0 65.0 116.0 144.0 119.0 120.0 138.0 79.0 70.0 131.0 115.0 128.0 83.0 81.0 67.0 65.0 87.0 103.0 83.0 119.0 89.0 73.0 66.0 105.0 120.0 119.0 55.0 129.0 109.0 123.0 116.0 0 88.0 
127.0 115.0 120.0 97.0 63.0 89.0 109.0 73.0 133.0 118.0 106.0 89.0 117.0 116.0 103.0 110.0 108.0 107.0 103.0 113.0 115.0 78.0 117.0 94.0 115.0 69.0 105.0 67.0 111.0 113.0 82.0 61.0 59.0 83.0 57.0 76.0 108.0 106.0 103.0 103.0 115.0 125.0 91.0 109.0 113.0 112.0 122.0 109.0 111.0 88.0 0 
