25
5 12 37 35 47 40 21 27 18 32 48 3 24 17 19 39 14 2 29 28 20 1 22 46 38 49
0 2 2 2 2 2 1 2 1 1 2 2 1 1 2 2 2 2 2 2 1 2 2 2 2 1 
2 0 2 2 1 1 2 1 2 1 1 2 1 2 1 2 2 1 2 1 2 1 2 2 2 1 
2 2 0 2 2 1 2 2 1 2 2 2 2 1 1 2 1 2 1 2 1 2 2 2 1 1 
2 2 2 0 1 2 2 1 2 2 2 2 2 2 1 1 2 2 1 2 2 2 2 2 2 2 
2 1 2 1 0 2 2 2 2 2 2 1 2 2 2 1 1 2 2 2 2 2 2 2 2 2 
2 1 1 2 2 0 2 1 2 2 2 2 2 1 2 2 2 2 2 2 2 2 2 2 2 1 
1 2 2 2 2 2 0 2 1 2 1 1 2 1 1 2 2 1 1 2 2 1 2 2 2 2 
2 1 2 1 2 1 2 0 2 1 2 2 2 2 1 2 2 2 2 1 2 2 1 2 2 2 
1 2 1 2 2 2 1 2 0 2 2 2 2 1 2 2 2 2 1 2 2 2 2 1 2 1 
1 1 2 2 2 2 2 1 2 0 2 2 2 2 1 2 2 2 1 1 2 2 2 2 2 2 
2 1 2 2 2 2 1 2 2 2 0 1 2 2 2 1 1 2 2 2 2 2 2 1 3 2 
2 2 2 2 1 2 1 2 2 2 1 0 3 2 1 2 2 2 2 2 2 2 3 1 2 2 
1 1 2 2 2 2 2 2 2 2 2 3 0 2 2 1 2 1 2 2 2 2 1 2 1 2 
1 2 1 2 2 1 1 2 1 2 2 2 2 0 2 2 2 2 1 2 1 2 2 2 2 1 
2 1 1 1 2 2 1 1 2 1 2 1 2 2 0 2 2 2 2 1 2 2 2 1 2 2 
2 2 2 1 1 2 2 2 2 2 1 2 1 2 2 0 2 1 2 2 2 2 1 1 2 2 
2 2 1 2 1 2 2 2 2 2 1 2 2 2 2 2 0 2 1 2 2 2 2 2 2 1 
2 1 2 2 2 2 1 2 2 2 2 2 1 2 2 1 2 0 2 2 2 1 2 1 1 2 
2 2 1 1 2 2 1 2 1 1 2 2 2 1 2 2 1 2 0 1 2 1 2 2 2 2 
2 1 2 2 2 2 2 1 2 1 2 2 2 2 1 2 2 2 1 0 1 1 1 2 2 2 
1 2 1 2 2 2 2 2 2 2 2 2 2 1 2 2 2 2 2 1 0 2 2 1 1 2 
2 1 2 2 2 2 1 2 2 2 2 2 2 2 2 2 2 1 1 1 2 0 1 1 2 1 
2 2 2 2 2 2 2 1 2 2 2 3 1 2 2 1 2 2 2 1 2 1 0 2 2 2 
2 2 2 2 2 2 2 2 1 2 1 1 2 2 1 1 2 1 2 2 1 1 2 0 2 2 
2 2 1 2 2 2 2 2 2 2 3 2 1 2 2 2 2 1 2 2 1 2 2 2 0 2 
1 1 1 2 2 1 2 2 1 2 2 2 2 1 2 2 1 2 2 2 2 1 2 2 2 0 
