26
Sally1 Timothy2 Grace3 Dawn4 Robin6 Susan7 Tami8 Dale10 Paul11 Pamela13 June17 Donald18 Sandra20 Rebecca21 Edward22 Patricia23 Randy25 Henry26 Marvin27 Suzanne29 Ruben30 Donald32 Christopher36 Jane37 Janice39 David0
0 32.0 32.0 32.0 48.0 64.0 80.0 64.0 80.0 80.0 128.0 128.0 112.0 112.0 112.0 112.0 128.0 144.0 160.0 144.0 160.0 160.0 208.0 208.0 192.0 16.0 
32.0 0 32.0 32.0 48.0 64.0 80.0 64.0 80.0 80.0 128.0 128.0 112.0 112.0 112.0 112.0 128.0 144.0 160.0 144.0 160.0 160.0 208.0 208.0 192.0 16.0 
32.0 32.0 0 32.0 48.0 64.0 80.0 64.0 80.0 80.0 128.0 128.0 112.0 112.0 112.0 112.0 128.0 144.0 160.0 144.0 160.0 160.0 208.0 208.0 192.0 16.0 
32.0 32.0 32.0 0 48.0 64.0 80.0 64.0 80.0 80.0 128.0 128.0 112.0 112.0 112.0 112.0 128.0 144.0 160.0 144.0 160.0 160.0 208.0 208.0 192.0 16.0 
48.0 48.0 48.0 48.0 0 16.0 32.0 48.0 64.0 64.0 112.0 112.0 96.0 96.0 96.0 96.0 112.0 128.0 144.0 128.0 144.0 144.0 192.0 192.0 176.0 32.0 
64.0 64.0 64.0 64.0 16.0 0 16.0 64.0 80.0 80.0 128.0 128.0 112.0 112.0 112.0 112.0 128.0 144.0 160.0 144.0 160.0 160.0 208.0 208.0 192.0 48.0 
80.0 80.0 80.0 80.0 32.0 16.0 0 80.0 96.0 96.0 144.0 144.0 128.0 128.0 128.0 128.0 144.0 160.0 176.0 160.0 176.0 176.0 224.0 224.0 208.0 64.0 
64.0 64.0 64.0 64.0 48.0 64.0 80.0 0 16.0 48.0 96.0 96.0 80.0 80.0 80.0 80.0 96.0 112.0 128.0 112.0 128.0 128.0 176.0 176.0 160.0 48.0 
80.0 80.0 80.0 80.0 64.0 80.0 96.0 16.0 0 64.0 112.0 112.0 96.0 96.0 96.0 96.0 112.0 128.0 144.0 128.0 144.0 144.0 192.0 192.0 176.0 64.0 
80.0 80.0 80.0 80.0 64.0 80.0 96.0 48.0 64.0 0 80.0 80.0 64.0 64.0 64.0 64.0 80.0 96.0 112.0 96.0 112.0 112.0 160.0 160.0 144.0 64.0 
128.0 128.0 128.0 128.0 112.0 128.0 144.0 96.0 112.0 80.0 0 32.0 80.0 80.0 80.0 80.0 96.0 112.0 128.0 112.0 128.0 128.0 176.0 176.0 160.0 112.0 
128.0 128.0 128.0 128.0 112.0 128.0 144.0 96.0 112.0 80.0 32.0 0 80.0 80.0 80.0 80.0 96.0 112.0 128.0 112.0 128.0 128.0 176.0 176.0 160.0 112.0 
112.0 112.0 112.0 112.0 96.0 112.0 128.0 80.0 96.0 64.0 80.0 80.0 0 32.0 32.0 32.0 48.0 64.0 80.0 64.0 80.0 80.0 128.0 128.0 112.0 96.0 
112.0 112.0 112.0 112.0 96.0 112.0 128.0 80.0 96.0 64.0 80.0 80.0 32.0 0 32.0 32.0 48.0 64.0 80.0 64.0 80.0 80.0 128.0 128.0 112.0 96.0 
112.0 112.0 112.0 112.0 96.0 112.0 128.0 80.0 96.0 64.0 80.0 80.0 32.0 32.0 0 32.0 48.0 64.0 80.0 64.0 80.0 80.0 128.0 128.0 112.0 96.0 
112.0 112.0 112.0 112.0 96.0 112.0 128.0 80.0 96.0 64.0 80.0 80.0 32.0 32.0 32.0 0 48.0 64.0 80.0 64.0 80.0 80.0 128.0 128.0 112.0 96.0 
128.0 128.0 128.0 128.0 112.0 128.0 144.0 96.0 112.0 80.0 96.0 96.0 48.0 48.0 48.0 48.0 0 16.0 32.0 48.0 64.0 64.0 112.0 112.0 96.0 112.0 
144.0 144.0 144.0 144.0 128.0 144.0 160.0 112.0 128.0 96.0 112.0 112.0 64.0 64.0 64.0 64.0 16.0 0 16.0 64.0 80.0 80.0 128.0 128.0 112.0 128.0 
160.0 160.0 160.0 160.0 144.0 160.0 176.0 128.0 144.0 112.0 128.0 128.0 80.0 80.0 80.0 80.0 32.0 16.0 0 80.0 96.0 96.0 144.0 144.0 128.0 144.0 
144.0 144.0 144.0 144.0 128.0 144.0 160.0 112.0 128.0 96.0 112.0 112.0 64.0 64.0 64.0 64.0 48.0 64.0 80.0 0 16.0 48.0 96.0 96.0 80.0 128.0 
160.0 160.0 160.0 160.0 144.0 160.0 176.0 128.0 144.0 112.0 128.0 128.0 80.0 80.0 80.0 80.0 64.0 80.0 96.0 16.0 0 64.0 112.0 112.0 96.0 144.0 
160.0 160.0 160.0 160.0 144.0 160.0 176.0 128.0 144.0 112.0 128.0 128.0 80.0 80.0 80.0 80.0 64.0 80.0 96.0 48.0 64.0 0 80.0 80.0 64.0 144.0 
208.0 208.0 208.0 208.0 192.0 208.0 224.0 176.0 192.0 160.0 176.0 176.0 128.0 128.0 128.0 128.0 112.0 128.0 144.0 96.0 112.0 80.0 0 32.0 80.0 192.0 
208.0 208.0 208.0 208.0 192.0 208.0 224.0 176.0 192.0 160.0 176.0 176.0 128.0 128.0 128.0 128.0 112.0 128.0 144.0 96.0 112.0 80.0 32.0 0 80.0 192.0 
192.0 192.0 192.0 192.0 176.0 192.0 208.0 160.0 176.0 144.0 160.0 160.0 112.0 112.0 112.0 112.0 96.0 112.0 128.0 80.0 96.0 64.0 80.0 80.0 0 176.0 
16.0 16.0 16.0 16.0 32.0 48.0 64.0 48.0 64.0 64.0 112.0 112.0 96.0 96.0 96.0 96.0 112.0 128.0 144.0 128.0 144.0 144.0 192.0 192.0 176.0 0 
