101
Elaine1 Antoinette2 Lawrence3 Minnie4 Louis6 Taylor7 Gabrielle8 Matthew10 Brenda11 Lela13 Mary17 Dave18 Robert20 Catherine21 Vivian22 Paula23 Lorraine25 Louise26 Tisha27 Phyllis29 Kyle30 Yvonne32 Fred36 William37 Maria39 Bette40 William41 Brenda42 Gina44 Jose45 Richard46 Ronald48 Gerald49 Lori51 Lena55 Mercedes56 Charles58 Jenny59 Christine60 Joseph61 Paul63 Joshua64 David65 Steven67 Rhonda68 Dorothy70 Josephine74 Loretta75 Emily77 Salvador78 Carol79 Thomas80 Dorothy82 David83 Tom84 Darnell86 Evangelina87 Ellis89 Joel93 Joyce94 Michael96 Donna97 Robert98 Judith99 Dominique101 Glen102 Brandon103 Ryan105 Jared106 Jean108 Valerie112 Bill113 Ashley115 Christina116 Barbara117 Fidel118 Susie120 Luz121 Naomi122 Marlene124 Richard125 Joshua127 Darla131 Timothy132 William134 Andrew135 Robert136 Robert137 Irma139 Heidi140 Scott141 Samuel143 Man144 Margaret146 Nicholas150 Rebecca151 Patricia153 John154 Michael155 Tony156 Patrick0
0 32.0 32.0 32.0 48.0 64.0 80.0 64.0 80.0 80.0 128.0 128.0 112.0 112.0 112.0 112.0 128.0 144.0 160.0 144.0 160.0 160.0 208.0 208.0 192.0 192.0 192.0 192.0 208.0 224.0 240.0 224.0 240.0 240.0 288.0 288.0 272.0 272.0 272.0 272.0 288.0 304.0 320.0 304.0 320.0 320.0 368.0 368.0 352.0 352.0 352.0 352.0 368.0 384.0 400.0 384.0 400.0 400.0 448.0 448.0 432.0 432.0 432.0 432.0 448.0 464.0 480.0 464.0 480.0 480.0 528.0 528.0 512.0 512.0 512.0 512.0 528.0 544.0 560.0 544.0 560.0 560.0 608.0 608.0 592.0 592.0 592.0 592.0 608.0 624.0 640.0 624.0 640.0 640.0 688.0 688.0 672.0 672.0 672.0 672.0 16.0 
32.0 0 32.0 32.0 48.0 64.0 80.0 64.0 80.0 80.0 128.0 128.0 112.0 112.0 112.0 112.0 128.0 144.0 160.0 144.0 160.0 160.0 208.0 208.0 192.0 192.0 192.0 192.0 208.0 224.0 240.0 224.0 240.0 240.0 288.0 288.0 272.0 272.0 272.0 272.0 288.0 304.0 320.0 304.0 320.0 320.0 368.0 368.0 352.0 352.0 352.0 352.0 368.0 384.0 400.0 384.0 400.0 400.0 448.0 448.0 432.0 432.0 432.0 432.0 448.0 464.0 480.0 464.0 480.0 480.0 528.0 528.0 512.0 512.0 512.0 512.0 528.0 544.0 560.0 544.0 560.0 560.0 608.0 608.0 592.0 592.0 592.0 592.0 608.0 624.0 640.0 624.0 640.0 640.0 688.0 688.0 672.0 672.0 672.0 672.0 16.0 
32.0 32.0 0 32.0 48.0 64.0 80.0 64.0 80.0 80.0 128.0 128.0 112.0 112.0 112.0 112.0 128.0 144.0 160.0 144.0 160.0 160.0 208.0 208.0 192.0 192.0 192.0 192.0 208.0 224.0 240.0 224.0 240.0 240.0 288.0 288.0 272.0 272.0 272.0 272.0 288.0 304.0 320.0 304.0 320.0 320.0 368.0 368.0 352.0 352.0 352.0 352.0 368.0 384.0 400.0 384.0 400.0 400.0 448.0 448.0 432.0 432.0 432.0 432.0 448.0 464.0 480.0 464.0 480.0 480.0 528.0 528.0 512.0 512.0 512.0 512.0 528.0 544.0 560.0 544.0 560.0 560.0 608.0 608.0 592.0 592.0 592.0 592.0 608.0 624.0 640.0 624.0 640.0 640.0 688.0 688.0 672.0 672.0 672.0 672.0 16.0 
32.0 32.0 32.0 0 48.0 64.0 80.0 64.0 80.0 80.0 128.0 128.0 112.0 112.0 112.0 112.0 128.0 144.0 160.0 144.0 160.0 160.0 208.0 208.0 192.0 192.0 192.0 192.0 208.0 224.0 240.0 224.0 240.0 240.0 288.0 288.0 272.0 272.0 272.0 272.0 288.0 304.0 320.0 304.0 320.0 320.0 368.0 368.0 352.0 352.0 352.0 352.0 368.0 384.0 400.0 384.0 400.0 400.0 448.0 448.0 432.0 432.0 432.0 432.0 448.0 464.0 480.0 464.0 480.0 480.0 528.0 528.0 512.0 512.0 512.0 512.0 528.0 544.0 560.0 544.0 560.0 560.0 608.0 608.0 592.0 592.0 592.0 592.0 608.0 624.0 640.0 624.0 640.0 640.0 688.0 688.0 672.0 672.0 672.0 672.0 16.0 
48.0 48.0 48.0 48.0 0 16.0 32.0 48.0 64.0 64.0 112.0 112.0 96.0 96.0 96.0 96.0 112.0 128.0 144.0 128.0 144.0 144.0 192.0 192.0 176.0 176.0 176.0 176.0 192.0 208.0 224.0 208.0 224.0 224.0 272.0 272.0 256.0 256.0 256.0 256.0 272.0 288.0 304.0 288.0 304.0 304.0 352.0 352.0 336.0 336.0 336.0 336.0 352.0 368.0 384.0 368.0 384.0 384.0 432.0 432.0 416.0 416.0 416.0 416.0 432.0 448.0 464.0 448.0 464.0 464.0 512.0 512.0 496.0 496.0 496.0 496.0 512.0 528.0 544.0 528.0 544.0 544.0 592.0 592.0 576.0 576.0 576.0 576.0 592.0 608.0 624.0 608.0 624.0 624.0 672.0 672.0 656.0 656.0 656.0 656.0 32.0 
64.0 64.0 64.0 64.0 16.0 0 16.0 64.0 80.0 80.0 128.0 128.0 112.0 112.0 112.0 112.0 128.0 144.0 160.0 144.0 160.0 160.0 208.0 208.0 192.0 192.0 192.0 192.0 208.0 224.0 240.0 224.0 240.0 240.0 288.0 288.0 272.0 272.0 272.0 272.0 288.0 304.0 320.0 304.0 320.0 320.0 368.0 368.0 352.0 352.0 352.0 352.0 368.0 384.0 400.0 384.0 400.0 400.0 448.0 448.0 432.0 432.0 432.0 432.0 448.0 464.0 480.0 464.0 480.0 480.0 528.0 528.0 512.0 512.0 512.0 512.0 528.0 544.0 560.0 544.0 560.0 560.0 608.0 608.0 592.0 592.0 592.0 592.0 608.0 624.0 640.0 624.0 640.0 640.0 688.0 688.0 672.0 672.0 672.0 672.0 48.0 
80.0 80.0 80.0 80.0 32.0 16.0 0 80.0 96.0 96.0 144.0 144.0 128.0 128.0 128.0 128.0 144.0 160.0 176.0 160.0 176.0 176.0 224.0 224.0 208.0 208.0 208.0 208.0 224.0 240.0 256.0 240.0 256.0 256.0 304.0 304.0 288.0 288.0 288.0 288.0 304.0 320.0 336.0 320.0 336.0 336.0 384.0 384.0 368.0 368.0 368.0 368.0 384.0 400.0 416.0 400.0 416.0 416.0 464.0 464.0 448.0 448.0 448.0 448.0 464.0 480.0 496.0 480.0 496.0 496.0 544.0 544.0 528.0 528.0 528.0 528.0 544.0 560.0 576.0 560.0 576.0 576.0 624.0 624.0 608.0 608.0 608.0 608.0 624.0 640.0 656.0 640.0 656.0 656.0 704.0 704.0 688.0 688.0 688.0 688.0 64.0 
64.0 64.0 64.0 64.0 48.0 64.0 80.0 0 16.0 48.0 96.0 96.0 80.0 80.0 80.0 80.0 96.0 112.0 128.0 112.0 128.0 128.0 176.0 176.0 160.0 160.0 160.0 160.0 176.0 192.0 208.0 192.0 208.0 208.0 256.0 256.0 240.0 240.0 240.0 240.0 256.0 272.0 288.0 272.0 288.0 288.0 336.0 336.0 320.0 320.0 320.0 320.0 336.0 352.0 368.0 352.0 368.0 368.0 416.0 416.0 400.0 400.0 400.0 400.0 416.0 432.0 448.0 432.0 448.0 448.0 496.0 496.0 480.0 480.0 480.0 480.0 496.0 512.0 528.0 512.0 528.0 528.0 576.0 576.0 560.0 560.0 560.0 560.0 576.0 592.0 608.0 592.0 608.0 608.0 656.0 656.0 640.0 640.0 640.0 640.0 48.0 
80.0 80.0 80.0 80.0 64.0 80.0 96.0 16.0 0 64.0 112.0 112.0 96.0 96.0 96.0 96.0 112.0 128.0 144.0 128.0 144.0 144.0 192.0 192.0 176.0 176.0 176.0 176.0 192.0 208.0 224.0 208.0 224.0 224.0 272.0 272.0 256.0 256.0 256.0 256.0 272.0 288.0 304.0 288.0 304.0 304.0 352.0 352.0 336.0 336.0 336.0 336.0 352.0 368.0 384.0 368.0 384.0 384.0 432.0 432.0 416.0 416.0 416.0 416.0 432.0 448.0 464.0 448.0 464.0 464.0 512.0 512.0 496.0 496.0 496.0 496.0 512.0 528.0 544.0 528.0 544.0 544.0 592.0 592.0 576.0 576.0 576.0 576.0 592.0 608.0 624.0 608.0 624.0 624.0 672.0 672.0 656.0 656.0 656.0 656.0 64.0 
80.0 80.0 80.0 80.0 64.0 80.0 96.0 48.0 64.0 0 80.0 80.0 64.0 64.0 64.0 64.0 80.0 96.0 112.0 96.0 112.0 112.0 160.0 160.0 144.0 144.0 144.0 144.0 160.0 176.0 192.0 176.0 192.0 192.0 240.0 240.0 224.0 224.0 224.0 224.0 240.0 256.0 272.0 256.0 272.0 272.0 320.0 320.0 304.0 304.0 304.0 304.0 320.0 336.0 352.0 336.0 352.0 352.0 400.0 400.0 384.0 384.0 384.0 384.0 400.0 416.0 432.0 416.0 432.0 432.0 480.0 480.0 464.0 464.0 464.0 464.0 480.0 496.0 512.0 496.0 512.0 512.0 560.0 560.0 544.0 544.0 544.0 544.0 560.0 576.0 592.0 576.0 592.0 592.0 640.0 640.0 624.0 624.0 624.0 624.0 64.0 
128.0 128.0 128.0 128.0 112.0 128.0 144.0 96.0 112.0 80.0 0 32.0 80.0 80.0 80.0 80.0 96.0 112.0 128.0 112.0 128.0 128.0 176.0 176.0 160.0 160.0 160.0 160.0 176.0 192.0 208.0 192.0 208.0 208.0 256.0 256.0 240.0 240.0 240.0 240.0 256.0 272.0 288.0 272.0 288.0 288.0 336.0 336.0 320.0 320.0 320.0 320.0 336.0 352.0 368.0 352.0 368.0 368.0 416.0 416.0 400.0 400.0 400.0 400.0 416.0 432.0 448.0 432.0 448.0 448.0 496.0 496.0 480.0 480.0 480.0 480.0 496.0 512.0 528.0 512.0 528.0 528.0 576.0 576.0 560.0 560.0 560.0 560.0 576.0 592.0 608.0 592.0 608.0 608.0 656.0 656.0 640.0 640.0 640.0 640.0 112.0 
128.0 128.0 128.0 128.0 112.0 128.0 144.0 96.0 112.0 80.0 32.0 0 80.0 80.0 80.0 80.0 96.0 112.0 128.0 112.0 128.0 128.0 176.0 176.0 160.0 160.0 160.0 160.0 176.0 192.0 208.0 192.0 208.0 208.0 256.0 256.0 240.0 240.0 240.0 240.0 256.0 272.0 288.0 272.0 288.0 288.0 336.0 336.0 320.0 320.0 320.0 320.0 336.0 352.0 368.0 352.0 368.0 368.0 416.0 416.0 400.0 400.0 400.0 400.0 416.0 432.0 448.0 432.0 448.0 448.0 496.0 496.0 480.0 480.0 480.0 480.0 496.0 512.0 528.0 512.0 528.0 528.0 576.0 576.0 560.0 560.0 560.0 560.0 576.0 592.0 608.0 592.0 608.0 608.0 656.0 656.0 640.0 640.0 640.0 640.0 112.0 
112.0 112.0 112.0 112.0 96.0 112.0 128.0 80.0 96.0 64.0 80.0 80.0 0 32.0 32.0 32.0 48.0 64.0 80.0 64.0 80.0 80.0 128.0 128.0 112.0 112.0 112.0 112.0 128.0 144.0 160.0 144.0 160.0 160.0 208.0 208.0 192.0 192.0 192.0 192.0 208.0 224.0 240.0 224.0 240.0 240.0 288.0 288.0 272.0 272.0 272.0 272.0 288.0 304.0 320.0 304.0 320.0 320.0 368.0 368.0 352.0 352.0 352.0 352.0 368.0 384.0 400.0 384.0 400.0 400.0 448.0 448.0 432.0 432.0 432.0 432.0 448.0 464.0 480.0 464.0 480.0 480.0 528.0 528.0 512.0 512.0 512.0 512.0 528.0 544.0 560.0 544.0 560.0 560.0 608.0 608.0 592.0 592.0 592.0 592.0 96.0 
112.0 112.0 112.0 112.0 96.0 112.0 128.0 80.0 96.0 64.0 80.0 80.0 32.0 0 32.0 32.0 48.0 64.0 80.0 64.0 80.0 80.0 128.0 128.0 112.0 112.0 112.0 112.0 128.0 144.0 160.0 144.0 160.0 160.0 208.0 208.0 192.0 192.0 192.0 192.0 208.0 224.0 240.0 224.0 240.0 240.0 288.0 288.0 272.0 272.0 272.0 272.0 288.0 304.0 320.0 304.0 320.0 320.0 368.0 368.0 352.0 352.0 352.0 352.0 368.0 384.0 400.0 384.0 400.0 400.0 448.0 448.0 432.0 432.0 432.0 432.0 448.0 464.0 480.0 464.0 480.0 480.0 528.0 528.0 512.0 512.0 512.0 512.0 528.0 544.0 560.0 544.0 560.0 560.0 608.0 608.0 592.0 592.0 592.0 592.0 96.0 
112.0 112.0 112.0 112.0 96.0 112.0 128.0 80.0 96.0 64.0 80.0 80.0 32.0 32.0 0 32.0 48.0 64.0 80.0 64.0 80.0 80.0 128.0 128.0 112.0 112.0 112.0 112.0 128.0 144.0 160.0 144.0 160.0 160.0 208.0 208.0 192.0 192.0 192.0 192.0 208.0 224.0 240.0 224.0 240.0 240.0 288.0 288.0 272.0 272.0 272.0 272.0 288.0 304.0 320.0 304.0 320.0 320.0 368.0 368.0 352.0 352.0 352.0 352.0 368.0 384.0 400.0 384.0 400.0 400.0 448.0 448.0 432.0 432.0 432.0 432.0 448.0 464.0 480.0 464.0 480.0 480.0 528.0 528.0 512.0 512.0 512.0 512.0 528.0 544.0 560.0 544.0 560.0 560.0 608.0 608.0 592.0 592.0 592.0 592.0 96.0 
112.0 112.0 112.0 112.0 96.0 112.0 128.0 80.0 96.0 64.0 80.0 80.0 32.0 32.0 32.0 0 48.0 64.0 80.0 64.0 80.0 80.0 128.0 128.0 112.0 112.0 112.0 112.0 128.0 144.0 160.0 144.0 160.0 160.0 208.0 208.0 192.0 192.0 192.0 192.0 208.0 224.0 240.0 224.0 240.0 240.0 288.0 288.0 272.0 272.0 272.0 272.0 288.0 304.0 320.0 304.0 320.0 320.0 368.0 368.0 352.0 352.0 352.0 352.0 368.0 384.0 400.0 384.0 400.0 400.0 448.0 448.0 432.0 432.0 432.0 432.0 448.0 464.0 480.0 464.0 480.0 480.0 528.0 528.0 512.0 512.0 512.0 512.0 528.0 544.0 560.0 544.0 560.0 560.0 608.0 608.0 592.0 592.0 592.0 592.0 96.0 
128.0 128.0 128.0 128.0 112.0 128.0 144.0 96.0 112.0 80.0 96.0 96.0 48.0 48.0 48.0 48.0 0 16.0 32.0 48.0 64.0 64.0 112.0 112.0 96.0 96.0 96.0 96.0 112.0 128.0 144.0 128.0 144.0 144.0 192.0 192.0 176.0 176.0 176.0 176.0 192.0 208.0 224.0 208.0 224.0 224.0 272.0 272.0 256.0 256.0 256.0 256.0 272.0 288.0 304.0 288.0 304.0 304.0 352.0 352.0 336.0 336.0 336.0 336.0 352.0 368.0 384.0 368.0 384.0 384.0 432.0 432.0 416.0 416.0 416.0 416.0 432.0 448.0 464.0 448.0 464.0 464.0 512.0 512.0 496.0 496.0 496.0 496.0 512.0 528.0 544.0 528.0 544.0 544.0 592.0 592.0 576.0 576.0 576.0 576.0 112.0 
144.0 144.0 144.0 144.0 128.0 144.0 160.0 112.0 128.0 96.0 112.0 112.0 64.0 64.0 64.0 64.0 16.0 0 16.0 64.0 80.0 80.0 128.0 128.0 112.0 112.0 112.0 112.0 128.0 144.0 160.0 144.0 160.0 160.0 208.0 208.0 192.0 192.0 192.0 192.0 208.0 224.0 240.0 224.0 240.0 240.0 288.0 288.0 272.0 272.0 272.0 272.0 288.0 304.0 320.0 304.0 320.0 320.0 368.0 368.0 352.0 352.0 352.0 352.0 368.0 384.0 400.0 384.0 400.0 400.0 448.0 448.0 432.0 432.0 432.0 432.0 448.0 464.0 480.0 464.0 480.0 480.0 528.0 528.0 512.0 512.0 512.0 512.0 528.0 544.0 560.0 544.0 560.0 560.0 608.0 608.0 592.0 592.0 592.0 592.0 128.0 
160.0 160.0 160.0 160.0 144.0 160.0 176.0 128.0 144.0 112.0 128.0 128.0 80.0 80.0 80.0 80.0 32.0 16.0 0 80.0 96.0 96.0 144.0 144.0 128.0 128.0 128.0 128.0 144.0 160.0 176.0 160.0 176.0 176.0 224.0 224.0 208.0 208.0 208.0 208.0 224.0 240.0 256.0 240.0 256.0 256.0 304.0 304.0 288.0 288.0 288.0 288.0 304.0 320.0 336.0 320.0 336.0 336.0 384.0 384.0 368.0 368.0 368.0 368.0 384.0 400.0 416.0 400.0 416.0 416.0 464.0 464.0 448.0 448.0 448.0 448.0 464.0 480.0 496.0 480.0 496.0 496.0 544.0 544.0 528.0 528.0 528.0 528.0 544.0 560.0 576.0 560.0 576.0 576.0 624.0 624.0 608.0 608.0 608.0 608.0 144.0 
144.0 144.0 144.0 144.0 128.0 144.0 160.0 112.0 128.0 96.0 112.0 112.0 64.0 64.0 64.0 64.0 48.0 64.0 80.0 0 16.0 48.0 96.0 96.0 80.0 80.0 80.0 80.0 96.0 112.0 128.0 112.0 128.0 128.0 176.0 176.0 160.0 160.0 160.0 160.0 176.0 192.0 208.0 192.0 208.0 208.0 256.0 256.0 240.0 240.0 240.0 240.0 256.0 272.0 288.0 272.0 288.0 288.0 336.0 336.0 320.0 320.0 320.0 320.0 336.0 352.0 368.0 352.0 368.0 368.0 416.0 416.0 400.0 400.0 400.0 400.0 416.0 432.0 448.0 432.0 448.0 448.0 496.0 496.0 480.0 480.0 480.0 480.0 496.0 512.0 528.0 512.0 528.0 528.0 576.0 576.0 560.0 560.0 560.0 560.0 128.0 
160.0 160.0 160.0 160.0 144.0 160.0 176.0 128.0 144.0 112.0 128.0 128.0 80.0 80.0 80.0 80.0 64.0 80.0 96.0 16.0 0 64.0 112.0 112.0 96.0 96.0 96.0 96.0 112.0 128.0 144.0 128.0 144.0 144.0 192.0 192.0 176.0 176.0 176.0 176.0 192.0 208.0 224.0 208.0 224.0 224.0 272.0 272.0 256.0 256.0 256.0 256.0 272.0 288.0 304.0 288.0 304.0 304.0 352.0 352.0 336.0 336.0 336.0 336.0 352.0 368.0 384.0 368.0 384.0 384.0 432.0 432.0 416.0 416.0 416.0 416.0 432.0 448.0 464.0 448.0 464.0 464.0 512.0 512.0 496.0 496.0 496.0 496.0 512.0 528.0 544.0 528.0 544.0 544.0 592.0 592.0 576.0 576.0 576.0 576.0 144.0 
160.0 160.0 160.0 160.0 144.0 160.0 176.0 128.0 144.0 112.0 128.0 128.0 80.0 80.0 80.0 80.0 64.0 80.0 96.0 48.0 64.0 0 80.0 80.0 64.0 64.0 64.0 64.0 80.0 96.0 112.0 96.0 112.0 112.0 160.0 160.0 144.0 144.0 144.0 144.0 160.0 176.0 192.0 176.0 192.0 192.0 240.0 240.0 224.0 224.0 224.0 224.0 240.0 256.0 272.0 256.0 272.0 272.0 320.0 320.0 304.0 304.0 304.0 304.0 320.0 336.0 352.0 336.0 352.0 352.0 400.0 400.0 384.0 384.0 384.0 384.0 400.0 416.0 432.0 416.0 432.0 432.0 480.0 480.0 464.0 464.0 464.0 464.0 480.0 496.0 512.0 496.0 512.0 512.0 560.0 560.0 544.0 544.0 544.0 544.0 144.0 
208.0 208.0 208.0 208.0 192.0 208.0 224.0 176.0 192.0 160.0 176.0 176.0 128.0 128.0 128.0 128.0 112.0 128.0 144.0 96.0 112.0 80.0 0 32.0 80.0 80.0 80.0 80.0 96.0 112.0 128.0 112.0 128.0 128.0 176.0 176.0 160.0 160.0 160.0 160.0 176.0 192.0 208.0 192.0 208.0 208.0 256.0 256.0 240.0 240.0 240.0 240.0 256.0 272.0 288.0 272.0 288.0 288.0 336.0 336.0 320.0 320.0 320.0 320.0 336.0 352.0 368.0 352.0 368.0 368.0 416.0 416.0 400.0 400.0 400.0 400.0 416.0 432.0 448.0 432.0 448.0 448.0 496.0 496.0 480.0 480.0 480.0 480.0 496.0 512.0 528.0 512.0 528.0 528.0 576.0 576.0 560.0 560.0 560.0 560.0 192.0 
208.0 208.0 208.0 208.0 192.0 208.0 224.0 176.0 192.0 160.0 176.0 176.0 128.0 128.0 128.0 128.0 112.0 128.0 144.0 96.0 112.0 80.0 32.0 0 80.0 80.0 80.0 80.0 96.0 112.0 128.0 112.0 128.0 128.0 176.0 176.0 160.0 160.0 160.0 160.0 176.0 192.0 208.0 192.0 208.0 208.0 256.0 256.0 240.0 240.0 240.0 240.0 256.0 272.0 288.0 272.0 288.0 288.0 336.0 336.0 320.0 320.0 320.0 320.0 336.0 352.0 368.0 352.0 368.0 368.0 416.0 416.0 400.0 400.0 400.0 400.0 416.0 432.0 448.0 432.0 448.0 448.0 496.0 496.0 480.0 480.0 480.0 480.0 496.0 512.0 528.0 512.0 528.0 528.0 576.0 576.0 560.0 560.0 560.0 560.0 192.0 
192.0 192.0 192.0 192.0 176.0 192.0 208.0 160.0 176.0 144.0 160.0 160.0 112.0 112.0 112.0 112.0 96.0 112.0 128.0 80.0 96.0 64.0 80.0 80.0 0 32.0 32.0 32.0 48.0 64.0 80.0 64.0 80.0 80.0 128.0 128.0 112.0 112.0 112.0 112.0 128.0 144.0 160.0 144.0 160.0 160.0 208.0 208.0 192.0 192.0 192.0 192.0 208.0 224.0 240.0 224.0 240.0 240.0 288.0 288.0 272.0 272.0 272.0 272.0 288.0 304.0 320.0 304.0 320.0 320.0 368.0 368.0 352.0 352.0 352.0 352.0 368.0 384.0 400.0 384.0 400.0 400.0 448.0 448.0 432.0 432.0 432.0 432.0 448.0 464.0 480.0 464.0 480.0 480.0 528.0 528.0 512.0 512.0 512.0 512.0 176.0 
192.0 192.0 192.0 192.0 176.0 192.0 208.0 160.0 176.0 144.0 160.0 160.0 112.0 112.0 112.0 112.0 96.0 112.0 128.0 80.0 96.0 64.0 80.0 80.0 32.0 0 32.0 32.0 48.0 64.0 80.0 64.0 80.0 80.0 128.0 128.0 112.0 112.0 112.0 112.0 128.0 144.0 160.0 144.0 160.0 160.0 208.0 208.0 192.0 192.0 192.0 192.0 208.0 224.0 240.0 224.0 240.0 240.0 288.0 288.0 272.0 272.0 272.0 272.0 288.0 304.0 320.0 304.0 320.0 320.0 368.0 368.0 352.0 352.0 352.0 352.0 368.0 384.0 400.0 384.0 400.0 400.0 448.0 448.0 432.0 432.0 432.0 432.0 448.0 464.0 480.0 464.0 480.0 480.0 528.0 528.0 512.0 512.0 512.0 512.0 176.0 
192.0 192.0 192.0 192.0 176.0 192.0 208.0 160.0 176.0 144.0 160.0 160.0 112.0 112.0 112.0 112.0 96.0 112.0 128.0 80.0 96.0 64.0 80.0 80.0 32.0 32.0 0 32.0 48.0 64.0 80.0 64.0 80.0 80.0 128.0 128.0 112.0 112.0 112.0 112.0 128.0 144.0 160.0 144.0 160.0 160.0 208.0 208.0 192.0 192.0 192.0 192.0 208.0 224.0 240.0 224.0 240.0 240.0 288.0 288.0 272.0 272.0 272.0 272.0 288.0 304.0 320.0 304.0 320.0 320.0 368.0 368.0 352.0 352.0 352.0 352.0 368.0 384.0 400.0 384.0 400.0 400.0 448.0 448.0 432.0 432.0 432.0 432.0 448.0 464.0 480.0 464.0 480.0 480.0 528.0 528.0 512.0 512.0 512.0 512.0 176.0 
192.0 192.0 192.0 192.0 176.0 192.0 208.0 160.0 176.0 144.0 160.0 160.0 112.0 112.0 112.0 112.0 96.0 112.0 128.0 80.0 96.0 64.0 80.0 80.0 32.0 32.0 32.0 0 48.0 64.0 80.0 64.0 80.0 80.0 128.0 128.0 112.0 112.0 112.0 112.0 128.0 144.0 160.0 144.0 160.0 160.0 208.0 208.0 192.0 192.0 192.0 192.0 208.0 224.0 240.0 224.0 240.0 240.0 288.0 288.0 272.0 272.0 272.0 272.0 288.0 304.0 320.0 304.0 320.0 320.0 368.0 368.0 352.0 352.0 352.0 352.0 368.0 384.0 400.0 384.0 400.0 400.0 448.0 448.0 432.0 432.0 432.0 432.0 448.0 464.0 480.0 464.0 480.0 480.0 528.0 528.0 512.0 512.0 512.0 512.0 176.0 
208.0 208.0 208.0 208.0 192.0 208.0 224.0 176.0 192.0 160.0 176.0 176.0 128.0 128.0 128.0 128.0 112.0 128.0 144.0 96.0 112.0 80.0 96.0 96.0 48.0 48.0 48.0 48.0 0 16.0 32.0 48.0 64.0 64.0 112.0 112.0 96.0 96.0 96.0 96.0 112.0 128.0 144.0 128.0 144.0 144.0 192.0 192.0 176.0 176.0 176.0 176.0 192.0 208.0 224.0 208.0 224.0 224.0 272.0 272.0 256.0 256.0 256.0 256.0 272.0 288.0 304.0 288.0 304.0 304.0 352.0 352.0 336.0 336.0 336.0 336.0 352.0 368.0 384.0 368.0 384.0 384.0 432.0 432.0 416.0 416.0 416.0 416.0 432.0 448.0 464.0 448.0 464.0 464.0 512.0 512.0 496.0 496.0 496.0 496.0 192.0 
224.0 224.0 224.0 224.0 208.0 224.0 240.0 192.0 208.0 176.0 192.0 192.0 144.0 144.0 144.0 144.0 128.0 144.0 160.0 112.0 128.0 96.0 112.0 112.0 64.0 64.0 64.0 64.0 16.0 0 16.0 64.0 80.0 80.0 128.0 128.0 112.0 112.0 112.0 112.0 128.0 144.0 160.0 144.0 160.0 160.0 208.0 208.0 192.0 192.0 192.0 192.0 208.0 224.0 240.0 224.0 240.0 240.0 288.0 288.0 272.0 272.0 272.0 272.0 288.0 304.0 320.0 304.0 320.0 320.0 368.0 368.0 352.0 352.0 352.0 352.0 368.0 384.0 400.0 384.0 400.0 400.0 448.0 448.0 432.0 432.0 432.0 432.0 448.0 464.0 480.0 464.0 480.0 480.0 528.0 528.0 512.0 512.0 512.0 512.0 208.0 
240.0 240.0 240.0 240.0 224.0 240.0 256.0 208.0 224.0 192.0 208.0 208.0 160.0 160.0 160.0 160.0 144.0 160.0 176.0 128.0 144.0 112.0 128.0 128.0 80.0 80.0 80.0 80.0 32.0 16.0 0 80.0 96.0 96.0 144.0 144.0 128.0 128.0 128.0 128.0 144.0 160.0 176.0 160.0 176.0 176.0 224.0 224.0 208.0 208.0 208.0 208.0 224.0 240.0 256.0 240.0 256.0 256.0 304.0 304.0 288.0 288.0 288.0 288.0 304.0 320.0 336.0 320.0 336.0 336.0 384.0 384.0 368.0 368.0 368.0 368.0 384.0 400.0 416.0 400.0 416.0 416.0 464.0 464.0 448.0 448.0 448.0 448.0 464.0 480.0 496.0 480.0 496.0 496.0 544.0 544.0 528.0 528.0 528.0 528.0 224.0 
224.0 224.0 224.0 224.0 208.0 224.0 240.0 192.0 208.0 176.0 192.0 192.0 144.0 144.0 144.0 144.0 128.0 144.0 160.0 112.0 128.0 96.0 112.0 112.0 64.0 64.0 64.0 64.0 48.0 64.0 80.0 0 16.0 48.0 96.0 96.0 80.0 80.0 80.0 80.0 96.0 112.0 128.0 112.0 128.0 128.0 176.0 176.0 160.0 160.0 160.0 160.0 176.0 192.0 208.0 192.0 208.0 208.0 256.0 256.0 240.0 240.0 240.0 240.0 256.0 272.0 288.0 272.0 288.0 288.0 336.0 336.0 320.0 320.0 320.0 320.0 336.0 352.0 368.0 352.0 368.0 368.0 416.0 416.0 400.0 400.0 400.0 400.0 416.0 432.0 448.0 432.0 448.0 448.0 496.0 496.0 480.0 480.0 480.0 480.0 208.0 
240.0 240.0 240.0 240.0 224.0 240.0 256.0 208.0 224.0 192.0 208.0 208.0 160.0 160.0 160.0 160.0 144.0 160.0 176.0 128.0 144.0 112.0 128.0 128.0 80.0 80.0 80.0 80.0 64.0 80.0 96.0 16.0 0 64.0 112.0 112.0 96.0 96.0 96.0 96.0 112.0 128.0 144.0 128.0 144.0 144.0 192.0 192.0 176.0 176.0 176.0 176.0 192.0 208.0 224.0 208.0 224.0 224.0 272.0 272.0 256.0 256.0 256.0 256.0 272.0 288.0 304.0 288.0 304.0 304.0 352.0 352.0 336.0 336.0 336.0 336.0 352.0 368.0 384.0 368.0 384.0 384.0 432.0 432.0 416.0 416.0 416.0 416.0 432.0 448.0 464.0 448.0 464.0 464.0 512.0 512.0 496.0 496.0 496.0 496.0 224.0 
240.0 240.0 240.0 240.0 224.0 240.0 256.0 208.0 224.0 192.0 208.0 208.0 160.0 160.0 160.0 160.0 144.0 160.0 176.0 128.0 144.0 112.0 128.0 128.0 80.0 80.0 80.0 80.0 64.0 80.0 96.0 48.0 64.0 0 80.0 80.0 64.0 64.0 64.0 64.0 80.0 96.0 112.0 96.0 112.0 112.0 160.0 160.0 144.0 144.0 144.0 144.0 160.0 176.0 192.0 176.0 192.0 192.0 240.0 240.0 224.0 224.0 224.0 224.0 240.0 256.0 272.0 256.0 272.0 272.0 320.0 320.0 304.0 304.0 304.0 304.0 320.0 336.0 352.0 336.0 352.0 352.0 400.0 400.0 384.0 384.0 384.0 384.0 400.0 416.0 432.0 416.0 432.0 432.0 480.0 480.0 464.0 464.0 464.0 464.0 224.0 
288.0 288.0 288.0 288.0 272.0 288.0 304.0 256.0 272.0 240.0 256.0 256.0 208.0 208.0 208.0 208.0 192.0 208.0 224.0 176.0 192.0 160.0 176.0 176.0 128.0 128.0 128.0 128.0 112.0 128.0 144.0 96.0 112.0 80.0 0 32.0 80.0 80.0 80.0 80.0 96.0 112.0 128.0 112.0 128.0 128.0 176.0 176.0 160.0 160.0 160.0 160.0 176.0 192.0 208.0 192.0 208.0 208.0 256.0 256.0 240.0 240.0 240.0 240.0 256.0 272.0 288.0 272.0 288.0 288.0 336.0 336.0 320.0 320.0 320.0 320.0 336.0 352.0 368.0 352.0 368.0 368.0 416.0 416.0 400.0 400.0 400.0 400.0 416.0 432.0 448.0 432.0 448.0 448.0 496.0 496.0 480.0 480.0 480.0 480.0 272.0 
288.0 288.0 288.0 288.0 272.0 288.0 304.0 256.0 272.0 240.0 256.0 256.0 208.0 208.0 208.0 208.0 192.0 208.0 224.0 176.0 192.0 160.0 176.0 176.0 128.0 128.0 128.0 128.0 112.0 128.0 144.0 96.0 112.0 80.0 32.0 0 80.0 80.0 80.0 80.0 96.0 112.0 128.0 112.0 128.0 128.0 176.0 176.0 160.0 160.0 160.0 160.0 176.0 192.0 208.0 192.0 208.0 208.0 256.0 256.0 240.0 240.0 240.0 240.0 256.0 272.0 288.0 272.0 288.0 288.0 336.0 336.0 320.0 320.0 320.0 320.0 336.0 352.0 368.0 352.0 368.0 368.0 416.0 416.0 400.0 400.0 400.0 400.0 416.0 432.0 448.0 432.0 448.0 448.0 496.0 496.0 480.0 480.0 480.0 480.0 272.0 
272.0 272.0 272.0 272.0 256.0 272.0 288.0 240.0 256.0 224.0 240.0 240.0 192.0 192.0 192.0 192.0 176.0 192.0 208.0 160.0 176.0 144.0 160.0 160.0 112.0 112.0 112.0 112.0 96.0 112.0 128.0 80.0 96.0 64.0 80.0 80.0 0 32.0 32.0 32.0 48.0 64.0 80.0 64.0 80.0 80.0 128.0 128.0 112.0 112.0 112.0 112.0 128.0 144.0 160.0 144.0 160.0 160.0 208.0 208.0 192.0 192.0 192.0 192.0 208.0 224.0 240.0 224.0 240.0 240.0 288.0 288.0 272.0 272.0 272.0 272.0 288.0 304.0 320.0 304.0 320.0 320.0 368.0 368.0 352.0 352.0 352.0 352.0 368.0 384.0 400.0 384.0 400.0 400.0 448.0 448.0 432.0 432.0 432.0 432.0 256.0 
272.0 272.0 272.0 272.0 256.0 272.0 288.0 240.0 256.0 224.0 240.0 240.0 192.0 192.0 192.0 192.0 176.0 192.0 208.0 160.0 176.0 144.0 160.0 160.0 112.0 112.0 112.0 112.0 96.0 112.0 128.0 80.0 96.0 64.0 80.0 80.0 32.0 0 32.0 32.0 48.0 64.0 80.0 64.0 80.0 80.0 128.0 128.0 112.0 112.0 112.0 112.0 128.0 144.0 160.0 144.0 160.0 160.0 208.0 208.0 192.0 192.0 192.0 192.0 208.0 224.0 240.0 224.0 240.0 240.0 288.0 288.0 272.0 272.0 272.0 272.0 288.0 304.0 320.0 304.0 320.0 320.0 368.0 368.0 352.0 352.0 352.0 352.0 368.0 384.0 400.0 384.0 400.0 400.0 448.0 448.0 432.0 432.0 432.0 432.0 256.0 
272.0 272.0 272.0 272.0 256.0 272.0 288.0 240.0 256.0 224.0 240.0 240.0 192.0 192.0 192.0 192.0 176.0 192.0 208.0 160.0 176.0 144.0 160.0 160.0 112.0 112.0 112.0 112.0 96.0 112.0 128.0 80.0 96.0 64.0 80.0 80.0 32.0 32.0 0 32.0 48.0 64.0 80.0 64.0 80.0 80.0 128.0 128.0 112.0 112.0 112.0 112.0 128.0 144.0 160.0 144.0 160.0 160.0 208.0 208.0 192.0 192.0 192.0 192.0 208.0 224.0 240.0 224.0 240.0 240.0 288.0 288.0 272.0 272.0 272.0 272.0 288.0 304.0 320.0 304.0 320.0 320.0 368.0 368.0 352.0 352.0 352.0 352.0 368.0 384.0 400.0 384.0 400.0 400.0 448.0 448.0 432.0 432.0 432.0 432.0 256.0 
272.0 272.0 272.0 272.0 256.0 272.0 288.0 240.0 256.0 224.0 240.0 240.0 192.0 192.0 192.0 192.0 176.0 192.0 208.0 160.0 176.0 144.0 160.0 160.0 112.0 112.0 112.0 112.0 96.0 112.0 128.0 80.0 96.0 64.0 80.0 80.0 32.0 32.0 32.0 0 48.0 64.0 80.0 64.0 80.0 80.0 128.0 128.0 112.0 112.0 112.0 112.0 128.0 144.0 160.0 144.0 160.0 160.0 208.0 208.0 192.0 192.0 192.0 192.0 208.0 224.0 240.0 224.0 240.0 240.0 288.0 288.0 272.0 272.0 272.0 272.0 288.0 304.0 320.0 304.0 320.0 320.0 368.0 368.0 352.0 352.0 352.0 352.0 368.0 384.0 400.0 384.0 400.0 400.0 448.0 448.0 432.0 432.0 432.0 432.0 256.0 
288.0 288.0 288.0 288.0 272.0 288.0 304.0 256.0 272.0 240.0 256.0 256.0 208.0 208.0 208.0 208.0 192.0 208.0 224.0 176.0 192.0 160.0 176.0 176.0 128.0 128.0 128.0 128.0 112.0 128.0 144.0 96.0 112.0 80.0 96.0 96.0 48.0 48.0 48.0 48.0 0 16.0 32.0 48.0 64.0 64.0 112.0 112.0 96.0 96.0 96.0 96.0 112.0 128.0 144.0 128.0 144.0 144.0 192.0 192.0 176.0 176.0 176.0 176.0 192.0 208.0 224.0 208.0 224.0 224.0 272.0 272.0 256.0 256.0 256.0 256.0 272.0 288.0 304.0 288.0 304.0 304.0 352.0 352.0 336.0 336.0 336.0 336.0 352.0 368.0 384.0 368.0 384.0 384.0 432.0 432.0 416.0 416.0 416.0 416.0 272.0 
304.0 304.0 304.0 304.0 288.0 304.0 320.0 272.0 288.0 256.0 272.0 272.0 224.0 224.0 224.0 224.0 208.0 224.0 240.0 192.0 208.0 176.0 192.0 192.0 144.0 144.0 144.0 144.0 128.0 144.0 160.0 112.0 128.0 96.0 112.0 112.0 64.0 64.0 64.0 64.0 16.0 0 16.0 64.0 80.0 80.0 128.0 128.0 112.0 112.0 112.0 112.0 128.0 144.0 160.0 144.0 160.0 160.0 208.0 208.0 192.0 192.0 192.0 192.0 208.0 224.0 240.0 224.0 240.0 240.0 288.0 288.0 272.0 272.0 272.0 272.0 288.0 304.0 320.0 304.0 320.0 320.0 368.0 368.0 352.0 352.0 352.0 352.0 368.0 384.0 400.0 384.0 400.0 400.0 448.0 448.0 432.0 432.0 432.0 432.0 288.0 
320.0 320.0 320.0 320.0 304.0 320.0 336.0 288.0 304.0 272.0 288.0 288.0 240.0 240.0 240.0 240.0 224.0 240.0 256.0 208.0 224.0 192.0 208.0 208.0 160.0 160.0 160.0 160.0 144.0 160.0 176.0 128.0 144.0 112.0 128.0 128.0 80.0 80.0 80.0 80.0 32.0 16.0 0 80.0 96.0 96.0 144.0 144.0 128.0 128.0 128.0 128.0 144.0 160.0 176.0 160.0 176.0 176.0 224.0 224.0 208.0 208.0 208.0 208.0 224.0 240.0 256.0 240.0 256.0 256.0 304.0 304.0 288.0 288.0 288.0 288.0 304.0 320.0 336.0 320.0 336.0 336.0 384.0 384.0 368.0 368.0 368.0 368.0 384.0 400.0 416.0 400.0 416.0 416.0 464.0 464.0 448.0 448.0 448.0 448.0 304.0 
304.0 304.0 304.0 304.0 288.0 304.0 320.0 272.0 288.0 256.0 272.0 272.0 224.0 224.0 224.0 224.0 208.0 224.0 240.0 192.0 208.0 176.0 192.0 192.0 144.0 144.0 144.0 144.0 128.0 144.0 160.0 112.0 128.0 96.0 112.0 112.0 64.0 64.0 64.0 64.0 48.0 64.0 80.0 0 16.0 48.0 96.0 96.0 80.0 80.0 80.0 80.0 96.0 112.0 128.0 112.0 128.0 128.0 176.0 176.0 160.0 160.0 160.0 160.0 176.0 192.0 208.0 192.0 208.0 208.0 256.0 256.0 240.0 240.0 240.0 240.0 256.0 272.0 288.0 272.0 288.0 288.0 336.0 336.0 320.0 320.0 320.0 320.0 336.0 352.0 368.0 352.0 368.0 368.0 416.0 416.0 400.0 400.0 400.0 400.0 288.0 
320.0 320.0 320.0 320.0 304.0 320.0 336.0 288.0 304.0 272.0 288.0 288.0 240.0 240.0 240.0 240.0 224.0 240.0 256.0 208.0 224.0 192.0 208.0 208.0 160.0 160.0 160.0 160.0 144.0 160.0 176.0 128.0 144.0 112.0 128.0 128.0 80.0 80.0 80.0 80.0 64.0 80.0 96.0 16.0 0 64.0 112.0 112.0 96.0 96.0 96.0 96.0 112.0 128.0 144.0 128.0 144.0 144.0 192.0 192.0 176.0 176.0 176.0 176.0 192.0 208.0 224.0 208.0 224.0 224.0 272.0 272.0 256.0 256.0 256.0 256.0 272.0 288.0 304.0 288.0 304.0 304.0 352.0 352.0 336.0 336.0 336.0 336.0 352.0 368.0 384.0 368.0 384.0 384.0 432.0 432.0 416.0 416.0 416.0 416.0 304.0 
320.0 320.0 320.0 320.0 304.0 320.0 336.0 288.0 304.0 272.0 288.0 288.0 240.0 240.0 240.0 240.0 224.0 240.0 256.0 208.0 224.0 192.0 208.0 208.0 160.0 160.0 160.0 160.0 144.0 160.0 176.0 128.0 144.0 112.0 128.0 128.0 80.0 80.0 80.0 80.0 64.0 80.0 96.0 48.0 64.0 0 80.0 80.0 64.0 64.0 64.0 64.0 80.0 96.0 112.0 96.0 112.0 112.0 160.0 160.0 144.0 144.0 144.0 144.0 160.0 176.0 192.0 176.0 192.0 192.0 240.0 240.0 224.0 224.0 224.0 224.0 240.0 256.0 272.0 256.0 272.0 272.0 320.0 320.0 304.0 304.0 304.0 304.0 320.0 336.0 352.0 336.0 352.0 352.0 400.0 400.0 384.0 384.0 384.0 384.0 304.0 
368.0 368.0 368.0 368.0 352.0 368.0 384.0 336.0 352.0 320.0 336.0 336.0 288.0 288.0 288.0 288.0 272.0 288.0 304.0 256.0 272.0 240.0 256.0 256.0 208.0 208.0 208.0 208.0 192.0 208.0 224.0 176.0 192.0 160.0 176.0 176.0 128.0 128.0 128.0 128.0 112.0 128.0 144.0 96.0 112.0 80.0 0 32.0 80.0 80.0 80.0 80.0 96.0 112.0 128.0 112.0 128.0 128.0 176.0 176.0 160.0 160.0 160.0 160.0 176.0 192.0 208.0 192.0 208.0 208.0 256.0 256.0 240.0 240.0 240.0 240.0 256.0 272.0 288.0 272.0 288.0 288.0 336.0 336.0 320.0 320.0 320.0 320.0 336.0 352.0 368.0 352.0 368.0 368.0 416.0 416.0 400.0 400.0 400.0 400.0 352.0 
368.0 368.0 368.0 368.0 352.0 368.0 384.0 336.0 352.0 320.0 336.0 336.0 288.0 288.0 288.0 288.0 272.0 288.0 304.0 256.0 272.0 240.0 256.0 256.0 208.0 208.0 208.0 208.0 192.0 208.0 224.0 176.0 192.0 160.0 176.0 176.0 128.0 128.0 128.0 128.0 112.0 128.0 144.0 96.0 112.0 80.0 32.0 0 80.0 80.0 80.0 80.0 96.0 112.0 128.0 112.0 128.0 128.0 176.0 176.0 160.0 160.0 160.0 160.0 176.0 192.0 208.0 192.0 208.0 208.0 256.0 256.0 240.0 240.0 240.0 240.0 256.0 272.0 288.0 272.0 288.0 288.0 336.0 336.0 320.0 320.0 320.0 320.0 336.0 352.0 368.0 352.0 368.0 368.0 416.0 416.0 400.0 400.0 400.0 400.0 352.0 
352.0 352.0 352.0 352.0 336.0 352.0 368.0 320.0 336.0 304.0 320.0 320.0 272.0 272.0 272.0 272.0 256.0 272.0 288.0 240.0 256.0 224.0 240.0 240.0 192.0 192.0 192.0 192.0 176.0 192.0 208.0 160.0 176.0 144.0 160.0 160.0 112.0 112.0 112.0 112.0 96.0 112.0 128.0 80.0 96.0 64.0 80.0 80.0 0 32.0 32.0 32.0 48.0 64.0 80.0 64.0 80.0 80.0 128.0 128.0 112.0 112.0 112.0 112.0 128.0 144.0 160.0 144.0 160.0 160.0 208.0 208.0 192.0 192.0 192.0 192.0 208.0 224.0 240.0 224.0 240.0 240.0 288.0 288.0 272.0 272.0 272.0 272.0 288.0 304.0 320.0 304.0 320.0 320.0 368.0 368.0 352.0 352.0 352.0 352.0 336.0 
352.0 352.0 352.0 352.0 336.0 352.0 368.0 320.0 336.0 304.0 320.0 320.0 272.0 272.0 272.0 272.0 256.0 272.0 288.0 240.0 256.0 224.0 240.0 240.0 192.0 192.0 192.0 192.0 176.0 192.0 208.0 160.0 176.0 144.0 160.0 160.0 112.0 112.0 112.0 112.0 96.0 112.0 128.0 80.0 96.0 64.0 80.0 80.0 32.0 0 32.0 32.0 48.0 64.0 80.0 64.0 80.0 80.0 128.0 128.0 112.0 112.0 112.0 112.0 128.0 144.0 160.0 144.0 160.0 160.0 208.0 208.0 192.0 192.0 192.0 192.0 208.0 224.0 240.0 224.0 240.0 240.0 288.0 288.0 272.0 272.0 272.0 272.0 288.0 304.0 320.0 304.0 320.0 320.0 368.0 368.0 352.0 352.0 352.0 352.0 336.0 
352.0 352.0 352.0 352.0 336.0 352.0 368.0 320.0 336.0 304.0 320.0 320.0 272.0 272.0 272.0 272.0 256.0 272.0 288.0 240.0 256.0 224.0 240.0 240.0 192.0 192.0 192.0 192.0 176.0 192.0 208.0 160.0 176.0 144.0 160.0 160.0 112.0 112.0 112.0 112.0 96.0 112.0 128.0 80.0 96.0 64.0 80.0 80.0 32.0 32.0 0 32.0 48.0 64.0 80.0 64.0 80.0 80.0 128.0 128.0 112.0 112.0 112.0 112.0 128.0 144.0 160.0 144.0 160.0 160.0 208.0 208.0 192.0 192.0 192.0 192.0 208.0 224.0 240.0 224.0 240.0 240.0 288.0 288.0 272.0 272.0 272.0 272.0 288.0 304.0 320.0 304.0 320.0 320.0 368.0 368.0 352.0 352.0 352.0 352.0 336.0 
352.0 352.0 352.0 352.0 336.0 352.0 368.0 320.0 336.0 304.0 320.0 320.0 272.0 272.0 272.0 272.0 256.0 272.0 288.0 240.0 256.0 224.0 240.0 240.0 192.0 192.0 192.0 192.0 176.0 192.0 208.0 160.0 176.0 144.0 160.0 160.0 112.0 112.0 112.0 112.0 96.0 112.0 128.0 80.0 96.0 64.0 80.0 80.0 32.0 32.0 32.0 0 48.0 64.0 80.0 64.0 80.0 80.0 128.0 128.0 112.0 112.0 112.0 112.0 128.0 144.0 160.0 144.0 160.0 160.0 208.0 208.0 192.0 192.0 192.0 192.0 208.0 224.0 240.0 224.0 240.0 240.0 288.0 288.0 272.0 272.0 272.0 272.0 288.0 304.0 320.0 304.0 320.0 320.0 368.0 368.0 352.0 352.0 352.0 352.0 336.0 
368.0 368.0 368.0 368.0 352.0 368.0 384.0 336.0 352.0 320.0 336.0 336.0 288.0 288.0 288.0 288.0 272.0 288.0 304.0 256.0 272.0 240.0 256.0 256.0 208.0 208.0 208.0 208.0 192.0 208.0 224.0 176.0 192.0 160.0 176.0 176.0 128.0 128.0 128.0 128.0 112.0 128.0 144.0 96.0 112.0 80.0 96.0 96.0 48.0 48.0 48.0 48.0 0 16.0 32.0 48.0 64.0 64.0 112.0 112.0 96.0 96.0 96.0 96.0 112.0 128.0 144.0 128.0 144.0 144.0 192.0 192.0 176.0 176.0 176.0 176.0 192.0 208.0 224.0 208.0 224.0 224.0 272.0 272.0 256.0 256.0 256.0 256.0 272.0 288.0 304.0 288.0 304.0 304.0 352.0 352.0 336.0 336.0 336.0 336.0 352.0 
384.0 384.0 384.0 384.0 368.0 384.0 400.0 352.0 368.0 336.0 352.0 352.0 304.0 304.0 304.0 304.0 288.0 304.0 320.0 272.0 288.0 256.0 272.0 272.0 224.0 224.0 224.0 224.0 208.0 224.0 240.0 192.0 208.0 176.0 192.0 192.0 144.0 144.0 144.0 144.0 128.0 144.0 160.0 112.0 128.0 96.0 112.0 112.0 64.0 64.0 64.0 64.0 16.0 0 16.0 64.0 80.0 80.0 128.0 128.0 112.0 112.0 112.0 112.0 128.0 144.0 160.0 144.0 160.0 160.0 208.0 208.0 192.0 192.0 192.0 192.0 208.0 224.0 240.0 224.0 240.0 240.0 288.0 288.0 272.0 272.0 272.0 272.0 288.0 304.0 320.0 304.0 320.0 320.0 368.0 368.0 352.0 352.0 352.0 352.0 368.0 
400.0 400.0 400.0 400.0 384.0 400.0 416.0 368.0 384.0 352.0 368.0 368.0 320.0 320.0 320.0 320.0 304.0 320.0 336.0 288.0 304.0 272.0 288.0 288.0 240.0 240.0 240.0 240.0 224.0 240.0 256.0 208.0 224.0 192.0 208.0 208.0 160.0 160.0 160.0 160.0 144.0 160.0 176.0 128.0 144.0 112.0 128.0 128.0 80.0 80.0 80.0 80.0 32.0 16.0 0 80.0 96.0 96.0 144.0 144.0 128.0 128.0 128.0 128.0 144.0 160.0 176.0 160.0 176.0 176.0 224.0 224.0 208.0 208.0 208.0 208.0 224.0 240.0 256.0 240.0 256.0 256.0 304.0 304.0 288.0 288.0 288.0 288.0 304.0 320.0 336.0 320.0 336.0 336.0 384.0 384.0 368.0 368.0 368.0 368.0 384.0 
384.0 384.0 384.0 384.0 368.0 384.0 400.0 352.0 368.0 336.0 352.0 352.0 304.0 304.0 304.0 304.0 288.0 304.0 320.0 272.0 288.0 256.0 272.0 272.0 224.0 224.0 224.0 224.0 208.0 224.0 240.0 192.0 208.0 176.0 192.0 192.0 144.0 144.0 144.0 144.0 128.0 144.0 160.0 112.0 128.0 96.0 112.0 112.0 64.0 64.0 64.0 64.0 48.0 64.0 80.0 0 16.0 48.0 96.0 96.0 80.0 80.0 80.0 80.0 96.0 112.0 128.0 112.0 128.0 128.0 176.0 176.0 160.0 160.0 160.0 160.0 176.0 192.0 208.0 192.0 208.0 208.0 256.0 256.0 240.0 240.0 240.0 240.0 256.0 272.0 288.0 272.0 288.0 288.0 336.0 336.0 320.0 320.0 320.0 320.0 368.0 
400.0 400.0 400.0 400.0 384.0 400.0 416.0 368.0 384.0 352.0 368.0 368.0 320.0 320.0 320.0 320.0 304.0 320.0 336.0 288.0 304.0 272.0 288.0 288.0 240.0 240.0 240.0 240.0 224.0 240.0 256.0 208.0 224.0 192.0 208.0 208.0 160.0 160.0 160.0 160.0 144.0 160.0 176.0 128.0 144.0 112.0 128.0 128.0 80.0 80.0 80.0 80.0 64.0 80.0 96.0 16.0 0 64.0 112.0 112.0 96.0 96.0 96.0 96.0 112.0 128.0 144.0 128.0 144.0 144.0 192.0 192.0 176.0 176.0 176.0 176.0 192.0 208.0 224.0 208.0 224.0 224.0 272.0 272.0 256.0 256.0 256.0 256.0 272.0 288.0 304.0 288.0 304.0 304.0 352.0 352.0 336.0 336.0 336.0 336.0 384.0 
400.0 400.0 400.0 400.0 384.0 400.0 416.0 368.0 384.0 352.0 368.0 368.0 320.0 320.0 320.0 320.0 304.0 320.0 336.0 288.0 304.0 272.0 288.0 288.0 240.0 240.0 240.0 240.0 224.0 240.0 256.0 208.0 224.0 192.0 208.0 208.0 160.0 160.0 160.0 160.0 144.0 160.0 176.0 128.0 144.0 112.0 128.0 128.0 80.0 80.0 80.0 80.0 64.0 80.0 96.0 48.0 64.0 0 80.0 80.0 64.0 64.0 64.0 64.0 80.0 96.0 112.0 96.0 112.0 112.0 160.0 160.0 144.0 144.0 144.0 144.0 160.0 176.0 192.0 176.0 192.0 192.0 240.0 240.0 224.0 224.0 224.0 224.0 240.0 256.0 272.0 256.0 272.0 272.0 320.0 320.0 304.0 304.0 304.0 304.0 384.0 
448.0 448.0 448.0 448.0 432.0 448.0 464.0 416.0 432.0 400.0 416.0 416.0 368.0 368.0 368.0 368.0 352.0 368.0 384.0 336.0 352.0 320.0 336.0 336.0 288.0 288.0 288.0 288.0 272.0 288.0 304.0 256.0 272.0 240.0 256.0 256.0 208.0 208.0 208.0 208.0 192.0 208.0 224.0 176.0 192.0 160.0 176.0 176.0 128.0 128.0 128.0 128.0 112.0 128.0 144.0 96.0 112.0 80.0 0 32.0 80.0 80.0 80.0 80.0 96.0 112.0 128.0 112.0 128.0 128.0 176.0 176.0 160.0 160.0 160.0 160.0 176.0 192.0 208.0 192.0 208.0 208.0 256.0 256.0 240.0 240.0 240.0 240.0 256.0 272.0 288.0 272.0 288.0 288.0 336.0 336.0 320.0 320.0 320.0 320.0 432.0 
448.0 448.0 448.0 448.0 432.0 448.0 464.0 416.0 432.0 400.0 416.0 416.0 368.0 368.0 368.0 368.0 352.0 368.0 384.0 336.0 352.0 320.0 336.0 336.0 288.0 288.0 288.0 288.0 272.0 288.0 304.0 256.0 272.0 240.0 256.0 256.0 208.0 208.0 208.0 208.0 192.0 208.0 224.0 176.0 192.0 160.0 176.0 176.0 128.0 128.0 128.0 128.0 112.0 128.0 144.0 96.0 112.0 80.0 32.0 0 80.0 80.0 80.0 80.0 96.0 112.0 128.0 112.0 128.0 128.0 176.0 176.0 160.0 160.0 160.0 160.0 176.0 192.0 208.0 192.0 208.0 208.0 256.0 256.0 240.0 240.0 240.0 240.0 256.0 272.0 288.0 272.0 288.0 288.0 336.0 336.0 320.0 320.0 320.0 320.0 432.0 
432.0 432.0 432.0 432.0 416.0 432.0 448.0 400.0 416.0 384.0 400.0 400.0 352.0 352.0 352.0 352.0 336.0 352.0 368.0 320.0 336.0 304.0 320.0 320.0 272.0 272.0 272.0 272.0 256.0 272.0 288.0 240.0 256.0 224.0 240.0 240.0 192.0 192.0 192.0 192.0 176.0 192.0 208.0 160.0 176.0 144.0 160.0 160.0 112.0 112.0 112.0 112.0 96.0 112.0 128.0 80.0 96.0 64.0 80.0 80.0 0 32.0 32.0 32.0 48.0 64.0 80.0 64.0 80.0 80.0 128.0 128.0 112.0 112.0 112.0 112.0 128.0 144.0 160.0 144.0 160.0 160.0 208.0 208.0 192.0 192.0 192.0 192.0 208.0 224.0 240.0 224.0 240.0 240.0 288.0 288.0 272.0 272.0 272.0 272.0 416.0 
432.0 432.0 432.0 432.0 416.0 432.0 448.0 400.0 416.0 384.0 400.0 400.0 352.0 352.0 352.0 352.0 336.0 352.0 368.0 320.0 336.0 304.0 320.0 320.0 272.0 272.0 272.0 272.0 256.0 272.0 288.0 240.0 256.0 224.0 240.0 240.0 192.0 192.0 192.0 192.0 176.0 192.0 208.0 160.0 176.0 144.0 160.0 160.0 112.0 112.0 112.0 112.0 96.0 112.0 128.0 80.0 96.0 64.0 80.0 80.0 32.0 0 32.0 32.0 48.0 64.0 80.0 64.0 80.0 80.0 128.0 128.0 112.0 112.0 112.0 112.0 128.0 144.0 160.0 144.0 160.0 160.0 208.0 208.0 192.0 192.0 192.0 192.0 208.0 224.0 240.0 224.0 240.0 240.0 288.0 288.0 272.0 272.0 272.0 272.0 416.0 
432.0 432.0 432.0 432.0 416.0 432.0 448.0 400.0 416.0 384.0 400.0 400.0 352.0 352.0 352.0 352.0 336.0 352.0 368.0 320.0 336.0 304.0 320.0 320.0 272.0 272.0 272.0 272.0 256.0 272.0 288.0 240.0 256.0 224.0 240.0 240.0 192.0 192.0 192.0 192.0 176.0 192.0 208.0 160.0 176.0 144.0 160.0 160.0 112.0 112.0 112.0 112.0 96.0 112.0 128.0 80.0 96.0 64.0 80.0 80.0 32.0 32.0 0 32.0 48.0 64.0 80.0 64.0 80.0 80.0 128.0 128.0 112.0 112.0 112.0 112.0 128.0 144.0 160.0 144.0 160.0 160.0 208.0 208.0 192.0 192.0 192.0 192.0 208.0 224.0 240.0 224.0 240.0 240.0 288.0 288.0 272.0 272.0 272.0 272.0 416.0 
432.0 432.0 432.0 432.0 416.0 432.0 448.0 400.0 416.0 384.0 400.0 400.0 352.0 352.0 352.0 352.0 336.0 352.0 368.0 320.0 336.0 304.0 320.0 320.0 272.0 272.0 272.0 272.0 256.0 272.0 288.0 240.0 256.0 224.0 240.0 240.0 192.0 192.0 192.0 192.0 176.0 192.0 208.0 160.0 176.0 144.0 160.0 160.0 112.0 112.0 112.0 112.0 96.0 112.0 128.0 80.0 96.0 64.0 80.0 80.0 32.0 32.0 32.0 0 48.0 64.0 80.0 64.0 80.0 80.0 128.0 128.0 112.0 112.0 112.0 112.0 128.0 144.0 160.0 144.0 160.0 160.0 208.0 208.0 192.0 192.0 192.0 192.0 208.0 224.0 240.0 224.0 240.0 240.0 288.0 288.0 272.0 272.0 272.0 272.0 416.0 
448.0 448.0 448.0 448.0 432.0 448.0 464.0 416.0 432.0 400.0 416.0 416.0 368.0 368.0 368.0 368.0 352.0 368.0 384.0 336.0 352.0 320.0 336.0 336.0 288.0 288.0 288.0 288.0 272.0 288.0 304.0 256.0 272.0 240.0 256.0 256.0 208.0 208.0 208.0 208.0 192.0 208.0 224.0 176.0 192.0 160.0 176.0 176.0 128.0 128.0 128.0 128.0 112.0 128.0 144.0 96.0 112.0 80.0 96.0 96.0 48.0 48.0 48.0 48.0 0 16.0 32.0 48.0 64.0 64.0 112.0 112.0 96.0 96.0 96.0 96.0 112.0 128.0 144.0 128.0 144.0 144.0 192.0 192.0 176.0 176.0 176.0 176.0 192.0 208.0 224.0 208.0 224.0 224.0 272.0 272.0 256.0 256.0 256.0 256.0 432.0 
464.0 464.0 464.0 464.0 448.0 464.0 480.0 432.0 448.0 416.0 432.0 432.0 384.0 384.0 384.0 384.0 368.0 384.0 400.0 352.0 368.0 336.0 352.0 352.0 304.0 304.0 304.0 304.0 288.0 304.0 320.0 272.0 288.0 256.0 272.0 272.0 224.0 224.0 224.0 224.0 208.0 224.0 240.0 192.0 208.0 176.0 192.0 192.0 144.0 144.0 144.0 144.0 128.0 144.0 160.0 112.0 128.0 96.0 112.0 112.0 64.0 64.0 64.0 64.0 16.0 0 16.0 64.0 80.0 80.0 128.0 128.0 112.0 112.0 112.0 112.0 128.0 144.0 160.0 144.0 160.0 160.0 208.0 208.0 192.0 192.0 192.0 192.0 208.0 224.0 240.0 224.0 240.0 240.0 288.0 288.0 272.0 272.0 272.0 272.0 448.0 
480.0 480.0 480.0 480.0 464.0 480.0 496.0 448.0 464.0 432.0 448.0 448.0 400.0 400.0 400.0 400.0 384.0 400.0 416.0 368.0 384.0 352.0 368.0 368.0 320.0 320.0 320.0 320.0 304.0 320.0 336.0 288.0 304.0 272.0 288.0 288.0 240.0 240.0 240.0 240.0 224.0 240.0 256.0 208.0 224.0 192.0 208.0 208.0 160.0 160.0 160.0 160.0 144.0 160.0 176.0 128.0 144.0 112.0 128.0 128.0 80.0 80.0 80.0 80.0 32.0 16.0 0 80.0 96.0 96.0 144.0 144.0 128.0 128.0 128.0 128.0 144.0 160.0 176.0 160.0 176.0 176.0 224.0 224.0 208.0 208.0 208.0 208.0 224.0 240.0 256.0 240.0 256.0 256.0 304.0 304.0 288.0 288.0 288.0 288.0 464.0 
464.0 464.0 464.0 464.0 448.0 464.0 480.0 432.0 448.0 416.0 432.0 432.0 384.0 384.0 384.0 384.0 368.0 384.0 400.0 352.0 368.0 336.0 352.0 352.0 304.0 304.0 304.0 304.0 288.0 304.0 320.0 272.0 288.0 256.0 272.0 272.0 224.0 224.0 224.0 224.0 208.0 224.0 240.0 192.0 208.0 176.0 192.0 192.0 144.0 144.0 144.0 144.0 128.0 144.0 160.0 112.0 128.0 96.0 112.0 112.0 64.0 64.0 64.0 64.0 48.0 64.0 80.0 0 16.0 48.0 96.0 96.0 80.0 80.0 80.0 80.0 96.0 112.0 128.0 112.0 128.0 128.0 176.0 176.0 160.0 160.0 160.0 160.0 176.0 192.0 208.0 192.0 208.0 208.0 256.0 256.0 240.0 240.0 240.0 240.0 448.0 
480.0 480.0 480.0 480.0 464.0 480.0 496.0 448.0 464.0 432.0 448.0 448.0 400.0 400.0 400.0 400.0 384.0 400.0 416.0 368.0 384.0 352.0 368.0 368.0 320.0 320.0 320.0 320.0 304.0 320.0 336.0 288.0 304.0 272.0 288.0 288.0 240.0 240.0 240.0 240.0 224.0 240.0 256.0 208.0 224.0 192.0 208.0 208.0 160.0 160.0 160.0 160.0 144.0 160.0 176.0 128.0 144.0 112.0 128.0 128.0 80.0 80.0 80.0 80.0 64.0 80.0 96.0 16.0 0 64.0 112.0 112.0 96.0 96.0 96.0 96.0 112.0 128.0 144.0 128.0 144.0 144.0 192.0 192.0 176.0 176.0 176.0 176.0 192.0 208.0 224.0 208.0 224.0 224.0 272.0 272.0 256.0 256.0 256.0 256.0 464.0 
480.0 480.0 480.0 480.0 464.0 480.0 496.0 448.0 464.0 432.0 448.0 448.0 400.0 400.0 400.0 400.0 384.0 400.0 416.0 368.0 384.0 352.0 368.0 368.0 320.0 320.0 320.0 320.0 304.0 320.0 336.0 288.0 304.0 272.0 288.0 288.0 240.0 240.0 240.0 240.0 224.0 240.0 256.0 208.0 224.0 192.0 208.0 208.0 160.0 160.0 160.0 160.0 144.0 160.0 176.0 128.0 144.0 112.0 128.0 128.0 80.0 80.0 80.0 80.0 64.0 80.0 96.0 48.0 64.0 0 80.0 80.0 64.0 64.0 64.0 64.0 80.0 96.0 112.0 96.0 112.0 112.0 160.0 160.0 144.0 144.0 144.0 144.0 160.0 176.0 192.0 176.0 192.0 192.0 240.0 240.0 224.0 224.0 224.0 224.0 464.0 
528.0 528.0 528.0 528.0 512.0 528.0 544.0 496.0 512.0 480.0 496.0 496.0 448.0 448.0 448.0 448.0 432.0 448.0 464.0 416.0 432.0 400.0 416.0 416.0 368.0 368.0 368.0 368.0 352.0 368.0 384.0 336.0 352.0 320.0 336.0 336.0 288.0 288.0 288.0 288.0 272.0 288.0 304.0 256.0 272.0 240.0 256.0 256.0 208.0 208.0 208.0 208.0 192.0 208.0 224.0 176.0 192.0 160.0 176.0 176.0 128.0 128.0 128.0 128.0 112.0 128.0 144.0 96.0 112.0 80.0 0 32.0 80.0 80.0 80.0 80.0 96.0 112.0 128.0 112.0 128.0 128.0 176.0 176.0 160.0 160.0 160.0 160.0 176.0 192.0 208.0 192.0 208.0 208.0 256.0 256.0 240.0 240.0 240.0 240.0 512.0 
528.0 528.0 528.0 528.0 512.0 528.0 544.0 496.0 512.0 480.0 496.0 496.0 448.0 448.0 448.0 448.0 432.0 448.0 464.0 416.0 432.0 400.0 416.0 416.0 368.0 368.0 368.0 368.0 352.0 368.0 384.0 336.0 352.0 320.0 336.0 336.0 288.0 288.0 288.0 288.0 272.0 288.0 304.0 256.0 272.0 240.0 256.0 256.0 208.0 208.0 208.0 208.0 192.0 208.0 224.0 176.0 192.0 160.0 176.0 176.0 128.0 128.0 128.0 128.0 112.0 128.0 144.0 96.0 112.0 80.0 32.0 0 80.0 80.0 80.0 80.0 96.0 112.0 128.0 112.0 128.0 128.0 176.0 176.0 160.0 160.0 160.0 160.0 176.0 192.0 208.0 192.0 208.0 208.0 256.0 256.0 240.0 240.0 240.0 240.0 512.0 
512.0 512.0 512.0 512.0 496.0 512.0 528.0 480.0 496.0 464.0 480.0 480.0 432.0 432.0 432.0 432.0 416.0 432.0 448.0 400.0 416.0 384.0 400.0 400.0 352.0 352.0 352.0 352.0 336.0 352.0 368.0 320.0 336.0 304.0 320.0 320.0 272.0 272.0 272.0 272.0 256.0 272.0 288.0 240.0 256.0 224.0 240.0 240.0 192.0 192.0 192.0 192.0 176.0 192.0 208.0 160.0 176.0 144.0 160.0 160.0 112.0 112.0 112.0 112.0 96.0 112.0 128.0 80.0 96.0 64.0 80.0 80.0 0 32.0 32.0 32.0 48.0 64.0 80.0 64.0 80.0 80.0 128.0 128.0 112.0 112.0 112.0 112.0 128.0 144.0 160.0 144.0 160.0 160.0 208.0 208.0 192.0 192.0 192.0 192.0 496.0 
512.0 512.0 512.0 512.0 496.0 512.0 528.0 480.0 496.0 464.0 480.0 480.0 432.0 432.0 432.0 432.0 416.0 432.0 448.0 400.0 416.0 384.0 400.0 400.0 352.0 352.0 352.0 352.0 336.0 352.0 368.0 320.0 336.0 304.0 320.0 320.0 272.0 272.0 272.0 272.0 256.0 272.0 288.0 240.0 256.0 224.0 240.0 240.0 192.0 192.0 192.0 192.0 176.0 192.0 208.0 160.0 176.0 144.0 160.0 160.0 112.0 112.0 112.0 112.0 96.0 112.0 128.0 80.0 96.0 64.0 80.0 80.0 32.0 0 32.0 32.0 48.0 64.0 80.0 64.0 80.0 80.0 128.0 128.0 112.0 112.0 112.0 112.0 128.0 144.0 160.0 144.0 160.0 160.0 208.0 208.0 192.0 192.0 192.0 192.0 496.0 
512.0 512.0 512.0 512.0 496.0 512.0 528.0 480.0 496.0 464.0 480.0 480.0 432.0 432.0 432.0 432.0 416.0 432.0 448.0 400.0 416.0 384.0 400.0 400.0 352.0 352.0 352.0 352.0 336.0 352.0 368.0 320.0 336.0 304.0 320.0 320.0 272.0 272.0 272.0 272.0 256.0 272.0 288.0 240.0 256.0 224.0 240.0 240.0 192.0 192.0 192.0 192.0 176.0 192.0 208.0 160.0 176.0 144.0 160.0 160.0 112.0 112.0 112.0 112.0 96.0 112.0 128.0 80.0 96.0 64.0 80.0 80.0 32.0 32.0 0 32.0 48.0 64.0 80.0 64.0 80.0 80.0 128.0 128.0 112.0 112.0 112.0 112.0 128.0 144.0 160.0 144.0 160.0 160.0 208.0 208.0 192.0 192.0 192.0 192.0 496.0 
512.0 512.0 512.0 512.0 496.0 512.0 528.0 480.0 496.0 464.0 480.0 480.0 432.0 432.0 432.0 432.0 416.0 432.0 448.0 400.0 416.0 384.0 400.0 400.0 352.0 352.0 352.0 352.0 336.0 352.0 368.0 320.0 336.0 304.0 320.0 320.0 272.0 272.0 272.0 272.0 256.0 272.0 288.0 240.0 256.0 224.0 240.0 240.0 192.0 192.0 192.0 192.0 176.0 192.0 208.0 160.0 176.0 144.0 160.0 160.0 112.0 112.0 112.0 112.0 96.0 112.0 128.0 80.0 96.0 64.0 80.0 80.0 32.0 32.0 32.0 0 48.0 64.0 80.0 64.0 80.0 80.0 128.0 128.0 112.0 112.0 112.0 112.0 128.0 144.0 160.0 144.0 160.0 160.0 208.0 208.0 192.0 192.0 192.0 192.0 496.0 
528.0 528.0 528.0 528.0 512.0 528.0 544.0 496.0 512.0 480.0 496.0 496.0 448.0 448.0 448.0 448.0 432.0 448.0 464.0 416.0 432.0 400.0 416.0 416.0 368.0 368.0 368.0 368.0 352.0 368.0 384.0 336.0 352.0 320.0 336.0 336.0 288.0 288.0 288.0 288.0 272.0 288.0 304.0 256.0 272.0 240.0 256.0 256.0 208.0 208.0 208.0 208.0 192.0 208.0 224.0 176.0 192.0 160.0 176.0 176.0 128.0 128.0 128.0 128.0 112.0 128.0 144.0 96.0 112.0 80.0 96.0 96.0 48.0 48.0 48.0 48.0 0 16.0 32.0 48.0 64.0 64.0 112.0 112.0 96.0 96.0 96.0 96.0 112.0 128.0 144.0 128.0 144.0 144.0 192.0 192.0 176.0 176.0 176.0 176.0 512.0 
544.0 544.0 544.0 544.0 528.0 544.0 560.0 512.0 528.0 496.0 512.0 512.0 464.0 464.0 464.0 464.0 448.0 464.0 480.0 432.0 448.0 416.0 432.0 432.0 384.0 384.0 384.0 384.0 368.0 384.0 400.0 352.0 368.0 336.0 352.0 352.0 304.0 304.0 304.0 304.0 288.0 304.0 320.0 272.0 288.0 256.0 272.0 272.0 224.0 224.0 224.0 224.0 208.0 224.0 240.0 192.0 208.0 176.0 192.0 192.0 144.0 144.0 144.0 144.0 128.0 144.0 160.0 112.0 128.0 96.0 112.0 112.0 64.0 64.0 64.0 64.0 16.0 0 16.0 64.0 80.0 80.0 128.0 128.0 112.0 112.0 112.0 112.0 128.0 144.0 160.0 144.0 160.0 160.0 208.0 208.0 192.0 192.0 192.0 192.0 528.0 
560.0 560.0 560.0 560.0 544.0 560.0 576.0 528.0 544.0 512.0 528.0 528.0 480.0 480.0 480.0 480.0 464.0 480.0 496.0 448.0 464.0 432.0 448.0 448.0 400.0 400.0 400.0 400.0 384.0 400.0 416.0 368.0 384.0 352.0 368.0 368.0 320.0 320.0 320.0 320.0 304.0 320.0 336.0 288.0 304.0 272.0 288.0 288.0 240.0 240.0 240.0 240.0 224.0 240.0 256.0 208.0 224.0 192.0 208.0 208.0 160.0 160.0 160.0 160.0 144.0 160.0 176.0 128.0 144.0 112.0 128.0 128.0 80.0 80.0 80.0 80.0 32.0 16.0 0 80.0 96.0 96.0 144.0 144.0 128.0 128.0 128.0 128.0 144.0 160.0 176.0 160.0 176.0 176.0 224.0 224.0 208.0 208.0 208.0 208.0 544.0 
544.0 544.0 544.0 544.0 528.0 544.0 560.0 512.0 528.0 496.0 512.0 512.0 464.0 464.0 464.0 464.0 448.0 464.0 480.0 432.0 448.0 416.0 432.0 432.0 384.0 384.0 384.0 384.0 368.0 384.0 400.0 352.0 368.0 336.0 352.0 352.0 304.0 304.0 304.0 304.0 288.0 304.0 320.0 272.0 288.0 256.0 272.0 272.0 224.0 224.0 224.0 224.0 208.0 224.0 240.0 192.0 208.0 176.0 192.0 192.0 144.0 144.0 144.0 144.0 128.0 144.0 160.0 112.0 128.0 96.0 112.0 112.0 64.0 64.0 64.0 64.0 48.0 64.0 80.0 0 16.0 48.0 96.0 96.0 80.0 80.0 80.0 80.0 96.0 112.0 128.0 112.0 128.0 128.0 176.0 176.0 160.0 160.0 160.0 160.0 528.0 
560.0 560.0 560.0 560.0 544.0 560.0 576.0 528.0 544.0 512.0 528.0 528.0 480.0 480.0 480.0 480.0 464.0 480.0 496.0 448.0 464.0 432.0 448.0 448.0 400.0 400.0 400.0 400.0 384.0 400.0 416.0 368.0 384.0 352.0 368.0 368.0 320.0 320.0 320.0 320.0 304.0 320.0 336.0 288.0 304.0 272.0 288.0 288.0 240.0 240.0 240.0 240.0 224.0 240.0 256.0 208.0 224.0 192.0 208.0 208.0 160.0 160.0 160.0 160.0 144.0 160.0 176.0 128.0 144.0 112.0 128.0 128.0 80.0 80.0 80.0 80.0 64.0 80.0 96.0 16.0 0 64.0 112.0 112.0 96.0 96.0 96.0 96.0 112.0 128.0 144.0 128.0 144.0 144.0 192.0 192.0 176.0 176.0 176.0 176.0 544.0 
560.0 560.0 560.0 560.0 544.0 560.0 576.0 528.0 544.0 512.0 528.0 528.0 480.0 480.0 480.0 480.0 464.0 480.0 496.0 448.0 464.0 432.0 448.0 448.0 400.0 400.0 400.0 400.0 384.0 400.0 416.0 368.0 384.0 352.0 368.0 368.0 320.0 320.0 320.0 320.0 304.0 320.0 336.0 288.0 304.0 272.0 288.0 288.0 240.0 240.0 240.0 240.0 224.0 240.0 256.0 208.0 224.0 192.0 208.0 208.0 160.0 160.0 160.0 160.0 144.0 160.0 176.0 128.0 144.0 112.0 128.0 128.0 80.0 80.0 80.0 80.0 64.0 80.0 96.0 48.0 64.0 0 80.0 80.0 64.0 64.0 64.0 64.0 80.0 96.0 112.0 96.0 112.0 112.0 160.0 160.0 144.0 144.0 144.0 144.0 544.0 
608.0 608.0 608.0 608.0 592.0 608.0 624.0 576.0 592.0 560.0 576.0 576.0 528.0 528.0 528.0 528.0 512.0 528.0 544.0 496.0 512.0 480.0 496.0 496.0 448.0 448.0 448.0 448.0 432.0 448.0 464.0 416.0 432.0 400.0 416.0 416.0 368.0 368.0 368.0 368.0 352.0 368.0 384.0 336.0 352.0 320.0 336.0 336.0 288.0 288.0 288.0 288.0 272.0 288.0 304.0 256.0 272.0 240.0 256.0 256.0 208.0 208.0 208.0 208.0 192.0 208.0 224.0 176.0 192.0 160.0 176.0 176.0 128.0 128.0 128.0 128.0 112.0 128.0 144.0 96.0 112.0 80.0 0 32.0 80.0 80.0 80.0 80.0 96.0 112.0 128.0 112.0 128.0 128.0 176.0 176.0 160.0 160.0 160.0 160.0 592.0 
608.0 608.0 608.0 608.0 592.0 608.0 624.0 576.0 592.0 560.0 576.0 576.0 528.0 528.0 528.0 528.0 512.0 528.0 544.0 496.0 512.0 480.0 496.0 496.0 448.0 448.0 448.0 448.0 432.0 448.0 464.0 416.0 432.0 400.0 416.0 416.0 368.0 368.0 368.0 368.0 352.0 368.0 384.0 336.0 352.0 320.0 336.0 336.0 288.0 288.0 288.0 288.0 272.0 288.0 304.0 256.0 272.0 240.0 256.0 256.0 208.0 208.0 208.0 208.0 192.0 208.0 224.0 176.0 192.0 160.0 176.0 176.0 128.0 128.0 128.0 128.0 112.0 128.0 144.0 96.0 112.0 80.0 32.0 0 80.0 80.0 80.0 80.0 96.0 112.0 128.0 112.0 128.0 128.0 176.0 176.0 160.0 160.0 160.0 160.0 592.0 
592.0 592.0 592.0 592.0 576.0 592.0 608.0 560.0 576.0 544.0 560.0 560.0 512.0 512.0 512.0 512.0 496.0 512.0 528.0 480.0 496.0 464.0 480.0 480.0 432.0 432.0 432.0 432.0 416.0 432.0 448.0 400.0 416.0 384.0 400.0 400.0 352.0 352.0 352.0 352.0 336.0 352.0 368.0 320.0 336.0 304.0 320.0 320.0 272.0 272.0 272.0 272.0 256.0 272.0 288.0 240.0 256.0 224.0 240.0 240.0 192.0 192.0 192.0 192.0 176.0 192.0 208.0 160.0 176.0 144.0 160.0 160.0 112.0 112.0 112.0 112.0 96.0 112.0 128.0 80.0 96.0 64.0 80.0 80.0 0 32.0 32.0 32.0 48.0 64.0 80.0 64.0 80.0 80.0 128.0 128.0 112.0 112.0 112.0 112.0 576.0 
592.0 592.0 592.0 592.0 576.0 592.0 608.0 560.0 576.0 544.0 560.0 560.0 512.0 512.0 512.0 512.0 496.0 512.0 528.0 480.0 496.0 464.0 480.0 480.0 432.0 432.0 432.0 432.0 416.0 432.0 448.0 400.0 416.0 384.0 400.0 400.0 352.0 352.0 352.0 352.0 336.0 352.0 368.0 320.0 336.0 304.0 320.0 320.0 272.0 272.0 272.0 272.0 256.0 272.0 288.0 240.0 256.0 224.0 240.0 240.0 192.0 192.0 192.0 192.0 176.0 192.0 208.0 160.0 176.0 144.0 160.0 160.0 112.0 112.0 112.0 112.0 96.0 112.0 128.0 80.0 96.0 64.0 80.0 80.0 32.0 0 32.0 32.0 48.0 64.0 80.0 64.0 80.0 80.0 128.0 128.0 112.0 112.0 112.0 112.0 576.0 
592.0 592.0 592.0 592.0 576.0 592.0 608.0 560.0 576.0 544.0 560.0 560.0 512.0 512.0 512.0 512.0 496.0 512.0 528.0 480.0 496.0 464.0 480.0 480.0 432.0 432.0 432.0 432.0 416.0 432.0 448.0 400.0 416.0 384.0 400.0 400.0 352.0 352.0 352.0 352.0 336.0 352.0 368.0 320.0 336.0 304.0 320.0 320.0 272.0 272.0 272.0 272.0 256.0 272.0 288.0 240.0 256.0 224.0 240.0 240.0 192.0 192.0 192.0 192.0 176.0 192.0 208.0 160.0 176.0 144.0 160.0 160.0 112.0 112.0 112.0 112.0 96.0 112.0 128.0 80.0 96.0 64.0 80.0 80.0 32.0 32.0 0 32.0 48.0 64.0 80.0 64.0 80.0 80.0 128.0 128.0 112.0 112.0 112.0 112.0 576.0 
592.0 592.0 592.0 592.0 576.0 592.0 608.0 560.0 576.0 544.0 560.0 560.0 512.0 512.0 512.0 512.0 496.0 512.0 528.0 480.0 496.0 464.0 480.0 480.0 432.0 432.0 432.0 432.0 416.0 432.0 448.0 400.0 416.0 384.0 400.0 400.0 352.0 352.0 352.0 352.0 336.0 352.0 368.0 320.0 336.0 304.0 320.0 320.0 272.0 272.0 272.0 272.0 256.0 272.0 288.0 240.0 256.0 224.0 240.0 240.0 192.0 192.0 192.0 192.0 176.0 192.0 208.0 160.0 176.0 144.0 160.0 160.0 112.0 112.0 112.0 112.0 96.0 112.0 128.0 80.0 96.0 64.0 80.0 80.0 32.0 32.0 32.0 0 48.0 64.0 80.0 64.0 80.0 80.0 128.0 128.0 112.0 112.0 112.0 112.0 576.0 
608.0 608.0 608.0 608.0 592.0 608.0 624.0 576.0 592.0 560.0 576.0 576.0 528.0 528.0 528.0 528.0 512.0 528.0 544.0 496.0 512.0 480.0 496.0 496.0 448.0 448.0 448.0 448.0 432.0 448.0 464.0 416.0 432.0 400.0 416.0 416.0 368.0 368.0 368.0 368.0 352.0 368.0 384.0 336.0 352.0 320.0 336.0 336.0 288.0 288.0 288.0 288.0 272.0 288.0 304.0 256.0 272.0 240.0 256.0 256.0 208.0 208.0 208.0 208.0 192.0 208.0 224.0 176.0 192.0 160.0 176.0 176.0 128.0 128.0 128.0 128.0 112.0 128.0 144.0 96.0 112.0 80.0 96.0 96.0 48.0 48.0 48.0 48.0 0 16.0 32.0 48.0 64.0 64.0 112.0 112.0 96.0 96.0 96.0 96.0 592.0 
624.0 624.0 624.0 624.0 608.0 624.0 640.0 592.0 608.0 576.0 592.0 592.0 544.0 544.0 544.0 544.0 528.0 544.0 560.0 512.0 528.0 496.0 512.0 512.0 464.0 464.0 464.0 464.0 448.0 464.0 480.0 432.0 448.0 416.0 432.0 432.0 384.0 384.0 384.0 384.0 368.0 384.0 400.0 352.0 368.0 336.0 352.0 352.0 304.0 304.0 304.0 304.0 288.0 304.0 320.0 272.0 288.0 256.0 272.0 272.0 224.0 224.0 224.0 224.0 208.0 224.0 240.0 192.0 208.0 176.0 192.0 192.0 144.0 144.0 144.0 144.0 128.0 144.0 160.0 112.0 128.0 96.0 112.0 112.0 64.0 64.0 64.0 64.0 16.0 0 16.0 64.0 80.0 80.0 128.0 128.0 112.0 112.0 112.0 112.0 608.0 
640.0 640.0 640.0 640.0 624.0 640.0 656.0 608.0 624.0 592.0 608.0 608.0 560.0 560.0 560.0 560.0 544.0 560.0 576.0 528.0 544.0 512.0 528.0 528.0 480.0 480.0 480.0 480.0 464.0 480.0 496.0 448.0 464.0 432.0 448.0 448.0 400.0 400.0 400.0 400.0 384.0 400.0 416.0 368.0 384.0 352.0 368.0 368.0 320.0 320.0 320.0 320.0 304.0 320.0 336.0 288.0 304.0 272.0 288.0 288.0 240.0 240.0 240.0 240.0 224.0 240.0 256.0 208.0 224.0 192.0 208.0 208.0 160.0 160.0 160.0 160.0 144.0 160.0 176.0 128.0 144.0 112.0 128.0 128.0 80.0 80.0 80.0 80.0 32.0 16.0 0 80.0 96.0 96.0 144.0 144.0 128.0 128.0 128.0 128.0 624.0 
624.0 624.0 624.0 624.0 608.0 624.0 640.0 592.0 608.0 576.0 592.0 592.0 544.0 544.0 544.0 544.0 528.0 544.0 560.0 512.0 528.0 496.0 512.0 512.0 464.0 464.0 464.0 464.0 448.0 464.0 480.0 432.0 448.0 416.0 432.0 432.0 384.0 384.0 384.0 384.0 368.0 384.0 400.0 352.0 368.0 336.0 352.0 352.0 304.0 304.0 304.0 304.0 288.0 304.0 320.0 272.0 288.0 256.0 272.0 272.0 224.0 224.0 224.0 224.0 208.0 224.0 240.0 192.0 208.0 176.0 192.0 192.0 144.0 144.0 144.0 144.0 128.0 144.0 160.0 112.0 128.0 96.0 112.0 112.0 64.0 64.0 64.0 64.0 48.0 64.0 80.0 0 16.0 48.0 96.0 96.0 80.0 80.0 80.0 80.0 608.0 
640.0 640.0 640.0 640.0 624.0 640.0 656.0 608.0 624.0 592.0 608.0 608.0 560.0 560.0 560.0 560.0 544.0 560.0 576.0 528.0 544.0 512.0 528.0 528.0 480.0 480.0 480.0 480.0 464.0 480.0 496.0 448.0 464.0 432.0 448.0 448.0 400.0 400.0 400.0 400.0 384.0 400.0 416.0 368.0 384.0 352.0 368.0 368.0 320.0 320.0 320.0 320.0 304.0 320.0 336.0 288.0 304.0 272.0 288.0 288.0 240.0 240.0 240.0 240.0 224.0 240.0 256.0 208.0 224.0 192.0 208.0 208.0 160.0 160.0 160.0 160.0 144.0 160.0 176.0 128.0 144.0 112.0 128.0 128.0 80.0 80.0 80.0 80.0 64.0 80.0 96.0 16.0 0 64.0 112.0 112.0 96.0 96.0 96.0 96.0 624.0 
640.0 640.0 640.0 640.0 624.0 640.0 656.0 608.0 624.0 592.0 608.0 608.0 560.0 560.0 560.0 560.0 544.0 560.0 576.0 528.0 544.0 512.0 528.0 528.0 480.0 480.0 480.0 480.0 464.0 480.0 496.0 448.0 464.0 432.0 448.0 448.0 400.0 400.0 400.0 400.0 384.0 400.0 416.0 368.0 384.0 352.0 368.0 368.0 320.0 320.0 320.0 320.0 304.0 320.0 336.0 288.0 304.0 272.0 288.0 288.0 240.0 240.0 240.0 240.0 224.0 240.0 256.0 208.0 224.0 192.0 208.0 208.0 160.0 160.0 160.0 160.0 144.0 160.0 176.0 128.0 144.0 112.0 128.0 128.0 80.0 80.0 80.0 80.0 64.0 80.0 96.0 48.0 64.0 0 80.0 80.0 64.0 64.0 64.0 64.0 624.0 
688.0 688.0 688.0 688.0 672.0 688.0 704.0 656.0 672.0 640.0 656.0 656.0 608.0 608.0 608.0 608.0 592.0 608.0 624.0 576.0 592.0 560.0 576.0 576.0 528.0 528.0 528.0 528.0 512.0 528.0 544.0 496.0 512.0 480.0 496.0 496.0 448.0 448.0 448.0 448.0 432.0 448.0 464.0 416.0 432.0 400.0 416.0 416.0 368.0 368.0 368.0 368.0 352.0 368.0 384.0 336.0 352.0 320.0 336.0 336.0 288.0 288.0 288.0 288.0 272.0 288.0 304.0 256.0 272.0 240.0 256.0 256.0 208.0 208.0 208.0 208.0 192.0 208.0 224.0 176.0 192.0 160.0 176.0 176.0 128.0 128.0 128.0 128.0 112.0 128.0 144.0 96.0 112.0 80.0 0 32.0 80.0 80.0 80.0 80.0 672.0 
688.0 688.0 688.0 688.0 672.0 688.0 704.0 656.0 672.0 640.0 656.0 656.0 608.0 608.0 608.0 608.0 592.0 608.0 624.0 576.0 592.0 560.0 576.0 576.0 528.0 528.0 528.0 528.0 512.0 528.0 544.0 496.0 512.0 480.0 496.0 496.0 448.0 448.0 448.0 448.0 432.0 448.0 464.0 416.0 432.0 400.0 416.0 416.0 368.0 368.0 368.0 368.0 352.0 368.0 384.0 336.0 352.0 320.0 336.0 336.0 288.0 288.0 288.0 288.0 272.0 288.0 304.0 256.0 272.0 240.0 256.0 256.0 208.0 208.0 208.0 208.0 192.0 208.0 224.0 176.0 192.0 160.0 176.0 176.0 128.0 128.0 128.0 128.0 112.0 128.0 144.0 96.0 112.0 80.0 32.0 0 80.0 80.0 80.0 80.0 672.0 
672.0 672.0 672.0 672.0 656.0 672.0 688.0 640.0 656.0 624.0 640.0 640.0 592.0 592.0 592.0 592.0 576.0 592.0 608.0 560.0 576.0 544.0 560.0 560.0 512.0 512.0 512.0 512.0 496.0 512.0 528.0 480.0 496.0 464.0 480.0 480.0 432.0 432.0 432.0 432.0 416.0 432.0 448.0 400.0 416.0 384.0 400.0 400.0 352.0 352.0 352.0 352.0 336.0 352.0 368.0 320.0 336.0 304.0 320.0 320.0 272.0 272.0 272.0 272.0 256.0 272.0 288.0 240.0 256.0 224.0 240.0 240.0 192.0 192.0 192.0 192.0 176.0 192.0 208.0 160.0 176.0 144.0 160.0 160.0 112.0 112.0 112.0 112.0 96.0 112.0 128.0 80.0 96.0 64.0 80.0 80.0 0 32.0 32.0 32.0 656.0 
672.0 672.0 672.0 672.0 656.0 672.0 688.0 640.0 656.0 624.0 640.0 640.0 592.0 592.0 592.0 592.0 576.0 592.0 608.0 560.0 576.0 544.0 560.0 560.0 512.0 512.0 512.0 512.0 496.0 512.0 528.0 480.0 496.0 464.0 480.0 480.0 432.0 432.0 432.0 432.0 416.0 432.0 448.0 400.0 416.0 384.0 400.0 400.0 352.0 352.0 352.0 352.0 336.0 352.0 368.0 320.0 336.0 304.0 320.0 320.0 272.0 272.0 272.0 272.0 256.0 272.0 288.0 240.0 256.0 224.0 240.0 240.0 192.0 192.0 192.0 192.0 176.0 192.0 208.0 160.0 176.0 144.0 160.0 160.0 112.0 112.0 112.0 112.0 96.0 112.0 128.0 80.0 96.0 64.0 80.0 80.0 32.0 0 32.0 32.0 656.0 
672.0 672.0 672.0 672.0 656.0 672.0 688.0 640.0 656.0 624.0 640.0 640.0 592.0 592.0 592.0 592.0 576.0 592.0 608.0 560.0 576.0 544.0 560.0 560.0 512.0 512.0 512.0 512.0 496.0 512.0 528.0 480.0 496.0 464.0 480.0 480.0 432.0 432.0 432.0 432.0 416.0 432.0 448.0 400.0 416.0 384.0 400.0 400.0 352.0 352.0 352.0 352.0 336.0 352.0 368.0 320.0 336.0 304.0 320.0 320.0 272.0 272.0 272.0 272.0 256.0 272.0 288.0 240.0 256.0 224.0 240.0 240.0 192.0 192.0 192.0 192.0 176.0 192.0 208.0 160.0 176.0 144.0 160.0 160.0 112.0 112.0 112.0 112.0 96.0 112.0 128.0 80.0 96.0 64.0 80.0 80.0 32.0 32.0 0 32.0 656.0 
672.0 672.0 672.0 672.0 656.0 672.0 688.0 640.0 656.0 624.0 640.0 640.0 592.0 592.0 592.0 592.0 576.0 592.0 608.0 560.0 576.0 544.0 560.0 560.0 512.0 512.0 512.0 512.0 496.0 512.0 528.0 480.0 496.0 464.0 480.0 480.0 432.0 432.0 432.0 432.0 416.0 432.0 448.0 400.0 416.0 384.0 400.0 400.0 352.0 352.0 352.0 352.0 336.0 352.0 368.0 320.0 336.0 304.0 320.0 320.0 272.0 272.0 272.0 272.0 256.0 272.0 288.0 240.0 256.0 224.0 240.0 240.0 192.0 192.0 192.0 192.0 176.0 192.0 208.0 160.0 176.0 144.0 160.0 160.0 112.0 112.0 112.0 112.0 96.0 112.0 128.0 80.0 96.0 64.0 80.0 80.0 32.0 32.0 32.0 0 656.0 
16.0 16.0 16.0 16.0 32.0 48.0 64.0 48.0 64.0 64.0 112.0 112.0 96.0 96.0 96.0 96.0 112.0 128.0 144.0 128.0 144.0 144.0 192.0 192.0 176.0 176.0 176.0 176.0 192.0 208.0 224.0 208.0 224.0 224.0 272.0 272.0 256.0 256.0 256.0 256.0 272.0 288.0 304.0 288.0 304.0 304.0 352.0 352.0 336.0 336.0 336.0 336.0 352.0 368.0 384.0 368.0 384.0 384.0 432.0 432.0 416.0 416.0 416.0 416.0 432.0 448.0 464.0 448.0 464.0 464.0 512.0 512.0 496.0 496.0 496.0 496.0 512.0 528.0 544.0 528.0 544.0 544.0 592.0 592.0 576.0 576.0 576.0 576.0 592.0 608.0 624.0 608.0 624.0 624.0 672.0 672.0 656.0 656.0 656.0 656.0 0 
