25
Philadelphia LasVegas FortWorth Portland Memphis Tulsa Fresno SanFrancisco Columbus Atlanta Seattle SanJose Phoenix ElPaso Tucson LongBeach VirginiaBeach Albuquerque Indianapolis Austin Minneapolis Louisville Boston LosAngeles Jacksonville
0 104468259.90781 82443120.9805 167923141.49352002 212686806.90726 81746256.8391 199787020.54878998 127459280.74413 113938013.80020002 150284351.46421 195617617.24317002 119911220.72433999 48080752.658 188867374.29308 160876397.31113 79156422.49467 89847519.8713 50155432.6684 188748416.07037997 170533935.34342 52246987.878690004 131773256.49492002 87832304.32768 211239817.31701 123329807.26206 
104468259.90781 0 160208214.63685 160004342.10038 213820448.44953 142477126.12656 209045538.02507 104562384.09848 169076698.71821 138267000.62821 91149357.33536 183583707.69724 125845846.31435 210802330.25388002 217706529.73923 80290064.03694 194315779.77911 127920526.32474999 252420903.04328 171667576.88569 156715247.7865 170476250.03328001 142970989.24569 274374109.08651 165221544.83036 
82443120.98050001 160208214.63685 0 144710108.49812 198752487.81799 67339324.15143 211548010.30145 174474089.43432 93938896.74307999 140769472.90459 187626028.51257002 37468099.74384 34362368.3225 197801809.74194 142568727.7641 134896377.22371 172290640.85180002 105895387.39744 106305295.08987999 160418086.12668 96838593.11184 108560223.49952 66510691.47959 128796696.33650999 146709916.38861 
167923141.49352 160004342.10038 144710108.49812 0 226540655.74743 181673378.46538 203391800.83943 166317879.9723 167518186.02336 132613263.44257 68854984.76502 182178208.24196002 143566254.13746 221771507.79885 170439162.68037 220376397.73672998 250362955.33799 191375407.91046 251015403.588 184387784.18359 211172647.42579 100404014.0375 175714577.29455 273506804.83463 159567807.64472 
212686806.90726 213820448.44953 198752487.81799 226540655.74743003 0 135231633.53908998 221971916.48804998 184897995.62091997 172627248.7751 151193379.09118998 271290450.03344 161284388.07415 232295367.10977998 175329762.87256 123997417.75408 133530384.41259 203921210.4117 180362983.31221998 92447192.72811 42152871.56384 164730902.49949998 183402628.49626 201897106.5257 86232087.1413 124238834.88904 
81746256.8391 142477126.12656 67339324.15143 181673378.46538 135231633.53909 0 177103673.83619 140029752.96906 60676845.60769 106325136.43933 159340046.86603 94278753.58794 97063733.57069 130462485.59051 79130140.47203 139791697.45176 136537442.86671 45131349.77313 163115948.93398 93078761.97525 29499268.96041 138534385.8444 83630660.53745 185607350.18061 79370592.23718 
199787020.54878998 209045538.02506998 211548010.30145 203391800.83943003 221971916.48805 177103673.83619 0 104483153.92659 214500254.44201 70778537.39686 272246785.60445005 202856382.87808 210404155.94079 210723100.08199 165870423.42099 201692943.74048 239314547.62113 222235023.60931998 271693578.22412 179819044.92421 168815900.98238 102987786.80193001 242552479.09788 282525577.12503 97733081.59901 
127459280.74412999 104562384.09848 174474089.43432 166317879.9723 184897995.62092 140029752.96906 104483153.92659 0 177426333.57488 33704616.52973 195711741.43384 206574728.53356 148836867.15067 106239946.15540001 128796502.55386 179912536.98734 134831393.69454002 150911547.16107 228140861.61694002 142745124.05708 131741980.11524999 65913865.9348 165962010.08201 205649460.37031 60659160.731879994 
113938013.80020002 169076698.71821 93938896.74307999 167518186.02336 172627248.7751 60676845.60769 214500254.44201 177426333.57487997 0 143721717.04514998 98663201.25834 131406996.48692 128301265.06558 167858100.82652 48629831.02102 166391270.04341 147736606.90058 105808195.38082 200244191.83296 130474377.21125999 90176114.5681 175930966.45022 110230233.12910001 222735593.07959002 116767172.843 
150284351.46421 138267000.62821 140769472.90459 132613263.44257 151193379.09119 106325136.43933 70778537.39686 33704616.52973 143721717.04515 0 201468248.20758998 178237572.64843002 139625618.54393 139944562.68513 95091886.02413 200418020.3761 168536010.22427 151456486.21245998 217962145.31498 109040507.52735001 98037363.58552 32209249.40507 171773941.70102 211747039.72816998 26954544.20215 
195617617.24317002 91149357.33536 187626028.51257 68854984.76502 271290450.03344 159340046.86602998 272246785.60445 195711741.43384 98663201.25834 201468248.20759 0 225094128.25641 186482174.15190998 266521302.08486 147293032.27936 171439421.3723 246399808.15892 204471396.63915998 293931323.60245 229137578.4696 188839315.82643998 169258998.80252 208893434.38743997 316422724.84908 215430374.10134 
119911220.72433999 183583707.69724 37468099.74384 182178208.24196 161284388.07415003 94278753.58794 202856382.87808 206574728.53355998 131406996.48692 178237572.64843002 225094128.25641 0 71830468.06634 190738110.80758 173408894.05997 106009435.4116 209758740.59564 139410103.36107 68837195.34604 177758833.13367 123778022.54835 146028323.24336 40612718.45155 91328596.59267 173649345.82512 
48080752.658 125845846.31435001 34362368.3225 143566254.13746 232295367.10977998 97063733.57069 210404155.94079 148836867.15067 128301265.06557998 139625618.54393 186482174.15191 71830468.06634 0 227526219.1612 176193874.04272 100534008.90121001 137928272.5293 71533019.07494 140667663.41237998 190142495.54593998 100327740.53669 107416369.13885999 65366837.118930005 163159064.65901 166580162.74607998 
188867374.29308 210802330.25388 197801809.74194 221771507.79885 175329762.87256 130462485.59051 210723100.08199 106239946.15540001 167858100.82652 139944562.68513 266521302.08486 190738110.80758 227526219.1612 0 119228269.8055 224554404.15747 99019854.42178 175593835.36364 121900915.46154 133176891.30872 159961754.55092 172153812.0902 214093146.12795997 99409514.21491 119469686.94046 
160876397.31113 217706529.73923 142568727.76410002 170439162.68037 123997417.75408 79130140.47203 165870423.42099 128796502.55386001 48629831.02102 95091886.02413 147293032.27936 173408894.05997002 176193874.04272 119228269.8055 0 173222059.03899 147819717.34464002 124261490.24516 190766183.97787 81844546.19024 108629409.43244 127301135.4292 158860064.15012002 184551078.39106 68137341.82198 
79156422.49467 80290064.03694 134896377.22371 220376397.73672998 133530384.41259 139791697.45176 201692943.74048 179912536.98734 166391270.04341 200418020.37609997 171439421.3723 106009435.4116 100534008.90121001 224554404.15747 173222059.03899 0 169003942.36597002 102608688.91161 174846630.75764 91377512.84875 131403410.37336001 184226512.73813 140285560.57089 194084045.04957 173463476.17395 
89847519.8713 194315779.77910998 172290640.85179996 250362955.33799 203921210.4117 136537442.86671 239314547.62113002 134831393.69454002 147736606.90058 168536010.22427002 246399808.15892 209758740.59563997 137928272.52929997 99019854.42178 147819717.34464002 169003942.36597 0 140002952.53969997 220920769.88332003 161768338.84786 107078143.83976 200745259.62934002 177679824.19897997 198429368.63669002 148061134.4796 
50155432.6684 127920526.32475 105895387.39744 191375407.91046 180362983.31222 45131349.77313 222235023.60931998 150911547.16107 105808195.38082 151456486.21245998 204471396.63916 139410103.36107 71533019.07494 175593835.36364 124261490.24516 102608688.91161 140002952.5397 0 208247298.70711 138210111.74838 74630618.73354 155225522.91186 111284570.74462 230738699.95374 124501942.01031 
188748416.07038 252420903.04327998 106305295.08987999 251015403.588 92447192.72811 163115948.93398 271693578.22412 228140861.61694 200244191.83295998 217962145.31498 293931323.60245 68837195.34604 140667663.41237998 121900915.46154 190766183.97787002 174846630.75764 220920769.88331997 208247298.70711 0 108921637.78763 192615217.89439 214865518.5894 109449913.79758999 22491401.24663 191007601.11283 
170533935.34342 171667576.88568997 160418086.12668002 184387784.18359 42152871.56384 93078761.97525 179819044.92421 142745124.05708 130474377.21125999 109040507.52735 229137578.4696 177758833.13367 190142495.54594 133176891.30872 81844546.19024 91377512.84875 161768338.84785998 138210111.74838 108921637.78763 0 122578030.93566 141249756.93242 176709422.51270002 102706532.20082 82085963.32519999 
52246987.878690004 156715247.7865 96838593.11184 211172647.42579 164730902.4995 29499268.96041 168815900.98238 131741980.11524999 90176114.5681 98037363.58552 188839315.82644 123778022.54835 100327740.53669 159961754.55092 108629409.43244 131403410.37336001 107078143.83976 74630618.73354 192615217.89439 122578030.93566 0 130246612.99059 113129929.49786 215106619.14102 71082819.38337 
131773256.49492002 170476250.03328001 108560223.49952 100404014.0375 183402628.49626 138534385.8444 102987786.80193001 65913865.9348 175930966.45022 32209249.40507 169258998.80251998 146028323.24336 107416369.13886 172153812.0902 127301135.4292 184226512.73813 200745259.62934 155225522.91186 214865518.5894 141249756.93242 130246612.99058999 0 139564692.29595 237356919.83603 59163793.607219994 
87832304.32767999 142970989.24569 66510691.47959 175714577.29455 201897106.5257 83630660.53745 242552479.09788 165962010.08201 110230233.1291 171773941.70102 208893434.38744 40612718.45155 65366837.118930005 214093146.12796 158860064.15012 140285560.57089 177679824.19898 111284570.74462 109449913.79758999 176709422.5127 113129929.49786 139564692.29595 0 131941315.04421999 163001252.77463 
211239817.31701002 274374109.08651 128796696.33651 273506804.83463 86232087.1413 185607350.18061 282525577.12503 205649460.37031 222735593.07959 211747039.72816998 316422724.84908 91328596.59267 163159064.65901 99409514.21491 184551078.39106 194084045.04957 198429368.63669002 230738699.95374 22491401.24663 102706532.20082 215106619.14102 237356919.83603 131941315.04422 0 184792495.52602 
123329807.26206 165221544.83036 146709916.38861 159567807.64472002 124238834.88904 79370592.23718 97733081.59901 60659160.731879994 116767172.843 26954544.20215 215430374.10134 173649345.82512 166580162.74607998 119469686.94046 68137341.82198 173463476.17395 148061134.4796 124501942.01031 191007601.11282998 82085963.32519999 71082819.38337 59163793.607219994 163001252.77463 184792495.52602 0 
