25
Jamestown Lloydton Lewisburgh Alexmouth Saraport Michaelfort Kristenmouth Steventown Johnsonside Grahambury Hawkinsland Nicholefurt Underwoodmouth Ericksonmouth Foleyhaven Martinezfort Camposstad Glasston Nicholasshire Underwoodborough Stephensonburgh Smithborough Stevenshire Ayalabury Michaelville Taylorville
0 2 8 8 7 7 7 7 8 7 7 1 8 8 7 7 8 1 7 5 3 3 8 8 5 3 
2 0 8 8 7 7 7 7 8 7 7 3 8 8 7 7 8 3 7 5 1 1 8 8 5 3 
8 8 0 4 1 9 3 9 10 9 7 9 2 8 7 7 8 9 9 9 9 9 4 8 9 5 
8 8 4 0 3 9 1 9 10 9 7 9 4 8 7 7 8 9 9 9 9 9 2 8 9 5 
7 7 1 3 0 8 2 8 9 8 6 8 1 7 6 6 7 8 8 8 8 8 3 7 8 4 
7 7 9 9 8 0 8 6 3 2 8 8 9 9 8 8 9 8 6 8 8 8 9 9 8 4 
7 7 3 1 2 8 0 8 9 8 6 8 3 7 6 6 7 8 8 8 8 8 1 7 8 4 
7 7 9 9 8 6 8 0 7 6 8 8 9 9 8 8 9 8 2 8 8 8 9 9 8 4 
8 8 10 10 9 3 9 7 0 1 9 9 10 10 9 9 10 9 7 9 9 9 10 10 9 5 
7 7 9 9 8 2 8 6 1 0 8 8 9 9 8 8 9 8 6 8 8 8 9 9 8 4 
7 7 7 7 6 8 6 8 9 8 0 8 7 7 6 6 1 8 8 8 8 8 7 1 8 4 
1 3 9 9 8 8 8 8 9 8 8 0 9 9 8 8 9 2 8 6 4 4 9 9 6 4 
8 8 2 4 1 9 3 9 10 9 7 9 0 8 7 7 8 9 9 9 9 9 4 8 9 5 
8 8 8 8 7 9 7 9 10 9 7 9 8 0 5 1 8 9 9 9 9 9 8 8 9 5 
7 7 7 7 6 8 6 8 9 8 6 8 7 5 0 4 7 8 8 8 8 8 7 7 8 4 
7 7 7 7 6 8 6 8 9 8 6 8 7 1 4 0 7 8 8 8 8 8 7 7 8 4 
8 8 8 8 7 9 7 9 10 9 1 9 8 8 7 7 0 9 9 9 9 9 8 2 9 5 
1 3 9 9 8 8 8 8 9 8 8 2 9 9 8 8 9 0 8 6 4 4 9 9 6 4 
7 7 9 9 8 6 8 2 7 6 8 8 9 9 8 8 9 8 0 8 8 8 9 9 8 4 
5 5 9 9 8 8 8 8 9 8 8 6 9 9 8 8 9 6 8 0 6 6 9 9 2 4 
3 1 9 9 8 8 8 8 9 8 8 4 9 9 8 8 9 4 8 6 0 2 9 9 6 4 
3 1 9 9 8 8 8 8 9 8 8 4 9 9 8 8 9 4 8 6 2 0 9 9 6 4 
8 8 4 2 3 9 1 9 10 9 7 9 4 8 7 7 8 9 9 9 9 9 0 8 9 5 
8 8 8 8 7 9 7 9 10 9 1 9 8 8 7 7 2 9 9 9 9 9 8 0 9 5 
5 5 9 9 8 8 8 8 9 8 8 6 9 9 8 8 9 6 8 2 6 6 9 9 0 4 
3 3 5 5 4 4 4 4 5 4 4 4 5 5 4 4 5 4 4 4 4 4 5 5 4 0 
