50
1 2 3 4 5 6 7 8 9 10 11 12 13 14 15 16 17 18 19 20 21 22 23 24 25 26 27 28 29 30 31 32 33 34 35 36 37 38 39 40 41 42 43 44 45 46 47 48 49 0
0 72.0 42.0 60.0 32.0 94.0 71.0 87.0 61.0 43.0 80.0 35.0 77.0 30.0 69.0 65.0 60.0 61.0 72.0 51.0 19.0 53.0 22.0 84.0 61.0 64.0 36.0 83.0 74.0 80.0 78.0 74.0 87.0 31.0 51.0 24.0 56.0 79.0 47.0 92.0 65.0 46.0 59.0 59.0 41.0 74.0 70.0 18.0 81.0 44.0 
72.0 0 34.0 63.0 47.0 100.0 74.0 70.0 60.0 63.0 108.0 54.0 52.0 49.0 72.0 59.0 69.0 63.0 59.0 63.0 57.0 68.0 54.0 82.0 71.0 42.0 50.0 21.0 77.0 51.0 74.0 93.0 102.0 45.0 55.0 80.0 20.0 93.0 74.0 78.0 63.0 77.0 64.0 57.0 60.0 89.0 53.0 54.0 96.0 63.0 
42.0 34.0 0 59.0 13.0 66.0 40.0 60.0 41.0 59.0 78.0 50.0 65.0 45.0 57.0 35.0 82.0 29.0 55.0 52.0 45.0 34.0 20.0 48.0 37.0 45.0 16.0 55.0 43.0 47.0 47.0 72.0 68.0 11.0 21.0 46.0 14.0 59.0 45.0 68.0 29.0 58.0 59.0 23.0 49.0 55.0 56.0 48.0 62.0 59.0 
60.0 63.0 59.0 0 51.0 53.0 27.0 27.0 49.0 69.0 68.0 49.0 46.0 54.0 33.0 65.0 63.0 31.0 12.0 65.0 45.0 66.0 61.0 60.0 35.0 33.0 58.0 54.0 30.0 28.0 34.0 72.0 78.0 53.0 53.0 72.0 45.0 54.0 51.0 40.0 43.0 14.0 1.0 37.0 53.0 65.0 27.0 44.0 80.0 59.0 
32.0 47.0 13.0 51.0 0 75.0 49.0 62.0 32.0 53.0 68.0 60.0 65.0 55.0 53.0 48.0 69.0 38.0 47.0 63.0 51.0 21.0 10.0 57.0 50.0 32.0 7.0 51.0 52.0 60.0 56.0 62.0 55.0 2.0 34.0 36.0 27.0 50.0 35.0 81.0 38.0 65.0 52.0 32.0 39.0 42.0 43.0 50.0 49.0 49.0 
94.0 100.0 66.0 53.0 75.0 0 26.0 80.0 87.0 103.0 61.0 59.0 87.0 64.0 83.0 73.0 70.0 37.0 65.0 74.0 79.0 96.0 74.0 68.0 63.0 75.0 68.0 96.0 23.0 81.0 27.0 116.0 109.0 73.0 59.0 96.0 80.0 82.0 99.0 73.0 49.0 51.0 52.0 43.0 78.0 98.0 64.0 78.0 110.0 78.0 
71.0 74.0 40.0 27.0 49.0 26.0 0 54.0 61.0 80.0 41.0 69.0 61.0 64.0 57.0 47.0 44.0 11.0 39.0 48.0 56.0 70.0 50.0 42.0 46.0 49.0 42.0 70.0 3.0 55.0 7.0 99.0 83.0 47.0 33.0 70.0 54.0 65.0 75.0 53.0 23.0 25.0 26.0 17.0 52.0 72.0 38.0 55.0 86.0 71.0 
87.0 70.0 60.0 27.0 62.0 80.0 54.0 0 60.0 84.0 95.0 60.0 57.0 65.0 44.0 76.0 74.0 58.0 23.0 89.0 72.0 77.0 72.0 85.0 62.0 44.0 69.0 65.0 57.0 39.0 61.0 83.0 103.0 64.0 80.0 83.0 50.0 81.0 62.0 60.0 66.0 41.0 28.0 64.0 80.0 90.0 45.0 71.0 99.0 79.0 
61.0 60.0 41.0 49.0 32.0 87.0 61.0 60.0 0 53.0 92.0 73.0 55.0 73.0 66.0 43.0 72.0 50.0 45.0 92.0 80.0 53.0 39.0 69.0 78.0 64.0 25.0 81.0 64.0 37.0 68.0 91.0 82.0 30.0 57.0 65.0 54.0 68.0 60.0 82.0 50.0 63.0 50.0 44.0 68.0 69.0 55.0 78.0 76.0 70.0 
43.0 63.0 59.0 69.0 53.0 103.0 80.0 84.0 53.0 0 101.0 44.0 58.0 39.0 78.0 74.0 75.0 74.0 69.0 80.0 28.0 74.0 43.0 93.0 76.0 75.0 57.0 84.0 83.0 61.0 87.0 95.0 108.0 52.0 60.0 67.0 45.0 86.0 28.0 103.0 74.0 55.0 68.0 68.0 51.0 95.0 79.0 25.0 102.0 53.0 
80.0 108.0 78.0 68.0 68.0 61.0 41.0 95.0 92.0 101.0 0 100.0 57.0 104.0 84.0 88.0 40.0 52.0 80.0 89.0 97.0 89.0 58.0 83.0 87.0 90.0 72.0 111.0 38.0 75.0 42.0 100.0 123.0 67.0 74.0 76.0 92.0 106.0 83.0 88.0 64.0 66.0 67.0 58.0 77.0 110.0 79.0 96.0 117.0 90.0 
35.0 54.0 50.0 49.0 60.0 59.0 69.0 60.0 73.0 44.0 100.0 0 70.0 5.0 34.0 66.0 76.0 58.0 37.0 36.0 20.0 81.0 57.0 77.0 66.0 46.0 53.0 67.0 72.0 52.0 76.0 80.0 65.0 58.0 52.0 40.0 36.0 69.0 72.0 82.0 58.0 47.0 50.0 52.0 44.0 52.0 35.0 19.0 67.0 19.0 
77.0 52.0 65.0 46.0 65.0 87.0 61.0 57.0 55.0 58.0 57.0 70.0 0 75.0 63.0 55.0 17.0 72.0 42.0 94.0 85.0 86.0 55.0 103.0 81.0 63.0 69.0 73.0 64.0 18.0 68.0 102.0 119.0 64.0 69.0 53.0 51.0 98.0 30.0 79.0 84.0 60.0 47.0 78.0 83.0 107.0 64.0 83.0 114.0 89.0 
30.0 49.0 45.0 54.0 55.0 64.0 64.0 65.0 73.0 39.0 104.0 5.0 75.0 0 39.0 61.0 71.0 53.0 42.0 41.0 15.0 76.0 52.0 72.0 63.0 51.0 48.0 70.0 67.0 57.0 71.0 75.0 70.0 53.0 47.0 35.0 31.0 64.0 67.0 87.0 53.0 42.0 55.0 47.0 39.0 57.0 40.0 14.0 72.0 14.0 
69.0 72.0 57.0 33.0 53.0 83.0 57.0 44.0 66.0 78.0 84.0 34.0 63.0 39.0 0 82.0 80.0 64.0 21.0 66.0 54.0 74.0 51.0 93.0 65.0 30.0 60.0 51.0 60.0 45.0 64.0 89.0 77.0 55.0 70.0 74.0 62.0 84.0 68.0 66.0 76.0 44.0 34.0 70.0 59.0 64.0 19.0 53.0 79.0 53.0 
65.0 59.0 35.0 65.0 48.0 73.0 47.0 76.0 43.0 74.0 88.0 66.0 55.0 61.0 82.0 0 72.0 36.0 61.0 80.0 46.0 69.0 55.0 55.0 65.0 80.0 51.0 80.0 50.0 37.0 54.0 107.0 64.0 46.0 14.0 81.0 49.0 94.0 76.0 88.0 36.0 68.0 66.0 30.0 59.0 54.0 76.0 49.0 61.0 72.0 
60.0 69.0 82.0 63.0 69.0 70.0 44.0 74.0 72.0 75.0 40.0 76.0 17.0 71.0 80.0 72.0 0 55.0 59.0 88.0 69.0 90.0 62.0 86.0 90.0 80.0 76.0 90.0 47.0 35.0 51.0 107.0 124.0 71.0 77.0 36.0 68.0 109.0 47.0 96.0 67.0 69.0 64.0 61.0 88.0 111.0 81.0 68.0 118.0 85.0 
61.0 63.0 29.0 31.0 38.0 37.0 11.0 58.0 50.0 74.0 52.0 58.0 72.0 53.0 64.0 36.0 55.0 0 43.0 59.0 46.0 59.0 39.0 31.0 57.0 60.0 31.0 81.0 14.0 59.0 18.0 91.0 72.0 36.0 22.0 65.0 43.0 74.0 64.0 64.0 12.0 36.0 30.0 6.0 47.0 61.0 49.0 49.0 75.0 60.0 
72.0 59.0 55.0 12.0 47.0 65.0 39.0 23.0 45.0 69.0 80.0 37.0 42.0 42.0 21.0 61.0 59.0 43.0 0 69.0 57.0 62.0 57.0 72.0 47.0 21.0 54.0 42.0 42.0 24.0 46.0 68.0 80.0 49.0 65.0 68.0 41.0 66.0 47.0 45.0 55.0 26.0 13.0 49.0 62.0 67.0 22.0 56.0 82.0 56.0 
51.0 63.0 52.0 65.0 63.0 74.0 48.0 89.0 92.0 80.0 89.0 36.0 94.0 41.0 66.0 80.0 88.0 59.0 69.0 0 56.0 84.0 53.0 90.0 30.0 78.0 67.0 84.0 51.0 76.0 55.0 105.0 78.0 62.0 66.0 55.0 43.0 71.0 78.0 57.0 71.0 51.0 64.0 65.0 41.0 65.0 67.0 55.0 80.0 55.0 
19.0 57.0 45.0 45.0 51.0 79.0 56.0 72.0 80.0 28.0 97.0 20.0 85.0 15.0 54.0 46.0 69.0 46.0 57.0 56.0 0 72.0 41.0 65.0 52.0 66.0 55.0 78.0 59.0 72.0 63.0 90.0 82.0 50.0 32.0 43.0 42.0 71.0 56.0 83.0 46.0 31.0 44.0 40.0 42.0 72.0 55.0 3.0 87.0 29.0 
53.0 68.0 34.0 66.0 21.0 96.0 70.0 77.0 53.0 74.0 89.0 81.0 86.0 76.0 74.0 69.0 90.0 59.0 62.0 84.0 72.0 0 31.0 78.0 71.0 47.0 28.0 66.0 73.0 78.0 77.0 83.0 70.0 23.0 55.0 57.0 48.0 71.0 56.0 73.0 59.0 79.0 66.0 53.0 60.0 57.0 58.0 71.0 64.0 70.0 
22.0 54.0 20.0 61.0 10.0 74.0 50.0 72.0 39.0 43.0 58.0 57.0 55.0 52.0 51.0 55.0 62.0 39.0 57.0 53.0 41.0 31.0 0 64.0 57.0 42.0 14.0 61.0 53.0 58.0 57.0 52.0 65.0 9.0 41.0 26.0 34.0 57.0 25.0 88.0 45.0 68.0 62.0 39.0 29.0 52.0 53.0 40.0 59.0 42.0 
84.0 82.0 48.0 60.0 57.0 68.0 42.0 85.0 69.0 93.0 83.0 77.0 103.0 72.0 93.0 55.0 86.0 31.0 72.0 90.0 65.0 78.0 64.0 0 78.0 87.0 50.0 103.0 45.0 88.0 49.0 113.0 81.0 55.0 41.0 90.0 62.0 93.0 89.0 66.0 19.0 63.0 59.0 25.0 54.0 68.0 76.0 68.0 83.0 67.0 
61.0 71.0 37.0 35.0 50.0 63.0 46.0 62.0 78.0 76.0 87.0 66.0 81.0 63.0 65.0 65.0 90.0 57.0 47.0 30.0 52.0 71.0 57.0 78.0 0 57.0 53.0 78.0 49.0 63.0 53.0 107.0 97.0 48.0 51.0 65.0 51.0 41.0 82.0 73.0 59.0 21.0 34.0 53.0 59.0 84.0 46.0 51.0 99.0 77.0 
64.0 42.0 45.0 33.0 32.0 75.0 49.0 44.0 64.0 75.0 90.0 46.0 63.0 51.0 30.0 80.0 80.0 60.0 21.0 78.0 66.0 47.0 42.0 87.0 57.0 0 39.0 21.0 52.0 45.0 56.0 89.0 81.0 34.0 66.0 68.0 59.0 76.0 67.0 66.0 68.0 36.0 34.0 64.0 51.0 68.0 11.0 65.0 75.0 60.0 
36.0 50.0 16.0 58.0 7.0 68.0 42.0 69.0 25.0 57.0 72.0 53.0 69.0 48.0 60.0 51.0 76.0 31.0 54.0 67.0 55.0 28.0 14.0 50.0 53.0 39.0 0 58.0 45.0 54.0 49.0 66.0 62.0 5.0 37.0 40.0 30.0 43.0 39.0 84.0 31.0 67.0 59.0 25.0 43.0 49.0 50.0 54.0 56.0 56.0 
83.0 21.0 55.0 54.0 51.0 96.0 70.0 65.0 81.0 84.0 111.0 67.0 73.0 70.0 51.0 80.0 90.0 81.0 42.0 84.0 78.0 66.0 61.0 103.0 78.0 21.0 58.0 0 73.0 66.0 77.0 72.0 100.0 53.0 76.0 87.0 41.0 97.0 86.0 87.0 84.0 57.0 55.0 78.0 72.0 87.0 32.0 75.0 94.0 81.0 
74.0 77.0 43.0 30.0 52.0 23.0 3.0 57.0 64.0 83.0 38.0 72.0 64.0 67.0 60.0 50.0 47.0 14.0 42.0 51.0 59.0 73.0 53.0 45.0 49.0 52.0 45.0 73.0 0 58.0 4.0 102.0 86.0 50.0 36.0 73.0 57.0 68.0 78.0 50.0 26.0 28.0 29.0 20.0 55.0 75.0 41.0 58.0 87.0 74.0 
80.0 51.0 47.0 28.0 60.0 81.0 55.0 39.0 37.0 61.0 75.0 52.0 18.0 57.0 45.0 37.0 35.0 59.0 24.0 76.0 72.0 78.0 58.0 88.0 63.0 45.0 54.0 66.0 58.0 0 62.0 84.0 101.0 58.0 51.0 60.0 33.0 82.0 39.0 61.0 71.0 42.0 29.0 65.0 73.0 91.0 46.0 71.0 98.0 71.0 
78.0 74.0 47.0 34.0 56.0 27.0 7.0 61.0 68.0 87.0 42.0 76.0 68.0 71.0 64.0 54.0 51.0 18.0 46.0 55.0 63.0 77.0 57.0 49.0 53.0 56.0 49.0 77.0 4.0 62.0 0 106.0 90.0 54.0 40.0 77.0 54.0 72.0 82.0 54.0 30.0 32.0 33.0 24.0 59.0 79.0 45.0 62.0 91.0 78.0 
74.0 93.0 72.0 72.0 62.0 116.0 99.0 83.0 91.0 95.0 100.0 80.0 102.0 75.0 89.0 107.0 107.0 91.0 68.0 105.0 90.0 83.0 52.0 113.0 107.0 89.0 66.0 72.0 102.0 84.0 106.0 0 117.0 61.0 93.0 78.0 86.0 109.0 77.0 105.0 94.0 86.0 73.0 91.0 71.0 104.0 90.0 89.0 111.0 61.0 
87.0 102.0 68.0 78.0 55.0 109.0 83.0 103.0 82.0 108.0 123.0 65.0 119.0 70.0 77.0 64.0 124.0 72.0 80.0 78.0 82.0 70.0 65.0 81.0 97.0 81.0 62.0 100.0 86.0 101.0 90.0 117.0 0 57.0 50.0 91.0 82.0 74.0 90.0 116.0 62.0 76.0 77.0 66.0 77.0 13.0 78.0 84.0 28.0 84.0 
31.0 45.0 11.0 53.0 2.0 73.0 47.0 64.0 30.0 52.0 67.0 58.0 64.0 53.0 55.0 46.0 71.0 36.0 49.0 62.0 50.0 23.0 9.0 55.0 48.0 34.0 5.0 53.0 50.0 58.0 54.0 61.0 57.0 0 32.0 35.0 25.0 48.0 34.0 79.0 36.0 67.0 54.0 30.0 38.0 44.0 45.0 49.0 51.0 51.0 
51.0 55.0 21.0 53.0 34.0 59.0 33.0 80.0 57.0 60.0 74.0 52.0 69.0 47.0 70.0 14.0 77.0 22.0 65.0 66.0 32.0 55.0 41.0 41.0 51.0 66.0 37.0 76.0 36.0 51.0 40.0 93.0 50.0 32.0 0 67.0 35.0 80.0 66.0 74.0 22.0 54.0 52.0 16.0 45.0 63.0 67.0 35.0 75.0 58.0 
24.0 80.0 46.0 72.0 36.0 96.0 70.0 83.0 65.0 67.0 76.0 40.0 53.0 35.0 74.0 81.0 36.0 65.0 68.0 55.0 43.0 57.0 26.0 90.0 65.0 68.0 40.0 87.0 73.0 60.0 77.0 78.0 91.0 35.0 67.0 0 60.0 83.0 51.0 96.0 71.0 70.0 73.0 65.0 55.0 78.0 75.0 42.0 85.0 49.0 
56.0 20.0 14.0 45.0 27.0 80.0 54.0 50.0 54.0 45.0 92.0 36.0 51.0 31.0 62.0 49.0 68.0 43.0 41.0 43.0 42.0 48.0 34.0 62.0 51.0 59.0 30.0 41.0 57.0 33.0 54.0 86.0 82.0 25.0 35.0 60.0 0 73.0 56.0 58.0 43.0 59.0 46.0 37.0 40.0 69.0 63.0 41.0 76.0 45.0 
79.0 93.0 59.0 54.0 50.0 82.0 65.0 81.0 68.0 86.0 106.0 69.0 98.0 64.0 84.0 94.0 109.0 74.0 66.0 71.0 71.0 71.0 57.0 93.0 41.0 76.0 43.0 97.0 68.0 82.0 72.0 109.0 74.0 48.0 80.0 83.0 73.0 0 68.0 92.0 74.0 40.0 53.0 68.0 73.0 61.0 65.0 70.0 68.0 78.0 
47.0 74.0 45.0 51.0 35.0 99.0 75.0 62.0 60.0 28.0 83.0 72.0 30.0 67.0 68.0 76.0 47.0 64.0 47.0 78.0 56.0 56.0 25.0 89.0 82.0 67.0 39.0 86.0 78.0 39.0 82.0 77.0 90.0 34.0 66.0 51.0 56.0 68.0 0 84.0 70.0 65.0 52.0 64.0 53.0 77.0 69.0 53.0 84.0 66.0 
92.0 78.0 68.0 40.0 81.0 73.0 53.0 60.0 82.0 103.0 88.0 82.0 79.0 87.0 66.0 88.0 96.0 64.0 45.0 57.0 83.0 73.0 88.0 66.0 73.0 66.0 84.0 87.0 50.0 61.0 54.0 105.0 116.0 79.0 74.0 96.0 58.0 92.0 84.0 0 76.0 52.0 39.0 70.0 86.0 103.0 65.0 82.0 118.0 99.0 
65.0 63.0 29.0 43.0 38.0 49.0 23.0 66.0 50.0 74.0 64.0 58.0 84.0 53.0 76.0 36.0 67.0 12.0 55.0 71.0 46.0 59.0 45.0 19.0 59.0 68.0 31.0 84.0 26.0 71.0 30.0 94.0 62.0 36.0 22.0 71.0 43.0 74.0 70.0 76.0 0 44.0 42.0 6.0 35.0 49.0 57.0 49.0 64.0 48.0 
46.0 77.0 58.0 14.0 65.0 51.0 25.0 41.0 63.0 55.0 66.0 47.0 60.0 42.0 44.0 68.0 69.0 36.0 26.0 51.0 31.0 79.0 68.0 63.0 21.0 36.0 67.0 57.0 28.0 42.0 32.0 86.0 76.0 67.0 54.0 70.0 59.0 40.0 65.0 52.0 44.0 0 13.0 42.0 51.0 63.0 25.0 30.0 78.0 56.0 
59.0 64.0 59.0 1.0 52.0 52.0 26.0 28.0 50.0 68.0 67.0 50.0 47.0 55.0 34.0 66.0 64.0 30.0 13.0 64.0 44.0 66.0 62.0 59.0 34.0 34.0 59.0 55.0 29.0 29.0 33.0 73.0 77.0 54.0 52.0 73.0 46.0 53.0 52.0 39.0 42.0 13.0 0 36.0 52.0 64.0 26.0 43.0 79.0 60.0 
59.0 57.0 23.0 37.0 32.0 43.0 17.0 64.0 44.0 68.0 58.0 52.0 78.0 47.0 70.0 30.0 61.0 6.0 49.0 65.0 40.0 53.0 39.0 25.0 53.0 64.0 25.0 78.0 20.0 65.0 24.0 91.0 66.0 30.0 16.0 65.0 37.0 68.0 64.0 70.0 6.0 42.0 36.0 0 41.0 55.0 55.0 43.0 70.0 54.0 
41.0 60.0 49.0 53.0 39.0 78.0 52.0 80.0 68.0 51.0 77.0 44.0 83.0 39.0 59.0 59.0 88.0 47.0 62.0 41.0 42.0 60.0 29.0 54.0 59.0 51.0 43.0 72.0 55.0 73.0 59.0 71.0 77.0 38.0 45.0 55.0 40.0 73.0 53.0 86.0 35.0 51.0 52.0 41.0 0 64.0 40.0 41.0 79.0 25.0 
74.0 89.0 55.0 65.0 42.0 98.0 72.0 90.0 69.0 95.0 110.0 52.0 107.0 57.0 64.0 54.0 111.0 61.0 67.0 65.0 72.0 57.0 52.0 68.0 84.0 68.0 49.0 87.0 75.0 91.0 79.0 104.0 13.0 44.0 63.0 78.0 69.0 61.0 77.0 103.0 49.0 63.0 64.0 55.0 64.0 0 65.0 71.0 15.0 71.0 
70.0 53.0 56.0 27.0 43.0 64.0 38.0 45.0 55.0 79.0 79.0 35.0 64.0 40.0 19.0 76.0 81.0 49.0 22.0 67.0 55.0 58.0 53.0 76.0 46.0 11.0 50.0 32.0 41.0 46.0 45.0 90.0 78.0 45.0 67.0 75.0 63.0 65.0 69.0 65.0 57.0 25.0 26.0 55.0 40.0 65.0 0 54.0 80.0 49.0 
18.0 54.0 48.0 44.0 50.0 78.0 55.0 71.0 78.0 25.0 96.0 19.0 83.0 14.0 53.0 49.0 68.0 49.0 56.0 55.0 3.0 71.0 40.0 68.0 51.0 65.0 54.0 75.0 58.0 71.0 62.0 89.0 84.0 49.0 35.0 42.0 41.0 70.0 53.0 82.0 49.0 30.0 43.0 43.0 41.0 71.0 54.0 0 86.0 28.0 
81.0 96.0 62.0 80.0 49.0 110.0 86.0 99.0 76.0 102.0 117.0 67.0 114.0 72.0 79.0 61.0 118.0 75.0 82.0 80.0 87.0 64.0 59.0 83.0 99.0 75.0 56.0 94.0 87.0 98.0 91.0 111.0 28.0 51.0 75.0 85.0 76.0 68.0 84.0 118.0 64.0 78.0 79.0 70.0 79.0 15.0 80.0 86.0 0 86.0 
44.0 63.0 59.0 59.0 49.0 78.0 71.0 79.0 70.0 53.0 90.0 19.0 89.0 14.0 53.0 72.0 85.0 60.0 56.0 55.0 29.0 70.0 42.0 67.0 77.0 60.0 56.0 81.0 74.0 71.0 78.0 61.0 84.0 51.0 58.0 49.0 45.0 78.0 66.0 99.0 48.0 56.0 60.0 54.0 25.0 71.0 49.0 28.0 86.0 0 
