100
B G I L M P R T U V X Y Z AB AF AG AH AJ AM AN AS AW AX BA BB BE BF BG BI BJ BL BO BP BQ BR BX BY CB CE CF CJ CK CM CQ CT CW CY DB DC DG DH DI DK DP DR DS DV DX DZ EA EC ED EG EH EJ EK EL EM EN EO EQ EU EV EZ FD FE FG FH FI FJ FM FO FP FR FS FU FV FX FZ GC GD GE GF GG GI GJ GK GL GO GR K
0 2 1 2 1 2 2 2 2 2 2 2 1 2 1 1 2 1 2 2 2 2 2 2 1 2 1 1 2 1 1 2 1 1 2 2 2 2 1 1 2 2 2 2 2 2 1 2 1 1 1 1 1 1 2 1 1 1 1 1 1 2 2 2 1 1 1 1 2 2 2 1 1 2 2 2 1 2 2 1 2 2 1 1 2 1 1 1 2 1 2 1 2 2 1 1 2 2 1 1 1 
2 0 1 1 1 1 1 1 1 2 2 1 2 2 1 1 1 2 1 2 1 1 2 1 2 1 1 2 2 2 2 1 1 1 1 1 2 2 2 1 2 2 1 2 1 2 2 2 2 2 1 2 1 1 1 1 1 2 1 1 1 2 1 2 2 2 1 2 2 2 2 2 2 1 2 2 2 2 1 2 1 1 2 2 2 2 2 1 1 2 2 2 1 1 2 2 1 1 2 1 2 
1 1 0 1 2 1 2 1 1 1 1 2 1 1 1 2 1 1 2 1 2 1 1 1 2 1 1 1 1 2 1 2 1 1 1 1 1 2 1 1 2 2 2 2 2 2 1 2 1 1 2 1 1 2 1 1 2 1 1 1 1 1 2 2 1 1 2 1 1 2 1 1 1 2 2 1 2 2 1 1 2 1 2 2 1 1 2 2 2 1 2 2 2 1 1 2 2 1 1 1 1 
2 1 1 0 1 2 2 1 1 2 2 1 1 2 2 1 1 2 2 2 2 1 1 1 1 2 1 1 2 2 1 1 2 1 2 2 1 1 1 2 2 2 1 1 2 2 1 1 1 2 1 2 1 1 1 1 1 1 2 1 1 2 1 2 2 1 2 2 2 1 1 1 2 1 1 2 2 1 2 1 2 1 1 1 2 2 2 1 2 1 1 1 1 2 1 1 1 1 2 1 2 
1 1 2 1 0 1 2 1 1 2 2 1 2 2 1 2 2 1 2 1 2 1 2 1 2 2 2 1 1 1 1 2 1 1 1 1 1 1 2 2 1 1 1 1 1 1 1 2 2 2 2 2 2 2 2 2 1 2 2 1 1 1 2 1 1 2 2 2 1 2 1 2 1 1 2 1 2 2 2 2 1 2 1 2 1 2 1 1 1 2 2 1 1 2 1 1 1 2 1 1 2 
2 1 1 2 1 0 1 2 2 1 1 2 2 1 2 1 2 1 1 1 1 1 2 2 1 2 1 1 1 1 1 2 2 2 1 2 2 1 1 2 1 1 2 1 1 2 1 1 1 1 1 1 1 1 2 1 1 2 1 1 1 2 1 1 1 2 2 1 1 2 1 2 1 2 2 1 1 1 2 1 2 1 1 1 1 2 2 2 1 1 2 2 2 2 2 1 1 1 1 2 1 
2 1 2 2 2 1 0 1 2 2 1 2 2 2 1 2 2 2 1 2 1 2 2 2 1 1 1 2 2 2 2 1 1 2 2 1 2 1 2 2 1 2 1 2 1 2 1 2 1 2 2 2 1 2 2 2 2 2 1 1 2 2 1 1 1 2 1 1 2 1 1 2 1 1 2 2 2 2 1 1 2 1 2 2 1 1 2 1 1 1 2 2 2 2 1 2 1 2 2 2 2 
2 1 1 1 1 2 1 0 1 1 2 1 2 1 2 2 1 2 1 2 2 1 2 2 1 2 2 1 2 1 2 2 2 1 2 1 2 1 1 1 1 2 1 2 1 1 2 1 1 1 1 2 1 1 2 1 2 2 2 1 2 1 1 2 2 1 1 1 2 1 1 2 1 2 2 2 2 2 1 1 2 1 1 1 2 1 2 2 1 2 1 2 2 2 1 1 1 2 2 1 2 
2 1 1 1 1 2 2 1 0 2 2 1 2 2 2 1 1 1 2 2 2 2 2 1 1 2 2 2 1 1 1 2 1 1 2 2 2 2 1 1 1 2 1 1 2 1 2 2 1 1 1 2 1 2 2 1 1 2 2 1 2 2 2 1 1 2 2 2 1 2 2 1 2 1 1 1 1 1 1 1 1 2 1 2 2 2 2 1 2 2 2 1 1 2 1 2 1 2 1 1 1 
2 2 1 2 2 1 2 1 2 0 1 1 1 2 2 2 2 2 1 2 1 2 2 2 2 2 1 1 2 2 1 2 2 1 2 2 1 2 1 2 1 2 2 2 2 2 1 2 1 1 2 2 1 1 2 1 1 1 1 1 2 1 2 2 1 2 2 2 2 1 2 2 2 1 2 2 1 1 1 1 1 1 1 1 2 1 2 1 2 1 1 2 1 2 2 1 2 2 1 1 2 
2 2 1 2 2 1 1 2 2 1 0 2 1 2 2 2 2 2 2 2 1 2 1 2 2 1 1 1 2 2 1 1 2 2 2 1 1 1 1 1 1 2 2 2 1 2 1 2 2 1 2 2 1 2 1 2 1 1 2 2 2 2 2 2 1 2 2 1 2 2 1 2 1 1 2 2 1 2 2 1 2 2 1 2 1 2 1 2 2 2 2 1 1 2 2 1 2 2 2 1 2 
2 1 2 1 1 2 2 1 1 1 2 0 2 2 2 2 1 1 2 1 1 1 2 2 2 1 2 2 2 2 1 2 1 1 1 1 1 2 1 1 2 2 1 2 1 2 2 1 2 1 2 2 1 1 1 1 1 2 2 1 1 2 2 1 1 2 2 2 2 1 1 2 1 1 2 2 1 1 1 1 1 1 1 2 2 1 1 1 1 2 1 1 2 2 2 1 2 2 2 2 1 
1 2 1 1 2 2 2 2 2 1 1 2 0 2 1 1 2 1 2 2 2 2 1 1 1 2 1 1 1 2 1 2 1 1 1 1 1 1 2 2 2 1 1 2 1 1 1 2 2 2 2 1 1 2 1 2 1 2 2 2 2 1 2 1 2 2 2 2 2 1 2 2 1 1 2 2 2 2 2 2 2 2 2 2 1 1 2 2 2 1 2 1 2 1 2 1 1 1 1 1 2 
2 2 1 2 2 1 2 1 2 2 2 2 2 0 1 2 1 1 1 2 2 2 2 1 2 1 2 2 1 1 2 2 1 1 2 2 2 2 1 2 1 2 1 2 2 2 1 1 2 2 2 1 2 1 2 1 2 1 1 2 1 1 2 1 1 2 2 1 1 1 1 1 2 1 1 1 1 2 2 2 2 2 1 2 1 2 1 1 1 2 2 2 2 1 2 2 2 1 2 2 1 
1 1 1 2 1 2 1 2 2 2 2 2 1 1 0 2 1 1 2 2 2 2 2 2 1 1 2 1 2 1 1 1 2 2 2 1 1 2 2 2 1 2 2 1 2 2 2 1 2 1 1 2 1 2 2 1 2 2 2 1 2 1 1 1 1 2 2 1 2 2 1 1 1 2 1 1 1 2 1 2 2 2 1 2 1 1 1 2 1 1 2 2 2 2 2 1 2 2 1 1 1 
1 1 2 1 2 1 2 2 1 2 2 2 1 2 2 0 1 1 2 2 2 1 2 1 1 1 1 2 1 1 1 2 2 2 2 2 1 1 2 1 2 2 2 2 1 1 2 1 1 2 2 1 2 2 2 1 2 1 2 1 1 1 1 2 1 2 2 1 1 1 1 2 1 2 1 2 1 1 1 1 1 2 2 1 2 1 1 2 1 1 1 2 2 1 1 2 2 1 1 1 2 
2 1 1 1 2 2 2 1 1 2 2 1 2 1 1 1 0 1 2 1 1 1 2 2 2 1 1 2 1 1 2 1 2 2 1 1 1 2 1 1 1 1 1 1 2 2 1 2 2 1 1 2 2 2 1 2 1 2 1 2 1 2 2 2 2 2 2 2 2 1 2 1 1 1 2 1 1 1 2 2 1 2 1 1 1 2 2 1 1 2 1 1 2 1 1 2 1 2 1 2 1 
1 2 1 2 1 1 2 2 1 2 2 1 1 1 1 1 1 0 2 2 1 1 2 1 1 2 1 2 1 2 1 1 2 1 1 2 1 2 1 2 2 2 2 2 1 1 2 1 2 1 1 1 1 2 1 2 2 2 2 2 2 2 2 1 1 2 1 2 2 2 1 1 1 2 2 2 1 1 2 1 2 2 2 1 2 2 1 1 1 1 2 2 2 2 1 1 1 1 1 1 2 
2 1 2 2 2 1 1 1 2 1 2 2 2 1 2 2 2 2 0 2 2 1 2 1 1 1 1 1 2 2 1 2 2 2 1 2 2 2 2 1 2 1 1 2 2 2 2 1 1 1 2 2 1 2 2 2 2 2 1 2 1 2 2 1 1 1 2 1 1 2 2 2 1 2 1 1 1 1 1 2 2 2 2 1 2 2 1 1 1 2 2 1 2 1 2 2 1 1 2 2 2 
2 2 1 2 1 1 2 2 2 2 2 1 2 2 2 2 1 2 2 0 1 1 2 1 2 2 2 2 1 2 2 2 2 2 1 2 2 2 1 2 2 2 2 1 2 1 1 2 2 2 1 2 1 1 1 1 2 1 1 1 2 1 1 1 2 2 1 1 1 2 2 2 2 2 2 2 1 1 1 2 1 1 1 2 2 2 1 2 1 1 1 2 1 2 1 2 2 2 1 1 2 
2 1 2 2 2 1 1 2 2 1 1 1 2 2 2 2 1 1 2 1 0 2 2 1 2 2 2 2 1 1 2 1 2 2 1 1 1 1 2 2 1 2 1 1 2 2 2 2 1 1 1 1 1 2 1 2 2 2 2 1 1 1 1 1 2 1 2 1 2 1 2 2 1 1 1 1 2 1 1 1 1 2 2 2 2 1 1 2 2 2 2 1 1 1 2 1 2 1 1 2 2 
2 1 1 1 1 1 2 1 2 2 2 1 2 2 2 1 1 1 1 1 2 0 2 2 1 2 2 2 2 1 2 2 2 2 2 2 2 2 1 2 1 1 2 2 2 1 2 2 1 1 1 1 1 2 1 1 2 1 1 1 2 2 2 2 2 2 2 2 1 2 2 1 1 2 1 2 2 1 1 2 2 1 1 1 1 1 2 2 2 1 1 2 2 2 2 1 1 2 2 1 2 
2 2 1 1 2 2 2 2 2 2 1 2 1 2 2 2 2 2 2 2 2 2 0 1 1 2 1 2 2 1 2 1 2 1 1 2 2 2 2 1 2 1 2 2 1 1 1 1 2 2 1 2 1 1 1 2 1 2 2 2 1 1 2 2 2 2 1 1 1 2 2 2 2 1 1 2 2 1 2 1 2 1 2 1 2 2 2 2 2 1 2 2 2 1 2 1 1 1 2 1 1 
2 1 1 1 1 2 2 2 1 2 2 2 1 1 2 1 2 1 1 1 1 2 1 0 2 2 1 2 2 1 2 1 1 2 2 2 1 1 2 2 2 1 2 1 1 2 2 1 2 2 1 2 2 2 1 1 1 1 1 2 2 1 2 2 2 1 1 2 1 2 1 2 2 2 1 1 2 1 2 1 1 2 1 2 2 2 1 2 2 1 1 1 2 2 2 2 2 2 1 1 2 
1 2 2 1 2 1 1 1 1 2 2 2 1 2 1 1 2 1 1 2 2 1 1 2 0 1 2 1 2 1 1 2 1 2 2 2 1 2 1 1 2 1 1 1 2 1 2 2 2 1 2 2 2 2 2 2 2 2 2 2 2 2 2 2 1 1 1 2 2 1 1 1 1 1 1 1 1 2 2 1 1 2 1 1 1 1 1 1 2 1 2 1 2 2 2 2 2 1 2 1 1 
2 1 1 2 2 2 1 2 2 2 1 1 2 1 1 1 1 2 1 2 2 2 2 2 1 0 1 1 1 1 1 2 1 2 2 1 1 1 1 2 2 1 1 1 2 1 2 1 2 2 2 2 1 2 2 1 1 2 1 1 2 2 2 2 1 2 1 2 1 2 1 1 2 2 2 2 2 2 1 1 1 1 2 1 1 2 2 1 2 2 1 2 1 1 1 1 2 2 2 2 1 
1 1 1 1 2 1 1 2 2 1 1 2 1 2 2 1 1 1 1 2 2 2 1 1 2 1 0 1 1 2 1 1 2 1 2 1 2 2 2 1 1 1 2 1 1 2 1 2 1 1 1 2 1 1 2 2 1 1 1 1 1 1 2 1 2 2 2 1 2 2 1 1 2 1 1 1 2 1 2 2 1 1 1 1 1 1 2 1 2 2 1 1 2 2 2 2 1 1 2 1 1 
1 2 1 1 1 1 2 1 2 1 1 2 1 2 1 2 2 2 1 2 2 2 2 2 1 1 1 0 2 2 1 1 1 2 2 2 2 2 2 2 1 1 1 1 2 1 2 1 1 1 1 1 1 2 1 1 1 2 1 1 2 2 2 2 2 1 2 2 2 2 2 2 2 2 2 2 2 1 2 2 1 1 2 1 1 2 1 2 1 2 1 1 1 1 1 1 1 2 1 2 2 
2 2 1 2 1 1 2 2 1 2 2 2 1 1 2 1 1 1 2 1 1 2 2 2 2 1 1 2 0 2 1 1 2 1 2 1 1 1 1 1 1 2 1 2 1 1 1 1 2 1 1 2 1 1 1 1 2 2 1 2 2 1 1 2 2 2 1 2 1 1 2 2 1 2 1 1 1 2 2 2 1 2 1 2 1 2 1 2 1 1 2 1 1 1 1 2 2 2 1 2 2 
1 2 2 2 1 1 2 1 1 2 2 2 2 1 1 1 1 2 2 2 1 1 1 1 1 1 2 2 2 0 1 2 1 1 2 2 2 2 1 1 2 2 2 2 2 2 1 1 1 2 1 2 1 2 1 1 1 1 1 2 2 2 2 1 2 2 1 1 1 2 2 2 2 1 1 1 1 2 1 2 2 1 2 1 2 1 2 2 2 2 2 1 1 1 2 2 2 2 1 1 2 
1 2 1 1 1 1 2 2 1 1 1 1 1 2 1 1 2 1 1 2 2 2 2 2 1 1 1 1 1 1 0 2 1 1 1 1 2 2 1 1 1 1 1 1 2 1 2 1 2 2 1 2 1 2 1 1 1 1 1 2 2 1 1 2 1 2 1 2 2 2 1 1 1 1 1 2 2 1 1 2 1 1 1 1 1 1 2 1 1 2 1 2 1 1 2 2 2 2 2 1 2 
2 1 2 1 2 2 1 2 2 2 1 2 2 2 1 2 1 1 2 2 1 2 1 1 2 2 1 1 1 2 2 0 2 2 2 1 1 1 2 1 1 2 1 2 2 2 2 2 1 1 2 2 2 1 1 1 2 1 2 2 2 2 2 1 1 2 2 2 1 2 2 1 1 2 1 2 2 2 2 1 1 1 2 1 1 2 2 2 1 1 1 1 2 2 2 2 2 2 1 1 2 
1 1 1 2 1 2 1 2 1 2 2 1 1 1 2 2 2 2 2 2 2 2 2 1 1 1 2 1 2 1 1 2 0 2 2 2 2 1 1 1 2 2 1 1 2 1 2 2 1 2 2 1 2 2 1 1 2 2 2 1 2 2 1 2 2 2 2 1 1 1 2 1 2 1 1 1 2 2 1 1 2 1 2 2 1 2 2 1 1 1 1 2 2 1 2 1 2 2 2 1 1 
1 1 1 1 1 2 2 1 1 1 2 1 1 1 2 2 2 1 2 2 2 2 1 2 2 2 1 2 1 1 1 2 2 0 2 2 1 1 1 2 1 1 2 2 1 2 2 2 1 2 2 1 1 2 1 1 1 2 2 1 2 2 1 2 2 2 1 1 2 2 1 1 2 1 2 2 2 2 2 2 1 1 1 2 1 2 2 2 1 1 2 1 2 2 2 1 1 2 2 1 1 
2 1 1 2 1 1 2 2 2 2 2 1 1 2 2 2 1 1 1 1 1 2 1 2 2 2 2 2 2 2 1 2 2 2 0 2 1 2 1 2 1 2 1 2 2 1 1 1 2 2 1 1 2 2 2 1 2 2 2 1 1 1 1 2 2 2 1 1 2 1 1 1 1 2 2 2 1 1 1 2 2 2 1 2 2 1 1 1 2 1 2 1 2 2 2 2 2 1 1 1 2 
2 1 1 2 1 2 1 1 2 2 1 1 1 2 1 2 1 2 2 2 1 2 2 2 2 1 1 2 1 2 1 1 2 2 2 0 2 2 2 2 2 1 1 2 1 2 1 1 2 2 2 2 1 1 2 2 1 1 2 2 1 2 1 2 1 2 1 1 2 1 1 1 1 1 2 2 2 2 2 2 2 2 1 1 2 1 1 1 2 1 2 2 2 2 1 2 2 2 1 2 2 
2 2 1 1 1 2 2 2 2 1 1 1 1 2 1 1 1 1 2 2 1 2 2 1 1 1 2 2 1 2 2 1 2 1 1 2 0 2 1 1 2 1 2 1 2 2 2 1 2 2 2 1 2 1 1 1 2 2 1 1 2 1 1 1 2 1 2 1 2 2 2 2 1 1 1 2 1 1 2 2 1 2 2 1 2 2 2 2 1 1 2 2 2 2 2 2 2 2 1 2 1 
2 2 2 1 1 1 1 1 2 2 1 2 1 2 2 1 2 2 2 2 1 2 2 1 2 1 2 2 1 2 2 1 1 1 2 2 2 0 2 1 1 1 2 1 2 1 2 2 2 2 2 1 2 2 2 1 2 2 1 2 1 2 1 1 2 2 2 1 1 1 2 2 2 2 2 1 2 1 2 2 1 1 1 2 1 2 1 1 1 1 1 1 1 2 1 2 1 1 2 2 1 
1 2 1 1 2 1 2 1 1 1 1 1 2 1 2 2 1 1 2 1 2 1 2 2 1 1 2 2 1 1 1 2 1 1 1 2 1 2 0 1 1 2 2 2 1 1 1 1 2 2 2 1 1 1 2 1 1 2 2 1 2 2 2 2 2 2 1 1 2 1 1 1 2 2 2 1 2 1 2 1 2 1 1 1 2 2 1 1 2 1 2 2 1 2 2 2 2 1 1 2 1 
1 1 1 2 2 2 2 1 1 2 1 1 2 2 2 1 1 2 1 2 2 2 1 2 1 2 1 2 1 1 1 1 1 2 2 2 1 1 1 0 1 1 2 1 1 1 2 1 2 1 1 1 1 1 2 1 1 2 1 2 1 2 1 2 2 1 2 2 2 1 2 2 2 1 2 1 1 1 2 1 2 1 2 1 2 2 2 2 2 2 1 2 1 1 2 1 1 1 1 1 1 
2 2 2 2 1 1 1 1 1 1 1 2 2 1 1 2 1 2 2 2 1 1 2 2 2 2 1 1 1 2 1 1 2 1 1 2 2 1 1 1 0 2 2 2 2 1 2 2 1 2 1 2 2 2 1 1 2 2 1 1 1 1 1 2 1 2 1 1 2 2 1 1 2 1 2 2 1 1 1 1 2 1 2 2 1 2 1 2 1 2 1 2 1 2 1 2 1 2 2 1 2 
2 2 2 2 1 1 2 2 2 2 2 2 1 2 2 2 1 2 1 2 2 1 1 1 1 1 1 1 2 2 1 2 2 1 2 1 1 1 2 1 2 0 2 2 1 1 1 1 1 2 2 2 1 1 1 2 2 2 1 2 2 2 2 1 2 2 2 2 2 1 2 1 2 2 1 1 1 1 2 1 1 2 2 1 2 2 1 1 2 2 1 2 2 2 2 2 1 1 1 2 2 
2 1 2 1 1 2 1 1 1 2 2 1 1 1 2 2 1 2 1 2 1 2 2 2 1 1 2 1 1 2 1 1 1 2 1 1 2 2 2 2 2 2 0 1 1 1 1 2 2 2 1 1 2 1 1 2 2 1 1 1 2 1 2 2 1 1 1 2 1 2 1 1 2 1 2 2 2 1 1 2 1 1 1 2 1 2 2 1 2 2 1 2 2 2 1 2 2 2 1 1 2 
2 2 2 1 1 1 2 2 1 2 2 2 2 2 1 2 1 2 2 1 1 2 2 1 1 1 1 1 2 2 1 2 1 2 2 2 1 1 2 1 2 2 1 0 1 1 2 1 2 2 1 2 2 2 2 2 1 1 1 1 1 2 2 2 2 1 1 1 2 2 1 1 2 2 1 1 1 1 2 2 2 2 1 2 1 1 1 2 2 2 1 2 1 1 1 1 2 2 1 2 2 
2 1 2 2 1 1 1 1 2 2 1 1 1 2 2 1 2 1 2 2 2 2 1 1 2 2 1 2 1 2 2 2 2 1 2 1 2 2 1 1 2 1 1 1 0 2 2 1 2 2 1 1 2 2 1 2 2 1 2 1 1 1 2 2 1 2 1 2 2 2 1 2 1 1 2 1 1 1 1 1 2 2 1 1 1 1 2 1 2 2 2 2 1 2 1 1 1 2 1 2 2 
2 2 2 2 1 2 2 1 1 2 2 2 1 2 2 1 2 1 2 1 2 1 1 2 1 1 2 1 1 2 1 2 1 2 1 2 2 1 1 1 1 1 1 1 2 0 2 2 1 2 1 2 2 1 1 1 2 2 1 2 2 2 2 1 2 2 1 1 1 1 1 1 1 2 2 2 1 2 1 1 1 2 2 1 1 2 1 1 1 2 2 1 1 1 2 1 1 1 1 1 1 
1 2 1 1 1 1 1 2 2 1 1 2 1 1 2 2 1 2 2 1 2 2 1 2 2 2 1 2 1 1 2 2 2 2 1 1 2 2 1 2 2 1 1 2 2 2 0 2 1 2 1 2 2 2 2 2 1 1 2 1 2 2 2 1 2 1 2 1 1 1 2 1 1 1 2 2 1 2 1 2 1 2 2 1 1 1 2 1 2 2 1 2 1 1 1 2 1 1 1 2 1 
2 2 2 1 2 1 2 1 2 2 2 1 2 1 1 1 2 1 1 2 2 2 1 1 2 1 2 1 1 1 1 2 2 2 1 1 1 2 1 1 2 1 2 1 1 2 2 0 1 2 2 1 2 2 2 2 2 1 1 1 1 1 2 1 2 1 1 2 2 1 2 1 1 1 1 2 1 2 2 2 2 1 1 1 2 1 2 1 1 2 2 2 1 2 1 1 2 1 2 2 1 
1 2 1 1 2 1 1 1 1 1 2 2 2 2 2 1 2 2 1 2 1 1 2 2 2 2 1 1 2 1 2 1 1 1 2 2 2 2 2 2 1 1 2 2 2 1 1 1 0 1 1 2 2 1 2 2 1 2 1 2 1 2 2 2 1 2 2 1 1 1 1 1 2 2 1 1 1 2 1 2 2 2 1 2 1 2 1 1 1 2 2 2 1 1 2 1 2 1 1 2 1 
1 2 1 2 2 1 2 1 1 1 1 1 2 2 1 2 1 1 1 2 1 1 2 2 1 2 1 1 1 2 2 1 2 2 2 2 2 2 2 1 2 2 2 2 2 2 2 2 1 0 2 2 1 2 1 1 2 2 2 2 2 1 1 2 1 2 1 1 1 1 1 1 1 1 1 1 2 1 2 1 1 1 1 1 2 2 2 2 2 2 2 1 1 2 1 2 1 2 1 2 2 
1 1 2 1 2 1 2 1 1 2 2 2 2 2 1 2 1 1 2 1 1 1 1 1 2 2 1 1 1 1 1 2 2 2 1 2 2 2 2 1 1 2 1 1 1 1 1 2 1 2 0 1 1 1 2 1 2 1 1 1 1 1 1 2 2 2 2 2 1 1 2 2 1 2 2 2 1 1 1 2 2 2 2 1 2 1 1 1 1 1 2 1 2 1 2 1 1 1 1 1 1 
1 2 1 2 2 1 2 2 2 2 2 2 1 1 2 1 2 1 2 2 1 1 2 2 2 2 2 1 2 2 2 2 1 1 1 2 1 1 1 1 2 2 1 2 1 2 2 1 2 2 1 0 1 1 1 2 2 2 2 1 1 1 1 2 1 2 1 2 2 2 1 2 1 2 2 1 2 2 1 2 1 1 1 1 1 1 2 2 1 2 1 1 1 1 1 2 2 1 2 2 1 
1 1 1 1 2 1 1 1 1 1 1 1 1 2 1 2 2 1 1 1 1 1 1 2 2 1 1 1 1 1 1 2 2 1 2 1 2 2 1 1 2 1 2 2 2 2 2 2 2 1 1 1 0 1 1 1 2 2 1 2 1 1 1 1 1 2 1 2 2 2 2 2 1 2 1 1 1 1 2 2 2 1 2 2 1 1 2 1 1 1 2 2 1 1 1 2 2 1 2 2 1 
1 1 2 1 2 1 2 1 2 1 2 1 2 1 2 2 2 2 2 1 2 2 1 2 2 2 1 2 1 2 2 1 2 2 2 1 1 2 1 1 2 1 1 2 2 1 2 2 1 2 1 1 1 0 2 2 2 1 2 1 1 1 2 2 2 1 2 1 1 1 1 1 2 1 2 1 2 1 2 1 2 2 1 2 1 2 1 2 2 1 2 2 2 2 2 2 2 1 1 1 1 
2 1 1 1 2 2 2 2 2 2 1 1 1 2 2 2 1 1 2 1 1 1 1 1 2 2 2 1 1 1 1 1 1 1 2 2 1 2 2 2 1 1 1 2 1 1 2 2 2 1 2 1 1 2 0 1 2 2 2 2 2 1 2 2 2 1 2 1 1 2 1 1 2 2 1 2 2 2 2 1 2 1 1 2 1 2 2 1 1 2 1 2 2 2 1 2 1 1 1 2 1 
1 1 1 1 2 1 2 1 1 1 2 1 2 1 1 1 2 2 2 1 2 1 2 1 2 1 2 1 1 1 1 1 1 1 1 2 1 1 1 1 1 2 2 2 2 1 2 2 2 1 1 2 1 2 1 0 2 1 1 1 2 1 1 2 1 2 1 2 2 2 2 2 2 1 2 1 1 1 1 1 2 1 1 1 2 2 1 2 1 2 1 2 2 2 1 2 2 2 1 2 2 
1 1 2 1 1 1 2 2 1 1 1 1 1 2 2 2 1 2 2 2 2 2 1 1 2 1 1 1 2 1 1 2 2 1 2 1 2 2 1 1 2 2 2 1 2 2 1 2 1 2 2 2 2 2 2 2 0 1 1 1 2 1 2 1 2 1 2 1 1 1 1 1 2 2 1 2 1 1 1 1 1 2 2 2 1 2 2 2 1 2 1 2 1 1 2 2 2 1 1 1 2 
1 2 1 1 2 2 2 2 2 1 1 2 2 1 2 1 2 2 2 1 2 1 2 1 2 2 1 2 2 1 1 1 2 2 2 1 2 2 2 2 2 2 1 1 1 2 1 1 2 2 1 2 2 1 2 1 1 0 1 2 2 2 2 1 1 1 1 1 1 1 1 1 1 1 1 2 1 2 2 1 2 1 2 1 2 1 2 2 2 2 1 2 1 1 1 1 2 1 1 2 2 
1 1 1 2 2 1 1 2 2 1 2 2 2 1 2 2 1 2 1 1 2 1 2 1 2 1 1 1 1 1 1 2 2 2 2 2 1 1 2 1 1 1 1 1 2 1 2 1 1 2 1 2 1 2 2 1 1 1 0 1 2 2 1 1 2 1 1 2 2 2 1 1 1 1 1 1 1 2 2 1 1 2 2 1 1 1 1 2 2 2 1 1 2 2 2 2 1 2 1 2 1 
1 1 1 1 1 1 1 1 1 1 2 1 2 2 1 1 2 2 2 1 1 1 2 2 2 1 1 1 2 2 2 2 1 1 1 2 1 2 1 2 1 2 1 1 1 2 1 1 2 2 1 1 2 1 2 1 1 2 1 0 1 2 2 1 2 1 1 1 2 1 2 1 2 1 1 1 2 2 1 2 1 1 1 1 2 1 1 1 1 2 1 2 2 2 1 2 2 1 2 1 2 
1 1 1 1 1 1 2 2 2 2 2 1 2 1 2 1 1 2 1 2 1 2 1 2 2 2 1 2 2 2 2 2 2 2 1 1 2 1 2 1 1 2 2 1 1 2 2 1 1 2 1 1 1 1 2 2 2 2 2 1 0 1 2 1 1 2 1 2 1 2 1 1 1 2 1 1 2 1 1 1 1 2 2 1 2 1 1 2 2 2 2 2 2 2 2 2 2 1 1 1 1 
2 2 1 2 1 2 2 1 2 1 2 2 1 1 1 1 2 2 2 1 1 2 1 1 2 2 1 2 1 2 1 2 2 2 1 2 1 2 2 2 1 2 1 2 1 2 2 1 2 1 1 1 1 1 1 1 1 2 2 2 1 0 1 2 1 2 1 2 1 1 1 1 2 1 2 1 2 2 1 1 2 1 2 2 2 2 1 2 1 1 2 2 2 1 1 1 1 2 1 2 2 
2 1 2 1 2 1 1 1 2 2 2 2 2 2 1 1 2 2 2 1 1 2 2 2 2 2 2 2 1 2 1 2 1 1 1 1 1 1 2 1 1 2 2 2 2 2 2 2 2 1 1 1 1 2 2 1 2 2 1 2 2 1 0 2 2 2 1 2 1 2 1 2 1 2 1 1 2 1 1 1 1 1 1 1 1 1 1 1 2 1 1 1 2 1 1 2 1 1 2 2 1 
2 2 2 2 1 1 1 2 1 2 2 1 1 1 1 2 2 1 1 1 1 2 2 2 2 2 1 2 2 1 2 1 2 2 2 2 1 1 2 2 2 1 2 2 2 1 1 1 2 2 2 2 1 2 2 2 1 1 1 1 1 2 2 0 1 1 1 2 2 2 2 2 2 2 2 1 1 2 1 2 1 2 1 2 1 1 1 2 1 2 2 1 2 1 2 1 1 2 1 2 1 
1 2 1 2 1 1 1 2 1 1 1 1 2 1 1 1 2 1 1 2 2 2 2 2 1 1 2 2 2 2 1 1 2 2 2 1 2 2 2 2 1 2 1 2 1 2 2 2 1 1 2 1 1 2 2 1 2 1 2 2 1 1 2 1 0 2 1 1 2 2 2 1 1 2 2 1 1 1 2 2 1 1 2 2 2 2 1 2 1 1 2 1 2 1 2 2 2 1 2 1 1 
1 2 1 1 2 2 2 1 2 2 2 2 2 2 2 2 2 2 1 2 1 2 2 1 1 2 2 1 2 2 2 2 2 2 2 2 1 2 2 1 2 2 1 1 2 2 1 1 2 2 2 2 2 1 1 2 1 1 1 1 2 2 2 1 2 0 1 2 1 2 1 2 2 1 2 1 1 2 1 2 1 1 2 2 1 1 2 2 2 1 1 1 1 2 2 2 2 2 1 1 1 
1 1 2 2 2 2 1 1 2 2 2 2 2 2 2 2 2 1 2 1 2 2 1 1 1 1 2 2 1 1 1 2 2 1 1 1 2 2 1 2 1 2 1 1 1 1 2 1 2 1 2 1 1 2 2 1 2 1 1 1 1 1 1 1 1 1 0 2 2 2 2 2 1 1 1 2 1 2 2 1 1 2 1 2 2 2 1 1 1 2 1 2 1 1 2 2 1 1 2 2 1 
1 2 1 2 2 1 1 1 2 2 1 2 2 1 1 1 2 2 1 1 1 2 1 2 2 2 1 2 2 1 2 2 1 1 1 1 1 1 1 2 1 2 2 1 2 1 1 2 1 1 2 2 2 1 1 2 1 1 2 1 2 2 2 2 1 2 2 0 1 2 1 2 1 1 2 2 1 1 2 1 2 2 1 1 1 2 2 1 1 2 2 1 2 2 1 1 1 1 2 2 1 
2 2 1 2 1 1 2 2 1 2 2 2 2 1 2 1 2 2 1 1 2 1 1 1 2 1 2 2 1 1 2 1 1 2 2 2 2 1 2 2 2 2 1 2 2 1 1 2 1 1 1 2 2 1 1 2 1 1 2 2 1 1 1 2 2 1 2 1 0 1 2 2 1 1 1 2 1 1 1 2 2 2 2 1 1 1 2 1 2 2 2 2 2 2 1 2 1 1 2 2 1 
2 2 2 1 2 2 1 1 2 1 2 1 1 1 2 1 1 2 2 2 1 2 2 2 1 2 2 2 1 2 2 2 1 2 1 1 2 1 1 1 2 1 2 2 2 1 1 1 1 1 1 2 2 1 2 2 1 1 2 1 2 1 2 2 2 2 2 2 1 0 2 1 2 2 1 2 2 1 2 1 2 1 2 2 1 2 1 1 2 2 2 1 2 1 1 2 1 1 1 1 1 
2 2 1 1 1 1 1 1 2 2 1 1 2 1 1 1 2 1 2 2 2 2 2 1 1 1 1 2 2 2 1 2 2 1 1 1 2 2 1 2 1 2 1 1 1 1 2 2 1 1 2 1 2 1 1 2 1 1 1 2 1 1 1 2 2 1 2 1 2 2 0 2 1 1 1 1 2 2 1 2 2 1 2 2 1 2 1 1 2 1 1 1 1 2 2 2 2 2 1 2 1 
1 2 1 1 2 2 2 2 1 2 2 2 2 1 1 2 1 1 2 2 2 1 2 2 1 1 1 2 2 2 1 1 1 1 1 1 2 2 1 2 1 1 1 1 2 1 1 1 1 1 2 2 2 1 1 2 1 1 1 1 1 1 2 2 1 2 2 2 2 1 2 0 1 2 1 1 2 1 1 1 2 2 1 1 2 1 2 2 1 1 1 1 2 2 2 1 1 2 1 2 1 
1 2 1 2 1 1 1 1 2 2 1 1 1 2 1 1 1 1 1 2 1 1 2 2 1 2 2 2 1 2 1 1 2 2 1 1 1 2 2 2 2 2 2 2 1 1 1 1 2 1 1 1 1 2 2 2 2 1 1 2 1 2 1 2 1 2 1 1 1 2 1 1 0 2 2 2 1 2 2 2 1 2 2 1 1 2 2 1 1 1 2 1 1 2 1 2 2 2 1 2 1 
2 1 2 1 1 2 1 2 1 1 1 1 1 1 2 2 1 2 2 2 1 2 1 2 1 2 1 2 2 1 1 2 1 1 2 1 1 2 2 1 1 2 1 2 1 2 1 1 2 1 2 2 2 1 2 1 2 1 1 1 2 1 2 2 2 1 1 1 1 2 1 2 2 0 1 2 1 1 2 1 2 2 2 2 2 2 1 2 2 2 1 2 2 2 1 1 2 2 2 2 2 
2 2 2 1 2 2 2 2 1 2 2 2 2 1 1 1 2 2 1 2 1 1 1 1 1 2 1 2 1 1 1 1 1 2 2 2 1 2 2 2 2 1 2 1 2 2 2 1 1 1 2 2 1 2 1 2 1 1 1 1 1 2 1 2 2 2 1 2 1 1 1 1 2 1 0 1 1 1 1 1 2 1 2 2 2 1 2 1 1 1 2 1 1 2 2 1 1 2 1 2 2 
2 2 1 2 1 1 2 2 1 2 2 2 2 1 1 2 1 2 1 2 1 2 2 1 1 2 1 2 1 1 2 2 1 2 2 2 2 1 1 1 2 1 2 1 1 2 2 2 1 1 2 1 1 1 2 1 2 2 1 1 1 1 1 1 1 1 2 2 2 2 1 1 2 2 1 0 1 2 2 1 1 1 1 2 1 1 1 2 1 2 1 1 2 1 1 2 2 1 2 1 1 
1 2 2 2 2 1 2 2 1 1 1 1 2 1 1 1 1 1 1 1 2 2 2 2 1 2 2 2 1 1 2 2 2 2 1 2 1 2 2 1 1 1 2 1 1 1 1 1 1 2 1 2 1 2 2 1 1 1 1 2 2 2 2 1 1 1 1 1 1 2 2 2 1 1 1 1 0 1 1 2 2 1 2 2 2 2 1 1 1 2 1 1 2 2 2 1 2 1 2 1 2 
2 2 2 1 2 1 2 2 1 1 2 1 2 2 2 1 1 1 1 1 1 1 1 1 2 2 1 1 2 2 1 2 2 2 1 2 1 1 1 1 1 1 1 1 1 2 2 2 2 1 1 2 1 1 2 1 1 2 2 2 1 2 1 2 1 2 2 1 1 1 2 1 2 1 1 2 1 0 2 1 1 2 2 1 2 2 2 2 1 1 1 2 1 1 2 2 1 1 2 2 2 
2 1 1 2 2 2 1 1 1 1 2 1 2 2 1 1 2 2 1 1 1 1 2 2 2 1 2 2 2 1 1 2 1 2 1 2 2 2 2 2 1 2 1 2 1 1 1 2 1 2 1 1 2 2 2 1 1 2 2 1 1 1 1 1 2 1 2 2 1 2 1 1 2 2 1 2 1 2 0 1 2 1 1 1 2 2 2 2 2 1 1 1 2 2 1 1 1 2 1 1 2 
1 2 1 1 2 1 1 1 1 1 1 1 2 2 2 1 2 1 2 2 1 2 1 1 1 1 2 2 2 2 2 1 1 2 2 2 2 2 1 1 1 1 2 2 1 1 2 2 2 1 2 2 2 1 1 1 1 1 1 2 1 1 1 2 2 2 1 1 2 1 2 1 2 1 1 1 2 1 1 0 2 1 1 2 2 1 1 2 1 2 2 1 1 2 1 1 2 2 1 1 2 
2 1 2 2 1 2 2 2 1 1 2 1 2 2 2 1 1 2 2 1 1 2 2 1 1 1 1 1 1 2 1 1 2 1 2 2 1 1 2 2 2 1 1 2 2 1 1 2 2 1 2 1 2 2 2 2 1 2 1 1 1 2 1 1 1 1 1 2 2 2 2 2 1 2 2 1 2 1 2 2 0 1 2 1 2 1 1 2 2 1 2 2 2 2 2 2 2 2 2 1 1 
2 1 1 1 2 1 1 1 2 1 2 1 2 2 2 2 2 2 2 1 2 1 1 2 2 1 1 1 2 1 1 1 1 1 2 2 2 1 1 1 1 2 1 2 2 2 2 1 2 1 2 1 1 2 1 1 2 1 2 1 2 1 1 2 1 1 2 2 2 1 1 2 2 2 1 1 1 2 1 1 1 0 2 1 2 1 2 2 1 1 2 2 1 2 1 2 2 1 1 1 2 
1 2 2 1 1 1 2 1 1 1 1 1 2 1 1 2 1 2 2 1 2 1 2 1 1 2 1 2 1 2 1 2 2 1 1 1 2 1 1 2 2 2 1 1 1 2 2 1 1 1 2 1 2 1 1 1 2 2 2 1 2 2 1 1 2 2 1 1 2 2 2 1 2 2 2 1 2 2 1 1 2 2 0 1 2 2 2 1 2 2 2 2 1 1 2 1 2 1 2 1 1 
1 2 2 1 2 1 2 1 2 1 2 2 2 2 2 1 1 1 1 2 2 1 1 2 1 1 1 1 2 1 1 1 2 2 2 1 1 2 1 1 2 1 2 2 1 1 1 1 2 1 1 1 2 2 2 1 2 1 1 1 1 2 1 2 2 2 2 1 1 2 2 1 1 2 2 2 2 1 1 2 1 1 1 0 2 1 2 1 1 1 2 2 1 2 1 1 1 2 1 1 1 
2 2 1 2 1 1 1 2 2 2 1 2 1 1 1 2 1 2 2 2 2 1 2 2 1 1 1 1 1 2 1 1 1 1 2 2 2 1 2 2 1 2 1 1 1 1 1 2 1 2 2 1 1 1 1 2 1 2 1 2 2 2 1 1 2 1 2 1 1 1 1 2 1 2 2 1 2 2 2 2 2 2 2 2 0 1 2 1 2 2 1 1 2 2 2 2 2 2 2 2 2 
1 2 1 2 2 2 1 1 2 1 2 1 1 2 1 1 2 2 2 2 1 1 2 2 1 2 1 2 2 1 1 2 2 2 1 1 2 2 2 2 2 2 2 1 1 2 1 1 2 2 1 1 1 2 2 2 2 1 1 1 1 2 1 1 2 1 2 2 1 2 2 1 2 2 1 1 2 2 2 1 1 1 2 1 1 0 1 1 1 1 1 1 2 2 1 2 1 1 2 1 2 
1 2 2 2 1 2 2 2 2 2 1 1 2 1 1 1 2 1 1 1 1 2 2 1 1 2 2 1 1 2 2 2 2 2 1 1 2 1 1 2 1 1 2 1 2 1 2 2 1 2 1 2 2 1 2 1 2 2 1 1 1 1 1 1 1 2 1 2 2 1 1 2 2 1 2 1 1 2 2 1 1 2 2 2 2 1 0 1 2 1 2 2 1 1 1 1 1 1 1 1 1 
1 1 2 1 1 2 1 2 1 1 2 1 2 1 2 2 1 1 1 2 2 2 2 2 1 1 1 2 2 2 1 2 1 2 1 1 2 1 1 2 2 1 1 2 1 1 1 1 1 2 1 2 1 2 1 2 2 2 2 1 2 2 1 2 2 2 1 1 1 1 1 2 1 2 1 2 1 2 2 2 2 2 1 1 1 1 1 0 1 2 1 2 2 1 1 1 1 1 1 2 2 
2 1 2 2 1 1 1 1 2 2 2 1 2 1 1 1 1 1 1 1 2 2 2 2 2 2 2 1 1 2 1 1 1 1 2 2 1 1 2 2 1 2 2 2 2 1 2 1 1 2 1 1 1 2 1 1 1 2 2 1 2 1 2 1 1 2 1 1 2 2 2 1 1 2 1 1 1 1 2 1 2 1 2 1 2 1 2 1 0 2 2 2 1 2 1 1 2 1 2 1 2 
1 2 1 1 2 1 1 2 2 1 2 2 1 2 1 1 2 1 2 1 2 1 1 1 1 2 2 2 1 2 2 1 1 1 1 1 1 1 1 2 2 2 2 2 2 2 2 2 2 2 1 2 1 1 2 2 2 2 2 2 2 1 1 2 1 1 2 2 2 2 1 1 1 2 1 2 2 1 1 2 1 1 2 1 2 1 1 2 2 0 2 1 1 2 1 2 1 1 2 1 1 
2 2 2 1 2 2 2 1 2 1 2 1 2 2 2 1 1 2 2 1 2 1 2 1 2 1 1 1 2 2 1 1 1 2 2 2 2 1 2 1 1 1 1 1 2 2 1 2 2 2 2 1 2 2 1 1 1 1 1 1 2 2 1 2 2 1 1 2 2 2 1 1 2 1 2 1 1 1 1 2 2 2 2 2 1 1 2 1 2 2 0 2 1 2 1 2 1 1 1 2 2 
1 2 2 1 1 2 2 2 1 2 1 1 1 2 2 2 1 2 1 2 1 2 2 1 1 2 1 1 1 1 2 1 2 1 1 2 2 1 2 2 2 2 2 2 2 1 2 2 2 1 1 1 2 2 2 2 2 2 1 2 2 2 1 1 1 1 2 1 2 1 1 1 1 2 1 1 1 2 1 1 2 2 2 2 1 1 2 2 2 1 2 0 2 1 2 1 1 1 1 1 1 
2 1 2 1 1 2 2 2 1 1 1 2 2 2 2 2 2 2 2 1 1 2 2 2 2 1 2 1 1 1 1 2 2 2 2 2 2 1 1 1 1 2 2 1 1 1 1 1 1 1 2 1 1 2 2 2 1 1 2 2 2 2 2 2 2 1 1 2 2 2 1 2 1 2 1 2 2 1 2 1 2 1 1 1 2 2 1 2 1 1 1 2 0 1 2 2 2 1 2 2 1 
2 1 1 2 2 2 2 2 2 2 2 2 1 1 2 1 1 2 1 2 1 2 1 2 2 1 2 1 1 1 1 2 1 2 2 2 2 2 2 1 2 2 2 1 2 1 1 2 1 2 1 1 1 2 2 2 1 1 2 2 2 1 1 1 1 2 1 2 2 1 2 2 2 2 2 1 2 1 2 2 2 2 1 2 2 2 1 1 2 2 2 1 1 0 1 1 1 1 2 1 1 
1 2 1 1 1 2 1 1 1 2 2 2 2 2 2 1 1 1 2 1 2 2 2 2 2 1 2 1 1 2 2 2 2 2 2 1 2 1 2 2 1 2 1 1 1 2 1 1 2 1 2 1 1 2 1 1 2 1 2 1 2 1 1 2 2 2 2 1 1 1 2 2 1 1 2 1 2 2 1 1 2 1 2 1 2 1 1 1 1 1 1 2 2 1 0 2 2 1 1 2 2 
1 2 2 1 1 1 2 1 2 1 1 1 1 2 1 2 2 1 2 2 1 1 1 2 2 1 2 1 2 2 2 2 1 1 2 2 2 2 2 1 2 2 2 1 1 1 2 1 1 2 1 2 2 2 2 2 2 1 2 2 2 1 2 1 2 2 2 1 2 2 2 1 2 1 1 2 1 2 1 1 2 2 1 1 2 2 1 1 1 2 2 1 2 1 2 0 1 2 1 1 2 
2 1 2 1 1 1 1 1 1 2 2 2 1 2 2 2 1 1 1 2 2 1 1 2 2 2 1 1 2 2 2 2 2 1 2 2 2 1 2 1 1 1 2 2 1 1 1 2 2 1 1 2 2 2 1 2 2 2 1 2 2 1 1 1 2 2 1 1 1 1 2 1 2 2 1 2 2 1 1 2 2 2 2 1 2 1 1 1 2 1 1 1 2 1 2 1 0 2 2 1 2 
2 1 1 1 2 1 2 2 2 2 2 2 1 1 2 1 2 1 1 2 1 2 1 2 1 2 1 2 2 2 2 2 2 2 1 2 2 1 1 1 2 1 2 2 2 1 1 1 1 2 1 1 1 1 1 2 1 1 2 1 1 2 1 2 1 2 1 1 1 1 2 2 2 2 2 1 1 1 2 2 2 1 1 2 2 1 1 1 1 1 1 1 1 1 1 2 2 0 1 1 2 
1 2 1 2 1 1 2 2 1 1 2 2 1 2 1 1 1 1 2 1 1 2 2 1 2 2 2 1 1 1 2 1 2 2 1 1 1 2 1 1 2 1 1 1 1 1 1 2 1 1 1 2 2 1 1 1 1 1 1 2 1 1 2 1 2 1 2 2 2 1 1 1 1 2 1 2 2 2 1 1 2 1 2 1 2 2 1 1 2 2 1 1 2 2 1 1 2 1 0 1 1 
1 1 1 1 1 2 2 1 1 1 1 2 1 2 1 1 2 1 2 1 2 1 1 1 1 2 1 2 2 1 1 1 1 1 1 2 2 2 2 1 1 2 1 2 2 1 2 2 2 2 1 2 2 1 2 2 1 2 2 1 1 2 2 2 1 1 2 2 2 1 2 2 2 2 2 1 1 2 1 1 1 1 1 1 2 1 1 2 1 1 2 1 2 1 2 1 1 1 1 0 2 
1 2 1 2 2 1 2 2 1 2 2 1 2 1 1 2 1 2 2 2 2 2 1 2 1 1 1 2 2 2 2 2 1 1 2 2 1 1 1 1 2 2 2 2 2 1 1 1 1 2 1 1 1 1 1 2 2 2 1 2 1 2 1 1 1 1 1 1 1 1 1 1 1 2 2 1 2 2 2 2 1 2 1 1 2 2 1 2 2 1 2 1 1 1 2 2 2 2 1 2 0 
