50
B F H I O P Q T U V W AA AB AE AH AI AK AM AO AQ AS AU AV AW AX BA BE BF BG BI BJ BO BP BU BX BZ CA CC CD CE CF CK CL CM CP CQ CR CU CV AY
0 2 1 1 2 2 2 1 1 1 2 2 1 2 1 1 2 1 2 2 1 1 1 1 2 2 2 2 1 2 1 1 2 2 2 2 2 2 2 2 2 1 1 1 2 1 1 1 2 2 
2 0 1 2 1 2 2 2 1 1 1 1 1 1 1 2 2 2 2 2 2 2 1 2 1 1 2 1 1 2 1 2 2 1 1 1 1 1 1 1 1 2 2 1 1 1 2 1 1 1 
1 1 0 1 2 1 2 1 2 2 2 1 1 2 2 1 2 2 2 2 1 2 1 2 1 2 2 2 2 2 1 1 1 1 1 1 1 1 2 1 2 2 1 2 1 1 2 2 1 1 
1 2 1 0 1 2 2 1 1 2 1 1 2 1 2 1 1 1 2 2 1 2 1 2 2 1 2 2 2 1 2 1 1 1 2 2 1 2 2 2 2 2 1 2 1 2 2 1 2 1 
2 1 2 1 0 2 1 1 2 2 2 1 2 2 1 1 2 1 1 2 1 1 1 1 1 2 1 2 1 2 1 1 1 2 1 1 1 1 1 2 1 1 1 2 2 1 1 1 1 1 
2 2 1 2 2 0 1 1 2 2 2 2 1 2 1 2 2 2 1 1 2 1 1 2 2 2 1 2 1 2 1 2 1 1 2 2 1 2 1 1 1 1 2 1 2 1 1 1 1 1 
2 2 2 2 1 1 0 2 1 1 1 1 2 1 2 2 2 2 1 1 2 1 1 1 1 1 1 1 1 2 2 1 2 1 2 2 1 1 2 1 1 1 2 1 2 1 2 1 1 1 
1 2 1 1 1 1 2 0 2 2 2 1 2 1 1 1 2 2 1 1 2 1 1 1 2 1 2 2 1 1 1 1 1 2 2 1 2 1 1 2 2 2 1 1 1 1 2 1 2 2 
1 1 2 1 2 2 1 2 0 1 1 2 1 1 2 2 2 1 2 2 2 1 2 1 2 2 2 2 1 2 1 2 2 2 2 2 2 1 1 1 1 1 2 1 2 1 2 2 2 2 
1 1 2 2 2 2 1 2 1 0 2 1 2 1 1 1 2 2 2 2 1 1 2 2 1 2 2 1 2 1 1 1 1 2 2 2 2 2 1 1 1 2 2 1 1 1 1 2 2 2 
2 1 2 1 2 2 1 2 1 2 0 1 2 2 1 1 2 2 1 1 2 2 1 2 1 1 1 2 1 2 1 1 2 1 1 2 2 2 1 1 1 2 2 2 2 1 1 1 2 1 
2 1 1 1 1 2 1 1 2 1 1 0 1 2 1 1 2 1 1 1 2 2 1 2 2 1 1 1 1 2 1 2 2 2 1 2 2 2 2 1 1 2 2 2 1 2 1 2 2 1 
1 1 1 2 2 1 2 2 1 2 2 1 0 1 1 1 2 2 2 1 2 1 2 1 1 2 1 2 1 2 1 1 1 2 1 1 1 1 1 2 2 1 1 2 2 1 1 2 1 2 
2 1 2 1 2 2 1 1 1 1 2 2 1 0 1 1 2 2 1 1 1 1 2 2 1 2 1 1 1 2 1 2 2 1 2 2 1 1 1 1 1 2 2 2 1 2 2 1 1 2 
1 1 2 2 1 1 2 1 2 1 1 1 1 1 0 2 1 2 2 2 1 2 2 2 1 2 2 2 2 2 2 2 2 1 1 2 2 1 1 1 2 2 1 1 2 1 1 1 2 2 
1 2 1 1 1 2 2 1 2 1 1 1 1 1 2 0 1 1 2 1 1 2 1 2 1 1 1 1 1 2 2 1 1 2 2 1 1 1 2 2 2 1 2 1 1 2 1 1 2 2 
2 2 2 1 2 2 2 2 2 2 2 2 2 2 1 1 0 1 2 1 1 2 2 1 2 1 2 1 2 2 2 1 1 1 1 1 1 2 1 1 1 1 2 2 2 2 1 1 1 2 
1 2 2 1 1 2 2 2 1 2 2 1 2 2 2 1 1 0 2 1 2 1 2 1 2 2 2 1 2 1 1 2 2 1 2 1 2 2 2 2 1 1 1 2 1 1 1 1 1 2 
2 2 2 2 1 1 1 1 2 2 1 1 2 1 2 2 2 2 0 1 1 1 2 2 1 1 1 2 1 1 2 2 1 2 2 1 2 1 2 1 1 2 1 2 2 2 1 2 1 2 
2 2 2 2 2 1 1 1 2 2 1 1 1 1 2 1 1 1 1 0 2 2 1 1 2 2 1 2 1 1 1 2 1 2 2 2 1 1 1 1 2 2 2 2 2 2 2 1 2 1 
1 2 1 1 1 2 2 2 2 1 2 2 2 1 1 1 1 2 1 2 0 2 2 2 2 2 2 1 1 1 2 1 1 2 1 1 1 1 2 1 1 1 1 2 1 1 1 2 1 1 
1 2 2 2 1 1 1 1 1 1 2 2 1 1 2 2 2 1 1 2 2 0 2 1 1 1 1 2 2 2 2 1 1 1 2 1 1 2 1 1 1 1 1 1 1 2 2 1 2 2 
1 1 1 1 1 1 1 1 2 2 1 1 2 2 2 1 2 2 2 1 2 2 0 1 1 2 1 1 1 2 1 1 2 1 1 1 1 1 2 2 1 1 1 2 2 1 2 2 1 1 
1 2 2 2 1 2 1 1 1 2 2 2 1 2 2 2 1 1 2 1 2 1 1 0 2 1 1 1 1 2 1 2 1 1 1 1 2 2 1 1 1 2 2 1 2 1 1 2 1 2 
2 1 1 2 1 2 1 2 2 1 1 2 1 1 1 1 2 2 1 2 2 1 1 2 0 2 1 2 2 2 2 1 1 2 2 1 2 1 2 2 2 2 2 2 1 2 2 2 1 2 
2 1 2 1 2 2 1 1 2 2 1 1 2 2 2 1 1 2 1 2 2 1 2 1 2 0 1 2 2 2 2 2 1 2 2 1 1 1 2 2 1 1 1 1 1 2 1 1 2 1 
2 2 2 2 1 1 1 2 2 2 1 1 1 1 2 1 2 2 1 1 2 1 1 1 1 1 0 1 2 1 1 2 2 1 2 2 2 1 1 1 1 1 1 2 1 1 1 2 2 1 
2 1 2 2 2 2 1 2 2 1 2 1 2 1 2 1 1 1 2 2 1 2 1 1 2 2 1 0 1 2 2 2 1 1 2 1 2 1 2 2 2 1 2 2 2 2 1 2 1 2 
1 1 2 2 1 1 1 1 1 2 1 1 1 1 2 1 2 2 1 1 1 2 1 1 2 2 2 1 0 1 1 1 2 2 2 1 2 2 1 1 2 1 2 1 2 2 1 2 2 1 
2 2 2 1 2 2 2 1 2 1 2 2 2 2 2 2 2 1 1 1 1 2 2 2 2 2 1 2 1 0 1 1 2 1 2 2 1 2 1 1 2 1 2 2 2 2 2 2 2 2 
1 1 1 2 1 1 2 1 1 1 1 1 1 1 2 2 2 1 2 1 2 2 1 1 2 2 1 2 1 1 0 2 1 2 2 1 2 1 2 1 1 1 1 1 1 2 1 2 1 1 
1 2 1 1 1 2 1 1 2 1 1 2 1 2 2 1 1 2 2 2 1 1 1 2 1 2 2 2 1 1 2 0 2 2 2 2 1 2 2 1 1 2 2 1 1 1 1 1 2 1 
2 2 1 1 1 1 2 1 2 1 2 2 1 2 2 1 1 2 1 1 1 1 2 1 1 1 2 1 2 2 1 2 0 2 2 1 1 1 1 1 2 1 1 1 1 2 1 1 1 2 
2 1 1 1 2 1 1 2 2 2 1 2 2 1 1 2 1 1 2 2 2 1 1 1 2 2 1 1 2 1 2 2 2 0 2 1 2 1 2 2 2 2 2 1 2 2 2 1 2 1 
2 1 1 2 1 2 2 2 2 2 1 1 1 2 1 2 1 2 2 2 1 2 1 1 2 2 2 2 2 2 2 2 2 2 0 2 1 2 1 2 1 2 1 1 1 1 1 2 1 1 
2 1 1 2 1 2 2 1 2 2 2 2 1 2 2 1 1 1 1 2 1 1 1 1 1 1 2 1 1 2 1 2 1 1 2 0 2 2 1 1 1 2 2 1 2 2 1 2 1 1 
2 1 1 1 1 1 1 2 2 2 2 2 1 1 2 1 1 2 2 1 1 1 1 2 2 1 2 2 2 1 2 1 1 2 1 2 0 2 1 2 2 1 1 1 2 2 2 2 1 2 
2 1 1 2 1 2 1 1 1 2 2 2 1 1 1 1 2 2 1 1 1 2 1 2 1 1 1 1 2 2 1 2 1 1 2 2 2 0 1 2 1 1 2 2 2 1 2 2 1 2 
2 1 2 2 1 1 2 1 1 1 1 2 1 1 1 2 1 2 2 1 2 1 2 1 2 2 1 2 1 1 2 2 1 2 1 1 1 1 0 1 1 2 2 2 2 1 1 2 1 1 
2 1 1 2 2 1 1 2 1 1 1 1 2 1 1 2 1 2 1 1 1 1 2 1 2 2 1 2 1 1 1 1 1 2 2 1 2 2 1 0 1 2 1 2 1 1 1 2 1 1 
2 1 2 2 1 1 1 2 1 1 1 1 2 1 2 2 1 1 1 2 1 1 1 1 2 1 1 2 2 2 1 1 2 2 1 1 2 1 1 1 0 2 2 2 1 2 2 2 1 2 
1 2 2 2 1 1 1 2 1 2 2 2 1 2 2 1 1 1 2 2 1 1 1 2 2 1 1 1 1 1 1 2 1 2 2 2 1 1 2 2 2 0 1 1 2 2 2 1 1 2 
1 2 1 1 1 2 2 1 2 2 2 2 1 2 1 2 2 1 1 2 1 1 1 2 2 1 1 2 2 2 1 2 1 2 1 2 1 2 2 1 2 1 0 2 2 1 2 2 2 2 
1 1 2 2 2 1 1 1 1 1 2 2 2 2 1 1 2 2 2 2 2 1 2 1 2 1 2 2 1 2 1 1 1 1 1 1 1 2 2 2 2 1 2 0 2 1 2 2 2 1 
2 1 1 1 2 2 2 1 2 1 2 1 2 1 2 1 2 1 2 2 1 1 2 2 1 1 1 2 2 2 1 1 1 2 1 2 2 2 2 1 1 2 2 2 0 1 1 1 2 2 
1 1 1 2 1 1 1 1 1 1 1 2 1 2 1 2 2 1 2 2 1 2 1 1 2 2 1 2 2 2 2 1 2 2 1 2 2 1 1 1 2 2 1 1 1 0 2 2 1 1 
1 2 2 2 1 1 2 2 2 1 1 1 1 2 1 1 1 1 1 2 1 2 2 1 2 1 1 1 1 2 1 1 1 2 1 1 2 2 1 1 2 2 2 2 1 2 0 2 1 1 
1 1 2 1 1 1 1 1 2 2 1 2 2 1 1 1 1 1 2 1 2 1 2 2 2 1 2 2 2 2 2 1 1 1 2 2 2 2 2 2 2 1 2 2 1 2 2 0 2 1 
2 1 1 2 1 1 1 2 2 2 2 2 1 1 2 2 1 1 1 2 1 2 1 1 1 2 2 1 2 2 1 2 1 2 1 1 1 1 1 1 1 1 2 2 2 1 1 2 0 1 
2 1 1 1 1 1 1 2 2 2 1 1 2 2 2 2 2 2 2 1 1 2 1 2 2 1 1 2 1 2 1 1 2 1 1 1 2 2 1 1 2 2 2 1 2 1 1 1 1 0 
