20
D E F G H I J K L M N O P Q R S T U AB AD A
0 2 2 2 2 2 2 2 2 2 2 2 2 2 2 2 2 2 2 3 2 
2 0 2 2 2 2 2 2 2 2 2 2 2 2 2 2 2 2 2 3 2 
2 2 0 2 2 2 2 2 2 2 2 2 2 2 2 2 2 2 2 3 2 
2 2 2 0 2 2 2 2 2 2 2 2 2 2 2 2 2 2 2 3 2 
2 2 2 2 0 2 2 2 2 2 2 2 2 2 2 2 2 2 2 3 2 
2 2 2 2 2 0 2 2 2 2 2 2 2 2 2 2 2 2 2 3 2 
2 2 2 2 2 2 0 2 2 2 2 2 2 2 2 2 2 2 2 3 2 
2 2 2 2 2 2 2 0 2 2 2 2 2 2 2 2 2 2 2 3 2 
2 2 2 2 2 2 2 2 0 2 2 2 2 2 2 2 2 2 2 3 2 
2 2 2 2 2 2 2 2 2 0 2 2 2 2 2 2 2 2 2 3 2 
2 2 2 2 2 2 2 2 2 2 0 2 2 2 2 2 2 2 2 3 2 
2 2 2 2 2 2 2 2 2 2 2 0 2 2 2 2 2 2 2 3 2 
2 2 2 2 2 2 2 2 2 2 2 2 0 2 2 2 2 2 2 3 2 
2 2 2 2 2 2 2 2 2 2 2 2 2 0 2 2 2 2 2 3 2 
2 2 2 2 2 2 2 2 2 2 2 2 2 2 0 2 2 2 2 3 2 
2 2 2 2 2 2 2 2 2 2 2 2 2 2 2 0 2 2 2 3 2 
2 2 2 2 2 2 2 2 2 2 2 2 2 2 2 2 0 2 2 3 2 
2 2 2 2 2 2 2 2 2 2 2 2 2 2 2 2 2 0 2 3 2 
2 2 2 2 2 2 2 2 2 2 2 2 2 2 2 2 2 2 0 3 2 
3 3 3 3 3 3 3 3 3 3 3 3 3 3 3 3 3 3 3 0 2 
2 2 2 2 2 2 2 2 2 2 2 2 2 2 2 2 2 2 2 2 0 
