25
82 58 114 2 76 124 109 177 12 190 105 53 88 66 172 199 112 38 188 57 22 27 85 60 113
0 1 1 2 2 2 2 2 2 1 1 2 2 1 2 1 2 2 2 2 2 2 1 2 1 
1 0 2 1 1 1 1 2 1 1 1 1 1 2 2 1 1 1 1 1 2 2 2 1 2 
1 2 0 1 2 1 2 1 2 1 1 1 1 2 1 1 1 1 2 1 1 1 2 1 1 
2 1 1 0 2 2 2 2 2 1 1 2 2 2 1 2 2 2 2 1 2 1 1 1 2 
2 1 2 2 0 1 2 1 1 1 2 1 2 1 1 1 1 1 2 1 1 1 1 1 2 
2 1 1 2 1 0 2 1 1 1 2 1 1 1 2 1 1 1 1 2 1 1 2 1 1 
2 1 2 2 2 2 0 1 2 2 1 1 1 2 1 2 1 2 1 2 2 1 1 1 1 
2 2 1 2 1 1 1 0 1 1 2 1 2 2 2 1 1 2 2 2 2 1 1 1 1 
2 1 2 2 1 1 2 1 0 1 1 1 1 2 1 2 1 1 1 2 1 2 2 2 1 
1 1 1 1 1 1 2 1 1 0 1 2 1 1 1 1 1 2 2 2 2 2 2 1 1 
1 1 1 1 2 2 1 2 1 1 0 1 2 1 2 1 1 2 1 1 1 1 2 1 1 
2 1 1 2 1 1 1 1 1 2 1 0 1 1 1 1 2 2 1 2 1 1 1 1 1 
2 1 1 2 2 1 1 2 1 1 2 1 0 1 1 2 1 1 2 1 1 1 1 2 2 
1 2 2 2 1 1 2 2 2 1 1 1 1 0 1 2 1 1 2 2 1 1 2 1 1 
2 2 1 1 1 2 1 2 1 1 2 1 1 1 0 1 2 1 2 2 1 2 2 1 1 
1 1 1 2 1 1 2 1 2 1 1 1 2 2 1 0 1 2 2 1 1 2 1 1 2 
2 1 1 2 1 1 1 1 1 1 1 2 1 1 2 1 0 2 2 2 1 1 2 1 2 
2 1 1 2 1 1 2 2 1 2 2 2 1 1 1 2 2 0 1 2 1 1 2 2 1 
2 1 2 2 2 1 1 2 1 2 1 1 2 2 2 2 2 1 0 1 1 2 2 1 2 
2 1 1 1 1 2 2 2 2 2 1 2 1 2 2 1 2 2 1 0 2 1 2 1 1 
2 2 1 2 1 1 2 2 1 2 1 1 1 1 1 1 1 1 1 2 0 2 1 2 2 
2 2 1 1 1 1 1 1 2 2 1 1 1 1 2 2 1 1 2 1 2 0 1 1 1 
1 2 2 1 1 2 1 1 2 2 2 1 1 2 2 1 2 2 2 2 1 1 0 1 1 
2 1 1 1 1 1 1 1 2 1 1 1 2 1 1 1 1 2 1 1 2 1 1 0 1 
1 2 1 2 2 1 1 1 1 1 1 1 2 1 1 2 2 1 2 1 2 1 1 1 0 
