64
Simisear Phanpy Terrakion Drapion Meloetta Volcarona Slurpuff Skiddo Politoed Tropius Sandile Magmar Metang Taillow Porygon2 Slowbro Drampa Noibat Lotad Scatterbug Vullaby Inkay Steenee Tornadus Skorupi Dewpider Shellos Metapod Wartortle Crawdaunt Paras Froakie Nincada Gengar Honedge Amoonguss Tsareena Jumpluff Vespiquen Munna Kakuna Magnemite Whismur Xerneas Weezing Zekrom Woobat Comfey Bounsweet Seaking Tauros Weepinbell Stufful Shellder Plusle Treecko Swadloon Lumineon Yungoos Bastiodon Wailord Escavalier Conkeldurr Qwilfish
0 3 2 3 2 3 4 2 3 2 1 2 3 4 3 1 2 1 4 3 2 3 4 2 3 2 3 2 3 4 3 3 2 3 2 3 4 3 4 4 3 4 3 4 3 4 5 3 4 3 4 3 4 5 4 4 5 4 5 4 5 4 5 3 
3 0 3 2 3 2 3 1 2 3 2 1 2 3 4 4 1 2 1 4 3 2 3 3 2 3 2 3 2 3 4 2 3 2 3 2 3 4 3 3 4 3 4 3 4 3 4 4 3 4 3 4 3 4 5 5 4 5 4 5 4 5 4 2 
2 3 0 3 2 3 2 2 1 2 3 2 1 2 3 3 4 1 2 1 4 3 2 2 3 2 3 2 3 2 3 3 2 3 2 3 2 3 4 4 3 4 3 4 3 4 3 3 4 3 4 3 4 3 4 4 5 4 5 4 5 4 5 3 
3 2 3 0 3 2 3 3 2 1 2 3 2 1 2 2 3 4 1 2 1 4 3 3 2 3 2 3 2 3 2 4 3 2 3 2 3 2 3 3 4 3 4 3 4 3 4 4 3 4 3 4 3 4 3 5 4 5 4 5 4 5 4 2 
2 3 2 3 0 3 2 4 3 2 1 2 3 2 1 3 2 3 4 1 2 1 4 4 3 2 3 2 3 2 3 3 4 3 2 3 2 3 2 4 3 4 3 4 3 4 3 5 4 3 4 3 4 3 4 4 5 4 5 4 5 4 5 3 
3 2 3 2 3 0 3 3 4 3 2 1 2 3 2 4 3 2 3 4 1 2 1 3 4 3 2 3 2 3 2 4 3 4 3 2 3 2 3 5 4 3 4 3 4 3 4 4 5 4 3 4 3 4 3 5 4 5 4 5 4 5 4 4 
4 3 2 3 2 3 0 4 3 4 3 2 1 4 3 5 4 3 2 3 4 1 2 4 3 4 3 2 3 2 3 5 4 3 4 3 2 3 2 4 5 4 3 4 3 4 3 5 4 5 4 3 4 3 4 6 5 4 5 4 5 4 5 5 
2 1 2 3 4 3 4 0 3 2 3 2 3 4 5 3 2 1 2 3 4 3 4 2 1 4 3 2 3 4 5 3 2 3 2 3 4 3 4 2 3 2 3 4 3 4 5 3 4 3 4 3 4 5 4 4 3 4 3 4 5 4 5 3 
3 2 1 2 3 4 3 3 0 3 2 3 2 3 4 2 3 2 1 2 3 4 3 1 2 1 4 3 2 3 4 2 3 2 3 2 3 4 3 3 2 3 2 3 4 3 4 4 3 4 3 4 3 4 5 3 4 3 4 3 4 5 4 4 
2 3 2 1 2 3 4 2 3 0 3 2 3 2 3 1 2 3 2 1 2 3 4 4 1 2 1 4 3 2 3 3 2 3 2 3 2 3 4 2 3 2 3 2 3 4 3 3 4 3 4 3 4 3 4 4 3 4 3 4 3 4 5 1 
1 2 3 2 1 2 3 3 2 3 0 3 2 3 2 2 1 2 3 2 1 2 3 3 4 1 2 1 4 3 2 2 3 2 3 2 3 2 3 3 2 3 2 3 2 3 4 4 3 4 3 4 3 4 3 3 4 3 4 3 4 3 4 2 
2 1 2 3 2 1 2 2 3 2 3 0 3 2 3 3 2 1 2 3 2 1 2 2 3 4 1 2 1 4 3 3 2 3 2 3 2 3 2 4 3 2 3 2 3 2 3 3 4 3 4 3 4 3 4 4 3 4 3 4 3 4 3 3 
3 2 1 2 3 2 1 3 2 3 2 3 0 3 2 4 3 2 1 2 3 2 1 3 2 3 4 1 2 1 4 4 3 2 3 2 3 2 3 3 4 3 2 3 2 3 2 4 3 4 3 4 3 4 3 5 4 3 4 3 4 3 4 4 
4 3 2 1 2 3 4 4 3 2 3 2 3 0 3 3 4 3 2 1 2 3 2 4 3 2 3 4 1 2 1 3 4 3 2 3 2 3 2 4 3 4 3 2 3 2 3 5 4 3 4 3 4 3 4 4 5 4 3 4 3 4 3 3 
3 4 3 2 1 2 3 5 4 3 2 3 2 3 0 4 3 4 3 2 1 2 3 5 4 3 2 3 4 1 2 4 3 4 3 2 3 2 3 5 4 3 4 3 2 3 2 4 5 4 3 4 3 4 3 5 4 5 4 3 4 3 4 4 
1 4 3 2 3 4 5 3 2 1 2 3 4 3 4 0 3 2 3 2 3 4 5 3 2 1 2 3 4 3 4 2 1 4 3 2 3 4 5 3 2 3 2 3 4 3 4 2 3 2 3 4 3 4 5 3 4 3 4 3 4 5 4 2 
2 1 4 3 2 3 4 2 3 2 1 2 3 4 3 3 0 3 2 3 2 3 4 2 3 2 1 2 3 4 3 1 2 1 4 3 2 3 4 2 3 2 3 2 3 4 3 3 2 3 2 3 4 3 4 4 3 4 3 4 3 4 5 1 
1 2 1 4 3 2 3 1 2 3 2 1 2 3 4 2 3 0 3 2 3 2 3 1 2 3 2 1 2 3 4 4 1 2 1 4 3 2 3 3 2 3 2 3 2 3 4 2 3 2 3 2 3 4 3 3 4 3 4 3 4 3 4 4 
4 1 2 1 4 3 2 2 1 2 3 2 1 2 3 3 2 3 0 3 2 3 2 2 1 2 3 2 1 2 3 3 4 1 2 1 4 3 2 2 3 2 3 2 3 2 3 3 2 3 2 3 2 3 4 4 3 4 3 4 3 4 3 3 
3 4 1 2 1 4 3 3 2 1 2 3 2 1 2 2 3 2 3 0 3 2 3 3 2 1 2 3 2 1 2 2 3 4 1 2 1 4 3 3 2 3 2 3 2 3 2 4 3 2 3 2 3 2 3 3 4 3 4 3 4 3 4 2 
2 3 4 1 2 1 4 4 3 2 1 2 3 2 1 3 2 3 2 3 0 3 2 4 3 2 1 2 3 2 1 3 2 3 4 1 2 1 4 4 3 2 3 2 3 2 3 3 4 3 2 3 2 3 2 4 3 4 3 4 3 4 3 3 
3 2 3 4 1 2 1 3 4 3 2 1 2 3 2 4 3 2 3 2 3 0 3 3 4 3 2 1 2 3 2 4 3 2 3 4 1 2 1 3 4 3 2 3 2 3 2 4 3 4 3 2 3 2 3 5 4 3 4 3 4 3 4 4 
4 3 2 3 4 1 2 4 3 4 3 2 1 2 3 5 4 3 2 3 2 3 0 4 3 4 3 2 1 2 3 5 4 3 2 3 4 1 2 4 3 4 3 2 3 2 3 5 4 3 4 3 2 3 2 4 5 4 3 4 3 4 3 5 
2 3 2 3 4 3 4 2 1 4 3 2 3 4 5 3 2 1 2 3 4 3 4 0 3 2 3 2 3 4 5 3 2 1 2 3 4 3 4 2 1 4 3 2 3 4 5 3 2 3 2 3 4 3 4 2 3 2 3 4 3 4 5 3 
3 2 3 2 3 4 3 1 2 1 4 3 2 3 4 2 3 2 1 2 3 4 3 3 0 3 2 3 2 3 4 2 3 2 1 2 3 4 3 1 2 1 4 3 2 3 4 2 3 2 3 2 3 4 3 3 2 3 2 3 4 3 4 2 
2 3 2 3 2 3 4 4 1 2 1 4 3 2 3 1 2 3 2 1 2 3 4 2 3 0 3 2 3 2 3 1 2 3 2 1 2 3 4 4 1 2 1 4 3 2 3 3 2 3 2 3 2 3 4 2 3 2 3 2 3 4 3 3 
3 2 3 2 3 2 3 3 4 1 2 1 4 3 2 2 1 2 3 2 1 2 3 3 2 3 0 3 2 3 2 2 1 2 3 2 1 2 3 3 4 1 2 1 4 3 2 2 3 2 3 2 3 2 3 3 2 3 2 3 2 3 4 2 
2 3 2 3 2 3 2 2 3 4 1 2 1 4 3 3 2 1 2 3 2 1 2 2 3 2 3 0 3 2 3 3 2 1 2 3 2 1 2 2 3 4 1 2 1 4 3 3 2 3 2 3 2 3 2 4 3 2 3 2 3 2 3 3 
3 2 3 2 3 2 3 3 2 3 4 1 2 1 4 4 3 2 1 2 3 2 1 3 2 3 2 3 0 3 2 4 3 2 1 2 3 2 1 3 2 3 4 1 2 1 4 4 3 2 3 2 3 2 3 3 4 3 2 3 2 3 2 4 
4 3 2 3 2 3 2 4 3 2 3 4 1 2 1 3 4 3 2 1 2 3 2 4 3 2 3 2 3 0 3 3 4 3 2 1 2 3 2 4 3 2 3 4 1 2 1 3 4 3 2 3 2 3 2 4 3 4 3 2 3 2 3 3 
3 4 3 2 3 2 3 5 4 3 2 3 4 1 2 4 3 4 3 2 1 2 3 5 4 3 2 3 2 3 0 4 3 4 3 2 1 2 3 5 4 3 2 3 4 1 2 4 3 4 3 2 3 2 3 5 4 3 4 3 2 3 2 4 
3 2 3 4 3 4 5 3 2 3 2 3 4 3 4 2 1 4 3 2 3 4 5 3 2 1 2 3 4 3 4 0 3 2 3 2 3 4 5 3 2 1 2 3 4 3 4 2 1 4 3 2 3 4 5 3 2 3 2 3 4 3 4 2 
2 3 2 3 4 3 4 2 3 2 3 2 3 4 3 1 2 1 4 3 2 3 4 2 3 2 1 2 3 4 3 3 0 3 2 3 2 3 4 2 3 2 1 2 3 4 3 1 2 1 4 3 2 3 4 2 3 2 3 2 3 4 3 3 
3 2 3 2 3 4 3 3 2 3 2 3 2 3 4 4 1 2 1 4 3 2 3 1 2 3 2 1 2 3 4 2 3 0 3 2 3 2 3 1 2 3 2 1 2 3 4 4 1 2 1 4 3 2 3 3 2 3 2 3 2 3 4 2 
2 3 2 3 2 3 4 2 3 2 3 2 3 2 3 3 4 1 2 1 4 3 2 2 1 2 3 2 1 2 3 3 2 3 0 3 2 3 2 2 1 2 3 2 1 2 3 3 4 1 2 1 4 3 2 2 3 2 3 2 3 2 3 3 
3 2 3 2 3 2 3 3 2 3 2 3 2 3 2 2 3 4 1 2 1 4 3 3 2 1 2 3 2 1 2 2 3 2 3 0 3 2 3 3 2 1 2 3 2 1 2 2 3 4 1 2 1 4 3 3 2 3 2 3 2 3 2 4 
4 3 2 3 2 3 2 4 3 2 3 2 3 2 3 3 2 3 4 1 2 1 4 4 3 2 1 2 3 2 1 3 2 3 2 3 0 3 2 4 3 2 1 2 3 2 1 3 2 3 4 1 2 1 4 4 3 2 3 2 3 2 3 3 
3 4 3 2 3 2 3 3 4 3 2 3 2 3 2 4 3 2 3 4 1 2 1 3 4 3 2 1 2 3 2 4 3 2 3 2 3 0 3 3 4 3 2 1 2 3 2 4 3 2 3 4 1 2 1 3 4 3 2 3 2 3 2 4 
4 3 4 3 2 3 2 4 3 4 3 2 3 2 3 5 4 3 2 3 4 1 2 4 3 4 3 2 1 2 3 5 4 3 2 3 2 3 0 4 3 4 3 2 1 2 3 5 4 3 2 3 4 1 2 4 3 4 3 2 3 2 3 5 
4 3 4 3 4 5 4 2 3 2 3 4 3 4 5 3 2 3 2 3 4 3 4 2 1 4 3 2 3 4 5 3 2 1 2 3 4 3 4 0 3 2 3 2 3 4 5 3 2 1 2 3 4 3 4 2 1 4 3 2 3 4 5 3 
3 4 3 4 3 4 5 3 2 3 2 3 4 3 4 2 3 2 3 2 3 4 3 1 2 1 4 3 2 3 4 2 3 2 1 2 3 4 3 3 0 3 2 3 2 3 4 2 3 2 1 2 3 4 3 1 2 1 4 3 2 3 4 4 
4 3 4 3 4 3 4 2 3 2 3 2 3 4 3 3 2 3 2 3 2 3 4 4 1 2 1 4 3 2 3 1 2 3 2 1 2 3 4 2 3 0 3 2 3 2 3 1 2 3 2 1 2 3 4 4 1 2 1 4 3 2 3 3 
3 4 3 4 3 4 3 3 2 3 2 3 2 3 4 2 3 2 3 2 3 2 3 3 4 1 2 1 4 3 2 2 1 2 3 2 1 2 3 3 2 3 0 3 2 3 2 2 1 2 3 2 1 2 3 3 4 1 2 1 4 3 2 4 
4 3 4 3 4 3 4 4 3 2 3 2 3 2 3 3 2 3 2 3 2 3 2 2 3 4 1 2 1 4 3 3 2 1 2 3 2 1 2 2 3 2 3 0 3 2 3 3 2 1 2 3 2 1 2 2 3 4 1 2 1 4 3 3 
3 4 3 4 3 4 3 3 4 3 2 3 2 3 2 4 3 2 3 2 3 2 3 3 2 3 4 1 2 1 4 4 3 2 1 2 3 2 1 3 2 3 2 3 0 3 2 4 3 2 1 2 3 2 1 3 2 3 4 1 2 1 4 4 
4 3 4 3 4 3 4 4 3 4 3 2 3 2 3 3 4 3 2 3 2 3 2 4 3 2 3 4 1 2 1 3 4 3 2 1 2 3 2 4 3 2 3 2 3 0 3 3 4 3 2 1 2 3 2 4 3 2 3 4 1 2 1 5 
5 4 3 4 3 4 3 5 4 3 4 3 2 3 2 4 3 4 3 2 3 2 3 5 4 3 2 3 4 1 2 4 3 4 3 2 1 2 3 5 4 3 2 3 2 3 0 4 3 4 3 2 1 2 3 5 4 3 2 3 4 1 2 4 
3 4 3 4 5 4 5 3 4 3 4 3 4 5 4 2 3 2 3 4 3 4 5 3 2 3 2 3 4 3 4 2 1 4 3 2 3 4 5 3 2 1 2 3 4 3 4 0 3 2 3 2 3 4 5 3 2 1 2 3 4 3 4 4 
4 3 4 3 4 5 4 4 3 4 3 4 3 4 5 3 2 3 2 3 4 3 4 2 3 2 3 2 3 4 3 1 2 1 4 3 2 3 4 2 3 2 1 2 3 4 3 3 0 3 2 3 2 3 4 4 3 2 1 2 3 4 3 3 
3 4 3 4 3 4 5 3 4 3 4 3 4 3 4 2 3 2 3 2 3 4 3 3 2 3 2 3 2 3 4 4 1 2 1 4 3 2 3 1 2 3 2 1 2 3 4 2 3 0 3 2 3 2 3 1 2 3 2 1 2 3 4 4 
4 3 4 3 4 3 4 4 3 4 3 4 3 4 3 3 2 3 2 3 2 3 4 2 3 2 3 2 3 2 3 3 4 1 2 1 4 3 2 2 1 2 3 2 1 2 3 3 2 3 0 3 2 3 2 2 1 2 3 2 1 2 3 3 
3 4 3 4 3 4 3 3 4 3 4 3 4 3 4 4 3 2 3 2 3 2 3 3 2 3 2 3 2 3 2 2 3 4 1 2 1 4 3 3 2 1 2 3 2 1 2 2 3 2 3 0 3 2 3 3 2 1 2 3 2 1 2 4 
4 3 4 3 4 3 4 4 3 4 3 4 3 4 3 3 4 3 2 3 2 3 2 4 3 2 3 2 3 2 3 3 2 3 4 1 2 1 4 4 3 2 1 2 3 2 1 3 2 3 2 3 0 3 2 4 3 2 1 2 3 2 1 5 
5 4 3 4 3 4 3 5 4 3 4 3 4 3 4 4 3 4 3 2 3 2 3 3 4 3 2 3 2 3 2 4 3 2 3 4 1 2 1 3 4 3 2 1 2 3 2 4 3 2 3 2 3 0 3 3 4 3 2 1 2 3 4 4 
4 5 4 3 4 3 4 4 5 4 3 4 3 4 3 5 4 3 4 3 2 3 2 4 3 4 3 2 3 2 3 5 4 3 2 3 4 1 2 4 3 4 3 2 1 2 3 5 4 3 2 3 2 3 0 4 3 4 3 2 1 2 3 5 
4 5 4 5 4 5 6 4 3 4 3 4 5 4 5 3 4 3 4 3 4 5 4 2 3 2 3 4 3 4 5 3 2 3 2 3 4 3 4 2 1 4 3 2 3 4 5 3 4 1 2 3 4 3 4 0 3 2 3 2 3 4 5 5 
5 4 5 4 5 4 5 3 4 3 4 3 4 5 4 4 3 4 3 4 3 4 5 3 2 3 2 3 4 3 4 2 3 2 3 2 3 4 3 1 2 1 4 3 2 3 4 2 3 2 1 2 3 4 3 3 0 3 2 3 2 3 4 4 
4 5 4 5 4 5 4 4 3 4 3 4 3 4 5 3 4 3 4 3 4 3 4 2 3 2 3 2 3 4 3 3 2 3 2 3 2 3 4 4 1 2 1 4 3 2 3 1 2 3 2 1 2 3 4 2 3 0 3 2 3 2 3 5 
5 4 5 4 5 4 5 3 4 3 4 3 4 3 4 4 3 4 3 4 3 4 3 3 2 3 2 3 2 3 4 2 3 2 3 2 3 2 3 3 4 1 2 1 4 3 2 2 1 2 3 2 1 2 3 3 2 3 0 3 2 3 2 4 
4 5 4 5 4 5 4 4 3 4 3 4 3 4 3 3 4 3 4 3 4 3 4 4 3 2 3 2 3 2 3 3 2 3 2 3 2 3 2 2 3 4 1 2 1 4 3 3 2 1 2 3 2 1 2 2 3 2 3 0 3 2 3 5 
5 4 5 4 5 4 5 5 4 3 4 3 4 3 4 4 3 4 3 4 3 4 3 3 4 3 2 3 2 3 2 4 3 2 3 2 3 2 3 3 2 3 4 1 2 1 4 4 3 2 1 2 3 2 1 3 2 3 2 3 0 3 2 4 
4 5 4 5 4 5 4 4 5 4 3 4 3 4 3 5 4 3 4 3 4 3 4 4 3 4 3 2 3 2 3 3 4 3 2 3 2 3 2 4 3 2 3 4 1 2 1 3 4 3 2 1 2 3 2 4 3 2 3 2 3 0 3 5 
5 4 5 4 5 4 5 5 4 5 4 3 4 3 4 4 5 4 3 4 3 4 3 5 4 3 4 3 2 3 2 4 3 4 3 2 3 2 3 5 4 3 2 3 4 1 2 4 3 4 3 2 1 4 3 5 4 3 2 3 2 3 0 6 
3 2 3 2 3 4 5 3 4 1 2 3 4 3 4 2 1 4 3 2 3 4 5 3 2 3 2 3 4 3 4 2 3 2 3 4 3 4 5 3 4 3 4 3 4 5 4 4 3 4 3 4 5 4 5 5 4 5 4 5 4 5 6 0 
