48
CNMAT1750ArchSt EvansDiamond WitterRugbyField RedwoodGroveBotanica PublicAffairsOfficeo HasteStreetChildDeve UCBerkeleyExtension GrinnellNaturalArea SeniorHall EastAsianStudiesInst AnnaHeadAlumnaeHall Unit3ResidentHall DurantHall BancroftParkingStruc FacultyGlade CampusSharedServices SamsPad RecreationalSportsFa StrawberryCanyonRecr EshlemanHall JonesChildStudyCente InsectaryGreenhouse WarrenHall MoffittLibrary EtcheverryHall CareerCenter StephensHall MathematicalSciences ZellerbachHall HertzHall EnergyBiosciencesBui VisitorCenter BerkeleyArtMuseumand BotanicalGarden SimpsonCenterforStud MagnesCollectionofJe KroeberHall ResidentialStudentSe GiauqueHall Library LegendsAquaticCenter Romeos LevineFrickeSoftball SpiekerAquaticsCompl GoldmanSchool GianniniHall WomensFacultyClub McLaughlinHall
0 2 1 2 2 2 1 2 2 1 1 1 2 1 1 1 2 2 2 1 1 1 1 1 2 1 2 2 2 1 1 1 2 1 1 1 1 2 1 2 1 1 1 1 1 2 1 1 
2 0 1 1 1 1 2 1 2 1 2 2 1 1 1 2 1 2 1 1 1 1 2 1 1 1 1 1 1 1 1 1 1 1 2 2 1 1 2 2 2 2 2 1 1 2 1 1 
1 1 0 2 2 2 2 1 1 1 1 1 1 1 2 1 1 2 1 2 1 1 2 1 2 2 2 2 2 1 1 1 2 1 1 1 2 1 2 2 2 2 2 1 1 1 2 1 
2 1 2 0 1 1 1 2 1 1 1 2 1 2 1 2 1 2 1 1 2 1 2 1 1 2 1 1 1 1 2 1 1 2 2 1 2 2 1 2 1 1 1 2 1 1 2 1 
2 1 2 1 0 1 1 2 2 1 1 2 2 2 1 1 1 1 1 2 2 1 2 2 2 1 2 1 2 1 1 1 2 2 1 1 1 1 1 1 2 1 2 1 1 2 1 1 
2 1 2 1 1 0 2 1 1 1 1 1 2 1 1 2 2 1 1 1 2 1 1 1 1 2 1 1 2 2 1 2 1 1 1 1 1 1 1 2 1 2 1 1 1 2 1 1 
1 2 2 1 1 2 0 1 2 1 1 1 1 2 2 1 2 1 1 2 2 1 1 1 2 2 1 1 1 1 1 1 1 1 1 2 1 2 2 2 2 1 2 1 1 1 1 1 
2 1 1 2 2 1 1 0 1 1 1 2 2 1 1 2 1 2 2 1 1 2 1 2 1 1 1 2 2 2 1 2 2 1 1 1 1 2 1 1 2 1 2 2 2 2 1 1 
2 2 1 1 2 1 2 1 0 1 1 1 1 1 2 1 1 1 1 1 1 2 1 2 2 2 2 1 2 1 1 1 1 1 2 2 1 1 1 2 2 1 1 1 1 2 2 1 
1 1 1 1 1 1 1 1 1 0 2 1 1 2 2 1 2 1 1 2 1 2 1 1 2 2 1 1 1 1 1 1 1 2 2 1 1 2 2 1 1 1 1 1 1 1 1 1 
1 2 1 1 1 1 1 1 1 2 0 1 2 1 1 1 1 1 2 1 1 1 1 1 2 1 1 2 1 1 2 1 2 2 2 1 1 2 2 1 1 1 1 2 1 2 1 1 
1 2 1 2 2 1 1 2 1 1 1 0 1 1 1 1 1 1 1 1 1 1 1 2 1 2 2 1 1 1 1 1 1 1 1 2 2 1 2 1 1 1 1 2 1 1 1 1 
2 1 1 1 2 2 1 2 1 1 2 1 0 1 2 2 1 2 1 1 1 2 2 2 2 1 1 2 2 1 1 1 2 1 1 1 1 1 1 2 2 1 2 2 1 1 2 1 
1 1 1 2 2 1 2 1 1 2 1 1 1 0 2 1 2 1 1 2 1 1 1 1 1 2 2 2 2 1 2 1 1 2 2 1 1 1 2 1 1 1 1 1 1 2 2 1 
1 1 2 1 1 1 2 1 2 2 1 1 2 2 0 1 1 2 1 2 2 1 2 2 1 1 1 1 1 2 2 1 2 1 1 1 1 2 1 1 1 1 2 1 1 1 2 1 
1 2 1 2 1 2 1 2 1 1 1 1 2 1 1 0 1 1 1 2 1 1 1 1 1 1 1 2 2 2 2 1 2 1 1 1 2 2 1 2 2 2 2 2 2 1 1 1 
2 1 1 1 1 2 2 1 1 2 1 1 1 2 1 1 0 2 1 1 2 1 2 1 1 1 1 2 2 1 1 2 1 2 2 1 1 1 2 1 1 2 1 1 1 1 1 1 
2 2 2 2 1 1 1 2 1 1 1 1 2 1 2 1 2 0 1 1 2 1 1 2 1 1 2 2 2 1 1 1 1 2 2 1 1 1 1 1 1 1 1 1 1 1 1 1 
2 1 1 1 1 1 1 2 1 1 2 1 1 1 1 1 1 1 0 2 1 1 1 1 2 2 2 2 2 1 1 2 1 1 2 2 1 2 1 1 2 1 1 2 1 1 1 1 
1 1 2 1 2 1 2 1 1 2 1 1 1 2 2 2 1 1 2 0 1 2 2 1 1 1 2 1 1 1 1 1 1 2 2 1 1 1 1 1 1 2 1 1 1 2 1 1 
1 1 1 2 2 2 2 1 1 1 1 1 1 1 2 1 2 2 1 1 0 2 1 1 1 2 1 1 1 2 2 1 1 1 2 1 1 1 2 1 1 1 1 2 2 1 2 1 
1 1 1 1 1 1 1 2 2 2 1 1 2 1 1 1 1 1 1 2 2 0 1 2 1 1 2 1 1 1 2 1 1 1 1 1 2 1 2 2 1 1 1 1 2 1 1 1 
1 2 2 2 2 1 1 1 1 1 1 1 2 1 2 1 2 1 1 2 1 1 0 2 1 1 2 1 1 1 2 2 1 1 2 2 2 2 1 2 2 2 1 2 1 1 1 1 
1 1 1 1 2 1 1 2 2 1 1 2 2 1 2 1 1 2 1 1 1 2 2 0 2 2 2 2 1 1 2 1 2 1 2 2 1 2 1 2 1 2 2 2 1 1 1 1 
2 1 2 1 2 1 2 1 2 2 2 1 2 1 1 1 1 1 2 1 1 1 1 2 0 2 2 1 1 2 1 1 2 1 1 2 1 1 1 2 1 1 2 1 2 1 1 1 
1 1 2 2 1 2 2 1 2 2 1 2 1 2 1 1 1 1 2 1 2 1 1 2 2 0 1 1 2 1 2 1 2 2 2 2 1 1 1 1 1 1 2 1 1 2 1 1 
2 1 2 1 2 1 1 1 2 1 1 2 1 2 1 1 1 2 2 2 1 2 2 2 2 1 0 1 1 1 1 2 1 1 1 1 1 1 2 1 2 2 1 2 1 1 1 1 
2 1 2 1 1 1 1 2 1 1 2 1 2 2 1 2 2 2 2 1 1 1 1 2 1 1 1 0 1 1 2 1 1 1 1 2 1 2 1 2 1 1 2 2 1 1 1 1 
2 1 2 1 2 2 1 2 2 1 1 1 2 2 1 2 2 2 2 1 1 1 1 1 1 2 1 1 0 1 1 2 1 1 1 1 1 1 1 1 1 1 1 1 1 2 1 1 
1 1 1 1 1 2 1 2 1 1 1 1 1 1 2 2 1 1 1 1 2 1 1 1 2 1 1 1 1 0 1 1 1 2 1 1 1 1 1 1 2 2 1 1 1 2 1 1 
1 1 1 2 1 1 1 1 1 1 2 1 1 2 2 2 1 1 1 1 2 2 2 2 1 2 1 2 1 1 0 2 1 1 1 2 2 1 1 2 1 2 1 1 1 1 1 1 
1 1 1 1 1 2 1 2 1 1 1 1 1 1 1 1 2 1 2 1 1 1 2 1 1 1 2 1 2 1 2 0 2 2 1 1 1 2 1 2 1 2 1 2 1 1 1 1 
2 1 2 1 2 1 1 2 1 1 2 1 2 1 2 2 1 1 1 1 1 1 1 2 2 2 1 1 1 1 1 2 0 1 1 2 1 2 2 1 2 1 1 1 1 2 1 1 
1 1 1 2 2 1 1 1 1 2 2 1 1 2 1 1 2 2 1 2 1 1 1 1 1 2 1 1 1 2 1 2 1 0 1 1 1 1 2 1 2 1 1 2 1 1 2 1 
1 2 1 2 1 1 1 1 2 2 2 1 1 2 1 1 2 2 2 2 2 1 2 2 1 2 1 1 1 1 1 1 1 1 0 1 1 2 2 2 1 1 1 1 2 1 2 1 
1 2 1 1 1 1 2 1 2 1 1 2 1 1 1 1 1 1 2 1 1 1 2 2 2 2 1 2 1 1 2 1 2 1 1 0 2 1 1 1 1 2 1 1 1 1 1 1 
1 1 2 2 1 1 1 1 1 1 1 2 1 1 1 2 1 1 1 1 1 2 2 1 1 1 1 1 1 1 2 1 1 1 1 2 0 1 2 2 2 1 1 1 2 1 2 1 
2 1 1 2 1 1 2 2 1 2 2 1 1 1 2 2 1 1 2 1 1 1 2 2 1 1 1 2 1 1 1 2 2 1 2 1 1 0 2 2 1 1 1 1 2 2 1 1 
1 2 2 1 1 1 2 1 1 2 2 2 1 2 1 1 2 1 1 1 2 2 1 1 1 1 2 1 1 1 1 1 2 2 2 1 2 2 0 1 2 2 1 1 2 2 1 1 
2 2 2 2 1 2 2 1 2 1 1 1 2 1 1 2 1 1 1 1 1 2 2 2 2 1 1 2 1 1 2 2 1 1 2 1 2 2 1 0 1 1 2 1 1 2 1 1 
1 2 2 1 2 1 2 2 2 1 1 1 2 1 1 2 1 1 2 1 1 1 2 1 1 1 2 1 1 2 1 1 2 2 1 1 2 1 2 1 0 1 2 2 1 1 1 1 
1 2 2 1 1 2 1 1 1 1 1 1 1 1 1 2 2 1 1 2 1 1 2 2 1 1 2 1 1 2 2 2 1 1 1 2 1 1 2 1 1 0 2 2 1 1 2 1 
1 2 2 1 2 1 2 2 1 1 1 1 2 1 2 2 1 1 1 1 1 1 1 2 2 2 1 2 1 1 1 1 1 1 1 1 1 1 1 2 2 2 0 1 1 2 2 1 
1 1 1 2 1 1 1 2 1 1 2 2 2 1 1 2 1 1 2 1 2 1 2 2 1 1 2 2 1 1 1 2 1 2 1 1 1 1 1 1 2 2 1 0 1 2 1 1 
1 1 1 1 1 1 1 2 1 1 1 1 1 1 1 2 1 1 1 1 2 2 1 1 2 1 1 1 1 1 1 1 1 1 2 1 2 2 2 1 1 1 1 1 0 1 1 1 
2 2 1 1 2 2 1 2 2 1 2 1 1 2 1 1 1 1 1 2 1 1 1 1 1 2 1 1 2 2 1 1 2 1 1 1 1 2 2 2 1 1 2 2 1 0 1 1 
1 1 2 2 1 1 1 1 2 1 1 1 2 2 2 1 1 1 1 1 2 1 1 1 1 1 1 1 1 1 1 1 1 2 2 1 2 1 1 1 1 2 2 1 1 1 0 1 
1 1 1 1 1 1 1 1 1 1 1 1 1 1 1 1 1 1 1 1 1 1 1 1 1 1 1 1 1 1 1 1 1 1 1 1 1 1 1 1 1 1 1 1 1 1 1 0 
