50
by ch bs i y bi q ce bt f cn cj bk ai o cg am bm cb bg aa z w ba x bu bd ar ap aq d m t n j p bq bl bp be bx al cp aw cr cm bw ae av a
0 2 1 1 1 2 2 1 1 2 1 2 1 1 2 2 1 1 1 1 1 2 1 1 1 2 1 1 1 1 1 1 1 1 1 2 2 1 1 1 1 1 1 1 1 1 2 1 1 1 
2 0 1 2 2 2 1 1 2 2 1 2 2 1 2 1 2 1 2 1 1 1 1 2 2 1 1 1 1 1 1 1 2 2 2 1 1 1 1 1 1 2 1 2 1 1 1 2 2 1 
1 1 0 2 1 2 1 2 1 2 1 1 1 1 1 1 2 1 1 1 2 1 2 1 1 1 2 2 2 2 2 1 2 1 2 1 1 1 2 2 2 2 1 1 1 2 1 1 1 2 
1 2 2 0 1 1 1 1 1 2 2 2 1 1 2 2 1 1 1 2 1 1 2 1 1 1 1 2 2 1 2 2 1 1 2 2 1 1 1 1 1 1 1 1 1 1 1 2 2 2 
1 2 1 1 0 1 1 1 1 2 1 1 1 2 1 1 1 2 2 1 2 1 1 1 1 1 2 2 2 1 1 2 1 1 1 2 1 2 2 1 1 1 1 2 1 1 1 1 1 1 
2 2 2 1 1 0 2 2 1 2 2 1 2 1 1 1 1 1 2 2 1 1 2 1 2 2 2 1 2 2 1 1 2 1 1 1 1 1 2 2 1 2 2 2 1 2 2 1 2 1 
2 1 1 1 1 2 0 1 1 1 2 2 1 1 1 2 1 1 1 1 1 2 1 1 2 1 1 1 1 2 1 2 2 1 2 1 1 1 2 1 1 1 1 2 2 2 2 1 1 1 
1 1 2 1 1 2 1 0 1 1 1 1 1 2 1 1 1 1 1 1 2 1 1 1 1 1 1 1 1 1 2 1 1 1 1 1 1 1 2 1 1 1 1 1 2 1 2 1 1 1 
1 2 1 1 1 1 1 1 0 2 2 1 1 1 2 1 1 2 1 1 2 1 1 2 2 1 1 2 2 1 1 1 1 1 2 1 1 2 1 1 1 1 1 1 1 1 2 2 1 2 
2 2 2 2 2 2 1 1 2 0 1 1 2 1 2 1 1 2 1 1 1 2 1 1 2 2 2 2 2 1 2 2 1 1 2 2 2 1 2 2 1 2 1 1 1 1 2 2 2 1 
1 1 1 2 1 2 2 1 2 1 0 2 1 1 2 2 2 1 2 1 1 1 1 2 2 2 2 1 2 1 1 2 1 2 2 1 2 2 1 1 2 2 1 2 1 1 1 2 1 2 
2 2 1 2 1 1 2 1 1 1 2 0 1 1 1 1 2 1 2 1 2 1 1 1 2 1 1 1 1 1 2 2 2 1 2 2 2 2 1 2 2 1 2 1 1 1 2 2 1 1 
1 2 1 1 1 2 1 1 1 2 1 1 0 1 2 1 2 2 1 1 1 1 2 2 1 1 1 2 1 2 1 1 2 1 2 2 1 1 2 2 1 1 1 1 1 2 2 1 1 2 
1 1 1 1 2 1 1 2 1 1 1 1 1 0 1 2 1 1 2 1 1 2 1 1 1 1 2 2 2 1 1 1 1 1 1 1 1 1 1 1 1 2 2 1 1 1 1 2 1 1 
2 2 1 2 1 1 1 1 2 2 2 1 2 1 0 2 1 1 1 1 1 2 2 1 1 2 1 1 1 1 1 1 2 1 1 1 1 1 1 2 1 1 1 2 1 1 1 2 1 1 
2 1 1 2 1 1 2 1 1 1 2 1 1 2 2 0 1 1 2 2 1 1 1 1 1 2 1 1 1 2 1 2 1 1 1 1 2 1 2 2 1 1 1 1 1 2 1 2 2 1 
1 2 2 1 1 1 1 1 1 1 2 2 2 1 1 1 0 1 1 2 1 1 2 1 1 1 1 1 2 1 1 1 2 1 2 2 2 1 2 1 1 1 1 2 2 1 1 1 2 2 
1 1 1 1 2 1 1 1 2 2 1 1 2 1 1 1 1 0 1 1 2 1 1 2 1 1 1 1 1 1 1 1 1 2 1 1 1 1 2 1 1 1 1 1 1 1 1 2 1 1 
1 2 1 1 2 2 1 1 1 1 2 2 1 2 1 2 1 1 0 1 1 2 1 1 1 1 1 2 2 1 1 2 2 1 1 2 1 1 2 2 2 1 2 1 1 2 2 1 1 1 
1 1 1 2 1 2 1 1 1 1 1 1 1 1 1 2 2 1 1 0 2 2 2 2 1 1 2 1 2 1 1 1 1 1 2 1 2 1 1 1 1 2 1 2 1 2 2 2 1 2 
1 1 2 1 2 1 1 2 2 1 1 2 1 1 1 1 1 2 1 2 0 2 2 1 1 2 1 2 1 2 2 1 2 2 1 2 1 1 2 1 1 1 1 1 1 1 1 1 1 1 
2 1 1 1 1 1 2 1 1 2 1 1 1 2 2 1 1 1 2 2 2 0 1 1 2 1 2 2 1 1 2 1 2 1 1 2 1 2 1 1 1 1 1 1 1 2 2 1 1 1 
1 1 2 2 1 2 1 1 1 1 1 1 2 1 2 1 2 1 1 2 2 1 0 2 1 1 2 1 1 2 2 1 2 2 1 1 1 2 2 1 1 1 1 1 2 2 1 1 1 1 
1 2 1 1 1 1 1 1 2 1 2 1 2 1 1 1 1 2 1 2 1 1 2 0 2 2 2 1 1 1 1 1 1 1 1 2 1 1 1 1 2 1 2 1 1 2 1 1 2 2 
1 2 1 1 1 2 2 1 2 2 2 2 1 1 1 1 1 1 1 1 1 2 1 2 0 1 2 1 2 2 2 1 1 1 2 2 2 1 1 1 2 1 1 1 1 1 1 2 1 1 
2 1 1 1 1 2 1 1 1 2 2 1 1 1 2 2 1 1 1 1 2 1 1 2 1 0 1 1 1 1 1 2 2 1 2 1 1 2 1 1 1 2 1 1 1 1 1 1 1 1 
1 1 2 1 2 2 1 1 1 2 2 1 1 2 1 1 1 1 1 2 1 2 2 2 2 1 0 1 1 2 1 2 2 1 2 2 2 2 1 1 1 1 1 1 2 2 1 1 1 1 
1 1 2 2 2 1 1 1 2 2 1 1 2 2 1 1 1 1 2 1 2 2 1 1 1 1 1 0 1 2 1 1 1 2 1 2 1 1 1 1 2 1 1 1 1 1 2 1 2 2 
1 1 2 2 2 2 1 1 2 2 2 1 1 2 1 1 2 1 2 2 1 1 1 1 2 1 1 1 0 1 1 1 2 1 1 1 1 1 1 1 2 1 1 1 1 1 1 1 2 1 
1 1 2 1 1 2 2 1 1 1 1 1 2 1 1 2 1 1 1 1 2 1 2 1 2 1 2 2 1 0 1 1 1 2 1 1 2 1 1 2 1 1 1 1 1 1 2 1 1 2 
1 1 2 2 1 1 1 2 1 2 1 2 1 1 1 1 1 1 1 1 2 2 2 1 2 1 1 1 1 1 0 2 1 2 1 2 2 1 1 2 2 1 2 1 1 1 2 2 2 1 
1 1 1 2 2 1 2 1 1 2 2 2 1 1 1 2 1 1 2 1 1 1 1 1 1 2 2 1 1 1 2 0 2 1 1 1 1 1 2 1 2 1 1 2 1 1 2 1 1 1 
1 2 2 1 1 2 2 1 1 1 1 2 2 1 2 1 2 1 2 1 2 2 2 1 1 2 2 1 2 1 1 2 0 1 1 2 2 1 1 2 1 1 1 2 2 2 1 1 1 2 
1 2 1 1 1 1 1 1 1 1 2 1 1 1 1 1 1 2 1 1 2 1 2 1 1 1 1 2 1 2 2 1 1 0 2 2 1 1 1 1 1 1 1 2 1 1 1 1 1 1 
1 2 2 2 1 1 2 1 2 2 2 2 2 1 1 1 2 1 1 2 1 1 1 1 2 2 2 1 1 1 1 1 1 2 0 1 1 1 1 1 1 1 1 1 1 1 1 1 2 2 
2 1 1 2 2 1 1 1 1 2 1 2 2 1 1 1 2 1 2 1 2 2 1 2 2 1 2 2 1 1 2 1 2 2 1 0 1 2 1 1 2 1 2 1 2 1 1 2 1 2 
2 1 1 1 1 1 1 1 1 2 2 2 1 1 1 2 2 1 1 2 1 1 1 1 2 1 2 1 1 2 2 1 2 1 1 1 0 2 1 1 1 1 1 1 1 1 1 1 1 1 
1 1 1 1 2 1 1 1 2 1 2 2 1 1 1 1 1 1 1 1 1 2 2 1 1 2 2 1 1 1 1 1 1 1 1 2 2 0 1 1 2 2 1 2 1 1 1 1 2 1 
1 1 2 1 2 2 2 2 1 2 1 1 2 1 1 2 2 2 2 1 2 1 2 1 1 1 1 1 1 1 1 2 1 1 1 1 1 1 0 1 2 1 1 1 1 2 1 1 1 1 
1 1 2 1 1 2 1 1 1 2 1 2 2 1 2 2 1 1 2 1 1 1 1 1 1 1 1 1 1 2 2 1 2 1 1 1 1 1 1 0 2 1 1 1 2 2 2 1 1 1 
1 1 2 1 1 1 1 1 1 1 2 2 1 1 1 1 1 1 2 1 1 1 1 2 2 1 1 2 2 1 2 2 1 1 1 2 1 2 2 2 0 1 1 1 1 1 2 1 1 1 
1 2 2 1 1 2 1 1 1 2 2 1 1 2 1 1 1 1 1 2 1 1 1 1 1 2 1 1 1 1 1 1 1 1 1 1 1 2 1 1 1 0 1 1 2 2 1 1 2 1 
1 1 1 1 1 2 1 1 1 1 1 2 1 2 1 1 1 1 2 1 1 1 1 2 1 1 1 1 1 1 2 1 1 1 1 2 1 1 1 1 1 1 0 1 1 2 2 1 1 1 
1 2 1 1 2 2 2 1 1 1 2 1 1 1 2 1 2 1 1 2 1 1 1 1 1 1 1 1 1 1 1 2 2 2 1 1 1 2 1 1 1 1 1 0 1 1 2 1 1 2 
1 1 1 1 1 1 2 2 1 1 1 1 1 1 1 1 2 1 1 1 1 1 2 1 1 1 2 1 1 1 1 1 2 1 1 2 1 1 1 2 1 2 1 1 0 1 1 1 1 1 
1 1 2 1 1 2 2 1 1 1 1 1 2 1 1 2 1 1 2 2 1 2 2 2 1 1 2 1 1 1 1 1 2 1 1 1 1 1 2 2 1 2 2 1 1 0 2 2 1 1 
2 1 1 1 1 2 2 2 2 2 1 2 2 1 1 1 1 1 2 2 1 2 1 1 1 1 1 2 1 2 2 2 1 1 1 1 1 1 1 2 2 1 2 2 1 2 0 2 1 1 
1 2 1 2 1 1 1 1 2 2 2 2 1 2 2 2 1 2 1 2 1 1 1 1 2 1 1 1 1 1 2 1 1 1 1 2 1 1 1 1 1 1 1 1 1 2 2 0 1 2 
1 2 1 2 1 2 1 1 1 2 1 1 1 1 1 2 2 1 1 1 1 1 1 2 1 1 1 2 2 1 2 1 1 1 2 1 1 2 1 1 1 2 1 1 1 1 1 1 0 1 
1 1 2 2 1 1 1 1 2 1 2 1 2 1 1 1 2 1 1 2 1 1 1 2 1 1 1 2 1 2 1 1 2 1 2 2 1 1 1 1 1 1 1 2 1 1 1 2 1 0 
