25
h t ag aw r ah x p as ao au ak m s k o ac av i f e aa al z a
0 1.0 2.0 2.0 1.0 2.0 1.0 1.0 2.0 1.0 3.0 2.0 1.0 2.0 1.0 2.0 2.0 2.0 2.0 2.0 1.0 2.0 2.0 2.0 1.0 
1.0 0 2.0 2.0 2.0 2.0 2.0 1.0 2.0 2.0 2.0 2.0 2.0 1.0 1.0 2.0 2.0 2.0 1.0 1.0 2.0 2.0 2.0 2.0 1.0 
2.0 2.0 0 2.0 2.0 2.0 2.0 2.0 2.0 2.0 2.0 2.0 2.0 2.0 2.0 2.0 2.0 2.0 2.0 1.0 1.0 2.0 2.0 2.0 1.0 
2.0 2.0 2.0 0 2.0 3.0 2.0 2.0 2.0 2.0 2.0 1.0 2.0 2.0 1.0 2.0 2.0 2.0 2.0 2.0 2.0 1.0 1.0 2.0 2.0 
1.0 2.0 2.0 2.0 0 2.0 2.0 1.0 2.0 2.0 2.0 2.0 1.0 2.0 1.0 1.0 2.0 2.0 1.0 1.0 1.0 2.0 2.0 2.0 1.0 
2.0 2.0 2.0 3.0 2.0 0 2.0 2.0 2.0 3.0 2.0 3.0 2.0 2.0 2.0 2.0 2.0 2.0 2.0 2.0 2.0 2.0 2.0 2.0 1.0 
1.0 2.0 2.0 2.0 2.0 2.0 0 2.0 2.0 2.0 3.0 2.0 2.0 2.0 1.0 2.0 2.0 2.0 2.0 2.0 2.0 1.0 2.0 1.0 2.0 
1.0 1.0 2.0 2.0 1.0 2.0 2.0 0 2.0 2.0 2.0 2.0 1.0 2.0 1.0 2.0 2.0 2.0 2.0 2.0 2.0 2.0 2.0 2.0 1.0 
2.0 2.0 2.0 2.0 2.0 2.0 2.0 2.0 0 2.0 3.0 2.0 3.0 2.0 2.0 2.0 1.0 1.0 2.0 2.0 2.0 3.0 1.0 2.0 2.0 
1.0 2.0 2.0 2.0 2.0 3.0 2.0 2.0 2.0 0 3.0 2.0 2.0 2.0 2.0 2.0 2.0 2.0 2.0 3.0 2.0 2.0 2.0 1.0 2.0 
3.0 2.0 2.0 2.0 2.0 2.0 3.0 2.0 3.0 3.0 0 3.0 2.0 2.0 2.0 3.0 2.0 3.0 3.0 1.0 2.0 2.0 2.0 2.0 2.0 
2.0 2.0 2.0 1.0 2.0 3.0 2.0 2.0 2.0 2.0 3.0 0 3.0 2.0 1.0 2.0 3.0 2.0 2.0 2.0 2.0 2.0 2.0 2.0 2.0 
1.0 2.0 2.0 2.0 1.0 2.0 2.0 1.0 3.0 2.0 2.0 3.0 0 1.0 2.0 2.0 2.0 2.0 1.0 1.0 2.0 2.0 2.0 2.0 1.0 
2.0 1.0 2.0 2.0 2.0 2.0 2.0 2.0 2.0 2.0 2.0 2.0 1.0 0 1.0 1.0 2.0 2.0 1.0 2.0 2.0 2.0 2.0 2.0 1.0 
1.0 1.0 2.0 1.0 1.0 2.0 1.0 1.0 2.0 2.0 2.0 1.0 2.0 1.0 0 2.0 2.0 3.0 1.0 1.0 2.0 2.0 2.0 2.0 1.0 
2.0 2.0 2.0 2.0 1.0 2.0 2.0 2.0 2.0 2.0 3.0 2.0 2.0 1.0 2.0 0 2.0 2.0 2.0 2.0 1.0 2.0 2.0 1.0 2.0 
2.0 2.0 2.0 2.0 2.0 2.0 2.0 2.0 1.0 2.0 2.0 3.0 2.0 2.0 2.0 2.0 0 2.0 3.0 1.0 2.0 2.0 2.0 2.0 1.0 
2.0 2.0 2.0 2.0 2.0 2.0 2.0 2.0 1.0 2.0 3.0 2.0 2.0 2.0 3.0 2.0 2.0 0 2.0 2.0 2.0 2.0 2.0 2.0 2.0 
2.0 1.0 2.0 2.0 1.0 2.0 2.0 2.0 2.0 2.0 3.0 2.0 1.0 1.0 1.0 2.0 3.0 2.0 0 2.0 2.0 2.0 2.0 2.0 2.0 
2.0 1.0 1.0 2.0 1.0 2.0 2.0 2.0 2.0 3.0 1.0 2.0 1.0 2.0 1.0 2.0 1.0 2.0 2.0 0 1.0 1.0 2.0 2.0 1.0 
1.0 2.0 1.0 2.0 1.0 2.0 2.0 2.0 2.0 2.0 2.0 2.0 2.0 2.0 2.0 1.0 2.0 2.0 2.0 1.0 0 1.0 2.0 2.0 1.0 
2.0 2.0 2.0 1.0 2.0 2.0 1.0 2.0 3.0 2.0 2.0 2.0 2.0 2.0 2.0 2.0 2.0 2.0 2.0 1.0 1.0 0 2.0 2.0 1.0 
2.0 2.0 2.0 1.0 2.0 2.0 2.0 2.0 1.0 2.0 2.0 2.0 2.0 2.0 2.0 2.0 2.0 2.0 2.0 2.0 2.0 2.0 0 1.0 1.0 
2.0 2.0 2.0 2.0 2.0 2.0 1.0 2.0 2.0 1.0 2.0 2.0 2.0 2.0 2.0 1.0 2.0 2.0 2.0 2.0 2.0 2.0 1.0 0 1.0 
1.0 1.0 1.0 2.0 1.0 1.0 2.0 1.0 2.0 2.0 2.0 2.0 1.0 1.0 1.0 2.0 1.0 2.0 2.0 1.0 1.0 1.0 1.0 1.0 0 
