22
8 4 1 7 0 10 15 18 19 14 23 20 21 26 39 36 31 38 46 41 40 48 6
0 1 2 1 1 3 3 3 4 4 5 4 4 4 4 4 4 4 3 4 3 4 1 
1 0 1 2 1 3 3 3 4 4 5 4 4 4 4 4 4 4 3 4 3 4 1 
2 1 0 2 1 3 3 3 4 4 5 4 4 4 4 4 4 4 3 4 3 4 1 
1 2 2 0 1 4 4 4 5 5 6 5 5 5 5 5 5 5 4 5 4 5 2 
1 1 1 1 0 3 3 3 4 4 5 4 4 4 4 4 4 4 3 4 3 4 1 
3 3 3 4 3 0 1 1 1 1 4 3 3 3 4 4 4 4 4 5 4 5 2 
3 3 3 4 3 1 0 2 2 2 4 3 3 3 4 4 4 4 4 5 4 5 2 
3 3 3 4 3 1 2 0 1 1 4 3 3 3 4 4 4 4 4 5 4 5 2 
4 4 4 5 4 1 2 1 0 2 5 4 4 4 5 5 5 5 5 6 5 6 3 
4 4 4 5 4 1 2 1 2 0 5 4 4 4 5 5 5 5 5 6 5 6 3 
5 5 5 6 5 4 4 4 5 5 0 1 2 1 4 4 4 4 5 6 5 6 4 
4 4 4 5 4 3 3 3 4 4 1 0 1 1 3 3 3 3 4 5 4 5 3 
4 4 4 5 4 3 3 3 4 4 2 1 0 1 3 3 3 3 4 5 4 5 3 
4 4 4 5 4 3 3 3 4 4 1 1 1 0 3 3 3 3 4 5 4 5 3 
4 4 4 5 4 4 4 4 5 5 4 3 3 3 0 2 1 1 3 4 3 4 3 
4 4 4 5 4 4 4 4 5 5 4 3 3 3 2 0 2 1 3 4 3 4 3 
4 4 4 5 4 4 4 4 5 5 4 3 3 3 1 2 0 2 3 4 3 4 3 
4 4 4 5 4 4 4 4 5 5 4 3 3 3 1 1 2 0 3 4 3 4 3 
3 3 3 4 3 4 4 4 5 5 5 4 4 4 3 3 3 3 0 1 1 1 2 
4 4 4 5 4 5 5 5 6 6 6 5 5 5 4 4 4 4 1 0 1 1 3 
3 3 3 4 3 4 4 4 5 5 5 4 4 4 3 3 3 3 1 1 0 1 2 
4 4 4 5 4 5 5 5 6 6 6 5 5 5 4 4 4 4 1 1 1 0 3 
1 1 1 2 1 2 2 2 3 3 4 3 3 3 3 3 3 3 2 3 2 3 0 
