51
Loc29 Loc25 Loc90 Loc41 Loc6 Loc70 Loc17 Loc13 Loc72 Loc3 Loc4 Loc80 Loc46 Loc79 Loc91 Loc87 Loc34 Loc11 Loc63 Loc52 Loc45 Loc50 Loc0 Loc43 Loc9 Loc53 Loc32 Loc49 Loc74 Loc42 Loc22 Loc19 Loc47 Loc76 Loc18 Loc98 Loc21 Loc68 Loc55 Loc10 Loc56 Loc65 Loc15 Loc38 Loc81 Loc69 Loc92 Loc7 Loc62 Loc2 Loc1
0 4.38849 5.525919999999999 5.13646 4.97456 3.83509 4.89835 2.87363 5.03163 1.15607 4.3133 4.5793 5.878590000000001 6.97943 4.999029999999999 4.68106 6.21166 5.085369999999999 5.887219999999999 2.26015 4.4669 5.12124 6.2687 4.1756 3.22931 3.66594 6.18793 2.92259 5.736650000000001 4.5557 5.70395 4.890009999999999 4.48799 6.00195 5.0102899999999995 3.81928 3.54963 5.92124 3.44344 4.98777 5.47643 4.58006 3.96774 6.26135 5.92221 5.0176099999999995 1.71427 4.85468 5.6403 6.0793 5.11257 
4.38849 0 4.93843 3.1111 5.30438 6.84533 4.99064 4.4032599999999995 5.61303 3.2324200000000003 3.45415 4.23435 6.17276 4.04274 4.4115400000000005 4.86199 6.54148 5.02854 3.61388 5.960529999999999 4.3761 7.42506 5.733700000000001 3.5881100000000004 5.252829999999999 1.20247 5.53584 2.80183 5.917579999999999 4.21075 5.11646 4.5136899999999995 5.1965 2.84105 5.19546 5.34891 4.64988 4.49426 3.09849 5.31759 1.08794 2.67712 3.38025 6.27533 4.01927 4.48657 3.2439 5.0626299999999995 3.3669599999999997 5.88037 4.73625 
5.525919999999999 4.93843 0 6.58526 2.5828100000000003 5.1634400000000005 6.80729 5.88668 4.446829999999999 4.36985 3.3232600000000003 3.4688 5.80139 6.23161 5.24052 3.34694 2.79767 5.08946 3.01288 5.29722 6.80354 3.8772900000000003 3.9385700000000003 4.72554 4.9427 5.57494 6.17997 6.91838 4.4025300000000005 5.282439999999999 4.73173 6.71875 5.82843 6.83122 1.4313 2.6223099999999997 4.5786 5.133179999999999 4.23592 4.02156 3.9705 6.55136 4.5176799999999995 5.06438 6.16386 6.617469999999999 4.72732 4.9317400000000005 6.14508 3.96876 7.43952 
5.13646 3.1111 6.58526 0 8.076229999999999 5.92819 5.14516 2.9669499999999998 3.39646 3.98039 4.64616 5.445469999999999 5.692769999999999 7.0374 7.00547 3.23832 7.02043 5.227259999999999 3.76696 7.0793800000000005 6.32913 7.21434 5.51621 4.93342 3.95587 4.31357 6.43474 4.78482 4.29391 5.4163 7.14484 3.82721 5.2825 5.33686 5.15396 5.22098 2.91647 5.997769999999999 4.47862 6.54651 4.19904 4.8892299999999995 5.187950000000001 5.90598 4.96068 5.5671 4.12631 4.9578299999999995 3.52004 6.182449999999999 5.88452 
4.97456 5.30438 2.5828100000000003 8.07623 0 4.14886 7.427860000000001 7.299939999999999 6.88367 4.7358 3.54155 2.6307600000000004 4.49668 6.2781 5.25006 4.94939 3.0159599999999998 5.330439999999999 5.59569 2.71441 6.11917 5.2990900000000005 3.53515 5.09149 5.56327 5.793229999999999 8.08297 5.31516 5.26635 4.8788800000000005 4.94342 5.96658 4.91061 4.58412 4.0141100000000005 5.205120000000001 5.1991700000000005 5.96965 3.7666200000000005 2.07147 6.39232 6.96865 4.65089 4.04551 6.53501 6.74015 6.14058 4.90309 5.19435 3.67847 6.93364 
3.83509 6.84533 5.1634400000000005 5.928189999999999 4.14886 0 7.17877 6.70872 6.05003 4.99116 4.09771 4.72136 2.34956 4.47958 5.05122 2.68987 3.3012799999999998 5.336359999999999 5.31372 1.57494 6.961250000000001 1.28615 4.85608 5.632 3.91068 6.34939 6.26299 5.41694 3.74546 3.7672299999999996 5.75535 4.7142 4.31165 6.67472 3.7321400000000002 4.92315 4.95008 5.2360299999999995 4.87949 2.07739 6.07456 6.737690000000001 4.65681 4.43331 5.3955400000000004 7.47874 5.54936 4.16947 5.69565 3.6843899999999996 5.66583 
4.89835 4.99064 6.80729 5.14516 7.42786 7.17877 0 5.11482 4.425330000000001 4.622249999999999 4.74175 5.222110000000001 6.63082 4.5008 6.90376 6.14959 5.528980000000001 3.30391 6.00344 5.7278 6.440789999999999 6.26642 5.58472 6.52153 3.26809 5.6761 1.28958 7.280349999999999 6.65008 5.9763399999999995 5.32028 6.387560000000001 5.48192 7.83169 5.80933 6.116770000000001 2.22869 4.19983 4.8640799999999995 5.9648900000000005 3.9027 4.2014499999999995 5.29054 6.73339 5.5436 4.41131 5.5580300000000005 3.13327 7.18999 4.35789 5.34309 
2.87363 4.4032599999999995 5.88668 2.9669499999999998 7.29994 6.70872 5.11482 0 3.52641 4.0297 3.75839 5.10459 6.23582 4.1058 6.71346 5.09339 5.33868 2.51562 3.6390399999999996 5.13378 5.01419 6.90137 5.0063200000000005 6.433940000000001 5.6356 3.45801 4.08099 4.2749299999999995 6.14898 5.08099 5.396120000000001 4.896459999999999 5.114229999999999 4.82697 4.45538 3.26437 5.8398900000000005 5.68427 3.96873 5.774590000000001 5.491199999999999 3.86713 4.42057 5.396089999999999 4.45079 3.51239 1.15936 5.36687 6.12546 4.167590000000001 5.119019999999999 
5.03163 5.61303 4.44683 3.39646 6.88367 6.05003 4.425330000000001 3.52641 0 5.04445 5.91639 5.3356200000000005 7.08437 5.1698 5.30681 4.93117 4.64175 4.76446 4.59711 5.41287 6.21943 5.46152 6.10956 5.40014 6.99225 5.45474 5.714910000000001 6.15008 5.3057099999999995 4.48465 5.5053 5.3779699999999995 3.77248 7.5055 3.01553 1.82452 5.95285 5.761839999999999 4.91052 4.8122 6.70097 3.98009 2.23278 4.26659 5.32224 2.17064 3.31736 4.6952799999999995 4.98976 3.4706599999999996 7.27702 
1.15607 3.2324200000000003 4.36985 3.98039 4.7358 4.99116 4.622249999999999 4.0297 5.044449999999999 0 4.93283 3.42323 5.97944 7.1102799999999995 3.8429599999999997 3.52499 5.9729 3.9292999999999996 4.7311499999999995 3.41622 4.42581 6.27731 6.00665 3.01953 2.07324 4.43489 5.911829999999999 3.39856 4.580579999999999 3.39963 4.54788 3.7339399999999996 3.3319199999999998 5.9451 5.44063 4.97535 2.39356 5.342359999999999 2.28737 4.74901 4.32036 3.93369 2.81167 6.24753 5.27584 5.74314 2.8703399999999997 4.43492 4.48423 5.58127 3.9564999999999997 
4.3133 3.45415 3.3232600000000003 4.64616 3.54155 4.09771 4.74175 3.75839 5.91639 4.932829999999999 0 4.9858 3.8622900000000002 5.1837800000000005 4.49905 1.40784 3.30931 4.48507 4.90506 4.20301 3.48028 5.05472 3.60401 4.45558 4.68924 2.25168 6.03133 6.00075 2.46343 4.9566300000000005 3.05237 4.77965 4.68548 5.0153300000000005 3.32348 4.51449 3.64984 2.67504 5.527010000000001 4.4401 4.40125 3.72633 4.8152099999999995 3.62835 5.06848 5.53578 2.59903 1.60848 5.41627 2.8331 4.11626 
4.5793 4.23435 3.4688 5.445469999999999 2.6307600000000004 4.721360000000001 5.222110000000001 5.10459 5.3356200000000005 3.4232299999999998 4.9858 0 4.869579999999999 5.43295 4.76874 5.20989 3.8678600000000003 5.902940000000001 5.91808 3.2869099999999998 6.69167 5.36756 4.10765 4.02146 4.81065 5.43682 6.511690000000001 5.88766 5.838850000000001 2.24812 5.1035900000000005 6.53908 4.70961 5.15662 4.9001 4.908250000000001 3.7712499999999998 3.6379 1.13586 2.6439700000000004 4.05516 4.67165 3.10284 4.56138 6.0138 6.3142700000000005 4.32362 4.70446 5.17975 4.250970000000001 4.89113 
5.87859 6.17276 5.8013900000000005 5.692769999999999 4.49668 2.34956 6.63082 6.23582 7.08437 5.97944 3.86229 4.86958 0 2.13002 5.73441 2.45445 5.65084 6.577500000000001 5.40046 3.9245 6.200559999999999 3.6357099999999996 6.70572 7.32914 6.2602400000000005 6.11397 7.9204 5.18152 3.51004 4.84041 4.5435 5.8262599999999996 6.6612100000000005 7.24453 4.37009 5.5611 7.11328 5.42188 5.95267 4.42695 5.084820000000001 5.56872 7.0063699999999995 4.36261 5.33129 5.12918 6.1076 5.47077 5.546860000000001 5.89788 5.43041 
6.97943 4.04274 6.23161 7.0374 6.2781 4.47958 4.5008 4.1058 5.1698 7.1102799999999995 5.1837800000000005 5.43295 2.13002 0 6.26374 4.58447 3.82089 5.59298 3.27044 5.71483 4.070539999999999 5.7657300000000005 4.575699999999999 6.280989999999999 6.40688 4.913349999999999 5.79038 4.33206 5.64006 5.40378 4.26642 5.07166 6.060459999999999 5.11451 4.80031 4.67466 5.41146 5.25584 6.51604 5.044779999999999 2.9548 3.4387 6.21059 2.23259 4.78085 2.99916 5.26516 5.80988 7.2188300000000005 4.58526 7.2074 
4.999029999999999 4.4115400000000005 5.24052 7.005469999999999 5.25006 5.05122 6.90376 6.7134599999999995 5.30681 3.8429599999999997 4.49905 4.76874 5.73441 6.26374 0 3.76715 2.44285 4.197839999999999 3.75426 6.3650199999999995 7.63907 4.63716 4.95866 4.19865 5.9162 5.61401 5.7813099999999995 7.21337 4.82274 4.74514 5.63125 7.02478 6.5883 6.83972 4.40899 5.6 5.81185 4.83705 3.63288 3.66674 3.64371 6.65419 3.9907899999999996 4.34613 6.867839999999999 6.791659999999999 6.713299999999999 3.7704899999999997 6.77899 2.54587 7.79946 
4.6810599999999996 4.8619900000000005 3.34694 3.23832 4.94939 2.68987 6.14959 5.09339 4.93117 3.52499 1.40784 5.20989 2.45445 4.58447 3.76715 0 4.717149999999999 4.77186 3.49722 4.26481 4.888120000000001 3.97602 5.00967 5.8634200000000005 5.59823 3.65952 6.4160900000000005 5.52183 1.05559 4.98975 4.46021 3.37181 4.8271 6.423170000000001 1.91564 3.10665 4.65883 4.082879999999999 4.79511 4.25047 5.80909 5.13417 5.39415 5.0361899999999995 5.6716 5.5541 4.00687 3.01632 5.88717 4.24094 5.5241 
6.21166 6.541480000000001 2.79767 7.020429999999999 3.0159599999999998 3.3012799999999998 5.528980000000001 5.33868 4.64175 5.972900000000001 3.30931 3.8678600000000003 5.650839999999999 3.82089 2.44285 4.71715 0 2.82306 5.81055 3.95151 5.93192 2.6147 4.05007 5.66203 5.476470000000001 5.56099 6.818560000000001 6.4431199999999995 4.41877 5.3496500000000005 4.25647 5.65 5.47271 4.39687 4.22897 5.419980000000001 4.43707 3.46227 5.00372 1.22389 6.08656 5.27941 3.8033099999999997 3.9916599999999995 6.0397099999999995 5.41688 5.90834 2.3957100000000002 4.33614 1.17109 7.42557 
5.085369999999999 5.02854 5.08946 5.227259999999999 5.33044 5.336359999999999 3.30391 2.51562 4.76446 3.9292999999999996 4.48507 5.90294 6.577500000000001 5.59298 4.197839999999999 4.77186 2.82306 0 6.15466 5.47112 4.86712 5.43776 4.53095 6.1429100000000005 5.95735 3.82607 4.59349 4.91996 5.827450000000001 7.24669 4.73735 5.2553399999999995 5.92895 6.40217 4.75556 5.77999 4.91795 3.94315 6.216669999999999 3.2589699999999997 6.116479999999999 4.40327 5.80525 6.718399999999999 5.74542 2.59382 3.67498 2.87659 6.587210000000001 1.65197 5.4779 
5.887219999999999 3.61388 3.01288 3.76696 5.59569 5.31372 6.00344 3.6390399999999996 4.59711 4.7311499999999995 4.90506 5.918080000000001 5.40046 3.27044 3.75426 3.49722 5.81055 6.15466 0 5.79094 5.2919 4.02757 4.67561 5.38797 6.80439 4.81635 6.3302499999999995 5.45691 4.55281 5.43272 4.88201 6.293019999999999 5.97871 6.0089500000000005 1.58158 2.77259 6.46589 6.31027 4.782220000000001 6.29217 4.70182 4.49313 4.15365 5.21466 3.15098 4.22052 4.30853 5.85309 4.022819999999999 4.685169999999999 7.85707 
2.26015 5.96053 5.29722 7.0793800000000005 2.71441 1.57494 5.7278 5.13378 5.41287 3.41622 4.20301 3.2869099999999998 3.9244999999999997 5.71483 6.3650199999999995 4.26481 3.95151 5.471119999999999 5.79094 0 6.57277 2.86109 4.00855 5.7476400000000005 5.48562 5.92609 6.740209999999999 5.18274 5.320399999999999 5.342169999999999 4.21495 3.25217 5.56676 5.24027 4.20936 3.58835 4.63589 3.6610899999999997 4.42277 2.72762 6.50201 5.16275 5.30704 6.008249999999999 3.8206 6.9722 3.97442 2.59453 4.54947 3.8191499999999996 4.21923 
4.4669 4.3761 6.803540000000001 6.329129999999999 6.11917 6.961250000000001 6.44079 5.01419 6.219430000000001 4.42581 3.48028 6.69167 6.200559999999999 4.070539999999999 7.63907 4.88812 5.93192 4.86712 5.2919 6.572769999999999 0 7.66035 4.4277 5.328200000000001 5.03951 3.50748 7.73037 3.76983 5.943709999999999 7.43828 6.23395 4.30037 5.26351 1.53505 6.57787 5.95984 4.2121 4.0564800000000005 6.32602 6.13238 5.46404 2.2393400000000003 6.06937 6.3031299999999995 3.5814900000000005 4.04879 3.85483 5.08876 6.79702 5.9065 4.52293 
5.12124 7.42506 3.8772900000000003 7.21434 5.2990900000000005 1.28615 6.26642 6.90137 5.46152 6.27731 5.05472 5.36756 3.63571 5.76573 4.63716 3.97602 2.6147 5.43776 4.02757 2.86109 7.66035 0 5.51433 6.918150000000001 4.262 7.3064 4.97684 6.7030899999999995 5.031610000000001 5.05338 5.60522 6.000349999999999 4.6253 6.1253 2.44599 3.637 5.301399999999999 5.91986 5.66512 3.3635399999999995 6.3371200000000005 7.274159999999999 5.15356 5.71946 6.060770000000001 7.632160000000001 5.7420100000000005 5.01041 6.02528 3.78579 6.95198 
6.268699999999999 5.7337 3.9385700000000003 5.51621 3.53515 4.85608 5.584720000000001 5.00632 6.10956 6.00665 3.60401 4.10765 6.70572 4.5757 4.95866 5.00967 4.05007 4.53095 4.67561 4.00855 4.4277 5.51433 0 5.07845 5.45328 5.855690000000001 6.874300000000001 5.2624699999999995 5.75408 5.545 3.07582 2.93066 4.85792 2.8926499999999997 3.09403 4.28504 5.990540000000001 5.17016 5.24351 3.5483599999999997 5.3628800000000005 5.69323 4.59903 3.13948 5.96126 7.12477 6.16568 4.1036 5.44132 2.87898 6.76172 
4.1756 3.5881100000000004 4.72554 4.93342 5.09149 5.632 6.52153 6.433940000000001 5.40014 3.01953 4.45558 4.02146 7.329140000000001 6.280989999999999 4.19865 5.8634200000000005 5.66203 6.1429100000000005 5.38797 5.74764 5.3282 6.91815 5.07845 0 5.09277 4.56351 7.81111 3.76836 6.91901 3.99786 4.90357 5.17558 3.36381 6.42916 5.30306 6.494070000000001 5.06162 4.906 2.8856 5.1047 4.67605 3.08886 3.16736 7.483090000000001 4.43101 4.89831 5.88987 5.71556 5.18928 4.49094 6.97603 
3.22931 5.252829999999999 4.9427 3.95587 5.56327 3.91068 3.26809 5.6356 6.99225 2.07324 4.68924 4.81065 6.26024 6.40688 5.9162 5.598230000000001 5.476470000000001 5.95735 6.80439 5.48562 5.03951 4.262 5.45328 5.092770000000001 0 4.48681 4.55767 4.0122599999999995 6.653820000000001 4.78705 5.2677700000000005 4.34764 4.29263 6.5588 5.6778900000000005 6.58125 1.0394 4.147320000000001 3.67479 5.912380000000001 5.872590000000001 3.01216 4.8849100000000005 4.17429 4.35431 4.82161 4.47624 3.08076 6.55747 4.30538 4.5702 
3.66594 1.20247 5.574940000000001 4.3135699999999995 5.79323 6.34939 5.6761 3.45801 5.454740000000001 4.43489 2.25168 5.43682 6.11397 4.913349999999999 5.61401 3.6595199999999997 5.560989999999999 3.82607 4.81635 5.92609 3.50748 7.3064 5.85569 4.56351 4.48681 0 6.738309999999999 4.0043 4.715109999999999 5.41322 5.30405 5.7161599999999995 5.30223 3.26619 5.5751599999999994 4.73124 3.44741 3.2917899999999998 4.30096 6.2849 2.2904099999999996 1.47465 4.25737 5.88003 2.8167999999999997 3.2841 2.62623 3.8601599999999996 4.56943 4.6779 5.39673 
6.18793 5.53584 6.17997 6.43474 8.08297 6.26299 1.28958 4.08099 5.71491 5.91183 6.0313300000000005 6.51169 7.9204 5.79038 5.7813099999999995 6.4160900000000005 6.81856 4.59349 6.3302499999999995 6.740209999999999 7.73037 4.97684 6.8743 7.81111 4.55767 6.73831 0 7.54919 5.3605 7.2659199999999995 6.609860000000001 6.37232 6.7715 8.13458 4.74867 5.939679999999999 3.51827 5.48941 6.1536599999999995 7.25447 4.447900000000001 5.49103 6.58012 6.12358 6.8331800000000005 5.70089 5.240349999999999 4.42285 8.47957 5.64747 4.05351 
2.92259 2.80183 6.91838 4.78482 5.3151600000000006 5.41694 7.28035 4.27493 6.150080000000001 3.39856 6.00075 5.88766 5.181520000000001 4.33206 7.213369999999999 5.5218300000000005 6.443119999999999 4.91996 5.456910000000001 5.18274 3.76983 6.70309 5.2624699999999995 3.76836 4.0122599999999995 4.0043 7.549189999999999 0 6.57742 6.798189999999999 5.46887 3.2731199999999996 3.54783 5.30488 5.48708 5.50673 5.05166 5.55827 5.685929999999999 5.3283700000000005 3.8897699999999995 3.88299 6.04552 6.56465 5.22514 5.28214 3.40172 6.183669999999999 6.1687899999999996 5.272029999999999 3.4956799999999997 
5.736649999999999 5.917579999999999 4.4025300000000005 4.29391 5.26635 3.74546 6.65008 6.148980000000001 5.3057099999999995 4.580579999999999 2.46343 5.83885 3.51004 5.64006 4.82274 1.05559 4.41877 5.82745 4.55281 5.3204 5.943709999999999 5.03161 5.75408 6.91901 6.65382 4.715109999999999 5.3605 6.57742 0 6.0453399999999995 5.5158 4.4274000000000004 5.88269 7.478759999999999 2.9712300000000003 4.162240000000001 5.7144200000000005 5.13847 5.8507 3.19488 4.8979800000000004 6.18976 5.7743 6.091779999999999 6.72719 6.6096900000000005 5.06246 4.07191 6.94276 4.80188 6.579689999999999 
4.5557 4.21075 5.28244 5.4163 4.8788800000000005 3.7672299999999996 5.9763399999999995 5.08099 4.48465 3.3996299999999997 4.9566300000000005 2.24812 4.84041 5.40378 4.74514 4.98975 5.34965 7.246690000000001 5.43272 5.342169999999999 7.43828 5.05338 5.545 3.99786 4.78705 5.41322 7.2659199999999995 6.798189999999999 6.0453399999999995 0 2.85547 5.32507 4.68601 7.0518 3.85114 2.66013 3.7476499999999997 3.60873 1.11226 4.12576 4.02599 5.28778 3.79 3.48523 5.2188300000000005 6.655290000000001 4.294449999999999 4.67529 2.93163 5.594720000000001 7.1392500000000005 
5.70395 5.11646 4.73173 7.14484 4.94342 5.75535 5.32028 5.39612 5.5053 4.54788 3.05237 5.1035900000000005 4.5435 4.26642 5.63125 4.46021 4.25647 4.737349999999999 4.88201 4.21495 6.23395 5.60522 3.07582 4.90357 5.2677700000000005 5.30405 6.60986 5.46887 5.5158000000000005 2.85547 0 3.32008 5.06432 5.96847 3.30043 4.49144 4.22837 3.25357 3.96773 4.69238 5.56928 5.07071 3.27252 6.2153 6.167660000000001 6.11861 5.5689 2.18701 4.12251 3.08538 7.15114 
4.890009999999999 4.5136899999999995 6.71875 3.82721 5.96658 4.7142 6.387560000000001 4.896459999999999 5.3779699999999995 3.7339399999999996 4.77965 6.53908 5.8262599999999996 5.07166 7.02478 3.37181 5.65 5.2553399999999995 6.293019999999999 3.25217 4.30037 6.00035 2.93066 5.17558 4.34764 5.7161599999999995 6.37232 3.2731199999999996 4.4274000000000004 5.32507 3.32008 0 4.17515 5.81966 5.28745 5.84211 4.87544 4.32085 6.02131 5.97979 5.601629999999999 5.65689 4.3398 6.07014 4.31474 5.36395 3.7371 3.25429 4.55007 4.47891 3.83106 
4.48799 5.1965 5.82843 5.2825 4.91061 4.31165 5.481920000000001 5.114229999999999 3.77248 3.3319199999999998 4.68548 4.70961 6.6612100000000005 6.060459999999999 6.5883 4.8271 5.472709999999999 5.92895 5.9787099999999995 5.5667599999999995 5.26351 4.6253 4.85792 3.36381 4.292630000000001 5.30223 6.7715000000000005 3.54783 5.88269 4.68601 5.06432 4.17515 0 5.1109 4.39713 5.588139999999999 3.2532300000000003 2.01044 3.5737499999999995 4.92382 6.28444 3.82758 3.3587999999999996 5.596970000000001 5.16973 3.33513 4.59348 3.077 7.13372 4.30162 7.0435099999999995 
6.00195 2.84105 6.83122 5.33686 4.58412 6.674720000000001 7.83169 4.82697 7.5055 5.9451 5.0153300000000005 5.15662 7.24453 5.11451 6.83972 6.423170000000001 4.39687 6.402169999999999 6.0089500000000005 5.24027 1.53505 6.1253 2.8926499999999997 6.42916 6.5588 3.26619 8.13458 5.30488 7.478760000000001 7.0518 5.96847 5.81966 5.1109 0 5.89713 7.088139999999999 5.7471499999999995 5.49015 5.93954 4.59733 3.9289899999999998 3.77439 5.91676 6.0321299999999995 5.11654 5.58384 5.38988 6.55671 5.26197 5.567959999999999 6.04222 
5.0102899999999995 5.19546 1.4313 5.15396 4.0141100000000005 3.7321400000000002 5.80933 4.45538 3.01553 5.4406300000000005 3.32348 4.9001 4.370089999999999 4.80031 4.40899 1.91564 4.22897 4.755559999999999 1.58158 4.20936 6.57787 2.44599 3.09403 5.30306 5.6778900000000005 5.57516 4.74867 5.48708 2.9712300000000003 3.85114 3.30043 5.28745 4.397130000000001 5.89713 0 1.19101 6.0099 5.394769999999999 4.9634 4.71059 5.4018 5.91784 5.24831 3.63308 4.73256 5.186170000000001 3.29602 4.3282099999999994 4.71378 3.1035899999999996 7.25568 
3.81928 5.34891 2.6223099999999997 5.22098 5.20512 4.923150000000001 6.116770000000001 3.26437 1.82452 4.97535 4.51449 4.908250000000001 5.5611 4.67466 5.6 3.10665 5.41998 5.77999 2.77259 3.58835 5.95984 3.6370000000000005 4.2850399999999995 6.494069999999999 6.581250000000001 4.73124 5.93968 5.50673 4.162240000000001 2.66013 4.49144 5.84211 5.58814 7.08814 1.19101 0 6.407780000000001 6.028600000000001 3.77239 5.9015 6.43685 5.55374 4.0573 2.44207 5.92357 3.9951600000000003 2.10501 5.519219999999999 5.591760000000001 4.294599999999999 6.06467 
3.5496299999999996 4.64988 4.5786 2.91647 5.19917 4.95008 2.22869 5.8398900000000005 5.95285 2.39356 3.64984 3.77125 7.11328 5.41146 5.81185 4.65883 4.43707 4.917949999999999 6.46589 4.63589 4.2121 5.301399999999999 5.990539999999999 5.06162 1.0394 3.44741 3.51827 5.05166 5.7144200000000005 3.74765 4.22837 4.87544 3.2532300000000003 5.74715 6.0099 6.407780000000001 0 3.10792 2.63539 4.87298 4.83319 1.97276 4.059089999999999 5.21369 3.3149100000000002 3.78221 4.731920000000001 2.04136 6.0980799999999995 3.26598 5.6096 
5.921239999999999 4.49426 5.133179999999999 5.997769999999999 5.969650000000001 5.2360299999999995 4.19983 5.68427 5.761839999999999 5.342359999999999 2.67504 3.6379 5.42188 5.25584 4.83705 4.08288 3.4622699999999997 3.9431499999999997 6.31027 3.6610899999999997 4.05648 5.91986 5.170159999999999 4.906 4.147320000000001 3.2917899999999998 5.48941 5.55827 5.13847 3.60873 3.25357 4.32085 2.01044 5.49015 5.394769999999999 6.028600000000001 3.10792 0 4.7209900000000005 3.89818 4.60746 1.81714 4.273289999999999 3.58653 3.15929 3.62659 4.87592 1.06656 5.123279999999999 2.2911799999999998 6.7913 
3.44344 3.09849 4.23592 4.47862 3.7666200000000005 4.87949 4.8640799999999995 3.96873 4.91052 2.28737 5.527010000000001 1.13586 5.9526699999999995 6.51604 3.63288 4.79511 5.00372 6.21667 4.782220000000001 4.42277 6.326020000000001 5.66512 5.243510000000001 2.8856 3.6747900000000002 4.30096 6.1536599999999995 5.68593 5.8507 1.11226 3.96773 6.02131 3.5737499999999995 5.93954 4.9634 3.77239 2.63539 4.7209900000000005 0 3.7798300000000005 4.18643 4.17552 2.67774 4.5974900000000005 5.51767 5.88917 4.62573 4.67675 4.04389 5.386830000000001 6.0269900000000005 
4.987769999999999 5.31759 4.02156 6.54651 2.07147 2.07739 5.9648900000000005 5.77459 4.8122 4.74901 4.4401 2.6439700000000004 4.42695 5.044779999999999 3.66674 4.25047 1.22389 3.2589699999999997 6.29217 2.72762 6.13238 3.3635399999999995 3.5483599999999997 5.1047 5.912380000000001 6.2849 7.25447 5.32837 3.19488 4.12576 4.69238 5.9797899999999995 4.923819999999999 4.59733 4.71059 5.9015 4.87298 3.89818 3.7798300000000005 0 6.40553 5.71532 2.57942 3.4594300000000002 5.19303 5.79085 5.84063 2.83162 5.560029999999999 1.607 6.9468499999999995 
5.47643 1.08794 3.9705 4.19904 6.39232 6.07456 3.9027 5.491199999999999 6.70097 4.32036 4.40125 4.05516 5.084820000000001 2.9548 3.64371 5.80909 6.08656 6.116479999999999 4.70182 6.50201 5.46404 6.3371200000000005 5.3628800000000005 4.67605 5.872590000000001 2.2904099999999996 4.447900000000001 3.8897699999999995 4.8979800000000004 4.02599 5.56928 5.601629999999999 6.28444 3.9289899999999998 5.4018 6.43685 4.83319 4.60746 4.18643 6.40553 0 3.7650599999999996 4.46819 5.187390000000001 5.107209999999999 5.57451 4.33184 5.67402 4.4549 5.37244 5.82419 
4.58006 2.67712 6.55136 4.8892299999999995 6.96865 6.73769 4.2014499999999995 3.86713 3.98009 3.93369 3.72633 4.67165 5.56872 3.4387 6.65419 5.13417 5.27941 4.40327 4.49313 5.16275 2.2393400000000003 7.27416 5.69323 3.08886 3.01216 1.47465 5.491029999999999 3.8829899999999995 6.18976 5.28778 5.07071 5.65689 3.82758 3.7743900000000004 5.91784 5.55374 1.97276 1.81714 4.17552 5.71532 3.76506 0 4.04774 5.40367 1.34215 1.80945 3.4487300000000003 2.8837 6.04408 4.10832 6.283149999999999 
3.96774 3.38025 4.5176799999999995 5.187950000000001 4.65089 4.65681 5.29054 4.42057 2.23278 2.81167 4.8152099999999995 3.10284 7.00637 6.21059 3.9907899999999996 5.39415 3.8033099999999997 5.80525 4.15365 5.30704 6.06937 5.15356 4.59903 3.16736 4.88491 4.25737 6.58012 6.04552 5.7743 3.79 3.27252 4.3398 3.3587999999999996 5.91676 5.24831 4.0573 4.059089999999999 4.273289999999999 2.67774 2.57942 4.46819 4.04774 0 6.03885 5.38989 3.21143 3.26121 3.20673 4.04969 4.18642 6.76817 
6.26135 6.27533 5.06438 5.90598 4.04551 4.43331 6.73339 5.39609 4.26659 6.24753 3.62835 4.56138 4.36261 2.23259 4.34613 5.03619 3.9916599999999995 6.718400000000001 5.21466 6.008249999999999 6.3031299999999995 5.71946 3.13948 7.483090000000001 4.17429 5.88003 6.1235800000000005 6.56465 6.09178 3.48523 6.2153 6.07014 5.596970000000001 6.03213 3.63308 2.44207 5.21369 3.58653 4.5974900000000005 3.4594300000000002 5.187390000000001 5.40367 6.03885 0 4.5525 5.23175 4.54708 4.653090000000001 6.09862 5.06643 7.74461 
5.92221 4.01927 6.163860000000001 4.96068 6.535010000000001 5.3955400000000004 5.5436 4.45079 5.322240000000001 5.2758400000000005 5.068479999999999 6.0138 5.331289999999999 4.78085 6.867839999999999 5.6716 6.0397099999999995 5.74542 3.15098 3.8206 3.5814899999999996 6.060770000000001 5.96126 4.43101 4.35431 2.8167999999999997 6.83318 5.22514 6.72719 5.2188300000000005 6.167660000000001 4.31474 5.1697299999999995 5.11654 4.73256 5.92357 3.3149100000000002 3.15929 5.51767 5.19303 5.107209999999999 1.34215 5.38989 4.5525 0 3.1516 4.7908800000000005 4.225849999999999 7.1738 4.86862 6.329419999999999 
5.0176099999999995 4.48657 6.617470000000001 5.5671 6.74015 7.478739999999999 4.41131 3.51239 2.17064 5.74314 5.53578 6.3142700000000005 5.12918 2.99916 6.791659999999999 5.5541 5.416879999999999 2.59382 4.22052 6.9722 4.04879 7.632160000000001 7.124769999999999 4.89831 4.82161 3.2841 5.70089 5.28214 6.6096900000000005 6.655290000000001 6.11861 5.36395 3.33513 5.58384 5.186170000000001 3.9951600000000003 3.78221 3.62659 5.88917 5.79085 5.57451 1.80945 3.21143 5.23175 3.1516 0 3.30334 4.69315 7.1604 4.2457899999999995 7.263 
1.71427 3.2439 4.72732 4.12631 6.14058 5.54936 5.5580300000000005 1.15936 3.31736 2.8703399999999997 2.59903 4.32362 6.1076 5.26516 6.7133 4.00687 5.908339999999999 3.67498 4.30853 3.97442 3.85483 5.7420100000000005 6.16568 5.88987 4.47624 2.62623 5.240349999999999 3.40172 5.06246 4.294449999999999 5.5689 3.7371 4.59348 5.38988 3.29602 2.10501 4.731920000000001 4.87592 4.62573 5.84063 4.33184 3.4487300000000003 3.26121 4.54708 4.7908800000000005 3.30334 0 4.20751 6.61086 5.02525 3.9596599999999995 
4.85468 5.06263 4.9317400000000005 4.9578299999999995 4.903090000000001 4.16947 3.13327 5.3668700000000005 4.69528 4.43492 1.60848 4.70446 5.47077 5.809880000000001 3.7704899999999997 3.01632 2.3957100000000002 2.87659 5.85309 2.59453 5.088760000000001 5.01041 4.1036 5.71556 3.08076 3.86016 4.42285 6.18367 4.07191 4.67529 2.18701 3.25429 3.077 6.55671 4.32821 5.519220000000001 2.04136 1.06656 4.67675 2.83162 5.6740200000000005 2.8837 3.20673 4.653090000000001 4.22585 4.69315 4.20751 0 4.05672 1.22462 5.72474 
5.6403 3.3669599999999997 6.14508 3.52004 5.19435 5.69565 7.18999 6.12546 4.98976 4.48423 5.41627 5.17975 5.546860000000001 7.2188300000000005 6.77899 5.88717 4.33614 6.587210000000001 4.022819999999999 4.54947 6.79702 6.02528 5.44132 5.18928 6.55747 4.56943 8.479569999999999 6.1687899999999996 6.94276 2.93163 4.12251 4.55007 7.13372 5.26197 4.71378 5.591760000000001 6.09808 5.12328 4.04389 5.56003 4.454899999999999 6.044079999999999 4.04969 6.09862 7.1738 7.160400000000001 6.61086 4.05672 0 4.93524 8.103209999999999 
6.0793 5.88037 3.9687600000000005 6.182449999999999 3.67847 3.6843899999999996 4.35789 4.167590000000001 3.4706599999999996 5.58127 2.8331 4.250970000000001 5.89788 4.58526 2.54587 4.24094 1.17109 1.65197 4.685169999999999 3.8191499999999996 5.9065 3.78579 2.87898 4.49094 4.3053799999999995 4.6779 5.64747 5.27203 4.80188 5.59472 3.08538 4.478910000000001 4.30162 5.56796 3.1035899999999996 4.294599999999999 3.26598 2.2911799999999998 5.386830000000001 1.607 5.37244 4.10832 4.18642 5.06643 4.86862 4.2457899999999995 5.02525 1.22462 4.93524 0 6.9493599999999995 
5.11257 4.73625 7.43952 5.88452 6.93364 5.66583 5.34309 5.119019999999999 7.27702 3.9564999999999997 4.11626 4.89113 5.43041 7.2074 7.79946 5.5241 7.425569999999999 5.4779 7.85707 4.21923 4.52293 6.95198 6.76172 6.97603 4.5702 5.39673 4.05351 3.4956799999999997 6.579689999999999 7.1392500000000005 7.15114 3.83106 7.0435099999999995 6.04222 7.25568 6.06467 5.6096 6.7913 6.0269900000000005 6.9468499999999995 5.82419 6.283149999999999 6.76817 7.744609999999999 6.329419999999999 7.263 3.9596599999999995 5.72474 8.10321 6.9493599999999995 0 
