51
LOC51 LOC142 LOC164 LOC166 LOC133 LOC190 LOC192 LOC64 LOC63 LOC62 LOC59 LOC52 LOC97 LOC158 LOC24 LOC145 LOC161 LOC65 LOC7 LOC8 LOC56 LOC89 LOC180 LOC6 LOC108 LOC189 LOC38 LOC117 LOC160 LOC48 LOC18 LOC134 LOC170 LOC30 LOC54 LOC96 LOC55 LOC194 LOC139 LOC80 LOC177 LOC36 LOC46 LOC116 LOC68 LOC144 LOC70 LOC58 LOC72 LOC17 LOC60
0 11.0 13.0 15.0 2.0 14.0 10.0 8.0 7.0 15.0 12.0 12.0 8.0 12.0 15.0 13.0 16.0 17.0 13.0 16.0 9.0 7.0 10.0 14.0 13.0 13.0 12.0 7.0 21.0 11.0 8.0 11.0 10.0 16.0 19.0 9.0 11.0 10.0 17.0 16.0 18.0 14.0 16.0 2.0 11.0 16.0 10.0 12.0 15.0 8.0 15.0 
11.0 0 4.0 15.0 11.0 8.0 7.0 14.0 13.0 11.0 13.0 9.0 10.0 5.0 12.0 13.0 11.0 18.0 9.0 14.0 6.0 13.0 6.0 11.0 9.0 6.0 10.0 13.0 21.0 4.0 7.0 13.0 6.0 13.0 18.0 11.0 11.0 7.0 20.0 16.0 21.0 8.0 17.0 9.0 4.0 14.0 15.0 8.0 14.0 13.0 19.0 
13.0 4.0 0 13.0 11.0 7.0 7.0 13.0 15.0 10.0 11.0 7.0 6.0 6.0 10.0 14.0 9.0 16.0 6.0 15.0 7.0 11.0 5.0 7.0 8.0 6.0 8.0 10.0 17.0 5.0 8.0 13.0 3.0 14.0 14.0 12.0 7.0 6.0 20.0 16.0 19.0 9.0 15.0 11.0 5.0 14.0 11.0 12.0 10.0 10.0 17.0 
15.0 15.0 13.0 0 13.0 14.0 10.0 14.0 18.0 15.0 17.0 10.0 14.0 13.0 15.0 18.0 16.0 22.0 13.0 14.0 14.0 17.0 10.0 15.0 14.0 13.0 13.0 17.0 9.0 12.0 15.0 15.0 10.0 8.0 17.0 19.0 18.0 10.0 23.0 19.0 21.0 16.0 21.0 13.0 12.0 21.0 9.0 17.0 16.0 7.0 10.0 
2.0 11.0 11.0 13.0 0 12.0 8.0 10.0 5.0 13.0 10.0 10.0 8.0 11.0 13.0 13.0 14.0 15.0 11.0 16.0 11.0 5.0 8.0 12.0 11.0 11.0 10.0 5.0 19.0 10.0 10.0 9.0 8.0 15.0 19.0 7.0 9.0 8.0 15.0 14.0 20.0 14.0 14.0 4.0 10.0 14.0 11.0 10.0 16.0 10.0 13.0 
14.0 8.0 7.0 14.0 12.0 0 6.0 14.0 17.0 9.0 14.0 8.0 10.0 5.0 11.0 13.0 10.0 17.0 7.0 10.0 8.0 13.0 8.0 12.0 7.0 7.0 8.0 13.0 19.0 4.0 9.0 13.0 6.0 13.0 13.0 11.0 14.0 6.0 19.0 17.0 20.0 8.0 16.0 12.0 6.0 14.0 14.0 14.0 13.0 13.0 18.0 
10.0 7.0 7.0 10.0 8.0 6.0 0 12.0 13.0 7.0 10.0 4.0 10.0 5.0 7.0 13.0 8.0 15.0 7.0 9.0 6.0 12.0 4.0 8.0 7.0 5.0 7.0 13.0 16.0 4.0 7.0 12.0 4.0 7.0 14.0 11.0 8.0 4.0 13.0 13.0 14.0 8.0 14.0 8.0 4.0 13.0 14.0 11.0 10.0 11.0 16.0 
8.0 14.0 13.0 14.0 10.0 14.0 12.0 0 12.0 14.0 15.0 14.0 10.0 13.0 12.0 5.0 15.0 18.0 13.0 15.0 12.0 11.0 12.0 11.0 10.0 13.0 14.0 11.0 21.0 10.0 11.0 11.0 10.0 18.0 18.0 11.0 14.0 11.0 21.0 20.0 26.0 12.0 17.0 9.0 14.0 8.0 5.0 13.0 14.0 11.0 14.0 
7.0 13.0 15.0 18.0 5.0 17.0 13.0 12.0 0 15.0 13.0 15.0 9.0 15.0 16.0 13.0 16.0 13.0 13.0 15.0 12.0 10.0 13.0 17.0 16.0 15.0 13.0 8.0 21.0 14.0 11.0 11.0 13.0 17.0 22.0 12.0 12.0 12.0 18.0 17.0 24.0 16.0 12.0 9.0 14.0 16.0 13.0 5.0 18.0 11.0 18.0 
15.0 11.0 10.0 15.0 13.0 9.0 7.0 14.0 15.0 0 15.0 9.0 11.0 8.0 12.0 16.0 1.0 18.0 8.0 16.0 8.0 16.0 5.0 11.0 10.0 8.0 10.0 15.0 22.0 7.0 9.0 15.0 7.0 14.0 20.0 14.0 15.0 8.0 20.0 17.0 21.0 11.0 17.0 13.0 7.0 16.0 14.0 15.0 16.0 12.0 9.0 
12.0 13.0 11.0 17.0 10.0 14.0 10.0 15.0 13.0 15.0 0 13.0 10.0 10.0 16.0 18.0 16.0 20.0 11.0 11.0 11.0 15.0 10.0 4.0 14.0 11.0 14.0 15.0 22.0 11.0 12.0 12.0 10.0 9.0 11.0 16.0 13.0 12.0 19.0 18.0 16.0 13.0 19.0 10.0 9.0 11.0 14.0 16.0 11.0 12.0 19.0 
12.0 9.0 7.0 10.0 10.0 8.0 4.0 14.0 15.0 9.0 13.0 0 10.0 7.0 8.0 15.0 10.0 17.0 7.0 12.0 8.0 15.0 6.0 10.0 9.0 7.0 7.0 14.0 17.0 6.0 9.0 14.0 6.0 10.0 14.0 13.0 12.0 4.0 17.0 15.0 17.0 10.0 16.0 10.0 6.0 15.0 12.0 11.0 10.0 11.0 17.0 
8.0 10.0 6.0 14.0 8.0 10.0 10.0 10.0 9.0 11.0 10.0 10.0 0 9.0 13.0 15.0 12.0 19.0 9.0 16.0 10.0 11.0 8.0 13.0 11.0 6.0 6.0 10.0 22.0 8.0 11.0 13.0 6.0 15.0 19.0 13.0 13.0 8.0 20.0 14.0 22.0 12.0 18.0 10.0 8.0 17.0 5.0 14.0 15.0 7.0 14.0 
12.0 5.0 6.0 13.0 11.0 5.0 5.0 13.0 15.0 8.0 10.0 7.0 9.0 0 10.0 8.0 8.0 16.0 6.0 12.0 3.0 8.0 3.0 8.0 6.0 6.0 7.0 10.0 18.0 3.0 4.0 12.0 5.0 10.0 15.0 6.0 12.0 4.0 18.0 15.0 19.0 7.0 15.0 10.0 1.0 11.0 12.0 11.0 11.0 10.0 16.0 
15.0 12.0 10.0 15.0 13.0 11.0 7.0 12.0 16.0 12.0 16.0 8.0 13.0 10.0 0 13.0 13.0 11.0 10.0 16.0 11.0 9.0 9.0 13.0 12.0 10.0 10.0 17.0 18.0 9.0 12.0 15.0 9.0 14.0 19.0 11.0 13.0 7.0 20.0 18.0 21.0 8.0 10.0 13.0 9.0 15.0 14.0 11.0 15.0 14.0 17.0 
13.0 13.0 14.0 18.0 13.0 13.0 13.0 5.0 13.0 16.0 18.0 15.0 15.0 8.0 13.0 0 16.0 16.0 14.0 20.0 11.0 10.0 11.0 16.0 14.0 14.0 15.0 16.0 18.0 11.0 12.0 16.0 13.0 18.0 23.0 8.0 14.0 12.0 26.0 21.0 25.0 11.0 15.0 11.0 9.0 13.0 10.0 16.0 19.0 11.0 18.0 
16.0 11.0 9.0 16.0 14.0 10.0 8.0 15.0 16.0 1.0 16.0 10.0 12.0 8.0 13.0 16.0 0 19.0 9.0 16.0 7.0 15.0 6.0 12.0 11.0 9.0 11.0 14.0 23.0 8.0 8.0 16.0 6.0 15.0 19.0 13.0 16.0 8.0 21.0 16.0 22.0 10.0 18.0 14.0 7.0 15.0 15.0 16.0 15.0 11.0 8.0 
17.0 18.0 16.0 22.0 15.0 17.0 15.0 18.0 13.0 18.0 20.0 17.0 19.0 16.0 11.0 16.0 19.0 0 16.0 10.0 17.0 16.0 13.0 16.0 17.0 14.0 18.0 20.0 21.0 15.0 17.0 18.0 13.0 18.0 17.0 18.0 16.0 15.0 23.0 23.0 25.0 15.0 1.0 15.0 15.0 19.0 15.0 14.0 19.0 17.0 20.0 
13.0 9.0 6.0 13.0 11.0 7.0 7.0 13.0 13.0 8.0 11.0 7.0 9.0 6.0 10.0 14.0 9.0 16.0 0 14.0 7.0 14.0 7.0 11.0 8.0 6.0 8.0 13.0 20.0 5.0 8.0 11.0 3.0 12.0 14.0 12.0 13.0 5.0 18.0 15.0 19.0 9.0 15.0 11.0 7.0 10.0 13.0 8.0 10.0 9.0 16.0 
16.0 14.0 15.0 14.0 16.0 10.0 9.0 15.0 15.0 16.0 11.0 12.0 16.0 12.0 16.0 20.0 16.0 10.0 14.0 0 11.0 14.0 11.0 12.0 7.0 14.0 10.0 16.0 23.0 10.0 10.0 16.0 12.0 8.0 7.0 12.0 17.0 11.0 22.0 22.0 15.0 12.0 9.0 14.0 11.0 11.0 13.0 16.0 11.0 11.0 14.0 
9.0 6.0 7.0 14.0 11.0 8.0 6.0 12.0 12.0 8.0 11.0 8.0 10.0 3.0 11.0 11.0 7.0 17.0 7.0 11.0 0 11.0 4.0 7.0 7.0 7.0 8.0 7.0 19.0 4.0 1.0 11.0 4.0 11.0 14.0 9.0 14.0 5.0 17.0 15.0 20.0 8.0 16.0 7.0 2.0 10.0 11.0 12.0 10.0 9.0 15.0 
7.0 13.0 11.0 17.0 5.0 13.0 12.0 11.0 10.0 16.0 15.0 15.0 11.0 8.0 9.0 10.0 15.0 16.0 14.0 14.0 11.0 0 11.0 15.0 14.0 11.0 15.0 10.0 19.0 9.0 11.0 14.0 11.0 17.0 17.0 2.0 4.0 12.0 20.0 18.0 24.0 9.0 15.0 5.0 9.0 19.0 13.0 15.0 18.0 11.0 18.0 
10.0 6.0 5.0 10.0 8.0 8.0 4.0 12.0 13.0 5.0 10.0 6.0 8.0 3.0 9.0 11.0 6.0 13.0 7.0 11.0 4.0 11.0 0 6.0 5.0 3.0 5.0 11.0 17.0 4.0 5.0 10.0 4.0 9.0 15.0 9.0 10.0 4.0 17.0 13.0 16.0 6.0 12.0 8.0 2.0 12.0 12.0 10.0 11.0 9.0 14.0 
14.0 11.0 7.0 15.0 12.0 12.0 8.0 11.0 17.0 11.0 4.0 10.0 13.0 8.0 13.0 16.0 12.0 16.0 11.0 12.0 7.0 15.0 6.0 0 11.0 7.0 11.0 14.0 18.0 10.0 8.0 12.0 8.0 13.0 15.0 14.0 13.0 8.0 15.0 19.0 17.0 12.0 15.0 12.0 7.0 11.0 10.0 13.0 11.0 12.0 15.0 
13.0 9.0 8.0 14.0 11.0 7.0 7.0 10.0 16.0 10.0 14.0 9.0 11.0 6.0 12.0 14.0 11.0 17.0 8.0 7.0 7.0 14.0 5.0 11.0 0 8.0 9.0 11.0 20.0 5.0 8.0 13.0 5.0 14.0 10.0 12.0 15.0 6.0 20.0 18.0 21.0 9.0 16.0 11.0 5.0 14.0 14.0 15.0 14.0 12.0 17.0 
13.0 6.0 6.0 13.0 11.0 7.0 5.0 13.0 15.0 8.0 11.0 7.0 6.0 6.0 10.0 14.0 9.0 14.0 6.0 14.0 7.0 11.0 3.0 7.0 8.0 0 8.0 10.0 17.0 7.0 8.0 7.0 5.0 12.0 14.0 12.0 7.0 5.0 18.0 16.0 19.0 9.0 13.0 11.0 5.0 14.0 11.0 12.0 10.0 10.0 17.0 
12.0 10.0 8.0 13.0 10.0 8.0 7.0 14.0 13.0 10.0 14.0 7.0 6.0 7.0 10.0 15.0 11.0 18.0 8.0 10.0 8.0 15.0 5.0 11.0 9.0 8.0 0 12.0 20.0 6.0 9.0 15.0 6.0 12.0 13.0 13.0 13.0 3.0 20.0 16.0 19.0 10.0 17.0 11.0 7.0 15.0 11.0 14.0 13.0 12.0 18.0 
7.0 13.0 10.0 17.0 5.0 13.0 13.0 11.0 8.0 15.0 15.0 14.0 10.0 10.0 17.0 16.0 14.0 20.0 13.0 16.0 7.0 10.0 11.0 14.0 11.0 10.0 12.0 0 24.0 9.0 8.0 14.0 11.0 18.0 18.0 12.0 14.0 12.0 10.0 18.0 25.0 13.0 19.0 5.0 9.0 17.0 15.0 13.0 17.0 10.0 17.0 
21.0 21.0 17.0 9.0 19.0 19.0 16.0 21.0 21.0 22.0 22.0 17.0 22.0 18.0 18.0 18.0 23.0 21.0 20.0 23.0 19.0 19.0 17.0 18.0 20.0 17.0 20.0 24.0 0 17.0 20.0 10.0 19.0 17.0 25.0 21.0 21.0 17.0 29.0 27.0 30.0 16.0 20.0 19.0 17.0 19.0 18.0 24.0 21.0 16.0 19.0 
11.0 4.0 5.0 12.0 10.0 4.0 4.0 10.0 14.0 7.0 11.0 6.0 8.0 3.0 9.0 11.0 8.0 15.0 5.0 10.0 4.0 9.0 4.0 10.0 5.0 7.0 6.0 9.0 17.0 0 5.0 11.0 2.0 9.0 14.0 8.0 12.0 3.0 17.0 14.0 18.0 4.0 14.0 9.0 4.0 10.0 12.0 10.0 10.0 9.0 16.0 
8.0 7.0 8.0 15.0 10.0 9.0 7.0 11.0 11.0 9.0 12.0 9.0 11.0 4.0 12.0 12.0 8.0 17.0 8.0 10.0 1.0 11.0 5.0 8.0 8.0 8.0 9.0 8.0 20.0 5.0 0 10.0 5.0 11.0 13.0 10.0 15.0 6.0 18.0 16.0 21.0 9.0 16.0 6.0 3.0 11.0 12.0 13.0 11.0 8.0 15.0 
11.0 13.0 13.0 15.0 9.0 13.0 12.0 11.0 11.0 15.0 12.0 14.0 13.0 12.0 15.0 16.0 16.0 18.0 11.0 16.0 11.0 14.0 10.0 12.0 13.0 7.0 15.0 14.0 10.0 11.0 10.0 0 10.0 15.0 15.0 12.0 14.0 12.0 22.0 19.0 25.0 13.0 17.0 9.0 11.0 9.0 8.0 16.0 14.0 10.0 15.0 
10.0 6.0 3.0 10.0 8.0 6.0 4.0 10.0 13.0 7.0 10.0 6.0 6.0 5.0 9.0 13.0 6.0 13.0 3.0 12.0 4.0 11.0 4.0 8.0 5.0 5.0 6.0 11.0 19.0 2.0 5.0 10.0 0 11.0 13.0 10.0 10.0 3.0 17.0 15.0 16.0 6.0 12.0 8.0 4.0 12.0 11.0 10.0 9.0 7.0 14.0 
16.0 13.0 14.0 8.0 15.0 13.0 7.0 18.0 17.0 14.0 9.0 10.0 15.0 10.0 14.0 18.0 15.0 18.0 12.0 8.0 11.0 17.0 9.0 13.0 14.0 12.0 12.0 18.0 17.0 9.0 11.0 15.0 11.0 0 15.0 16.0 13.0 9.0 20.0 15.0 13.0 13.0 17.0 14.0 9.0 17.0 15.0 14.0 13.0 11.0 18.0 
19.0 18.0 14.0 17.0 19.0 13.0 14.0 18.0 22.0 20.0 11.0 14.0 19.0 15.0 19.0 23.0 19.0 17.0 14.0 7.0 14.0 17.0 15.0 15.0 10.0 14.0 13.0 18.0 25.0 14.0 13.0 15.0 13.0 15.0 0 15.0 16.0 14.0 22.0 21.0 22.0 18.0 16.0 17.0 14.0 14.0 16.0 20.0 4.0 14.0 17.0 
9.0 11.0 12.0 19.0 7.0 11.0 11.0 11.0 12.0 14.0 16.0 13.0 13.0 6.0 11.0 8.0 13.0 18.0 12.0 12.0 9.0 2.0 9.0 14.0 12.0 12.0 13.0 12.0 21.0 8.0 10.0 12.0 10.0 16.0 15.0 0 6.0 10.0 22.0 20.0 25.0 11.0 17.0 7.0 7.0 17.0 15.0 17.0 17.0 13.0 20.0 
11.0 11.0 7.0 18.0 9.0 14.0 8.0 14.0 12.0 15.0 13.0 12.0 13.0 12.0 13.0 14.0 16.0 16.0 13.0 17.0 14.0 4.0 10.0 13.0 15.0 7.0 13.0 14.0 21.0 12.0 15.0 14.0 10.0 13.0 16.0 6.0 0 10.0 21.0 21.0 20.0 13.0 15.0 9.0 12.0 20.0 9.0 16.0 16.0 11.0 18.0 
10.0 7.0 6.0 10.0 8.0 6.0 4.0 11.0 12.0 8.0 12.0 4.0 8.0 4.0 7.0 12.0 8.0 15.0 5.0 11.0 5.0 12.0 4.0 8.0 6.0 5.0 3.0 12.0 17.0 3.0 6.0 12.0 3.0 9.0 14.0 10.0 10.0 0 17.0 13.0 16.0 7.0 14.0 8.0 4.0 13.0 10.0 11.0 10.0 9.0 15.0 
17.0 20.0 20.0 23.0 15.0 19.0 13.0 21.0 18.0 20.0 19.0 17.0 20.0 18.0 20.0 26.0 21.0 23.0 18.0 22.0 17.0 20.0 17.0 15.0 20.0 18.0 20.0 10.0 29.0 17.0 18.0 22.0 17.0 20.0 22.0 22.0 21.0 17.0 0 26.0 27.0 21.0 24.0 15.0 17.0 18.0 21.0 23.0 18.0 20.0 24.0 
16.0 16.0 16.0 19.0 14.0 17.0 13.0 20.0 17.0 17.0 18.0 15.0 14.0 15.0 18.0 21.0 16.0 23.0 15.0 22.0 15.0 18.0 13.0 19.0 18.0 16.0 16.0 18.0 27.0 14.0 16.0 19.0 15.0 15.0 21.0 20.0 21.0 13.0 26.0 0 27.0 16.0 22.0 16.0 14.0 18.0 19.0 22.0 18.0 18.0 17.0 
18.0 21.0 19.0 21.0 20.0 20.0 14.0 26.0 24.0 21.0 16.0 17.0 22.0 19.0 21.0 25.0 22.0 25.0 19.0 15.0 20.0 24.0 16.0 17.0 21.0 19.0 19.0 25.0 30.0 18.0 21.0 25.0 16.0 13.0 22.0 25.0 20.0 16.0 27.0 27.0 0 22.0 24.0 20.0 18.0 24.0 24.0 21.0 20.0 22.0 29.0 
14.0 8.0 9.0 16.0 14.0 8.0 8.0 12.0 16.0 11.0 13.0 10.0 12.0 7.0 8.0 11.0 10.0 15.0 9.0 12.0 8.0 9.0 6.0 12.0 9.0 9.0 10.0 13.0 16.0 4.0 9.0 13.0 6.0 13.0 18.0 11.0 13.0 7.0 21.0 16.0 22.0 0 14.0 12.0 8.0 14.0 14.0 11.0 14.0 13.0 18.0 
16.0 17.0 15.0 21.0 14.0 16.0 14.0 17.0 12.0 17.0 19.0 16.0 18.0 15.0 10.0 15.0 18.0 1.0 15.0 9.0 16.0 15.0 12.0 15.0 16.0 13.0 17.0 19.0 20.0 14.0 16.0 17.0 12.0 17.0 16.0 17.0 15.0 14.0 24.0 22.0 24.0 14.0 0 14.0 14.0 18.0 16.0 13.0 18.0 16.0 19.0 
2.0 9.0 11.0 13.0 4.0 12.0 8.0 9.0 9.0 13.0 10.0 10.0 10.0 10.0 13.0 11.0 14.0 15.0 11.0 14.0 7.0 5.0 8.0 12.0 11.0 11.0 11.0 5.0 19.0 9.0 6.0 9.0 8.0 14.0 17.0 7.0 9.0 8.0 15.0 16.0 20.0 12.0 14.0 0 9.0 14.0 10.0 14.0 13.0 6.0 13.0 
11.0 4.0 5.0 12.0 10.0 6.0 4.0 14.0 14.0 7.0 9.0 6.0 8.0 1.0 9.0 9.0 7.0 15.0 7.0 11.0 2.0 9.0 2.0 7.0 5.0 5.0 7.0 9.0 17.0 4.0 3.0 11.0 4.0 9.0 14.0 7.0 12.0 4.0 17.0 14.0 18.0 8.0 14.0 9.0 0 10.0 11.0 10.0 10.0 9.0 15.0 
16.0 14.0 14.0 21.0 14.0 14.0 13.0 8.0 16.0 16.0 11.0 15.0 17.0 11.0 15.0 13.0 15.0 19.0 10.0 11.0 10.0 19.0 12.0 11.0 14.0 14.0 15.0 17.0 19.0 10.0 11.0 9.0 12.0 17.0 14.0 17.0 20.0 13.0 18.0 18.0 24.0 14.0 18.0 14.0 10.0 0 12.0 16.0 10.0 14.0 21.0 
10.0 15.0 11.0 9.0 11.0 14.0 14.0 5.0 13.0 14.0 14.0 12.0 5.0 12.0 14.0 10.0 15.0 15.0 13.0 13.0 11.0 13.0 12.0 10.0 14.0 11.0 11.0 15.0 18.0 12.0 12.0 8.0 11.0 15.0 16.0 15.0 9.0 10.0 21.0 19.0 24.0 14.0 16.0 10.0 11.0 12.0 0 18.0 13.0 6.0 9.0 
12.0 8.0 12.0 17.0 10.0 14.0 11.0 13.0 5.0 15.0 16.0 11.0 14.0 11.0 11.0 16.0 16.0 14.0 8.0 16.0 12.0 15.0 10.0 13.0 15.0 12.0 14.0 13.0 24.0 10.0 13.0 16.0 10.0 14.0 20.0 17.0 16.0 11.0 23.0 22.0 21.0 11.0 13.0 14.0 10.0 16.0 18.0 0 16.0 14.0 21.0 
15.0 14.0 10.0 16.0 16.0 13.0 10.0 14.0 18.0 16.0 11.0 10.0 15.0 11.0 15.0 19.0 15.0 19.0 10.0 11.0 10.0 18.0 11.0 11.0 14.0 10.0 13.0 17.0 21.0 10.0 11.0 14.0 9.0 13.0 4.0 17.0 16.0 10.0 18.0 18.0 20.0 14.0 18.0 13.0 10.0 10.0 13.0 16.0 0 15.0 18.0 
8.0 13.0 10.0 7.0 10.0 13.0 11.0 11.0 11.0 12.0 12.0 11.0 7.0 10.0 14.0 11.0 11.0 17.0 9.0 11.0 9.0 11.0 9.0 12.0 12.0 10.0 12.0 10.0 16.0 9.0 8.0 10.0 7.0 11.0 14.0 13.0 11.0 9.0 20.0 18.0 22.0 13.0 16.0 6.0 9.0 14.0 6.0 14.0 15.0 0 7.0 
15.0 19.0 17.0 10.0 13.0 18.0 16.0 14.0 18.0 9.0 19.0 17.0 14.0 16.0 17.0 18.0 8.0 20.0 16.0 14.0 15.0 18.0 14.0 15.0 17.0 17.0 18.0 17.0 19.0 16.0 15.0 15.0 14.0 18.0 17.0 20.0 18.0 15.0 24.0 17.0 29.0 18.0 19.0 13.0 15.0 21.0 9.0 21.0 18.0 7.0 0 
