44
LOC45 LOC79 LOC18 LOC17 LOC52 LOC25 LOC70 LOC47 LOC23 LOC26 LOC96 LOC50 LOC46 LOC3 LOC15 LOC98 LOC9 LOC56 LOC97 LOC82 LOC81 LOC62 LOC53 LOC95 LOC59 LOC36 LOC85 LOC22 LOC61 LOC57 LOC33 LOC43 LOC12 LOC78 LOC73 LOC90 LOC20 LOC89 LOC37 LOC4 LOC99 LOC29 LOC31 LOC28 LOC16
0 1 2 2 2 2 2 2 2 2 2 1 2 1 2 2 2 2 2 2 1 2 2 2 2 1 2 1 2 2 2 1 2 2 2 2 2 1 1 2 2 2 2 2 2 
1 0 2 2 1 2 2 2 2 2 2 2 1 2 1 2 2 2 2 2 2 2 2 2 2 2 2 2 1 2 2 1 1 1 2 2 2 2 2 2 2 2 2 2 2 
2 2 0 2 2 2 2 2 2 2 1 2 2 2 1 2 2 2 2 2 2 2 2 2 2 2 2 1 2 2 1 1 2 2 1 2 1 1 2 2 1 1 2 2 1 
2 2 2 0 1 1 2 1 2 2 2 2 1 2 2 2 2 1 2 2 2 2 1 1 2 2 2 1 2 2 2 2 1 2 1 2 2 2 1 2 2 2 2 1 2 
2 1 2 1 0 2 1 2 1 2 2 1 2 2 2 2 1 2 2 1 2 2 1 2 2 2 1 2 2 2 2 1 2 2 2 2 2 2 2 2 2 2 2 2 1 
2 2 2 1 2 0 2 2 1 1 2 2 1 1 2 2 1 2 2 2 1 2 2 2 1 2 2 2 2 2 2 2 2 2 1 1 2 1 2 1 2 2 2 1 1 
2 2 2 2 1 2 0 2 2 2 2 2 1 2 2 2 2 2 2 1 2 2 2 2 2 1 2 2 1 1 2 2 2 1 2 2 1 2 2 2 2 2 2 2 1 
2 2 2 1 2 2 2 0 2 2 2 3 2 2 2 1 1 2 2 2 2 2 2 2 1 2 2 2 2 2 2 3 2 2 1 2 1 2 1 1 1 2 2 2 1 
2 2 2 2 1 1 2 2 0 1 2 2 2 2 3 2 2 1 1 2 1 2 2 2 2 2 2 2 1 2 2 2 2 1 2 1 2 2 2 2 2 2 2 2 1 
2 2 2 2 2 1 2 2 1 0 2 2 2 1 2 2 2 2 2 1 2 2 2 1 2 1 1 2 2 2 2 2 2 1 2 2 2 2 2 1 2 2 2 2 2 
2 2 1 2 2 2 2 2 2 2 0 2 2 1 2 2 2 2 1 2 2 2 2 2 2 2 2 2 2 2 2 2 2 2 2 1 2 2 2 2 1 1 1 2 1 
1 2 2 2 1 2 2 3 2 2 2 0 1 1 2 2 2 2 2 2 2 2 1 1 2 2 2 2 2 1 2 2 1 2 2 2 2 1 2 2 2 2 2 2 2 
2 1 2 1 2 1 1 2 2 2 2 1 0 2 1 2 2 2 1 2 2 2 1 2 2 1 2 2 2 2 2 1 2 2 2 2 2 2 1 2 2 1 2 2 2 
1 2 2 2 2 1 2 2 2 1 1 1 2 0 2 1 2 2 2 2 2 2 2 2 2 2 1 2 2 2 2 2 1 2 2 1 2 2 2 2 1 2 2 1 2 
2 1 1 2 2 2 2 2 3 2 2 2 1 2 0 2 1 2 2 2 2 2 2 2 2 2 2 1 2 2 2 1 2 2 2 2 2 1 2 2 2 2 2 2 2 
2 2 2 2 2 2 2 1 2 2 2 2 2 1 2 0 2 1 1 2 2 2 2 1 2 1 2 2 2 1 2 2 2 2 2 2 1 2 1 2 2 2 2 2 2 
2 2 2 2 1 1 2 1 2 2 2 2 2 2 1 2 0 2 2 2 2 2 2 2 2 2 1 2 2 1 1 2 2 2 2 2 1 2 2 2 2 2 3 2 1 
2 2 2 1 2 2 2 2 1 2 2 2 2 2 2 1 2 0 2 2 2 2 2 2 2 2 2 2 2 1 1 2 1 2 2 1 1 1 1 1 2 2 2 1 2 
2 2 2 2 2 2 2 2 1 2 1 2 1 2 2 1 2 2 0 2 2 2 1 1 2 2 2 1 2 2 2 2 2 1 2 2 2 2 2 1 2 2 2 2 2 
2 2 2 2 1 2 1 2 2 1 2 2 2 2 2 2 2 2 2 0 1 2 2 2 2 2 2 1 2 2 2 2 2 2 2 2 1 1 1 1 1 2 1 1 2 
1 2 2 2 2 1 2 2 1 2 2 2 2 2 2 2 2 2 2 1 0 2 2 2 1 2 2 2 2 2 2 2 1 2 2 1 1 2 2 2 2 2 2 2 2 
2 2 2 2 2 2 2 2 2 2 2 2 2 2 2 2 2 2 2 2 2 0 2 2 1 2 2 2 1 2 2 2 1 2 2 1 2 1 2 2 1 2 1 1 1 
2 2 2 1 1 2 2 2 2 2 2 1 1 2 2 2 2 2 1 2 2 2 0 2 1 2 1 2 1 2 2 2 2 2 1 2 2 1 2 1 2 2 2 2 2 
2 2 2 1 2 2 2 2 2 1 2 1 2 2 2 1 2 2 1 2 2 2 2 0 2 2 2 1 2 2 2 1 2 1 1 2 1 2 2 1 2 1 2 2 3 
2 2 2 2 2 1 2 1 2 2 2 2 2 2 2 2 2 2 2 2 1 1 1 2 0 2 2 2 1 2 1 2 2 2 1 2 2 2 1 2 1 1 1 2 2 
1 2 2 2 2 2 1 2 2 1 2 2 1 2 2 1 2 2 2 2 2 2 2 2 2 0 2 1 2 2 1 1 2 2 2 2 2 2 2 2 2 2 1 2 1 
2 2 2 2 1 2 2 2 2 1 2 2 2 1 2 2 1 2 2 2 2 2 1 2 2 2 0 2 1 1 2 2 2 2 2 2 1 2 2 1 1 2 2 2 2 
1 2 1 1 2 2 2 2 2 2 2 2 2 2 1 2 2 2 1 1 2 2 2 1 2 1 2 0 2 2 2 2 2 2 2 2 1 2 2 2 2 2 2 2 2 
2 1 2 2 2 2 1 2 1 2 2 2 2 2 2 2 2 2 2 2 2 1 1 2 1 2 1 2 0 1 2 2 1 2 2 1 2 2 2 2 2 2 1 2 2 
2 2 2 2 2 2 1 2 2 2 2 1 2 2 2 1 1 1 2 2 2 2 2 2 2 2 1 2 1 0 2 2 2 1 2 2 2 1 2 2 2 1 2 1 2 
2 2 1 2 2 2 2 2 2 2 2 2 2 2 2 2 1 1 2 2 2 2 2 2 1 1 2 2 2 2 0 1 2 1 2 2 2 2 1 2 2 1 2 2 2 
1 1 1 2 1 2 2 3 2 2 2 2 1 2 1 2 2 2 2 2 2 2 2 1 2 1 2 2 2 2 1 0 2 2 2 1 2 2 2 2 2 1 2 2 2 
2 1 2 1 2 2 2 2 2 2 2 1 2 1 2 2 2 1 2 2 1 1 2 2 2 2 2 2 1 2 2 2 0 2 2 2 2 2 2 1 1 1 2 1 2 
2 1 2 2 2 2 1 2 1 1 2 2 2 2 2 2 2 2 1 2 2 2 2 1 2 2 2 2 2 1 1 2 2 0 1 2 1 2 2 2 1 1 2 2 2 
2 2 1 1 2 1 2 1 2 2 2 2 2 2 2 2 2 2 2 2 2 2 1 1 1 2 2 2 2 2 2 2 2 1 0 1 2 2 2 2 1 2 1 1 2 
2 2 2 2 2 1 2 2 1 2 1 2 2 1 2 2 2 1 2 2 1 1 2 2 2 2 2 2 1 2 2 1 2 2 1 0 1 2 2 2 2 2 2 1 2 
2 2 1 2 2 2 1 1 2 2 2 2 2 2 2 1 1 1 2 1 1 2 2 1 2 2 1 1 2 2 2 2 2 1 2 1 0 2 2 1 1 1 2 1 2 
1 2 1 2 2 1 2 2 2 2 2 1 2 2 1 2 2 1 2 1 2 1 1 2 2 2 2 2 2 1 2 2 2 2 2 2 2 0 2 2 2 2 1 2 2 
1 2 2 1 2 2 2 1 2 2 2 2 1 2 2 1 2 1 2 1 2 2 2 2 1 2 2 2 2 2 1 2 2 2 2 2 2 2 0 2 1 2 1 2 2 
2 2 2 2 2 1 2 1 2 1 2 2 2 2 2 2 2 1 1 1 2 2 1 1 2 2 1 2 2 2 2 2 1 2 2 2 1 2 2 0 2 2 2 2 2 
2 2 1 2 2 2 2 1 2 2 1 2 2 1 2 2 2 2 2 1 2 1 2 2 1 2 1 2 2 2 2 2 1 1 1 2 1 2 1 2 0 2 2 1 1 
2 2 1 2 2 2 2 2 2 2 1 2 1 2 2 2 2 2 2 2 2 2 2 1 1 2 2 2 2 1 1 1 1 1 2 2 1 2 2 2 2 0 2 1 2 
2 2 2 2 2 2 2 2 2 2 1 2 2 2 2 2 3 2 2 1 2 1 2 2 1 1 2 2 1 2 2 2 2 2 1 2 2 1 1 2 2 2 0 1 2 
2 2 2 1 2 1 2 2 2 2 2 2 2 1 2 2 2 1 2 1 2 1 2 2 2 2 2 2 2 1 2 2 1 2 1 1 1 2 2 2 1 1 1 0 1 
2 2 1 2 1 1 1 1 1 2 1 2 2 2 2 2 1 2 2 2 2 1 2 3 2 1 2 2 2 2 2 2 2 2 2 2 2 2 2 2 1 2 2 1 0 
