50
A B C D E F G H I J K L M N O P Q R T U V W X Y Z AA AB AC AD AE AF AG AH AI AJ AK AL AM AN AO AP AQ AR AS AT AU AV AW AX S
0 542.0 892.0 589.0 643.0 585.0 501.0 519.0 562.0 555.0 649.0 524.0 630.0 519.0 671.0 604.0 529.0 572.0 585.0 671.0 522.0 784.0 586.0 578.0 702.0 529.0 519.0 598.0 529.0 562.0 585.0 551.0 522.0 524.0 746.0 564.0 783.0 501.0 526.0 560.0 645.0 501.0 510.0 572.0 802.0 536.0 727.0 526.0 554.0 501.0 
542.0 0 807.0 590.0 635.0 1002.0 1002.0 508.0 548.0 535.0 578.0 706.0 542.0 578.0 539.0 517.0 517.0 555.0 539.0 518.0 578.0 501.0 713.0 519.0 507.0 501.0 537.0 579.0 540.0 548.0 1002.0 559.0 531.0 536.0 680.0 515.0 516.0 1002.0 1002.0 537.0 548.0 1002.0 546.0 510.0 540.0 501.0 537.0 1002.0 635.0 1002.0 
892.0 807.0 0 523.0 575.0 1002.0 1002.0 508.0 598.0 1002.0 524.0 561.0 542.0 524.0 594.0 515.0 515.0 555.0 554.0 518.0 524.0 527.0 619.0 505.0 507.0 501.0 561.0 559.0 554.0 555.0 1002.0 539.0 524.0 536.0 531.0 515.0 639.0 1002.0 541.0 1002.0 515.0 1002.0 578.0 529.0 525.0 503.0 582.0 1002.0 533.0 1002.0 
589.0 590.0 523.0 0 722.0 523.0 523.0 516.0 516.0 523.0 568.0 676.0 675.0 1003.0 526.0 517.0 517.0 579.0 510.0 526.0 543.0 530.0 641.0 716.0 565.0 581.0 516.0 686.0 1005.0 516.0 523.0 510.0 521.0 531.0 598.0 593.0 574.0 516.0 527.0 523.0 606.0 506.0 794.0 579.0 623.0 504.0 669.0 523.0 640.0 516.0 
643.0 635.0 575.0 722.0 0 575.0 575.0 529.0 630.0 575.0 618.0 500.0 680.0 529.0 631.0 833.0 588.0 618.0 570.0 626.0 560.0 641.0 505.0 515.0 562.0 588.0 500.0 668.0 638.0 618.0 575.0 547.0 560.0 500.0 730.0 592.0 634.0 575.0 635.0 572.0 593.0 560.0 564.0 587.0 593.0 623.0 572.0 575.0 1000.0 575.0 
585.0 1002.0 1002.0 523.0 575.0 0 1002.0 508.0 519.0 1002.0 524.0 550.0 542.0 523.0 539.0 515.0 515.0 555.0 530.0 518.0 524.0 501.0 501.0 501.0 507.0 501.0 537.0 559.0 523.0 519.0 1002.0 539.0 524.0 536.0 531.0 515.0 516.0 1002.0 1002.0 1002.0 515.0 1002.0 546.0 510.0 525.0 501.0 537.0 1002.0 533.0 1002.0 
501.0 1002.0 1002.0 523.0 575.0 1002.0 0 508.0 1002.0 1002.0 524.0 532.0 542.0 506.0 518.0 505.0 505.0 555.0 530.0 518.0 1002.0 501.0 501.0 501.0 507.0 501.0 532.0 559.0 519.0 1002.0 1002.0 539.0 1002.0 532.0 526.0 515.0 516.0 1002.0 1002.0 1002.0 515.0 1002.0 546.0 510.0 525.0 501.0 532.0 1002.0 519.0 1002.0 
519.0 508.0 508.0 516.0 529.0 508.0 508.0 0 508.0 508.0 528.0 587.0 508.0 1002.0 536.0 517.0 517.0 512.0 510.0 536.0 508.0 514.0 526.0 644.0 539.0 612.0 1006.0 560.0 516.0 508.0 508.0 510.0 508.0 531.0 598.0 851.0 579.0 508.0 508.0 508.0 597.0 506.0 525.0 512.0 503.0 592.0 533.0 508.0 529.0 508.0 
562.0 548.0 598.0 516.0 630.0 519.0 1002.0 508.0 0 1002.0 524.0 532.0 542.0 506.0 518.0 505.0 505.0 1002.0 530.0 518.0 1002.0 501.0 501.0 501.0 507.0 501.0 508.0 559.0 516.0 1002.0 1002.0 539.0 1002.0 532.0 526.0 515.0 516.0 1002.0 1002.0 1002.0 515.0 1002.0 546.0 1002.0 525.0 501.0 503.0 1002.0 519.0 1002.0 
555.0 535.0 1002.0 523.0 575.0 1002.0 1002.0 508.0 1002.0 0 514.0 532.0 542.0 506.0 518.0 505.0 505.0 1002.0 530.0 518.0 1002.0 501.0 501.0 501.0 507.0 501.0 508.0 559.0 516.0 1002.0 1002.0 1002.0 1002.0 532.0 526.0 515.0 516.0 1002.0 1002.0 1002.0 515.0 1002.0 522.0 1002.0 525.0 501.0 503.0 1002.0 519.0 1002.0 
649.0 578.0 524.0 568.0 618.0 524.0 524.0 528.0 524.0 514.0 0 553.0 733.0 1008.0 509.0 517.0 517.0 514.0 510.0 509.0 1008.0 718.0 641.0 522.0 639.0 660.0 528.0 633.0 566.0 514.0 514.0 514.0 1008.0 531.0 581.0 545.0 592.0 514.0 514.0 514.0 629.0 1008.0 582.0 514.0 666.0 732.0 606.0 514.0 566.0 514.0 
524.0 706.0 561.0 676.0 500.0 550.0 532.0 587.0 532.0 532.0 553.0 0 602.0 531.0 705.0 506.0 506.0 532.0 512.0 593.0 517.0 559.0 519.0 554.0 657.0 556.0 1000.0 610.0 562.0 532.0 532.0 504.0 517.0 1000.0 562.0 531.0 747.0 532.0 532.0 532.0 721.0 517.0 525.0 532.0 869.0 569.0 564.0 532.0 500.0 532.0 
630.0 542.0 542.0 675.0 680.0 542.0 542.0 508.0 542.0 542.0 733.0 602.0 0 508.0 836.0 601.0 521.0 515.0 586.0 556.0 537.0 527.0 554.0 554.0 507.0 696.0 508.0 661.0 502.0 515.0 542.0 542.0 515.0 602.0 770.0 527.0 607.0 1006.0 542.0 531.0 540.0 1006.0 534.0 513.0 549.0 699.0 1006.0 542.0 504.0 1004.0 
519.0 578.0 524.0 1003.0 529.0 523.0 506.0 1002.0 506.0 506.0 1008.0 531.0 508.0 0 509.0 517.0 517.0 506.0 510.0 509.0 1005.0 514.0 526.0 522.0 539.0 581.0 1005.0 560.0 1005.0 506.0 506.0 506.0 1005.0 531.0 581.0 545.0 543.0 506.0 506.0 506.0 597.0 1005.0 525.0 506.0 503.0 504.0 508.0 506.0 529.0 506.0 
671.0 539.0 594.0 526.0 631.0 539.0 518.0 536.0 518.0 518.0 509.0 705.0 836.0 509.0 0 528.0 528.0 518.0 827.0 1000.0 509.0 811.0 596.0 596.0 500.0 553.0 509.0 569.0 509.0 518.0 518.0 518.0 509.0 548.0 662.0 587.0 509.0 505.0 518.0 518.0 588.0 505.0 688.0 518.0 697.0 543.0 644.0 518.0 536.0 505.0 
604.0 517.0 515.0 517.0 833.0 515.0 505.0 517.0 505.0 505.0 517.0 506.0 601.0 517.0 528.0 0 1006.0 505.0 617.0 528.0 505.0 529.0 599.0 573.0 572.0 694.0 506.0 798.0 516.0 505.0 505.0 505.0 505.0 506.0 817.0 516.0 537.0 505.0 505.0 505.0 659.0 505.0 609.0 505.0 659.0 677.0 601.0 505.0 575.0 505.0 
529.0 517.0 515.0 517.0 588.0 515.0 505.0 517.0 505.0 505.0 517.0 506.0 521.0 517.0 528.0 1006.0 0 505.0 557.0 528.0 505.0 529.0 552.0 573.0 572.0 1002.0 506.0 584.0 516.0 505.0 505.0 505.0 505.0 506.0 602.0 516.0 514.0 505.0 505.0 505.0 604.0 505.0 609.0 505.0 549.0 518.0 521.0 505.0 575.0 505.0 
572.0 555.0 555.0 579.0 618.0 555.0 555.0 512.0 1002.0 1002.0 514.0 532.0 515.0 506.0 518.0 505.0 505.0 0 530.0 518.0 1002.0 501.0 501.0 501.0 507.0 501.0 506.0 559.0 506.0 1002.0 1002.0 1002.0 1002.0 532.0 526.0 515.0 516.0 1002.0 1002.0 1002.0 515.0 1002.0 522.0 1002.0 525.0 501.0 503.0 1002.0 519.0 1002.0 
585.0 539.0 554.0 510.0 570.0 530.0 530.0 510.0 530.0 530.0 510.0 512.0 586.0 510.0 827.0 617.0 557.0 530.0 0 668.0 510.0 501.0 651.0 653.0 873.0 557.0 510.0 572.0 510.0 530.0 530.0 530.0 510.0 512.0 783.0 570.0 530.0 530.0 530.0 527.0 717.0 510.0 588.0 530.0 588.0 625.0 530.0 530.0 570.0 530.0 
671.0 518.0 518.0 526.0 626.0 518.0 518.0 536.0 518.0 518.0 509.0 593.0 556.0 509.0 1000.0 528.0 528.0 518.0 668.0 0 505.0 811.0 596.0 525.0 500.0 528.0 509.0 569.0 509.0 505.0 505.0 505.0 505.0 548.0 525.0 587.0 509.0 505.0 505.0 505.0 588.0 505.0 688.0 505.0 697.0 543.0 505.0 505.0 520.0 505.0 
522.0 578.0 524.0 543.0 560.0 524.0 1002.0 508.0 1002.0 1002.0 1008.0 517.0 537.0 1005.0 509.0 505.0 505.0 1002.0 510.0 505.0 0 501.0 501.0 501.0 507.0 501.0 1002.0 559.0 1002.0 1002.0 1002.0 1002.0 1002.0 508.0 526.0 515.0 516.0 1002.0 1002.0 1002.0 515.0 1002.0 522.0 1002.0 503.0 501.0 1002.0 1002.0 1002.0 1002.0 
784.0 501.0 527.0 530.0 641.0 501.0 501.0 514.0 501.0 501.0 718.0 559.0 527.0 514.0 811.0 529.0 529.0 501.0 501.0 811.0 501.0 0 552.0 552.0 911.0 529.0 501.0 743.0 501.0 501.0 501.0 501.0 501.0 559.0 701.0 595.0 610.0 501.0 501.0 501.0 719.0 501.0 680.0 501.0 716.0 869.0 501.0 501.0 501.0 501.0 
586.0 713.0 619.0 641.0 505.0 501.0 501.0 526.0 501.0 501.0 641.0 519.0 554.0 526.0 596.0 599.0 552.0 501.0 651.0 596.0 501.0 552.0 0 1002.0 576.0 552.0 501.0 573.0 501.0 501.0 501.0 501.0 501.0 519.0 626.0 534.0 687.0 501.0 501.0 501.0 573.0 501.0 512.0 501.0 743.0 572.0 501.0 501.0 501.0 501.0 
578.0 519.0 505.0 716.0 515.0 501.0 501.0 644.0 501.0 501.0 522.0 554.0 554.0 522.0 596.0 573.0 573.0 501.0 653.0 525.0 501.0 552.0 1002.0 0 576.0 552.0 501.0 573.0 501.0 501.0 501.0 501.0 501.0 519.0 1002.0 534.0 621.0 501.0 501.0 501.0 573.0 501.0 512.0 501.0 506.0 534.0 501.0 501.0 501.0 501.0 
702.0 507.0 507.0 565.0 562.0 507.0 507.0 539.0 507.0 507.0 639.0 657.0 507.0 539.0 500.0 572.0 572.0 507.0 873.0 500.0 507.0 911.0 576.0 576.0 0 566.0 507.0 546.0 507.0 507.0 507.0 507.0 507.0 657.0 576.0 938.0 733.0 507.0 507.0 507.0 729.0 507.0 805.0 507.0 729.0 531.0 507.0 507.0 507.0 507.0 
529.0 501.0 501.0 581.0 588.0 501.0 501.0 612.0 501.0 501.0 660.0 556.0 696.0 581.0 553.0 694.0 1002.0 501.0 557.0 528.0 501.0 529.0 552.0 552.0 566.0 0 501.0 584.0 501.0 501.0 501.0 501.0 501.0 506.0 552.0 516.0 514.0 501.0 501.0 501.0 505.0 501.0 552.0 501.0 505.0 518.0 501.0 501.0 501.0 501.0 
519.0 537.0 561.0 516.0 500.0 537.0 532.0 1006.0 508.0 508.0 528.0 1000.0 508.0 1005.0 509.0 506.0 506.0 506.0 510.0 509.0 1002.0 501.0 501.0 501.0 507.0 501.0 0 559.0 1002.0 1002.0 1002.0 1002.0 1002.0 1000.0 501.0 515.0 516.0 1002.0 1002.0 1002.0 515.0 1002.0 522.0 1002.0 503.0 501.0 1002.0 1002.0 1002.0 506.0 
598.0 579.0 559.0 686.0 668.0 559.0 559.0 560.0 559.0 559.0 633.0 610.0 661.0 560.0 569.0 798.0 584.0 559.0 572.0 569.0 559.0 743.0 573.0 573.0 546.0 584.0 559.0 0 504.0 559.0 559.0 524.0 549.0 559.0 573.0 530.0 519.0 559.0 550.0 1012.0 577.0 559.0 771.0 550.0 600.0 612.0 559.0 531.0 504.0 559.0 
529.0 540.0 554.0 1005.0 638.0 523.0 519.0 516.0 516.0 516.0 566.0 562.0 502.0 1005.0 509.0 516.0 516.0 506.0 510.0 509.0 1002.0 501.0 501.0 501.0 507.0 501.0 1002.0 504.0 0 1002.0 1002.0 1002.0 1002.0 1002.0 501.0 515.0 516.0 1002.0 1002.0 1002.0 515.0 1002.0 522.0 1002.0 503.0 501.0 1002.0 1002.0 1002.0 502.0 
562.0 548.0 555.0 516.0 618.0 519.0 1002.0 508.0 1002.0 1002.0 514.0 532.0 515.0 506.0 518.0 505.0 505.0 1002.0 530.0 505.0 1002.0 501.0 501.0 501.0 507.0 501.0 1002.0 559.0 1002.0 0 1002.0 1002.0 1002.0 1002.0 501.0 515.0 516.0 1002.0 1002.0 1002.0 515.0 1002.0 522.0 1002.0 503.0 501.0 1002.0 1002.0 1002.0 1002.0 
585.0 1002.0 1002.0 523.0 575.0 1002.0 1002.0 508.0 1002.0 1002.0 514.0 532.0 542.0 506.0 518.0 505.0 505.0 1002.0 530.0 505.0 1002.0 501.0 501.0 501.0 507.0 501.0 1002.0 559.0 1002.0 1002.0 0 1002.0 1002.0 1002.0 501.0 515.0 516.0 1002.0 1002.0 1002.0 515.0 1002.0 522.0 1002.0 503.0 501.0 1002.0 1002.0 1002.0 1002.0 
551.0 559.0 539.0 510.0 547.0 539.0 539.0 510.0 539.0 1002.0 514.0 504.0 542.0 506.0 518.0 505.0 505.0 1002.0 530.0 505.0 1002.0 501.0 501.0 501.0 507.0 501.0 1002.0 524.0 1002.0 1002.0 1002.0 0 1002.0 1002.0 501.0 515.0 516.0 1002.0 1002.0 1002.0 515.0 1002.0 522.0 1002.0 503.0 501.0 1002.0 1002.0 1002.0 1002.0 
522.0 531.0 524.0 521.0 560.0 524.0 1002.0 508.0 1002.0 1002.0 1008.0 517.0 515.0 1005.0 509.0 505.0 505.0 1002.0 510.0 505.0 1002.0 501.0 501.0 501.0 507.0 501.0 1002.0 549.0 1002.0 1002.0 1002.0 1002.0 0 1002.0 501.0 515.0 516.0 1002.0 1002.0 1002.0 515.0 1002.0 522.0 1002.0 503.0 501.0 1002.0 1002.0 1002.0 1002.0 
524.0 536.0 536.0 531.0 500.0 536.0 532.0 531.0 532.0 532.0 531.0 1000.0 602.0 531.0 548.0 506.0 506.0 532.0 512.0 548.0 508.0 559.0 519.0 519.0 657.0 506.0 1000.0 559.0 1002.0 1002.0 1002.0 1002.0 1002.0 0 501.0 515.0 516.0 1002.0 1002.0 1002.0 515.0 1002.0 522.0 1002.0 503.0 501.0 1002.0 1002.0 1002.0 508.0 
746.0 680.0 531.0 598.0 730.0 531.0 526.0 598.0 526.0 526.0 581.0 562.0 770.0 581.0 662.0 817.0 602.0 526.0 783.0 525.0 526.0 701.0 626.0 1002.0 576.0 552.0 501.0 573.0 501.0 501.0 501.0 501.0 501.0 501.0 0 534.0 621.0 501.0 501.0 501.0 573.0 501.0 512.0 501.0 506.0 534.0 501.0 501.0 501.0 526.0 
564.0 515.0 515.0 593.0 592.0 515.0 515.0 851.0 515.0 515.0 545.0 531.0 527.0 545.0 587.0 516.0 516.0 515.0 570.0 587.0 515.0 595.0 534.0 534.0 938.0 516.0 515.0 530.0 515.0 515.0 515.0 515.0 515.0 515.0 534.0 0 760.0 515.0 515.0 515.0 601.0 515.0 617.0 515.0 894.0 595.0 515.0 515.0 515.0 515.0 
783.0 516.0 639.0 574.0 634.0 516.0 516.0 579.0 516.0 516.0 592.0 747.0 607.0 543.0 509.0 537.0 514.0 516.0 530.0 509.0 516.0 610.0 687.0 621.0 733.0 514.0 516.0 519.0 516.0 516.0 516.0 516.0 516.0 516.0 621.0 760.0 0 516.0 516.0 516.0 540.0 516.0 529.0 516.0 696.0 663.0 516.0 516.0 516.0 516.0 
501.0 1002.0 1002.0 516.0 575.0 1002.0 1002.0 508.0 1002.0 1002.0 514.0 532.0 1006.0 506.0 505.0 505.0 505.0 1002.0 530.0 505.0 1002.0 501.0 501.0 501.0 507.0 501.0 1002.0 559.0 1002.0 1002.0 1002.0 1002.0 1002.0 1002.0 501.0 515.0 516.0 0 1002.0 1002.0 515.0 1002.0 522.0 1002.0 503.0 501.0 1002.0 1002.0 1002.0 1002.0 
526.0 1002.0 541.0 527.0 635.0 1002.0 1002.0 508.0 1002.0 1002.0 514.0 532.0 542.0 506.0 518.0 505.0 505.0 1002.0 530.0 505.0 1002.0 501.0 501.0 501.0 507.0 501.0 1002.0 550.0 1002.0 1002.0 1002.0 1002.0 1002.0 1002.0 501.0 515.0 516.0 1002.0 0 1002.0 515.0 1002.0 522.0 1002.0 503.0 501.0 1002.0 1002.0 1002.0 1002.0 
560.0 537.0 1002.0 523.0 572.0 1002.0 1002.0 508.0 1002.0 1002.0 514.0 532.0 531.0 506.0 518.0 505.0 505.0 1002.0 527.0 505.0 1002.0 501.0 501.0 501.0 507.0 501.0 1002.0 1012.0 1002.0 1002.0 1002.0 1002.0 1002.0 1002.0 501.0 515.0 516.0 1002.0 1002.0 0 515.0 1002.0 522.0 1002.0 503.0 501.0 1002.0 1002.0 1002.0 1002.0 
645.0 548.0 515.0 606.0 593.0 515.0 515.0 597.0 515.0 515.0 629.0 721.0 540.0 597.0 588.0 659.0 604.0 515.0 717.0 588.0 515.0 719.0 573.0 573.0 729.0 505.0 515.0 577.0 515.0 515.0 515.0 515.0 515.0 515.0 573.0 601.0 540.0 515.0 515.0 515.0 0 515.0 563.0 515.0 1008.0 643.0 515.0 515.0 515.0 515.0 
501.0 1002.0 1002.0 506.0 560.0 1002.0 1002.0 506.0 1002.0 1002.0 1008.0 517.0 1006.0 1005.0 505.0 505.0 505.0 1002.0 510.0 505.0 1002.0 501.0 501.0 501.0 507.0 501.0 1002.0 559.0 1002.0 1002.0 1002.0 1002.0 1002.0 1002.0 501.0 515.0 516.0 1002.0 1002.0 1002.0 515.0 0 522.0 1002.0 503.0 501.0 1002.0 1002.0 1002.0 1002.0 
510.0 546.0 578.0 794.0 564.0 546.0 546.0 525.0 546.0 522.0 582.0 525.0 534.0 525.0 688.0 609.0 609.0 522.0 588.0 688.0 522.0 680.0 512.0 512.0 805.0 552.0 522.0 771.0 522.0 522.0 522.0 522.0 522.0 522.0 512.0 617.0 529.0 522.0 522.0 522.0 563.0 522.0 0 522.0 527.0 676.0 522.0 522.0 522.0 522.0 
572.0 510.0 529.0 579.0 587.0 510.0 510.0 512.0 1002.0 1002.0 514.0 532.0 513.0 506.0 518.0 505.0 505.0 1002.0 530.0 505.0 1002.0 501.0 501.0 501.0 507.0 501.0 1002.0 550.0 1002.0 1002.0 1002.0 1002.0 1002.0 1002.0 501.0 515.0 516.0 1002.0 1002.0 1002.0 515.0 1002.0 522.0 0 503.0 501.0 1002.0 1002.0 1002.0 1002.0 
802.0 540.0 525.0 623.0 593.0 525.0 525.0 503.0 525.0 525.0 666.0 869.0 549.0 503.0 697.0 659.0 549.0 525.0 588.0 697.0 503.0 716.0 743.0 506.0 729.0 505.0 503.0 600.0 503.0 503.0 503.0 503.0 503.0 503.0 506.0 894.0 696.0 503.0 503.0 503.0 1008.0 503.0 527.0 503.0 0 563.0 503.0 503.0 503.0 525.0 
536.0 501.0 503.0 504.0 623.0 501.0 501.0 592.0 501.0 501.0 732.0 569.0 699.0 504.0 543.0 677.0 518.0 501.0 625.0 543.0 501.0 869.0 572.0 534.0 531.0 518.0 501.0 612.0 501.0 501.0 501.0 501.0 501.0 501.0 534.0 595.0 663.0 501.0 501.0 501.0 643.0 501.0 676.0 501.0 563.0 0 501.0 501.0 501.0 501.0 
727.0 537.0 582.0 669.0 572.0 537.0 532.0 533.0 503.0 503.0 606.0 564.0 1006.0 508.0 644.0 601.0 521.0 503.0 530.0 505.0 1002.0 501.0 501.0 501.0 507.0 501.0 1002.0 559.0 1002.0 1002.0 1002.0 1002.0 1002.0 1002.0 501.0 515.0 516.0 1002.0 1002.0 1002.0 515.0 1002.0 522.0 1002.0 503.0 501.0 0 1002.0 1002.0 1002.0 
526.0 1002.0 1002.0 523.0 575.0 1002.0 1002.0 508.0 1002.0 1002.0 514.0 532.0 542.0 506.0 518.0 505.0 505.0 1002.0 530.0 505.0 1002.0 501.0 501.0 501.0 507.0 501.0 1002.0 531.0 1002.0 1002.0 1002.0 1002.0 1002.0 1002.0 501.0 515.0 516.0 1002.0 1002.0 1002.0 515.0 1002.0 522.0 1002.0 503.0 501.0 1002.0 0 1002.0 1002.0 
554.0 635.0 533.0 640.0 1000.0 533.0 519.0 529.0 519.0 519.0 566.0 500.0 504.0 529.0 536.0 575.0 575.0 519.0 570.0 520.0 1002.0 501.0 501.0 501.0 507.0 501.0 1002.0 504.0 1002.0 1002.0 1002.0 1002.0 1002.0 1002.0 501.0 515.0 516.0 1002.0 1002.0 1002.0 515.0 1002.0 522.0 1002.0 503.0 501.0 1002.0 1002.0 0 504.0 
501.0 1002.0 1002.0 516.0 575.0 1002.0 1002.0 508.0 1002.0 1002.0 514.0 532.0 1004.0 506.0 505.0 505.0 505.0 1002.0 530.0 505.0 1002.0 501.0 501.0 501.0 507.0 501.0 506.0 559.0 502.0 1002.0 1002.0 1002.0 1002.0 508.0 526.0 515.0 516.0 1002.0 1002.0 1002.0 515.0 1002.0 522.0 1002.0 525.0 501.0 1002.0 1002.0 504.0 0 
