48
a3 a4 a6 a9 a11 a12 a14 a17 a19 a20 a22 a25 a27 a28 a30 a33 a35 a36 a38 a41 a43 a44 a46 a49 a51 a52 a54 a57 a59 a60 a62 a65 a67 a68 a70 a73 a75 a76 a78 a81 a83 a84 a86 a89 a91 a92 a94 a1
0 1.0 3.0 3.0 5.0 5.0 5.0 5.0001 6.0001 5.0001 3.0001 6.0001 5.0001 6.0001 8.0001 5.0001 6.0001 5.0001 3.0001 6.0001 5.0001 6.0001 8.0001 5.0001 6.0001 5.0001 3.0001 6.0001 5.0001 6.0001 8.0001 5.0001 6.0001 5.0001 3.0001 6.0001 5.0001 6.0001 8.0001 5.0001 6.0001 5.0001 3.0001 6.0 5.0 4.0 5.0 2.0 
1.0 0 2.0 2.0 4.0 4.0 4.0 4.0001 5.0001 4.0001 2.0001 5.0001 4.0001 5.0001 7.0001 4.0001 5.0001 4.0001 2.0001 5.0001 4.0001 5.0001 7.0001 4.0001 5.0001 4.0001 2.0001 5.0001 4.0001 5.0001 7.0001 4.0001 5.0001 4.0001 2.0001 5.0001 4.0001 5.0001 7.0001 4.0001 5.0001 4.0001 2.0001 5.0001 4.0001 4.0 5.0 2.0 
3.0 2.0 0 3.0 5.0 4.0001 5.0 2.0000999999999998 3.0000999999999998 2.0000999999999998 0.0001 3.0000999999999998 5.0001 4.0001 5.0001 2.0000999999999998 3.0000999999999998 2.0000999999999998 0.0001 3.0000999999999998 5.0001 4.0001 5.0001 2.0000999999999998 3.0000999999999998 2.0000999999999998 0.0001 3.0000999999999998 5.0001 4.0001 5.0001 2.0000999999999998 3.0000999999999998 2.0000999999999998 0.0001 3.0000999999999998 5.0001 4.0001 5.0001 2.0000999999999998 3.0000999999999998 2.0000999999999998 0.0001 3.0000999999999998 5.0 4.0 5.0 2.0 
3.0 2.0 3.0 0 2.0 2.0 2.0 4.0 6.0 5.0001 3.0001 4.0001 2.0001 3.0001 5.0001 5.0001 6.0001 5.0001 3.0001 4.0001 2.0001 3.0001 5.0001 5.0001 6.0001 5.0001 3.0001 4.0001 2.0001 3.0001 5.0001 5.0001 6.0001 5.0001 3.0001 4.0001 2.0001 3.0001 5.0001 5.0001 6.0001 5.0001 3.0001 4.0001 2.0001 3.0001 5.0001 4.0 
5.0 4.0 5.0 2.0 0 1.0 3.0 3.0 5.0 4.0001 5.0 2.0000999999999998 0.0001 1.0001 3.0000999999999998 3.0000999999999998 5.0001 4.0001 5.0001 2.0000999999999998 0.0001 1.0001 3.0000999999999998 3.0000999999999998 5.0001 4.0001 5.0001 2.0000999999999998 0.0001 1.0001 3.0000999999999998 3.0000999999999998 5.0001 4.0001 5.0001 2.0000999999999998 0.0001 1.0001 3.0000999999999998 3.0000999999999998 5.0001 4.0001 5.0001 2.0000999999999998 0.0001 1.0001 3.0000999999999998 3.0000999999999998 
5.0 4.0 4.0001 2.0 1.0 0 2.0 2.0 4.0 4.0 4.0 3.0000999999999998 1.0001 2.0000999999999998 4.0001 4.0001 6.0001 5.0001 4.0001 3.0000999999999998 1.0001 2.0000999999999998 4.0001 4.0001 6.0001 5.0001 4.0001 3.0000999999999998 1.0001 2.0000999999999998 4.0001 4.0001 6.0001 5.0001 4.0001 3.0000999999999998 1.0001 2.0000999999999998 4.0001 4.0001 6.0001 5.0001 4.0001 3.0000999999999998 1.0001 2.0000999999999998 4.0001 4.0001 
5.0 4.0 5.0 2.0 3.0 2.0 0 3.0 5.0 5.0 5.0 5.0001 3.0001 4.0001 6.0001 6.0001 8.0001 7.0001 5.0001 5.0001 3.0001 4.0001 6.0001 6.0001 8.0001 7.0001 5.0001 5.0001 3.0001 4.0001 6.0001 6.0001 8.0001 7.0001 5.0001 5.0001 3.0001 4.0001 6.0001 6.0001 8.0001 7.0001 5.0001 5.0001 3.0001 4.0001 6.0001 6.0 
5.0001 4.0001 2.0001 4.0 3.0 2.0 3.0 0 2.0 2.0 2.0 4.0 3.0001 4.0001 6.0 4.0001 5.0001 4.0001 2.0001 5.0001 3.0001 4.0001 6.0001 4.0001 5.0001 4.0001 2.0001 5.0001 3.0001 4.0001 6.0001 4.0001 5.0001 4.0001 2.0001 5.0001 3.0001 4.0001 6.0001 4.0001 5.0001 4.0001 2.0001 5.0001 3.0001 4.0001 6.0001 4.0001 
6.0001 5.0001 3.0001 6.0 5.0 4.0 5.0 2.0 0 1.0 3.0 3.0 5.0 5.0 5.0 5.0001 6.0001 5.0001 3.0001 6.0001 5.0001 6.0001 8.0001 5.0001 6.0001 5.0001 3.0001 6.0001 5.0001 6.0001 8.0001 5.0001 6.0001 5.0001 3.0001 6.0001 5.0001 6.0001 8.0001 5.0001 6.0001 5.0001 3.0001 6.0001 5.0001 6.0001 8.0001 5.0001 
5.0001 4.0001 2.0001 5.0001 4.0001 4.0 5.0 2.0 1.0 0 2.0 2.0 4.0 4.0 4.0 4.0001 5.0001 4.0001 2.0001 5.0001 4.0001 5.0001 7.0001 4.0001 5.0001 4.0001 2.0001 5.0001 4.0001 5.0001 7.0001 4.0001 5.0001 4.0001 2.0001 5.0001 4.0001 5.0001 7.0001 4.0001 5.0001 4.0001 2.0001 5.0001 4.0001 5.0001 7.0001 4.0001 
3.0000999999999998 2.0000999999999998 0.0001 3.0000999999999998 5.0 4.0 5.0 2.0 3.0 2.0 0 3.0 5.0 4.0001 5.0 2.0000999999999998 3.0000999999999998 2.0000999999999998 0.0001 3.0000999999999998 5.0001 4.0001 5.0001 2.0000999999999998 3.0000999999999998 2.0000999999999998 0.0001 3.0000999999999998 5.0001 4.0001 5.0001 2.0000999999999998 3.0000999999999998 2.0000999999999998 0.0001 3.0000999999999998 5.0001 4.0001 5.0001 2.0000999999999998 3.0000999999999998 2.0000999999999998 0.0001 3.0000999999999998 5.0001 4.0001 5.0001 2.0000999999999998 
6.0001 5.0001 3.0001 4.0001 2.0001 3.0001 5.0001 4.0 3.0 2.0 3.0 0 2.0 2.0 2.0 4.0 6.0 5.0001 3.0001 4.0001 2.0001 3.0001 5.0001 5.0001 6.0001 5.0001 3.0001 4.0001 2.0001 3.0001 5.0001 5.0001 6.0001 5.0001 3.0001 4.0001 2.0001 3.0001 5.0001 5.0001 6.0001 5.0001 3.0001 4.0001 2.0001 3.0001 5.0001 5.0001 
5.0001 4.0001 5.0001 2.0000999999999998 0.0001 1.0001 3.0000999999999998 3.0000999999999998 5.0 4.0 5.0 2.0 0 1.0 3.0 3.0 5.0 4.0001 5.0 2.0000999999999998 0.0001 1.0001 3.0000999999999998 3.0000999999999998 5.0001 4.0001 5.0001 2.0000999999999998 0.0001 1.0001 3.0000999999999998 3.0000999999999998 5.0001 4.0001 5.0001 2.0000999999999998 0.0001 1.0001 3.0000999999999998 3.0000999999999998 5.0001 4.0001 5.0001 2.0000999999999998 0.0001 1.0001 3.0000999999999998 3.0000999999999998 
6.0001 5.0001 4.0001 3.0000999999999998 1.0001 2.0000999999999998 4.0001 4.0001 5.0 4.0 4.0001 2.0 1.0 0 2.0 2.0 4.0 4.0 4.0 3.0000999999999998 1.0001 2.0000999999999998 4.0001 4.0001 6.0001 5.0001 4.0001 3.0000999999999998 1.0001 2.0000999999999998 4.0001 4.0001 6.0001 5.0001 4.0001 3.0000999999999998 1.0001 2.0000999999999998 4.0001 4.0001 6.0001 5.0001 4.0001 3.0000999999999998 1.0001 2.0000999999999998 4.0001 4.0001 
8.0001 7.0001 5.0001 5.0001 3.0001 4.0001 6.0001 6.0 5.0 4.0 5.0 2.0 3.0 2.0 0 3.0 5.0 5.0 5.0 5.0001 3.0001 4.0001 6.0001 6.0001 8.0001 7.0001 5.0001 5.0001 3.0001 4.0001 6.0001 6.0001 8.0001 7.0001 5.0001 5.0001 3.0001 4.0001 6.0001 6.0001 8.0001 7.0001 5.0001 5.0001 3.0001 4.0001 6.0001 6.0001 
5.0001 4.0001 2.0001 5.0001 3.0001 4.0001 6.0001 4.0001 5.0001 4.0001 2.0001 4.0 3.0 2.0 3.0 0 2.0 2.0 2.0 4.0 3.0001 4.0001 6.0 4.0001 5.0001 4.0001 2.0001 5.0001 3.0001 4.0001 6.0001 4.0001 5.0001 4.0001 2.0001 5.0001 3.0001 4.0001 6.0001 4.0001 5.0001 4.0001 2.0001 5.0001 3.0001 4.0001 6.0001 4.0001 
6.0001 5.0001 3.0001 6.0001 5.0001 6.0001 8.0001 5.0001 6.0001 5.0001 3.0001 6.0 5.0 4.0 5.0 2.0 0 1.0 3.0 3.0 5.0 5.0 5.0 5.0001 6.0001 5.0001 3.0001 6.0001 5.0001 6.0001 8.0001 5.0001 6.0001 5.0001 3.0001 6.0001 5.0001 6.0001 8.0001 5.0001 6.0001 5.0001 3.0001 6.0001 5.0001 6.0001 8.0001 5.0001 
5.0001 4.0001 2.0001 5.0001 4.0001 5.0001 7.0001 4.0001 5.0001 4.0001 2.0001 5.0001 4.0001 4.0 5.0 2.0 1.0 0 2.0 2.0 4.0 4.0 4.0 4.0001 5.0001 4.0001 2.0001 5.0001 4.0001 5.0001 7.0001 4.0001 5.0001 4.0001 2.0001 5.0001 4.0001 5.0001 7.0001 4.0001 5.0001 4.0001 2.0001 5.0001 4.0001 5.0001 7.0001 4.0001 
3.0000999999999998 2.0000999999999998 0.0001 3.0000999999999998 5.0001 4.0001 5.0001 2.0000999999999998 3.0000999999999998 2.0000999999999998 0.0001 3.0000999999999998 5.0 4.0 5.0 2.0 3.0 2.0 0 3.0 5.0 4.0001 5.0 2.0000999999999998 3.0000999999999998 2.0000999999999998 0.0001 3.0000999999999998 5.0001 4.0001 5.0001 2.0000999999999998 3.0000999999999998 2.0000999999999998 0.0001 3.0000999999999998 5.0001 4.0001 5.0001 2.0000999999999998 3.0000999999999998 2.0000999999999998 0.0001 3.0000999999999998 5.0001 4.0001 5.0001 2.0000999999999998 
6.0001 5.0001 3.0001 4.0001 2.0001 3.0001 5.0001 5.0001 6.0001 5.0001 3.0001 4.0001 2.0001 3.0001 5.0001 4.0 3.0 2.0 3.0 0 2.0 2.0 2.0 4.0 6.0 5.0001 3.0001 4.0001 2.0001 3.0001 5.0001 5.0001 6.0001 5.0001 3.0001 4.0001 2.0001 3.0001 5.0001 5.0001 6.0001 5.0001 3.0001 4.0001 2.0001 3.0001 5.0001 5.0001 
5.0001 4.0001 5.0001 2.0000999999999998 0.0001 1.0001 3.0000999999999998 3.0000999999999998 5.0001 4.0001 5.0001 2.0000999999999998 0.0001 1.0001 3.0000999999999998 3.0000999999999998 5.0 4.0 5.0 2.0 0 1.0 3.0 3.0 5.0 4.0001 5.0 2.0000999999999998 0.0001 1.0001 3.0000999999999998 3.0000999999999998 5.0001 4.0001 5.0001 2.0000999999999998 0.0001 1.0001 3.0000999999999998 3.0000999999999998 5.0001 4.0001 5.0001 2.0000999999999998 0.0001 1.0001 3.0000999999999998 3.0000999999999998 
6.0001 5.0001 4.0001 3.0000999999999998 1.0001 2.0000999999999998 4.0001 4.0001 6.0001 5.0001 4.0001 3.0000999999999998 1.0001 2.0000999999999998 4.0001 4.0001 5.0 4.0 4.0001 2.0 1.0 0 2.0 2.0 4.0 4.0 4.0 3.0000999999999998 1.0001 2.0000999999999998 4.0001 4.0001 6.0001 5.0001 4.0001 3.0000999999999998 1.0001 2.0000999999999998 4.0001 4.0001 6.0001 5.0001 4.0001 3.0000999999999998 1.0001 2.0000999999999998 4.0001 4.0001 
8.0001 7.0001 5.0001 5.0001 3.0001 4.0001 6.0001 6.0001 8.0001 7.0001 5.0001 5.0001 3.0001 4.0001 6.0001 6.0 5.0 4.0 5.0 2.0 3.0 2.0 0 3.0 5.0 5.0 5.0 5.0001 3.0001 4.0001 6.0001 6.0001 8.0001 7.0001 5.0001 5.0001 3.0001 4.0001 6.0001 6.0001 8.0001 7.0001 5.0001 5.0001 3.0001 4.0001 6.0001 6.0001 
5.0001 4.0001 2.0001 5.0001 3.0001 4.0001 6.0001 4.0001 5.0001 4.0001 2.0001 5.0001 3.0001 4.0001 6.0001 4.0001 5.0001 4.0001 2.0001 4.0 3.0 2.0 3.0 0 2.0 2.0 2.0 4.0 3.0001 4.0001 6.0 4.0001 5.0001 4.0001 2.0001 5.0001 3.0001 4.0001 6.0001 4.0001 5.0001 4.0001 2.0001 5.0001 3.0001 4.0001 6.0001 4.0001 
6.0001 5.0001 3.0001 6.0001 5.0001 6.0001 8.0001 5.0001 6.0001 5.0001 3.0001 6.0001 5.0001 6.0001 8.0001 5.0001 6.0001 5.0001 3.0001 6.0 5.0 4.0 5.0 2.0 0 1.0 3.0 3.0 5.0 5.0 5.0 5.0001 6.0001 5.0001 3.0001 6.0001 5.0001 6.0001 8.0001 5.0001 6.0001 5.0001 3.0001 6.0001 5.0001 6.0001 8.0001 5.0001 
5.0001 4.0001 2.0001 5.0001 4.0001 5.0001 7.0001 4.0001 5.0001 4.0001 2.0001 5.0001 4.0001 5.0001 7.0001 4.0001 5.0001 4.0001 2.0001 5.0001 4.0001 4.0 5.0 2.0 1.0 0 2.0 2.0 4.0 4.0 4.0 4.0001 5.0001 4.0001 2.0001 5.0001 4.0001 5.0001 7.0001 4.0001 5.0001 4.0001 2.0001 5.0001 4.0001 5.0001 7.0001 4.0001 
3.0000999999999998 2.0000999999999998 0.0001 3.0000999999999998 5.0001 4.0001 5.0001 2.0000999999999998 3.0000999999999998 2.0000999999999998 0.0001 3.0000999999999998 5.0001 4.0001 5.0001 2.0000999999999998 3.0000999999999998 2.0000999999999998 0.0001 3.0000999999999998 5.0 4.0 5.0 2.0 3.0 2.0 0 3.0 5.0 4.0001 5.0 2.0000999999999998 3.0000999999999998 2.0000999999999998 0.0001 3.0000999999999998 5.0001 4.0001 5.0001 2.0000999999999998 3.0000999999999998 2.0000999999999998 0.0001 3.0000999999999998 5.0001 4.0001 5.0001 2.0000999999999998 
6.0001 5.0001 3.0001 4.0001 2.0001 3.0001 5.0001 5.0001 6.0001 5.0001 3.0001 4.0001 2.0001 3.0001 5.0001 5.0001 6.0001 5.0001 3.0001 4.0001 2.0001 3.0001 5.0001 4.0 3.0 2.0 3.0 0 2.0 2.0 2.0 4.0 6.0 5.0001 3.0001 4.0001 2.0001 3.0001 5.0001 5.0001 6.0001 5.0001 3.0001 4.0001 2.0001 3.0001 5.0001 5.0001 
5.0001 4.0001 5.0001 2.0000999999999998 0.0001 1.0001 3.0000999999999998 3.0000999999999998 5.0001 4.0001 5.0001 2.0000999999999998 0.0001 1.0001 3.0000999999999998 3.0000999999999998 5.0001 4.0001 5.0001 2.0000999999999998 0.0001 1.0001 3.0000999999999998 3.0000999999999998 5.0 4.0 5.0 2.0 0 1.0 3.0 3.0 5.0 4.0001 5.0 2.0000999999999998 0.0001 1.0001 3.0000999999999998 3.0000999999999998 5.0001 4.0001 5.0001 2.0000999999999998 0.0001 1.0001 3.0000999999999998 3.0000999999999998 
6.0001 5.0001 4.0001 3.0000999999999998 1.0001 2.0000999999999998 4.0001 4.0001 6.0001 5.0001 4.0001 3.0000999999999998 1.0001 2.0000999999999998 4.0001 4.0001 6.0001 5.0001 4.0001 3.0000999999999998 1.0001 2.0000999999999998 4.0001 4.0001 5.0 4.0 4.0001 2.0 1.0 0 2.0 2.0 4.0 4.0 4.0 3.0000999999999998 1.0001 2.0000999999999998 4.0001 4.0001 6.0001 5.0001 4.0001 3.0000999999999998 1.0001 2.0000999999999998 4.0001 4.0001 
8.0001 7.0001 5.0001 5.0001 3.0001 4.0001 6.0001 6.0001 8.0001 7.0001 5.0001 5.0001 3.0001 4.0001 6.0001 6.0001 8.0001 7.0001 5.0001 5.0001 3.0001 4.0001 6.0001 6.0 5.0 4.0 5.0 2.0 3.0 2.0 0 3.0 5.0 5.0 5.0 5.0001 3.0001 4.0001 6.0001 6.0001 8.0001 7.0001 5.0001 5.0001 3.0001 4.0001 6.0001 6.0001 
5.0001 4.0001 2.0001 5.0001 3.0001 4.0001 6.0001 4.0001 5.0001 4.0001 2.0001 5.0001 3.0001 4.0001 6.0001 4.0001 5.0001 4.0001 2.0001 5.0001 3.0001 4.0001 6.0001 4.0001 5.0001 4.0001 2.0001 4.0 3.0 2.0 3.0 0 2.0 2.0 2.0 4.0 3.0001 4.0001 6.0 4.0001 5.0001 4.0001 2.0001 5.0001 3.0001 4.0001 6.0001 4.0001 
6.0001 5.0001 3.0001 6.0001 5.0001 6.0001 8.0001 5.0001 6.0001 5.0001 3.0001 6.0001 5.0001 6.0001 8.0001 5.0001 6.0001 5.0001 3.0001 6.0001 5.0001 6.0001 8.0001 5.0001 6.0001 5.0001 3.0001 6.0 5.0 4.0 5.0 2.0 0 1.0 3.0 3.0 5.0 5.0 5.0 5.0001 6.0001 5.0001 3.0001 6.0001 5.0001 6.0001 8.0001 5.0001 
5.0001 4.0001 2.0001 5.0001 4.0001 5.0001 7.0001 4.0001 5.0001 4.0001 2.0001 5.0001 4.0001 5.0001 7.0001 4.0001 5.0001 4.0001 2.0001 5.0001 4.0001 5.0001 7.0001 4.0001 5.0001 4.0001 2.0001 5.0001 4.0001 4.0 5.0 2.0 1.0 0 2.0 2.0 4.0 4.0 4.0 4.0001 5.0001 4.0001 2.0001 5.0001 4.0001 5.0001 7.0001 4.0001 
3.0000999999999998 2.0000999999999998 0.0001 3.0000999999999998 5.0001 4.0001 5.0001 2.0000999999999998 3.0000999999999998 2.0000999999999998 0.0001 3.0000999999999998 5.0001 4.0001 5.0001 2.0000999999999998 3.0000999999999998 2.0000999999999998 0.0001 3.0000999999999998 5.0001 4.0001 5.0001 2.0000999999999998 3.0000999999999998 2.0000999999999998 0.0001 3.0000999999999998 5.0 4.0 5.0 2.0 3.0 2.0 0 3.0 5.0 4.0001 5.0 2.0000999999999998 3.0000999999999998 2.0000999999999998 0.0001 3.0000999999999998 5.0001 4.0001 5.0001 2.0000999999999998 
6.0001 5.0001 3.0001 4.0001 2.0001 3.0001 5.0001 5.0001 6.0001 5.0001 3.0001 4.0001 2.0001 3.0001 5.0001 5.0001 6.0001 5.0001 3.0001 4.0001 2.0001 3.0001 5.0001 5.0001 6.0001 5.0001 3.0001 4.0001 2.0001 3.0001 5.0001 4.0 3.0 2.0 3.0 0 2.0 2.0 2.0 4.0 6.0 5.0001 3.0001 4.0001 2.0001 3.0001 5.0001 5.0001 
5.0001 4.0001 5.0001 2.0000999999999998 0.0001 1.0001 3.0000999999999998 3.0000999999999998 5.0001 4.0001 5.0001 2.0000999999999998 0.0001 1.0001 3.0000999999999998 3.0000999999999998 5.0001 4.0001 5.0001 2.0000999999999998 0.0001 1.0001 3.0000999999999998 3.0000999999999998 5.0001 4.0001 5.0001 2.0000999999999998 0.0001 1.0001 3.0000999999999998 3.0000999999999998 5.0 4.0 5.0 2.0 0 1.0 3.0 3.0 5.0 4.0001 5.0 2.0000999999999998 0.0001 1.0001 3.0000999999999998 3.0000999999999998 
6.0001 5.0001 4.0001 3.0000999999999998 1.0001 2.0000999999999998 4.0001 4.0001 6.0001 5.0001 4.0001 3.0000999999999998 1.0001 2.0000999999999998 4.0001 4.0001 6.0001 5.0001 4.0001 3.0000999999999998 1.0001 2.0000999999999998 4.0001 4.0001 6.0001 5.0001 4.0001 3.0000999999999998 1.0001 2.0000999999999998 4.0001 4.0001 5.0 4.0 4.0001 2.0 1.0 0 2.0 2.0 4.0 4.0 4.0 3.0000999999999998 1.0001 2.0000999999999998 4.0001 4.0001 
8.0001 7.0001 5.0001 5.0001 3.0001 4.0001 6.0001 6.0001 8.0001 7.0001 5.0001 5.0001 3.0001 4.0001 6.0001 6.0001 8.0001 7.0001 5.0001 5.0001 3.0001 4.0001 6.0001 6.0001 8.0001 7.0001 5.0001 5.0001 3.0001 4.0001 6.0001 6.0 5.0 4.0 5.0 2.0 3.0 2.0 0 3.0 5.0 5.0 5.0 5.0001 3.0001 4.0001 6.0001 6.0001 
5.0001 4.0001 2.0001 5.0001 3.0001 4.0001 6.0001 4.0001 5.0001 4.0001 2.0001 5.0001 3.0001 4.0001 6.0001 4.0001 5.0001 4.0001 2.0001 5.0001 3.0001 4.0001 6.0001 4.0001 5.0001 4.0001 2.0001 5.0001 3.0001 4.0001 6.0001 4.0001 5.0001 4.0001 2.0001 4.0 3.0 2.0 3.0 0 2.0 2.0 2.0 4.0 3.0001 4.0001 6.0 4.0001 
6.0001 5.0001 3.0001 6.0001 5.0001 6.0001 8.0001 5.0001 6.0001 5.0001 3.0001 6.0001 5.0001 6.0001 8.0001 5.0001 6.0001 5.0001 3.0001 6.0001 5.0001 6.0001 8.0001 5.0001 6.0001 5.0001 3.0001 6.0001 5.0001 6.0001 8.0001 5.0001 6.0001 5.0001 3.0001 6.0 5.0 4.0 5.0 2.0 0 1.0 3.0 3.0 5.0 5.0 5.0 5.0001 
5.0001 4.0001 2.0001 5.0001 4.0001 5.0001 7.0001 4.0001 5.0001 4.0001 2.0001 5.0001 4.0001 5.0001 7.0001 4.0001 5.0001 4.0001 2.0001 5.0001 4.0001 5.0001 7.0001 4.0001 5.0001 4.0001 2.0001 5.0001 4.0001 5.0001 7.0001 4.0001 5.0001 4.0001 2.0001 5.0001 4.0001 4.0 5.0 2.0 1.0 0 2.0 2.0 4.0 4.0 4.0 4.0001 
3.0000999999999998 2.0000999999999998 0.0001 3.0000999999999998 5.0001 4.0001 5.0001 2.0000999999999998 3.0000999999999998 2.0000999999999998 0.0001 3.0000999999999998 5.0001 4.0001 5.0001 2.0000999999999998 3.0000999999999998 2.0000999999999998 0.0001 3.0000999999999998 5.0001 4.0001 5.0001 2.0000999999999998 3.0000999999999998 2.0000999999999998 0.0001 3.0000999999999998 5.0001 4.0001 5.0001 2.0000999999999998 3.0000999999999998 2.0000999999999998 0.0001 3.0000999999999998 5.0 4.0 5.0 2.0 3.0 2.0 0 3.0 5.0 4.0001 5.0 2.0000999999999998 
6.0 5.0001 3.0001 4.0001 2.0001 3.0001 5.0001 5.0001 6.0001 5.0001 3.0001 4.0001 2.0001 3.0001 5.0001 5.0001 6.0001 5.0001 3.0001 4.0001 2.0001 3.0001 5.0001 5.0001 6.0001 5.0001 3.0001 4.0001 2.0001 3.0001 5.0001 5.0001 6.0001 5.0001 3.0001 4.0001 2.0001 3.0001 5.0001 4.0 3.0 2.0 3.0 0 2.0 2.0 2.0 4.0 
5.0 4.0001 5.0 2.0000999999999998 0.0001 1.0001 3.0000999999999998 3.0000999999999998 5.0001 4.0001 5.0001 2.0000999999999998 0.0001 1.0001 3.0000999999999998 3.0000999999999998 5.0001 4.0001 5.0001 2.0000999999999998 0.0001 1.0001 3.0000999999999998 3.0000999999999998 5.0001 4.0001 5.0001 2.0000999999999998 0.0001 1.0001 3.0000999999999998 3.0000999999999998 5.0001 4.0001 5.0001 2.0000999999999998 0.0001 1.0001 3.0000999999999998 3.0000999999999998 5.0 4.0 5.0 2.0 0 1.0 3.0 3.0 
4.0 4.0 4.0 3.0000999999999998 1.0001 2.0000999999999998 4.0001 4.0001 6.0001 5.0001 4.0001 3.0000999999999998 1.0001 2.0000999999999998 4.0001 4.0001 6.0001 5.0001 4.0001 3.0000999999999998 1.0001 2.0000999999999998 4.0001 4.0001 6.0001 5.0001 4.0001 3.0000999999999998 1.0001 2.0000999999999998 4.0001 4.0001 6.0001 5.0001 4.0001 3.0000999999999998 1.0001 2.0000999999999998 4.0001 4.0001 5.0 4.0 4.0001 2.0 1.0 0 2.0 2.0 
5.0 5.0 5.0 5.0001 3.0001 4.0001 6.0001 6.0001 8.0001 7.0001 5.0001 5.0001 3.0001 4.0001 6.0001 6.0001 8.0001 7.0001 5.0001 5.0001 3.0001 4.0001 6.0001 6.0001 8.0001 7.0001 5.0001 5.0001 3.0001 4.0001 6.0001 6.0001 8.0001 7.0001 5.0001 5.0001 3.0001 4.0001 6.0001 6.0 5.0 4.0 5.0 2.0 3.0 2.0 0 3.0 
2.0 2.0 2.0 4.0 3.0001 4.0001 6.0 4.0001 5.0001 4.0001 2.0001 5.0001 3.0001 4.0001 6.0001 4.0001 5.0001 4.0001 2.0001 5.0001 3.0001 4.0001 6.0001 4.0001 5.0001 4.0001 2.0001 5.0001 3.0001 4.0001 6.0001 4.0001 5.0001 4.0001 2.0001 5.0001 3.0001 4.0001 6.0001 4.0001 5.0001 4.0001 2.0001 4.0 3.0 2.0 3.0 0 
