13
G H I J L K N M O P Q R A
0 2.0 3.0 3.0 4.0 4.0 5.0 5.0 4.0 4.0 3.0 3.0 2.0 
2.0 0 3.0 3.0 4.0 4.0 5.0 5.0 4.0 4.0 3.0 3.0 2.0 
3.0 3.0 0 2.0 3.0 3.0 4.0 4.0 5.0 5.0 4.0 4.0 3.0 
3.0 3.0 2.0 0 3.0 3.0 4.0 4.0 5.0 5.0 4.0 4.0 3.0 
4.0 4.0 3.0 3.0 0 2.0 3.0 3.0 4.0 4.0 5.0 5.0 4.0 
4.0 4.0 3.0 3.0 2.0 0 3.0 3.0 4.0 4.0 5.0 5.0 4.0 
5.0 5.0 4.0 4.0 3.0 3.0 0 2.0 3.0 3.0 4.0 4.0 3.0 
5.0 5.0 4.0 4.0 3.0 3.0 2.0 0 3.0 3.0 4.0 4.0 3.0 
4.0 4.0 5.0 5.0 4.0 4.0 3.0 3.0 0 2.0 3.0 3.0 2.0 
4.0 4.0 5.0 5.0 4.0 4.0 3.0 3.0 2.0 0 3.0 3.0 2.0 
3.0 3.0 4.0 4.0 5.0 5.0 4.0 4.0 3.0 3.0 0 2.0 1.0 
3.0 3.0 4.0 4.0 5.0 5.0 4.0 4.0 3.0 3.0 2.0 0 1.0 
2.0 2.0 3.0 3.0 4.0 4.0 3.0 3.0 2.0 2.0 1.0 1.0 0 
