26
1 2 3 11 12 14 15 16 17 18 20 22 23 27 28 29 30 31 33 34 41 42 43 47 49 36
0 3.0 5.0 3.0 4.0 2.0 3.0 4.0 5.0 3.0 4.0 5.0 4.0 3.0 4.0 4.0 4.0 4.0 5.0 4.0 4.0 4.0 5.0 2.0 4.0 3.0 
3.0 0 2.0 2.0 4.0 2.0 3.0 2.0 3.0 3.0 2.0 2.0 3.0 2.0 2.0 3.0 2.0 2.0 4.0 2.0 2.0 2.0 2.0 3.0 2.0 1.0 
5.0 2.0 0 2.0 4.0 4.0 4.0 2.0 3.0 4.0 3.0 4.0 4.0 2.0 4.0 4.0 2.0 2.0 4.0 2.0 2.0 4.0 4.0 5.0 2.0 3.0 
3.0 2.0 2.0 0 4.0 2.0 4.0 3.0 2.0 4.0 3.0 2.0 3.0 2.0 4.0 3.0 3.0 2.0 4.0 2.0 2.0 3.0 2.0 3.0 2.0 3.0 
4.0 4.0 4.0 4.0 0 2.0 2.0 4.0 5.0 3.0 4.0 5.0 4.0 3.0 4.0 2.0 2.0 4.0 4.0 4.0 4.0 4.0 5.0 4.0 4.0 3.0 
2.0 2.0 4.0 2.0 2.0 0 2.0 2.0 3.0 3.0 3.0 4.0 2.0 2.0 2.0 2.0 2.0 2.0 4.0 3.0 2.0 2.0 4.0 2.0 2.0 1.0 
3.0 3.0 4.0 4.0 2.0 2.0 0 3.0 4.0 2.0 4.0 5.0 4.0 2.0 3.0 2.0 2.0 4.0 4.0 3.0 4.0 3.0 5.0 3.0 4.0 3.0 
4.0 2.0 2.0 3.0 4.0 2.0 3.0 0 3.0 3.0 4.0 4.0 4.0 3.0 2.0 4.0 2.0 3.0 5.0 2.0 3.0 2.0 4.0 4.0 3.0 3.0 
5.0 3.0 3.0 2.0 5.0 3.0 4.0 3.0 0 4.0 4.0 4.0 3.0 4.0 5.0 4.0 3.0 2.0 5.0 3.0 4.0 3.0 4.0 4.0 2.0 3.0 
3.0 3.0 4.0 4.0 3.0 3.0 2.0 3.0 4.0 0 5.0 5.0 4.0 2.0 3.0 3.0 3.0 4.0 5.0 3.0 4.0 3.0 5.0 3.0 4.0 3.0 
4.0 2.0 3.0 3.0 4.0 3.0 4.0 4.0 4.0 5.0 0 4.0 3.0 3.0 4.0 2.0 3.0 3.0 2.0 2.0 2.0 3.0 4.0 4.0 3.0 2.0 
5.0 2.0 4.0 2.0 5.0 4.0 5.0 4.0 4.0 5.0 4.0 0 4.0 4.0 4.0 3.0 4.0 4.0 5.0 4.0 4.0 4.0 2.0 3.0 4.0 3.0 
4.0 3.0 4.0 3.0 4.0 2.0 4.0 4.0 3.0 4.0 3.0 4.0 0 3.0 4.0 3.0 4.0 3.0 4.0 3.0 4.0 4.0 4.0 3.0 2.0 3.0 
3.0 2.0 2.0 2.0 3.0 2.0 2.0 3.0 4.0 2.0 3.0 4.0 3.0 0 3.0 3.0 2.0 2.0 4.0 2.0 2.0 3.0 4.0 3.0 2.0 1.0 
4.0 2.0 4.0 4.0 4.0 2.0 3.0 2.0 5.0 3.0 4.0 4.0 4.0 3.0 0 4.0 4.0 3.0 6.0 4.0 3.0 2.0 4.0 4.0 4.0 3.0 
4.0 3.0 4.0 3.0 2.0 2.0 2.0 4.0 4.0 3.0 2.0 3.0 3.0 3.0 4.0 0 2.0 3.0 2.0 3.0 4.0 4.0 3.0 2.0 3.0 3.0 
4.0 2.0 2.0 3.0 2.0 2.0 2.0 2.0 3.0 3.0 3.0 4.0 4.0 2.0 4.0 2.0 0 2.0 4.0 2.0 2.0 4.0 4.0 3.0 2.0 1.0 
4.0 2.0 2.0 2.0 4.0 2.0 4.0 3.0 2.0 4.0 3.0 4.0 3.0 2.0 3.0 3.0 2.0 0 4.0 3.0 2.0 3.0 4.0 3.0 2.0 3.0 
5.0 4.0 4.0 4.0 4.0 4.0 4.0 5.0 5.0 5.0 2.0 5.0 4.0 4.0 6.0 2.0 4.0 4.0 0 3.0 4.0 4.0 5.0 4.0 4.0 3.0 
4.0 2.0 2.0 2.0 4.0 3.0 3.0 2.0 3.0 3.0 2.0 4.0 3.0 2.0 4.0 3.0 2.0 3.0 3.0 0 3.0 3.0 4.0 4.0 3.0 2.0 
4.0 2.0 2.0 2.0 4.0 2.0 4.0 3.0 4.0 4.0 2.0 4.0 4.0 2.0 3.0 4.0 2.0 2.0 4.0 3.0 0 3.0 4.0 4.0 2.0 1.0 
4.0 2.0 4.0 3.0 4.0 2.0 3.0 2.0 3.0 3.0 3.0 4.0 4.0 3.0 2.0 4.0 4.0 3.0 4.0 3.0 3.0 0 4.0 4.0 3.0 3.0 
5.0 2.0 4.0 2.0 5.0 4.0 5.0 4.0 4.0 5.0 4.0 2.0 4.0 4.0 4.0 3.0 4.0 4.0 5.0 4.0 4.0 4.0 0 3.0 4.0 3.0 
2.0 3.0 5.0 3.0 4.0 2.0 3.0 4.0 4.0 3.0 4.0 3.0 3.0 3.0 4.0 2.0 3.0 3.0 4.0 4.0 4.0 4.0 3.0 0 3.0 3.0 
4.0 2.0 2.0 2.0 4.0 2.0 4.0 3.0 2.0 4.0 3.0 4.0 2.0 2.0 4.0 3.0 2.0 2.0 4.0 3.0 2.0 3.0 4.0 3.0 0 3.0 
3.0 1.0 3.0 3.0 3.0 1.0 3.0 3.0 3.0 3.0 2.0 3.0 3.0 1.0 3.0 3.0 1.0 3.0 3.0 2.0 1.0 3.0 3.0 3.0 3.0 0 
