37
6 10 11 12 13 16 17 20 21 22 23 24 25 27 29 36 40 42 45 50 54 61 63 71 72 74 75 76 77 83 87 89 90 91 93 100 1
0 5.0 9.0 10.0 11.0 8.0 11.0 6.0 10.0 7.0 10.0 9.0 10.0 10.0 10.0 9.0 10.0 7.0 10.0 5.0 11.0 7.0 7.0 10.0 7.0 10.0 9.0 10.0 8.0 10.0 8.0 10.0 8.0 10.0 7.0 8.0 10.0 
5.0 0 10.0 9.0 8.0 5.0 6.0 5.0 8.0 10.0 9.0 9.0 10.0 8.0 11.0 10.0 5.0 10.0 10.0 10.0 7.0 11.0 10.0 7.0 10.0 10.0 9.0 10.0 6.0 5.0 9.0 5.0 8.0 5.0 7.0 5.0 5.0 
9.0 10.0 0 10.0 7.0 7.0 7.0 8.0 11.0 6.0 10.0 11.0 6.0 9.0 10.0 9.0 11.0 8.0 10.0 11.0 8.0 5.0 12.0 11.0 10.0 7.0 10.0 11.0 6.0 11.0 8.0 11.0 9.0 11.0 8.0 11.0 11.0 
10.0 9.0 10.0 0 5.0 9.0 10.0 9.0 11.0 10.0 6.0 6.0 6.0 10.0 11.0 8.0 6.0 10.0 10.0 5.0 11.0 8.0 8.0 10.0 10.0 10.0 5.0 6.0 10.0 8.0 10.0 10.0 10.0 7.0 8.0 5.0 7.0 
11.0 8.0 7.0 5.0 0 10.0 12.0 10.0 11.0 11.0 9.0 6.0 8.0 12.0 11.0 12.0 9.0 11.0 10.0 8.0 9.0 11.0 10.0 8.0 11.0 12.0 9.0 6.0 9.0 10.0 11.0 11.0 11.0 7.0 6.0 5.0 5.0 
8.0 5.0 7.0 9.0 10.0 0 10.0 7.0 10.0 6.0 10.0 7.0 10.0 9.0 6.0 10.0 5.0 9.0 10.0 10.0 10.0 6.0 5.0 8.0 7.0 9.0 9.0 10.0 8.0 10.0 10.0 8.0 5.0 10.0 10.0 6.0 5.0 
11.0 6.0 7.0 10.0 12.0 10.0 0 7.0 5.0 5.0 5.0 10.0 7.0 10.0 10.0 8.0 8.0 5.0 7.0 10.0 10.0 6.0 8.0 10.0 6.0 12.0 10.0 7.0 5.0 10.0 10.0 8.0 7.0 10.0 9.0 8.0 10.0 
6.0 5.0 8.0 9.0 10.0 7.0 7.0 0 10.0 11.0 10.0 10.0 9.0 6.0 9.0 10.0 6.0 8.0 10.0 10.0 10.0 9.0 10.0 6.0 10.0 8.0 5.0 8.0 10.0 10.0 11.0 9.0 10.0 7.0 11.0 8.0 5.0 
10.0 8.0 11.0 11.0 11.0 10.0 5.0 10.0 0 10.0 10.0 9.0 5.0 10.0 8.0 7.0 5.0 10.0 10.0 6.0 5.0 10.0 7.0 5.0 10.0 10.0 6.0 6.0 10.0 6.0 10.0 11.0 10.0 10.0 9.0 10.0 10.0 
7.0 10.0 6.0 10.0 11.0 6.0 5.0 11.0 10.0 0 8.0 5.0 9.0 11.0 6.0 10.0 11.0 10.0 10.0 10.0 7.0 5.0 8.0 10.0 6.0 10.0 10.0 7.0 10.0 6.0 5.0 5.0 10.0 5.0 11.0 11.0 10.0 
10.0 9.0 10.0 6.0 9.0 10.0 5.0 10.0 10.0 8.0 0 9.0 10.0 6.0 7.0 9.0 6.0 9.0 10.0 10.0 9.0 10.0 10.0 10.0 8.0 10.0 6.0 6.0 10.0 5.0 9.0 11.0 11.0 12.0 10.0 11.0 5.0 
9.0 9.0 11.0 6.0 6.0 7.0 10.0 10.0 9.0 5.0 9.0 0 5.0 7.0 7.0 10.0 11.0 6.0 8.0 10.0 10.0 10.0 5.0 10.0 11.0 11.0 10.0 7.0 5.0 9.0 5.0 8.0 10.0 7.0 12.0 6.0 5.0 
10.0 10.0 6.0 6.0 8.0 10.0 7.0 9.0 5.0 9.0 10.0 5.0 0 11.0 11.0 5.0 10.0 9.0 10.0 10.0 8.0 10.0 10.0 10.0 6.0 10.0 9.0 10.0 6.0 9.0 10.0 9.0 8.0 10.0 9.0 6.0 10.0 
10.0 8.0 9.0 10.0 12.0 9.0 10.0 6.0 10.0 11.0 6.0 7.0 11.0 0 6.0 10.0 10.0 6.0 7.0 7.0 8.0 11.0 10.0 10.0 9.0 10.0 9.0 10.0 10.0 11.0 12.0 10.0 9.0 10.0 7.0 13.0 10.0 
10.0 11.0 10.0 11.0 11.0 6.0 10.0 9.0 8.0 6.0 7.0 7.0 11.0 6.0 0 6.0 8.0 10.0 7.0 10.0 9.0 10.0 10.0 12.0 10.0 8.0 11.0 11.0 10.0 10.0 7.0 11.0 10.0 6.0 10.0 8.0 11.0 
9.0 10.0 9.0 8.0 12.0 10.0 8.0 10.0 7.0 10.0 9.0 10.0 5.0 10.0 6.0 0 11.0 7.0 10.0 9.0 10.0 8.0 11.0 9.0 10.0 5.0 10.0 11.0 11.0 11.0 10.0 9.0 10.0 10.0 10.0 7.0 11.0 
10.0 5.0 11.0 6.0 9.0 5.0 8.0 6.0 5.0 11.0 6.0 11.0 10.0 10.0 8.0 11.0 0 11.0 5.0 7.0 10.0 11.0 9.0 9.0 9.0 11.0 11.0 5.0 9.0 10.0 8.0 10.0 10.0 10.0 10.0 9.0 10.0 
7.0 10.0 8.0 10.0 11.0 9.0 5.0 8.0 10.0 10.0 9.0 6.0 9.0 6.0 10.0 7.0 11.0 0 7.0 10.0 5.0 5.0 11.0 8.0 7.0 10.0 10.0 11.0 10.0 11.0 11.0 5.0 9.0 12.0 10.0 10.0 10.0 
10.0 10.0 10.0 10.0 10.0 10.0 7.0 10.0 10.0 10.0 10.0 8.0 10.0 7.0 7.0 10.0 5.0 7.0 0 10.0 7.0 10.0 10.0 10.0 10.0 8.0 6.0 10.0 7.0 10.0 11.0 7.0 11.0 7.0 12.0 10.0 5.0 
5.0 10.0 11.0 5.0 8.0 10.0 10.0 10.0 6.0 10.0 10.0 10.0 10.0 7.0 10.0 9.0 7.0 10.0 10.0 0 10.0 10.0 5.0 5.0 7.0 5.0 10.0 5.0 10.0 10.0 10.0 10.0 8.0 10.0 10.0 9.0 6.0 
11.0 7.0 8.0 11.0 9.0 10.0 10.0 10.0 5.0 7.0 9.0 10.0 8.0 8.0 9.0 10.0 10.0 5.0 7.0 10.0 0 10.0 9.0 5.0 6.0 5.0 7.0 11.0 7.0 8.0 6.0 10.0 10.0 10.0 10.0 10.0 5.0 
7.0 11.0 5.0 8.0 11.0 6.0 6.0 9.0 10.0 5.0 10.0 10.0 10.0 11.0 10.0 8.0 11.0 5.0 10.0 10.0 10.0 0 8.0 9.0 5.0 11.0 5.0 6.0 5.0 7.0 10.0 10.0 11.0 9.0 10.0 8.0 11.0 
7.0 10.0 12.0 8.0 10.0 5.0 8.0 10.0 7.0 8.0 10.0 5.0 10.0 10.0 10.0 11.0 9.0 11.0 10.0 5.0 9.0 8.0 0 10.0 10.0 10.0 7.0 5.0 6.0 10.0 10.0 11.0 7.0 7.0 10.0 8.0 5.0 
10.0 7.0 11.0 10.0 8.0 8.0 10.0 6.0 5.0 10.0 10.0 10.0 10.0 10.0 12.0 9.0 9.0 8.0 10.0 5.0 5.0 9.0 10.0 0 9.0 9.0 10.0 7.0 6.0 11.0 5.0 11.0 5.0 9.0 8.0 5.0 10.0 
7.0 10.0 10.0 10.0 11.0 7.0 6.0 10.0 10.0 6.0 8.0 11.0 6.0 9.0 10.0 10.0 9.0 7.0 10.0 7.0 6.0 5.0 10.0 9.0 0 6.0 8.0 11.0 6.0 8.0 10.0 11.0 10.0 10.0 7.0 11.0 11.0 
10.0 10.0 7.0 10.0 12.0 9.0 12.0 8.0 10.0 10.0 10.0 11.0 10.0 10.0 8.0 5.0 11.0 10.0 8.0 5.0 5.0 11.0 10.0 9.0 6.0 0 7.0 10.0 10.0 11.0 7.0 11.0 6.0 5.0 9.0 7.0 10.0 
9.0 9.0 10.0 5.0 9.0 9.0 10.0 5.0 6.0 10.0 6.0 10.0 9.0 9.0 11.0 10.0 11.0 10.0 6.0 10.0 7.0 5.0 7.0 10.0 8.0 7.0 0 9.0 5.0 10.0 8.0 11.0 6.0 8.0 10.0 5.0 10.0 
10.0 10.0 11.0 6.0 6.0 10.0 7.0 8.0 6.0 7.0 6.0 7.0 10.0 10.0 11.0 11.0 5.0 11.0 10.0 5.0 11.0 6.0 5.0 7.0 11.0 10.0 9.0 0 10.0 5.0 10.0 7.0 5.0 7.0 6.0 11.0 9.0 
8.0 6.0 6.0 10.0 9.0 8.0 5.0 10.0 10.0 10.0 10.0 5.0 6.0 10.0 10.0 11.0 9.0 10.0 7.0 10.0 7.0 5.0 6.0 6.0 6.0 10.0 5.0 10.0 0 10.0 10.0 11.0 10.0 8.0 10.0 10.0 9.0 
10.0 5.0 11.0 8.0 10.0 10.0 10.0 10.0 6.0 6.0 5.0 9.0 9.0 11.0 10.0 11.0 10.0 11.0 10.0 10.0 8.0 7.0 10.0 11.0 8.0 11.0 10.0 5.0 10.0 0 11.0 8.0 10.0 8.0 9.0 7.0 10.0 
8.0 9.0 8.0 10.0 11.0 10.0 10.0 11.0 10.0 5.0 9.0 5.0 10.0 12.0 7.0 10.0 8.0 11.0 11.0 10.0 6.0 10.0 10.0 5.0 10.0 7.0 8.0 10.0 10.0 11.0 0 10.0 5.0 5.0 10.0 8.0 9.0 
10.0 5.0 11.0 10.0 11.0 8.0 8.0 9.0 11.0 5.0 11.0 8.0 9.0 10.0 11.0 9.0 10.0 5.0 7.0 10.0 10.0 10.0 11.0 11.0 11.0 11.0 11.0 7.0 11.0 8.0 10.0 0 11.0 7.0 10.0 10.0 10.0 
8.0 8.0 9.0 10.0 11.0 5.0 7.0 10.0 10.0 10.0 11.0 10.0 8.0 9.0 10.0 10.0 10.0 9.0 11.0 8.0 10.0 11.0 7.0 5.0 10.0 6.0 6.0 5.0 10.0 10.0 5.0 11.0 0 6.0 5.0 8.0 9.0 
10.0 5.0 11.0 7.0 7.0 10.0 10.0 7.0 10.0 5.0 12.0 7.0 10.0 10.0 6.0 10.0 10.0 12.0 7.0 10.0 10.0 9.0 7.0 9.0 10.0 5.0 8.0 7.0 8.0 8.0 5.0 7.0 6.0 0 10.0 9.0 10.0 
7.0 7.0 8.0 8.0 6.0 10.0 9.0 11.0 9.0 11.0 10.0 12.0 9.0 7.0 10.0 10.0 10.0 10.0 12.0 10.0 10.0 10.0 10.0 8.0 7.0 9.0 10.0 6.0 10.0 9.0 10.0 10.0 5.0 10.0 0 11.0 11.0 
8.0 5.0 11.0 5.0 5.0 6.0 8.0 8.0 10.0 11.0 11.0 6.0 6.0 13.0 8.0 7.0 9.0 10.0 10.0 9.0 10.0 8.0 8.0 5.0 11.0 7.0 5.0 11.0 10.0 7.0 8.0 10.0 8.0 9.0 11.0 0 6.0 
10.0 5.0 11.0 7.0 5.0 5.0 10.0 5.0 10.0 10.0 5.0 5.0 10.0 10.0 11.0 11.0 10.0 10.0 5.0 6.0 5.0 11.0 5.0 10.0 11.0 10.0 10.0 9.0 9.0 10.0 9.0 10.0 9.0 10.0 11.0 6.0 0 
