44
1 2 3 4 5 6 10 22 24 25 26 27 33 47 44 48 49 46 42 36 40 41 51 52 53 54 55 56 60 72 74 75 76 77 83 97 94 98 99 96 92 86 90 91 0
0 5 4 9 13 13 9 12 14 16 15 14 13 14 15 16 17 17 16 15 16 15 3 6 5 10 14 14 10 13 15 17 16 15 14 15 16 17 18 18 17 16 17 16 1 
5 0 1 8 12 12 8 11 13 15 14 13 12 13 14 15 16 16 15 14 15 14 6 9 8 13 17 17 13 16 18 20 19 18 17 18 19 20 21 21 20 19 20 19 4 
4 1 0 7 11 11 7 10 12 14 13 12 11 12 13 14 15 15 14 13 14 13 5 8 7 12 16 16 12 15 17 19 18 17 16 17 18 19 20 20 19 18 19 18 3 
9 8 7 0 8 8 4 7 9 11 10 9 8 9 10 11 12 12 11 10 11 10 10 13 12 17 21 21 17 20 22 24 23 22 21 22 23 24 25 25 24 23 24 23 8 
13 12 11 8 0 2 6 7 9 11 10 9 8 9 10 11 12 12 11 10 11 10 14 17 16 21 25 25 21 24 26 28 27 26 25 26 27 28 29 29 28 27 28 27 12 
13 12 11 8 2 0 6 7 9 11 10 9 8 9 10 11 12 12 11 10 11 10 14 17 16 21 25 25 21 24 26 28 27 26 25 26 27 28 29 29 28 27 28 27 12 
9 8 7 4 6 6 0 5 7 9 8 7 6 7 8 9 10 10 9 8 9 8 10 13 12 17 21 21 17 20 22 24 23 22 21 22 23 24 25 25 24 23 24 23 8 
12 11 10 7 7 7 5 0 4 6 5 4 3 4 5 6 7 7 6 5 6 5 13 16 15 20 24 24 20 23 25 27 26 25 24 25 26 27 28 28 27 26 27 26 11 
14 13 12 9 9 9 7 4 0 2 1 2 5 6 7 8 9 9 8 7 8 7 15 18 17 22 26 26 22 25 27 29 28 27 26 27 28 29 30 30 29 28 29 28 13 
16 15 14 11 11 11 9 6 2 0 1 4 7 8 9 10 11 11 10 9 10 9 17 20 19 24 28 28 24 27 29 31 30 29 28 29 30 31 32 32 31 30 31 30 15 
15 14 13 10 10 10 8 5 1 1 0 3 6 7 8 9 10 10 9 8 9 8 16 19 18 23 27 27 23 26 28 30 29 28 27 28 29 30 31 31 30 29 30 29 14 
14 13 12 9 9 9 7 4 2 4 3 0 5 6 7 8 9 9 8 7 8 7 15 18 17 22 26 26 22 25 27 29 28 27 26 27 28 29 30 30 29 28 29 28 13 
13 12 11 8 8 8 6 3 5 7 6 5 0 1 2 3 4 8 7 6 7 6 14 17 16 21 25 25 21 24 26 28 27 26 25 26 27 28 29 29 28 27 28 27 12 
14 13 12 9 9 9 7 4 6 8 7 6 1 0 1 2 3 9 8 7 8 7 15 18 17 22 26 26 22 25 27 29 28 27 26 27 28 29 30 30 29 28 29 28 13 
15 14 13 10 10 10 8 5 7 9 8 7 2 1 0 1 2 10 9 8 9 8 16 19 18 23 27 27 23 26 28 30 29 28 27 28 29 30 31 31 30 29 30 29 14 
16 15 14 11 11 11 9 6 8 10 9 8 3 2 1 0 1 11 10 9 10 9 17 20 19 24 28 28 24 27 29 31 30 29 28 29 30 31 32 32 31 30 31 30 15 
17 16 15 12 12 12 10 7 9 11 10 9 4 3 2 1 0 12 11 10 11 10 18 21 20 25 29 29 25 28 30 32 31 30 29 30 31 32 33 33 32 31 32 31 16 
17 16 15 12 12 12 10 7 9 11 10 9 8 9 10 11 12 0 1 2 5 4 18 21 20 25 29 29 25 28 30 32 31 30 29 30 31 32 33 33 32 31 32 31 16 
16 15 14 11 11 11 9 6 8 10 9 8 7 8 9 10 11 1 0 1 4 3 17 20 19 24 28 28 24 27 29 31 30 29 28 29 30 31 32 32 31 30 31 30 15 
15 14 13 10 10 10 8 5 7 9 8 7 6 7 8 9 10 2 1 0 3 2 16 19 18 23 27 27 23 26 28 30 29 28 27 28 29 30 31 31 30 29 30 29 14 
16 15 14 11 11 11 9 6 8 10 9 8 7 8 9 10 11 5 4 3 0 1 17 20 19 24 28 28 24 27 29 31 30 29 28 29 30 31 32 32 31 30 31 30 15 
15 14 13 10 10 10 8 5 7 9 8 7 6 7 8 9 10 4 3 2 1 0 16 19 18 23 27 27 23 26 28 30 29 28 27 28 29 30 31 31 30 29 30 29 14 
3 6 5 10 14 14 10 13 15 17 16 15 14 15 16 17 18 18 17 16 17 16 0 5 4 9 13 13 9 12 14 16 15 14 13 14 15 16 17 17 16 15 16 15 2 
6 9 8 13 17 17 13 16 18 20 19 18 17 18 19 20 21 21 20 19 20 19 5 0 1 8 12 12 8 11 13 15 14 13 12 13 14 15 16 16 15 14 15 14 5 
5 8 7 12 16 16 12 15 17 19 18 17 16 17 18 19 20 20 19 18 19 18 4 1 0 7 11 11 7 10 12 14 13 12 11 12 13 14 15 15 14 13 14 13 4 
10 13 12 17 21 21 17 20 22 24 23 22 21 22 23 24 25 25 24 23 24 23 9 8 7 0 8 8 4 7 9 11 10 9 8 9 10 11 12 12 11 10 11 10 9 
14 17 16 21 25 25 21 24 26 28 27 26 25 26 27 28 29 29 28 27 28 27 13 12 11 8 0 2 6 7 9 11 10 9 8 9 10 11 12 12 11 10 11 10 13 
14 17 16 21 25 25 21 24 26 28 27 26 25 26 27 28 29 29 28 27 28 27 13 12 11 8 2 0 6 7 9 11 10 9 8 9 10 11 12 12 11 10 11 10 13 
10 13 12 17 21 21 17 20 22 24 23 22 21 22 23 24 25 25 24 23 24 23 9 8 7 4 6 6 0 5 7 9 8 7 6 7 8 9 10 10 9 8 9 8 9 
13 16 15 20 24 24 20 23 25 27 26 25 24 25 26 27 28 28 27 26 27 26 12 11 10 7 7 7 5 0 4 6 5 4 3 4 5 6 7 7 6 5 6 5 12 
15 18 17 22 26 26 22 25 27 29 28 27 26 27 28 29 30 30 29 28 29 28 14 13 12 9 9 9 7 4 0 2 1 2 5 6 7 8 9 9 8 7 8 7 14 
17 20 19 24 28 28 24 27 29 31 30 29 28 29 30 31 32 32 31 30 31 30 16 15 14 11 11 11 9 6 2 0 1 4 7 8 9 10 11 11 10 9 10 9 16 
16 19 18 23 27 27 23 26 28 30 29 28 27 28 29 30 31 31 30 29 30 29 15 14 13 10 10 10 8 5 1 1 0 3 6 7 8 9 10 10 9 8 9 8 15 
15 18 17 22 26 26 22 25 27 29 28 27 26 27 28 29 30 30 29 28 29 28 14 13 12 9 9 9 7 4 2 4 3 0 5 6 7 8 9 9 8 7 8 7 14 
14 17 16 21 25 25 21 24 26 28 27 26 25 26 27 28 29 29 28 27 28 27 13 12 11 8 8 8 6 3 5 7 6 5 0 1 2 3 4 8 7 6 7 6 13 
15 18 17 22 26 26 22 25 27 29 28 27 26 27 28 29 30 30 29 28 29 28 14 13 12 9 9 9 7 4 6 8 7 6 1 0 1 2 3 9 8 7 8 7 14 
16 19 18 23 27 27 23 26 28 30 29 28 27 28 29 30 31 31 30 29 30 29 15 14 13 10 10 10 8 5 7 9 8 7 2 1 0 1 2 10 9 8 9 8 15 
17 20 19 24 28 28 24 27 29 31 30 29 28 29 30 31 32 32 31 30 31 30 16 15 14 11 11 11 9 6 8 10 9 8 3 2 1 0 1 11 10 9 10 9 16 
18 21 20 25 29 29 25 28 30 32 31 30 29 30 31 32 33 33 32 31 32 31 17 16 15 12 12 12 10 7 9 11 10 9 4 3 2 1 0 12 11 10 11 10 17 
18 21 20 25 29 29 25 28 30 32 31 30 29 30 31 32 33 33 32 31 32 31 17 16 15 12 12 12 10 7 9 11 10 9 8 9 10 11 12 0 1 2 5 4 17 
17 20 19 24 28 28 24 27 29 31 30 29 28 29 30 31 32 32 31 30 31 30 16 15 14 11 11 11 9 6 8 10 9 8 7 8 9 10 11 1 0 1 4 3 16 
16 19 18 23 27 27 23 26 28 30 29 28 27 28 29 30 31 31 30 29 30 29 15 14 13 10 10 10 8 5 7 9 8 7 6 7 8 9 10 2 1 0 3 2 15 
17 20 19 24 28 28 24 27 29 31 30 29 28 29 30 31 32 32 31 30 31 30 16 15 14 11 11 11 9 6 8 10 9 8 7 8 9 10 11 5 4 3 0 1 16 
16 19 18 23 27 27 23 26 28 30 29 28 27 28 29 30 31 31 30 29 30 29 15 14 13 10 10 10 8 5 7 9 8 7 6 7 8 9 10 4 3 2 1 0 15 
1 4 3 8 12 12 8 11 13 15 14 13 12 13 14 15 16 16 15 14 15 14 2 5 4 9 13 13 9 12 14 16 15 14 13 14 15 16 17 17 16 15 16 15 0 
