26
1 2 3 4 5 6 7 8 9 10 11 12 13 14 15 16 17 18 19 20 21 22 23 24 25 40
0 9114070.9157 10010325.4793 7952704.8892 3128702.3747 6055540.4893 6860286.132200001 11874139.4436 7459417.1355 8953457.4136 5875833.791 5589899.7775 5499147.6074 8028795.3774999995 6667856.0848 5809198.800000001 6523790.524800001 8301792.4333999995 8747634.2556 5748918.748000001 8140123.3508 6438829.1352 6665678.7866 8260637.5113 4816308.6426 6045091.5598 
9114070.9157 0 8984734.105500001 7268046.5452 8330452.0868 5424511.8312 7022868.0206 14102149.5524 5277172.8231999995 8322428.7555 3693589.4787 3979523.4921999997 5458253.3125 5846551.065199999 4284089.5045 4783607.426200001 7419677.9044 7670763.7753 7722042.881800001 3365152.1677 7455465.0068 6601411.0236 6624784.4917 12812160.6241 9479597.074099999 5414062.9017 
10010325.4793 8984734.1055 0 6890159.4479 7952564.989500001 5046624.7339 6644980.9233 13724262.4551 7531602.593299999 7944541.658200001 5948019.248799999 6233953.2623 7712683.082599999 8100980.8352999985 6306856.924000001 4201126.6793 8652049.693799999 7292876.678000001 6262252.4167 5619581.9377999995 7077577.909500001 6223523.9263 7564571.870999999 12459451.013799999 8356398.3347 5036175.804400001 
7952704.889199999 7268046.5452 6890159.447899999 0 5894944.3993999995 2989004.1437999997 4587360.333199999 11666641.864999998 5814915.032999999 5886921.0681 4231331.688499999 4517265.702 5311606.7272 6303243.7662 4754281.8028 2689032.7685999996 5866289.5391999995 5235256.0879 5627468.224199999 3902894.3774999995 5019957.319399999 4165903.3361999993 6478137.9064 10401830.423700001 7582550.6673 2978555.2142999996 
3128702.3747 8330452.0868 7952564.989499999 5894944.3993999995 0 2926838.1146 3731583.7575 8745437.0689 6363525.584199999 5824755.0389 4779942.2397 5065876.2532 3669826.5847 6241077.737 5816687.3444 3751438.3101999997 4859366.9993 5173090.0587 6689873.765799999 4965299.9191 6082362.861 3310126.7605 4836357.7639 6596213.9858 1687606.2679 2916389.1851 
6055540.4893 5424511.8312 5046624.733899999 2989004.1437999997 2926838.1146 0 2743825.6191999996 9823107.151 3971380.319 2918814.7833000002 2387796.9745 2673730.988 4152460.8082999997 3314239.6224 2910747.0888 845498.0546 3605424.9599 2267149.8031 3783933.5102 2059359.6635 3176422.6054 2322368.6221999996 5086252.9645 8550263.2122 4614444.3825 10448.9295 
6860286.132199999 7022868.0206 6644980.9233 4587360.3332 3731583.7575 2743825.6192 0 8096421.6646 5569736.5084 3102637.8891000003 3986153.1639 4272087.1774 5621866.6324000005 6058065.241599999 4509103.2782000005 2443854.244 6316796.930299999 2450972.9089 5382289.6996 3657715.8529000003 4774778.7948 421456.997 6684609.153899999 10156651.8991 5419190.0254 2733376.6897 
11874139.443599999 14102149.552399999 13724262.4551 11666641.864999998 8745437.0689 9823107.150999999 8096421.6646 0 12359280.0312 11199059.5537 10775696.6867 11061630.700199999 9388497.5595 12356964.3892 11588384.809999999 9523135.775799999 13428532.110899998 10547394.5735 8933331.3665 10736997.384699998 11854060.326599998 8517878.6616 10555028.738699999 15335546.9822 10433043.3368 9812658.221499998 
7459417.1355 5277172.8232 7531602.5933 5814915.033 6363525.584199999 3971380.319 5569736.508400001 12359280.0312 0 6869297.243299999 1583583.3445 1869517.358 3348247.1783 3736544.931 2830957.9923 3330475.914 2664964.5879 6217632.2631 6268911.3696 1912020.6554999999 6002333.4946 5148279.5114 4514778.3575 10702154.4899 7369590.9399 3960931.3895 
8953457.4136 8322428.7555 7944541.6581999995 5886921.0681 5824755.0389 2918814.7833000002 3102637.8891000003 11199059.5537 6869297.243299999 0 5285713.8988 5571647.9123 3822558.7037 6233054.4057 4481085.7375 3743414.9789 6524239.7432 651664.9802 6681850.4344999995 4957276.5878 6074339.5297 3389645.9786 4989089.8829 11176466.015299998 7512361.3068 2908365.8538 
5875833.791 3693589.4787 5948019.2488 4231331.6885 4779942.2397 2387796.9745 3986153.1639 10775696.6867 1583583.3445 5285713.8988 0 285934.0135 1764663.8338 2152961.5864999997 1247374.6478 1746892.5695 3726088.4257 4634048.9186 4685328.0251 328437.311 4418750.1501 3564696.1669 2931195.013 9118571.145399999 5786007.5954 2377348.045 
5589899.7775 3979523.4922 6233953.2623 4517265.702 5065876.2532 2673730.988 4272087.177399999 11061630.700199999 1869517.358 5571647.9123 285934.0135 0 2050597.8473 2438895.5999999996 1533308.6613 2032826.583 4012022.4392 4919982.9321 4971262.0386 614371.3245 4704684.1636 3850630.1803999995 3217129.0264999997 9404505.1589 6071941.608899999 2663282.0585 
5499147.6074 5458253.3125 7712683.082599999 5311606.7272 3669826.5847 4152460.8082999997 5621866.6324000005 9388497.5595 3348247.1783 3822558.7037 1764663.8338 2050597.8473 0 3917625.4203 3012038.4816 3511556.4033 5490752.259500001 3170893.7235 4873819.7968 2093101.1448 6183413.983899999 5329360.0007 1166531.1792 7353907.3116 5357432.8526 4142011.8787999996 
8028795.3774999995 5846551.0652 8100980.835299999 6303243.7662 6241077.737 3314239.6224 6058065.241599999 12356964.389199998 3736544.931 6233054.4057 2152961.5864999997 2438895.5999999996 3917625.4202999994 0 3400336.2342999997 3899854.1559999995 5307356.1282 5581389.4255 6282334.4627 2481398.8975 6490662.2278 5636608.2446 5084156.5995 11271532.7319 7367275.2979 3324688.5519000003 
6667856.0848 4284089.5045 6306856.924000001 4754281.8028 5816687.3444 2910747.0888 4509103.2782 11588384.809999999 2830957.9923 4481085.7375 1247374.6478 1533308.6612999998 3012038.4815999996 3400336.2342999997 0 2337392.5953 4973463.0735 5132750.7177 3496927.3059 918937.3368 4941700.2644 4087646.2811999996 4178569.6607999997 9899142.9216 5591073.2239 2900298.1593 
5809198.8 4783607.426200001 4201126.6793 2689032.7686 3751438.3102 845498.0546 2443854.244 9523135.7758 3330475.914 3743414.9789000005 1746892.5695 2032826.583 3511556.4033 3899854.156 2337392.5953 0 4450923.0145 3091749.9987000003 2938435.4556 1418455.2585 2876451.2302 2022397.247 4240754.9099 8258324.3345 5032581.3736 835049.1251000001 
6523790.524800001 7419677.9044 8652049.693799999 5866289.5391999995 4859366.9993 3605424.9599 6316796.930299999 13428532.1109 2664964.5879 6524239.7432 3726088.4257 4012022.4392 5490752.2595 5307356.1282 4973463.0735 4450923.0145 0 5872574.763 7389358.4701 4054525.7367000002 6781847.5653 5895339.9333 6657283.4387 8972916.0593 6546973.267200001 3615873.8894 
8301792.4333999995 7670763.7753 7292876.677999999 5235256.0879 5173090.0587 2267149.8031 2450972.9089 10547394.5735 6217632.263099999 651664.9802 4634048.9185999995 4919982.9321 3170893.7235 5581389.4255 5132750.7177 3091749.9987 5872574.763 0 6030185.454299999 4305611.6076 5422674.5495 2872429.9059 4337424.9026999995 10524801.035099998 6860696.3266 2256700.8736 
8747634.255600002 7722042.8818 6262252.4167 5627468.224199999 6689873.765799999 3783933.5102 5382289.6996 8933331.3665 6268911.369599999 6681850.4344999995 4685328.025099999 4971262.0386 4873819.7968 6282334.4627 3496927.3059 2938435.4556 7389358.4701 6030185.454299999 0 4356890.7140999995 3908644.4341 4960832.7026 3707288.6176 6402215.6157 5546468.7166 3773484.5807 
5748918.748000001 3365152.1677 5619581.9377999995 3902894.3774999995 4965299.9191 2059359.6635 3657715.8529 10736997.3847 1912020.6554999999 4957276.5878 328437.311 614371.3245 2093101.1448 2481398.8975 918937.3368 1418455.2585 4054525.7367000002 4305611.6076 4356890.7140999995 0 4090312.8391000004 3236258.8559 3259632.324 9447008.4564 6114444.9064 2048910.7340000002 
8140123.3508 7455465.006800001 7077577.9095 5019957.3194 6082362.861 3176422.6054 4774778.7948 11854060.3266 6002333.4946 6074339.5297 4418750.1501 4704684.163600001 6183413.9839 6490662.2278 4941700.2644 2876451.2302 6781847.5653 5422674.5495 3908644.4341 4090312.8391000004 0 4353321.797800001 7117206.1401 10310860.049800001 7769969.1289 3165973.6759 
6438829.135199999 6601411.0236 6223523.9263 4165903.3362 3310126.7605 2322368.6222 421456.997 8517878.6616 5148279.511399999 3389645.9786 3564696.1668999996 3850630.1803999995 5329360.0007 5636608.2446 4087646.2812 2022397.247 5895339.9333 2872429.9059 4960832.7025999995 3236258.8559 4353321.7978 0 6263152.1569 9735194.9021 4997733.0284 2311919.6927 
6665678.786599999 6624784.4917 7564571.870999999 6478137.9064 4836357.7639 5086252.9645 6684609.153899999 10555028.738699999 4514778.3575 4989089.8829 2931195.013 3217129.0264999997 1166531.1792 5084156.5995 4178569.6608 4240754.9099 6657283.4387 4337424.9026999995 3707288.6176 3259632.324 7117206.1401 6263152.1569 0 6187376.1324 6523964.0318 5075804.035 
8260637.5113 12812160.6241 12459451.013799999 10401830.4237 6596213.9858 8550263.212199999 10156651.899099998 15335546.9822 10702154.489899999 11176466.0153 9118571.145399999 9404505.158899998 7353907.3116 11271532.7319 9899142.9216 8258324.3345 8972916.0593 10524801.0351 6402215.6157 9447008.4564 10310860.049800001 9735194.902099999 6187376.1324 0 8283820.2537 8547846.780199999 
4816308.6426 9479597.074099999 8356398.3347 7582550.667299999 1687606.2679 4614444.382499999 5419190.0254 10433043.3368 7369590.9399 7512361.3068 5786007.5954 6071941.6089 5357432.8526 7367275.297900001 5591073.2239 5032581.3736 6546973.267200001 6860696.3266 5546468.7166 6114444.9064 7769969.1289 4997733.0284 6523964.0318 8283820.2537 0 4603995.453 
6045091.5598 5414062.9017 5036175.8044 2978555.2143 2916389.1851 10448.9295 2733376.6897 9812658.2215 3960931.3894999996 2908365.8538 2377348.045 2663282.0585 4142011.8788 3324688.5519000003 2900298.1593 835049.1251000001 3615873.8893999998 2256700.8736 3773484.5807 2048910.7340000002 3165973.6759 2311919.6927 5075804.035 8547846.7802 4603995.453 0 
