25
qpe oam aea rwk mcw vya vac yix szm wrz wfa idl txd rks hcu umf tyl wij rga lfo jsh upz vch nnf zcf
0 1 1 2 1 2 2 1 1 1 1 1 1 1 1 2 2 1 1 1 2 1 1 2 1 
1 0 2 1 1 2 2 1 2 1 1 1 1 2 2 1 1 1 2 1 1 1 1 1 1 
1 2 0 1 1 1 1 1 1 1 1 1 1 1 1 1 2 2 1 1 1 2 2 1 1 
2 1 1 0 1 2 2 2 1 2 1 1 2 1 1 2 1 1 1 1 1 1 2 1 1 
1 1 1 1 0 1 1 1 1 1 1 1 1 1 2 1 1 1 1 1 1 1 2 2 2 
2 2 1 2 1 0 1 2 1 1 1 1 2 1 2 1 1 1 2 1 2 1 1 1 2 
2 2 1 2 1 1 0 2 2 2 1 2 1 1 2 2 1 1 1 1 2 1 2 1 2 
1 1 1 2 1 2 2 0 1 1 1 1 2 1 1 1 1 2 2 2 1 1 1 1 1 
1 2 1 1 1 1 2 1 0 1 2 1 1 1 1 1 1 1 1 1 2 1 1 1 1 
1 1 1 2 1 1 2 1 1 0 2 1 2 1 1 1 2 1 1 1 1 1 1 1 2 
1 1 1 1 1 1 1 1 2 2 0 1 1 2 1 2 2 1 1 1 1 1 1 2 1 
1 1 1 1 1 1 2 1 1 1 1 0 1 1 1 1 2 2 1 2 1 1 2 2 2 
1 1 1 2 1 2 1 2 1 2 1 1 0 1 2 1 2 1 1 1 2 2 2 2 2 
1 2 1 1 1 1 1 1 1 1 2 1 1 0 1 2 1 1 1 1 1 2 1 2 1 
1 2 1 1 2 2 2 1 1 1 1 1 2 1 0 2 1 1 2 2 1 2 1 2 1 
2 1 1 2 1 1 2 1 1 1 2 1 1 2 2 0 1 1 2 1 1 1 1 1 1 
2 1 2 1 1 1 1 1 1 2 2 2 2 1 1 1 0 2 1 2 2 1 1 1 1 
1 1 2 1 1 1 1 2 1 1 1 2 1 1 1 1 2 0 1 1 1 2 2 1 2 
1 2 1 1 1 2 1 2 1 1 1 1 1 1 2 2 1 1 0 1 1 1 1 2 1 
1 1 1 1 1 1 1 2 1 1 1 2 1 1 2 1 2 1 1 0 2 1 1 1 2 
2 1 1 1 1 2 2 1 2 1 1 1 2 1 1 1 2 1 1 2 0 1 1 2 2 
1 1 2 1 1 1 1 1 1 1 1 1 2 2 2 1 1 2 1 1 1 0 2 1 1 
1 1 2 2 2 1 2 1 1 1 1 2 2 1 1 1 1 2 1 1 1 2 0 1 2 
2 1 1 1 2 1 1 1 1 1 2 2 2 2 2 1 1 1 2 1 2 1 1 0 1 
1 1 1 1 2 2 2 1 1 2 1 2 2 1 1 1 1 2 1 2 2 1 2 1 0 
