25
Balsdon Chinese All Hume Carmel Warner Oceanside Linden Clayton Boulevard Ida Calaveras Merced 18th Meyers Fiorini Fremont Banning Laguna Santa Ames Smoke Richvale Woffard Potrero
0 1 2 2 2 1 2 2 2 2 2 1 2 1 2 1 1 2 2 2 1 1 2 2 2 
1 0 1 2 2 2 1 2 1 2 2 2 1 1 2 2 1 2 1 2 2 1 1 2 1 
2 1 0 2 2 1 1 2 2 1 2 1 1 1 1 2 2 2 1 2 2 2 2 2 1 
2 2 2 0 2 1 1 2 1 2 2 2 2 1 2 2 2 2 1 1 2 2 1 1 1 
2 2 2 2 0 1 1 2 2 2 2 2 2 1 2 1 1 1 1 2 1 2 1 2 2 
1 2 1 1 1 0 2 1 2 2 1 1 1 2 1 2 2 1 2 1 2 2 1 2 1 
2 1 1 1 1 2 0 1 1 2 2 1 1 2 2 1 2 2 1 2 1 1 1 2 2 
2 2 2 2 2 1 1 0 2 2 2 2 1 1 2 1 1 1 2 2 1 2 2 1 1 
2 1 2 1 2 2 1 2 0 1 1 1 2 1 1 1 1 1 2 2 2 2 2 2 1 
2 2 1 2 2 2 2 2 1 0 2 1 1 2 1 1 2 1 1 1 1 1 2 1 2 
2 2 2 2 2 1 2 2 1 2 0 2 1 1 1 2 1 2 2 2 2 2 1 1 2 
1 2 1 2 2 1 1 2 1 1 2 0 2 2 1 1 1 2 1 2 1 2 2 1 1 
2 1 1 2 2 1 1 1 2 1 1 2 0 1 2 2 2 1 1 1 2 2 1 1 1 
1 1 1 1 1 2 2 1 1 2 1 2 1 0 1 2 2 1 2 2 1 1 2 1 1 
2 2 1 2 2 1 2 2 1 1 1 1 2 1 0 2 2 2 2 2 2 1 2 2 1 
1 2 2 2 1 2 1 1 1 1 2 1 2 2 2 0 1 2 2 2 2 2 2 2 2 
1 1 2 2 1 2 2 1 1 2 1 1 2 2 2 1 0 1 1 2 1 2 1 1 2 
2 2 2 2 1 1 2 1 1 1 2 2 1 1 2 2 1 0 2 2 2 1 1 1 1 
2 1 1 1 1 2 1 2 2 1 2 1 1 2 2 2 1 2 0 2 1 1 1 1 2 
2 2 2 1 2 1 2 2 2 1 2 2 1 2 2 2 2 2 2 0 1 1 1 1 1 
1 2 2 2 1 2 1 1 2 1 2 1 2 1 2 2 1 2 1 1 0 2 1 1 2 
1 1 2 2 2 2 1 2 2 1 2 2 2 1 1 2 2 1 1 1 2 0 1 2 2 
2 1 2 1 1 1 1 2 2 2 1 2 1 2 2 2 1 1 1 1 1 1 0 2 2 
2 2 2 1 2 2 2 1 2 1 1 1 1 1 2 2 1 1 1 1 1 2 2 0 1 
2 1 1 1 2 1 2 1 1 2 2 1 1 1 1 2 2 1 2 1 2 2 2 1 0 
