101
2 4 5 7 10 12 13 15 18 20 21 23 26 28 29 31 34 36 37 39 42 44 45 47 50 52 53 55 58 60 61 63 66 68 69 71 74 76 77 79 82 84 85 87 90 92 93 95 98 100 101 103 106 108 109 111 114 116 117 119 122 124 125 127 130 132 133 135 138 140 141 143 146 148 149 151 154 156 157 159 162 164 165 167 170 172 173 175 178 180 181 183 186 188 189 191 194 196 197 199 1
0 4.0 3.0 7.0 9.0 9.0 7.0 7.0 11.0 11.0 9.0 9.0 12.0 12.0 10.0 10.0 13.0 12.0 10.0 10.0 13.0 12.0 10.0 10.0 13.0 12.0 10.0 10.0 13.0 12.0 10.0 10.0 13.0 12.0 10.0 10.0 13.0 12.0 10.0 10.0 13.0 12.0 10.0 10.0 13.0 12.0 10.0 10.0 13.0 12.0 10.0 10.0 13.0 12.0 10.0 10.0 13.0 12.0 10.0 10.0 13.0 12.0 10.0 10.0 13.0 12.0 10.0 10.0 13.0 12.0 10.0 10.0 13.0 12.0 10.0 10.0 13.0 12.0 10.0 10.0 13.0 12.0 10.0 10.0 13.0 12.0 10.0 10.0 13.0 12.0 10.0 10.0 12.0 10.0 10.0 10.0 8.0 4.0 6.0 5.0 2.0 
4.0 0 2.0 3.0 5.0 6.0 4.0 7.0 11.0 11.0 9.0 9.0 12.0 12.0 10.0 10.0 12.0 12.0 10.0 10.0 12.0 12.0 10.0 10.0 12.0 12.0 10.0 10.0 12.0 12.0 10.0 10.0 12.0 12.0 10.0 10.0 12.0 12.0 10.0 10.0 12.0 12.0 10.0 10.0 12.0 12.0 10.0 10.0 12.0 12.0 10.0 10.0 12.0 12.0 10.0 10.0 12.0 12.0 10.0 10.0 12.0 12.0 10.0 10.0 12.0 12.0 10.0 10.0 12.0 12.0 10.0 10.0 12.0 12.0 10.0 10.0 12.0 12.0 10.0 10.0 12.0 12.0 10.0 10.0 12.0 12.0 10.0 10.0 12.0 12.0 10.0 10.0 12.0 11.0 10.0 10.0 9.0 5.0 7.0 6.0 3.0 
3.0 2.0 0 4.0 7.0 8.0 6.0 9.0 9.0 9.0 11.0 11.0 10.0 10.0 12.0 12.0 10.0 10.0 12.0 12.0 10.0 10.0 12.0 12.0 10.0 10.0 12.0 12.0 10.0 10.0 12.0 12.0 10.0 10.0 12.0 12.0 10.0 10.0 12.0 12.0 10.0 10.0 12.0 12.0 10.0 10.0 12.0 12.0 10.0 10.0 12.0 12.0 10.0 10.0 12.0 12.0 10.0 10.0 12.0 12.0 10.0 10.0 12.0 12.0 10.0 10.0 12.0 12.0 10.0 10.0 12.0 12.0 10.0 10.0 12.0 12.0 10.0 10.0 12.0 12.0 10.0 10.0 12.0 12.0 10.0 10.0 12.0 12.0 10.0 10.0 12.0 12.0 10.0 9.0 11.0 10.0 7.0 3.0 5.0 4.0 1.0 
7.0 3.0 4.0 0 6.0 7.0 5.0 9.0 9.0 9.0 11.0 11.0 10.0 10.0 12.0 12.0 10.0 10.0 12.0 13.0 10.0 10.0 12.0 13.0 10.0 10.0 12.0 13.0 10.0 10.0 12.0 13.0 10.0 10.0 12.0 13.0 10.0 10.0 12.0 13.0 10.0 10.0 12.0 13.0 10.0 10.0 12.0 13.0 10.0 10.0 12.0 13.0 10.0 10.0 12.0 13.0 10.0 10.0 12.0 13.0 10.0 10.0 12.0 13.0 10.0 10.0 12.0 13.0 10.0 10.0 12.0 13.0 10.0 10.0 12.0 13.0 10.0 10.0 12.0 13.0 10.0 10.0 12.0 13.0 10.0 10.0 12.0 13.0 10.0 10.0 12.0 13.0 10.0 10.0 12.0 13.0 10.0 7.0 9.0 8.0 5.0 
9.0 5.0 7.0 6.0 0 4.0 3.0 7.0 9.0 9.0 7.0 7.0 11.0 11.0 9.0 9.0 12.0 12.0 10.0 10.0 12.0 12.0 10.0 10.0 12.0 12.0 10.0 10.0 12.0 12.0 10.0 10.0 12.0 12.0 10.0 10.0 12.0 12.0 10.0 10.0 12.0 12.0 10.0 10.0 12.0 12.0 10.0 10.0 12.0 12.0 10.0 10.0 12.0 12.0 10.0 10.0 12.0 12.0 10.0 10.0 12.0 12.0 10.0 10.0 12.0 12.0 10.0 10.0 12.0 12.0 10.0 10.0 12.0 12.0 10.0 10.0 12.0 12.0 10.0 10.0 12.0 12.0 10.0 10.0 12.0 12.0 10.0 10.0 12.0 12.0 10.0 10.0 12.0 12.0 10.0 10.0 12.0 10.0 10.0 10.0 8.0 
9.0 6.0 8.0 7.0 4.0 0 2.0 3.0 5.0 6.0 4.0 7.0 11.0 11.0 9.0 9.0 12.0 12.0 10.0 10.0 12.0 12.0 10.0 10.0 12.0 12.0 10.0 10.0 12.0 12.0 10.0 10.0 12.0 12.0 10.0 10.0 12.0 12.0 10.0 10.0 12.0 12.0 10.0 10.0 12.0 12.0 10.0 10.0 12.0 12.0 10.0 10.0 12.0 12.0 10.0 10.0 12.0 12.0 10.0 10.0 12.0 12.0 10.0 10.0 12.0 12.0 10.0 10.0 12.0 12.0 10.0 10.0 12.0 12.0 10.0 10.0 12.0 12.0 10.0 10.0 12.0 12.0 10.0 10.0 12.0 12.0 10.0 10.0 12.0 12.0 10.0 10.0 12.0 12.0 10.0 10.0 12.0 11.0 10.0 10.0 9.0 
7.0 4.0 6.0 5.0 3.0 2.0 0 4.0 7.0 8.0 6.0 9.0 9.0 9.0 11.0 11.0 10.0 10.0 12.0 12.0 10.0 10.0 12.0 12.0 10.0 10.0 12.0 12.0 10.0 10.0 12.0 12.0 10.0 10.0 12.0 12.0 10.0 10.0 12.0 12.0 10.0 10.0 12.0 12.0 10.0 10.0 12.0 12.0 10.0 10.0 12.0 12.0 10.0 10.0 12.0 12.0 10.0 10.0 12.0 12.0 10.0 10.0 12.0 12.0 10.0 10.0 12.0 12.0 10.0 10.0 12.0 12.0 10.0 10.0 12.0 12.0 10.0 10.0 12.0 12.0 10.0 10.0 12.0 12.0 10.0 10.0 12.0 12.0 10.0 10.0 12.0 12.0 10.0 10.0 12.0 12.0 10.0 9.0 11.0 10.0 7.0 
7.0 7.0 9.0 9.0 7.0 3.0 4.0 0 6.0 7.0 5.0 9.0 9.0 9.0 11.0 11.0 10.0 10.0 12.0 12.0 10.0 10.0 12.0 13.0 10.0 10.0 12.0 13.0 10.0 10.0 12.0 13.0 10.0 10.0 12.0 13.0 10.0 10.0 12.0 13.0 10.0 10.0 12.0 13.0 10.0 10.0 12.0 13.0 10.0 10.0 12.0 13.0 10.0 10.0 12.0 13.0 10.0 10.0 12.0 13.0 10.0 10.0 12.0 13.0 10.0 10.0 12.0 13.0 10.0 10.0 12.0 13.0 10.0 10.0 12.0 13.0 10.0 10.0 12.0 13.0 10.0 10.0 12.0 13.0 10.0 10.0 12.0 13.0 10.0 10.0 12.0 13.0 10.0 10.0 12.0 13.0 10.0 10.0 12.0 12.0 9.0 
11.0 11.0 9.0 9.0 9.0 5.0 7.0 6.0 0 4.0 3.0 7.0 9.0 9.0 7.0 7.0 11.0 11.0 9.0 9.0 12.0 11.0 9.0 9.0 12.0 11.0 9.0 9.0 12.0 11.0 9.0 9.0 12.0 11.0 9.0 9.0 12.0 11.0 9.0 9.0 12.0 11.0 9.0 9.0 12.0 11.0 9.0 9.0 12.0 11.0 9.0 9.0 12.0 11.0 9.0 9.0 12.0 11.0 9.0 9.0 12.0 11.0 9.0 9.0 12.0 11.0 9.0 9.0 12.0 11.0 9.0 9.0 12.0 11.0 9.0 9.0 12.0 11.0 9.0 9.0 12.0 11.0 9.0 9.0 12.0 11.0 9.0 9.0 12.0 11.0 9.0 9.0 12.0 11.0 9.0 9.0 12.0 11.0 9.0 9.0 10.0 
11.0 11.0 9.0 9.0 9.0 6.0 8.0 7.0 4.0 0 2.0 3.0 5.0 6.0 4.0 7.0 11.0 11.0 9.0 9.0 11.0 11.0 9.0 9.0 11.0 11.0 9.0 9.0 11.0 11.0 9.0 9.0 11.0 11.0 9.0 9.0 11.0 11.0 9.0 9.0 11.0 11.0 9.0 9.0 11.0 11.0 9.0 9.0 11.0 11.0 9.0 9.0 11.0 11.0 9.0 9.0 11.0 11.0 9.0 9.0 11.0 11.0 9.0 9.0 11.0 11.0 9.0 9.0 11.0 11.0 9.0 9.0 11.0 11.0 9.0 9.0 11.0 11.0 9.0 9.0 11.0 11.0 9.0 9.0 11.0 11.0 9.0 9.0 11.0 11.0 9.0 9.0 11.0 11.0 9.0 9.0 11.0 11.0 9.0 9.0 10.0 
9.0 9.0 11.0 11.0 7.0 4.0 6.0 5.0 3.0 2.0 0 4.0 7.0 8.0 6.0 9.0 9.0 9.0 11.0 11.0 9.0 9.0 11.0 11.0 9.0 9.0 11.0 11.0 9.0 9.0 11.0 11.0 9.0 9.0 11.0 11.0 9.0 9.0 11.0 11.0 9.0 9.0 11.0 11.0 9.0 9.0 11.0 11.0 9.0 9.0 11.0 11.0 9.0 9.0 11.0 11.0 9.0 9.0 11.0 11.0 9.0 9.0 11.0 11.0 9.0 9.0 11.0 11.0 9.0 9.0 11.0 11.0 9.0 9.0 11.0 11.0 9.0 9.0 11.0 11.0 9.0 9.0 11.0 11.0 9.0 9.0 11.0 11.0 9.0 9.0 11.0 11.0 9.0 9.0 11.0 11.0 9.0 9.0 11.0 11.0 11.0 
9.0 9.0 11.0 11.0 7.0 7.0 9.0 9.0 7.0 3.0 4.0 0 6.0 7.0 5.0 9.0 9.0 9.0 11.0 11.0 9.0 9.0 11.0 12.0 9.0 9.0 11.0 12.0 9.0 9.0 11.0 12.0 9.0 9.0 11.0 12.0 9.0 9.0 11.0 12.0 9.0 9.0 11.0 12.0 9.0 9.0 11.0 12.0 9.0 9.0 11.0 12.0 9.0 9.0 11.0 12.0 9.0 9.0 11.0 12.0 9.0 9.0 11.0 12.0 9.0 9.0 11.0 12.0 9.0 9.0 11.0 12.0 9.0 9.0 11.0 12.0 9.0 9.0 11.0 12.0 9.0 9.0 11.0 12.0 9.0 9.0 11.0 12.0 9.0 9.0 11.0 12.0 9.0 9.0 11.0 12.0 9.0 9.0 11.0 12.0 11.0 
12.0 12.0 10.0 10.0 11.0 11.0 9.0 9.0 9.0 5.0 7.0 6.0 0 4.0 3.0 7.0 9.0 9.0 7.0 7.0 11.0 11.0 9.0 9.0 12.0 11.0 9.0 9.0 12.0 11.0 9.0 9.0 12.0 11.0 9.0 9.0 12.0 11.0 9.0 9.0 12.0 11.0 9.0 9.0 12.0 11.0 9.0 9.0 12.0 11.0 9.0 9.0 12.0 11.0 9.0 9.0 12.0 11.0 9.0 9.0 12.0 11.0 9.0 9.0 12.0 11.0 9.0 9.0 12.0 11.0 9.0 9.0 12.0 11.0 9.0 9.0 12.0 11.0 9.0 9.0 12.0 11.0 9.0 9.0 12.0 11.0 9.0 9.0 12.0 11.0 9.0 9.0 12.0 11.0 9.0 9.0 12.0 11.0 9.0 9.0 11.0 
12.0 12.0 10.0 10.0 11.0 11.0 9.0 9.0 9.0 6.0 8.0 7.0 4.0 0 2.0 3.0 5.0 6.0 4.0 7.0 11.0 11.0 9.0 9.0 11.0 11.0 9.0 9.0 11.0 11.0 9.0 9.0 11.0 11.0 9.0 9.0 11.0 11.0 9.0 9.0 11.0 11.0 9.0 9.0 11.0 11.0 9.0 9.0 11.0 11.0 9.0 9.0 11.0 11.0 9.0 9.0 11.0 11.0 9.0 9.0 11.0 11.0 9.0 9.0 11.0 11.0 9.0 9.0 11.0 11.0 9.0 9.0 11.0 11.0 9.0 9.0 11.0 11.0 9.0 9.0 11.0 11.0 9.0 9.0 11.0 11.0 9.0 9.0 11.0 11.0 9.0 9.0 11.0 11.0 9.0 9.0 11.0 11.0 9.0 9.0 11.0 
10.0 10.0 12.0 12.0 9.0 9.0 11.0 11.0 7.0 4.0 6.0 5.0 3.0 2.0 0 4.0 7.0 8.0 6.0 9.0 9.0 9.0 11.0 11.0 9.0 9.0 11.0 11.0 9.0 9.0 11.0 11.0 9.0 9.0 11.0 11.0 9.0 9.0 11.0 11.0 9.0 9.0 11.0 11.0 9.0 9.0 11.0 11.0 9.0 9.0 11.0 11.0 9.0 9.0 11.0 11.0 9.0 9.0 11.0 11.0 9.0 9.0 11.0 11.0 9.0 9.0 11.0 11.0 9.0 9.0 11.0 11.0 9.0 9.0 11.0 11.0 9.0 9.0 11.0 11.0 9.0 9.0 11.0 11.0 9.0 9.0 11.0 11.0 9.0 9.0 11.0 11.0 9.0 9.0 11.0 11.0 9.0 9.0 11.0 11.0 11.0 
10.0 10.0 12.0 12.0 9.0 9.0 11.0 11.0 7.0 7.0 9.0 9.0 7.0 3.0 4.0 0 6.0 7.0 5.0 9.0 9.0 9.0 11.0 11.0 9.0 9.0 11.0 12.0 9.0 9.0 11.0 12.0 9.0 9.0 11.0 12.0 9.0 9.0 11.0 12.0 9.0 9.0 11.0 12.0 9.0 9.0 11.0 12.0 9.0 9.0 11.0 12.0 9.0 9.0 11.0 12.0 9.0 9.0 11.0 12.0 9.0 9.0 11.0 12.0 9.0 9.0 11.0 12.0 9.0 9.0 11.0 12.0 9.0 9.0 11.0 12.0 9.0 9.0 11.0 12.0 9.0 9.0 11.0 12.0 9.0 9.0 11.0 12.0 9.0 9.0 11.0 12.0 9.0 9.0 11.0 12.0 9.0 9.0 11.0 12.0 11.0 
13.0 12.0 10.0 10.0 12.0 12.0 10.0 10.0 11.0 11.0 9.0 9.0 9.0 5.0 7.0 6.0 0 4.0 3.0 7.0 9.0 9.0 7.0 7.0 11.0 11.0 9.0 9.0 12.0 11.0 9.0 9.0 12.0 11.0 9.0 9.0 12.0 11.0 9.0 9.0 12.0 11.0 9.0 9.0 12.0 11.0 9.0 9.0 12.0 11.0 9.0 9.0 12.0 11.0 9.0 9.0 12.0 11.0 9.0 9.0 12.0 11.0 9.0 9.0 12.0 11.0 9.0 9.0 12.0 11.0 9.0 9.0 12.0 11.0 9.0 9.0 12.0 11.0 9.0 9.0 12.0 11.0 9.0 9.0 12.0 11.0 9.0 9.0 12.0 11.0 9.0 9.0 12.0 11.0 9.0 9.0 12.0 11.0 9.0 9.0 11.0 
12.0 12.0 10.0 10.0 12.0 12.0 10.0 10.0 11.0 11.0 9.0 9.0 9.0 6.0 8.0 7.0 4.0 0 2.0 3.0 5.0 6.0 4.0 7.0 11.0 11.0 9.0 9.0 11.0 11.0 9.0 9.0 11.0 11.0 9.0 9.0 11.0 11.0 9.0 9.0 11.0 11.0 9.0 9.0 11.0 11.0 9.0 9.0 11.0 11.0 9.0 9.0 11.0 11.0 9.0 9.0 11.0 11.0 9.0 9.0 11.0 11.0 9.0 9.0 11.0 11.0 9.0 9.0 11.0 11.0 9.0 9.0 11.0 11.0 9.0 9.0 11.0 11.0 9.0 9.0 11.0 11.0 9.0 9.0 11.0 11.0 9.0 9.0 11.0 11.0 9.0 9.0 11.0 11.0 9.0 9.0 11.0 11.0 9.0 9.0 11.0 
10.0 10.0 12.0 12.0 10.0 10.0 12.0 12.0 9.0 9.0 11.0 11.0 7.0 4.0 6.0 5.0 3.0 2.0 0 4.0 7.0 8.0 6.0 9.0 9.0 9.0 11.0 11.0 9.0 9.0 11.0 11.0 9.0 9.0 11.0 11.0 9.0 9.0 11.0 11.0 9.0 9.0 11.0 11.0 9.0 9.0 11.0 11.0 9.0 9.0 11.0 11.0 9.0 9.0 11.0 11.0 9.0 9.0 11.0 11.0 9.0 9.0 11.0 11.0 9.0 9.0 11.0 11.0 9.0 9.0 11.0 11.0 9.0 9.0 11.0 11.0 9.0 9.0 11.0 11.0 9.0 9.0 11.0 11.0 9.0 9.0 11.0 11.0 9.0 9.0 11.0 11.0 9.0 9.0 11.0 11.0 9.0 9.0 11.0 11.0 11.0 
10.0 10.0 12.0 13.0 10.0 10.0 12.0 12.0 9.0 9.0 11.0 11.0 7.0 7.0 9.0 9.0 7.0 3.0 4.0 0 6.0 7.0 5.0 9.0 9.0 9.0 11.0 11.0 9.0 9.0 11.0 12.0 9.0 9.0 11.0 12.0 9.0 9.0 11.0 12.0 9.0 9.0 11.0 12.0 9.0 9.0 11.0 12.0 9.0 9.0 11.0 12.0 9.0 9.0 11.0 12.0 9.0 9.0 11.0 12.0 9.0 9.0 11.0 12.0 9.0 9.0 11.0 12.0 9.0 9.0 11.0 12.0 9.0 9.0 11.0 12.0 9.0 9.0 11.0 12.0 9.0 9.0 11.0 12.0 9.0 9.0 11.0 12.0 9.0 9.0 11.0 12.0 9.0 9.0 11.0 12.0 9.0 9.0 11.0 12.0 11.0 
13.0 12.0 10.0 10.0 12.0 12.0 10.0 10.0 12.0 11.0 9.0 9.0 11.0 11.0 9.0 9.0 9.0 5.0 7.0 6.0 0 4.0 3.0 7.0 9.0 9.0 7.0 7.0 11.0 11.0 9.0 9.0 12.0 11.0 9.0 9.0 12.0 11.0 9.0 9.0 12.0 11.0 9.0 9.0 12.0 11.0 9.0 9.0 12.0 11.0 9.0 9.0 12.0 11.0 9.0 9.0 12.0 11.0 9.0 9.0 12.0 11.0 9.0 9.0 12.0 11.0 9.0 9.0 12.0 11.0 9.0 9.0 12.0 11.0 9.0 9.0 12.0 11.0 9.0 9.0 12.0 11.0 9.0 9.0 12.0 11.0 9.0 9.0 12.0 11.0 9.0 9.0 12.0 11.0 9.0 9.0 12.0 11.0 9.0 9.0 11.0 
12.0 12.0 10.0 10.0 12.0 12.0 10.0 10.0 11.0 11.0 9.0 9.0 11.0 11.0 9.0 9.0 9.0 6.0 8.0 7.0 4.0 0 2.0 3.0 5.0 6.0 4.0 7.0 11.0 11.0 9.0 9.0 11.0 11.0 9.0 9.0 11.0 11.0 9.0 9.0 11.0 11.0 9.0 9.0 11.0 11.0 9.0 9.0 11.0 11.0 9.0 9.0 11.0 11.0 9.0 9.0 11.0 11.0 9.0 9.0 11.0 11.0 9.0 9.0 11.0 11.0 9.0 9.0 11.0 11.0 9.0 9.0 11.0 11.0 9.0 9.0 11.0 11.0 9.0 9.0 11.0 11.0 9.0 9.0 11.0 11.0 9.0 9.0 11.0 11.0 9.0 9.0 11.0 11.0 9.0 9.0 11.0 11.0 9.0 9.0 11.0 
10.0 10.0 12.0 12.0 10.0 10.0 12.0 12.0 9.0 9.0 11.0 11.0 9.0 9.0 11.0 11.0 7.0 4.0 6.0 5.0 3.0 2.0 0 4.0 7.0 8.0 6.0 9.0 9.0 9.0 11.0 11.0 9.0 9.0 11.0 11.0 9.0 9.0 11.0 11.0 9.0 9.0 11.0 11.0 9.0 9.0 11.0 11.0 9.0 9.0 11.0 11.0 9.0 9.0 11.0 11.0 9.0 9.0 11.0 11.0 9.0 9.0 11.0 11.0 9.0 9.0 11.0 11.0 9.0 9.0 11.0 11.0 9.0 9.0 11.0 11.0 9.0 9.0 11.0 11.0 9.0 9.0 11.0 11.0 9.0 9.0 11.0 11.0 9.0 9.0 11.0 11.0 9.0 9.0 11.0 11.0 9.0 9.0 11.0 11.0 11.0 
10.0 10.0 12.0 13.0 10.0 10.0 12.0 13.0 9.0 9.0 11.0 12.0 9.0 9.0 11.0 11.0 7.0 7.0 9.0 9.0 7.0 3.0 4.0 0 6.0 7.0 5.0 9.0 9.0 9.0 11.0 11.0 9.0 9.0 11.0 12.0 9.0 9.0 11.0 12.0 9.0 9.0 11.0 12.0 9.0 9.0 11.0 12.0 9.0 9.0 11.0 12.0 9.0 9.0 11.0 12.0 9.0 9.0 11.0 12.0 9.0 9.0 11.0 12.0 9.0 9.0 11.0 12.0 9.0 9.0 11.0 12.0 9.0 9.0 11.0 12.0 9.0 9.0 11.0 12.0 9.0 9.0 11.0 12.0 9.0 9.0 11.0 12.0 9.0 9.0 11.0 12.0 9.0 9.0 11.0 12.0 9.0 9.0 11.0 12.0 11.0 
13.0 12.0 10.0 10.0 12.0 12.0 10.0 10.0 12.0 11.0 9.0 9.0 12.0 11.0 9.0 9.0 11.0 11.0 9.0 9.0 9.0 5.0 7.0 6.0 0 4.0 3.0 7.0 9.0 9.0 7.0 7.0 11.0 11.0 9.0 9.0 12.0 11.0 9.0 9.0 12.0 11.0 9.0 9.0 12.0 11.0 9.0 9.0 12.0 11.0 9.0 9.0 12.0 11.0 9.0 9.0 12.0 11.0 9.0 9.0 12.0 11.0 9.0 9.0 12.0 11.0 9.0 9.0 12.0 11.0 9.0 9.0 12.0 11.0 9.0 9.0 12.0 11.0 9.0 9.0 12.0 11.0 9.0 9.0 12.0 11.0 9.0 9.0 12.0 11.0 9.0 9.0 12.0 11.0 9.0 9.0 12.0 11.0 9.0 9.0 11.0 
12.0 12.0 10.0 10.0 12.0 12.0 10.0 10.0 11.0 11.0 9.0 9.0 11.0 11.0 9.0 9.0 11.0 11.0 9.0 9.0 9.0 6.0 8.0 7.0 4.0 0 2.0 3.0 5.0 6.0 4.0 7.0 11.0 11.0 9.0 9.0 11.0 11.0 9.0 9.0 11.0 11.0 9.0 9.0 11.0 11.0 9.0 9.0 11.0 11.0 9.0 9.0 11.0 11.0 9.0 9.0 11.0 11.0 9.0 9.0 11.0 11.0 9.0 9.0 11.0 11.0 9.0 9.0 11.0 11.0 9.0 9.0 11.0 11.0 9.0 9.0 11.0 11.0 9.0 9.0 11.0 11.0 9.0 9.0 11.0 11.0 9.0 9.0 11.0 11.0 9.0 9.0 11.0 11.0 9.0 9.0 11.0 11.0 9.0 9.0 11.0 
10.0 10.0 12.0 12.0 10.0 10.0 12.0 12.0 9.0 9.0 11.0 11.0 9.0 9.0 11.0 11.0 9.0 9.0 11.0 11.0 7.0 4.0 6.0 5.0 3.0 2.0 0 4.0 7.0 8.0 6.0 9.0 9.0 9.0 11.0 11.0 9.0 9.0 11.0 11.0 9.0 9.0 11.0 11.0 9.0 9.0 11.0 11.0 9.0 9.0 11.0 11.0 9.0 9.0 11.0 11.0 9.0 9.0 11.0 11.0 9.0 9.0 11.0 11.0 9.0 9.0 11.0 11.0 9.0 9.0 11.0 11.0 9.0 9.0 11.0 11.0 9.0 9.0 11.0 11.0 9.0 9.0 11.0 11.0 9.0 9.0 11.0 11.0 9.0 9.0 11.0 11.0 9.0 9.0 11.0 11.0 9.0 9.0 11.0 11.0 11.0 
10.0 10.0 12.0 13.0 10.0 10.0 12.0 13.0 9.0 9.0 11.0 12.0 9.0 9.0 11.0 12.0 9.0 9.0 11.0 11.0 7.0 7.0 9.0 9.0 7.0 3.0 4.0 0 6.0 7.0 5.0 9.0 9.0 9.0 11.0 11.0 9.0 9.0 11.0 12.0 9.0 9.0 11.0 12.0 9.0 9.0 11.0 12.0 9.0 9.0 11.0 12.0 9.0 9.0 11.0 12.0 9.0 9.0 11.0 12.0 9.0 9.0 11.0 12.0 9.0 9.0 11.0 12.0 9.0 9.0 11.0 12.0 9.0 9.0 11.0 12.0 9.0 9.0 11.0 12.0 9.0 9.0 11.0 12.0 9.0 9.0 11.0 12.0 9.0 9.0 11.0 12.0 9.0 9.0 11.0 12.0 9.0 9.0 11.0 12.0 11.0 
13.0 12.0 10.0 10.0 12.0 12.0 10.0 10.0 12.0 11.0 9.0 9.0 12.0 11.0 9.0 9.0 12.0 11.0 9.0 9.0 11.0 11.0 9.0 9.0 9.0 5.0 7.0 6.0 0 4.0 3.0 7.0 9.0 9.0 7.0 7.0 11.0 11.0 9.0 9.0 12.0 11.0 9.0 9.0 12.0 11.0 9.0 9.0 12.0 11.0 9.0 9.0 12.0 11.0 9.0 9.0 12.0 11.0 9.0 9.0 12.0 11.0 9.0 9.0 12.0 11.0 9.0 9.0 12.0 11.0 9.0 9.0 12.0 11.0 9.0 9.0 12.0 11.0 9.0 9.0 12.0 11.0 9.0 9.0 12.0 11.0 9.0 9.0 12.0 11.0 9.0 9.0 12.0 11.0 9.0 9.0 12.0 11.0 9.0 9.0 11.0 
12.0 12.0 10.0 10.0 12.0 12.0 10.0 10.0 11.0 11.0 9.0 9.0 11.0 11.0 9.0 9.0 11.0 11.0 9.0 9.0 11.0 11.0 9.0 9.0 9.0 6.0 8.0 7.0 4.0 0 2.0 3.0 5.0 6.0 4.0 7.0 11.0 11.0 9.0 9.0 11.0 11.0 9.0 9.0 11.0 11.0 9.0 9.0 11.0 11.0 9.0 9.0 11.0 11.0 9.0 9.0 11.0 11.0 9.0 9.0 11.0 11.0 9.0 9.0 11.0 11.0 9.0 9.0 11.0 11.0 9.0 9.0 11.0 11.0 9.0 9.0 11.0 11.0 9.0 9.0 11.0 11.0 9.0 9.0 11.0 11.0 9.0 9.0 11.0 11.0 9.0 9.0 11.0 11.0 9.0 9.0 11.0 11.0 9.0 9.0 11.0 
10.0 10.0 12.0 12.0 10.0 10.0 12.0 12.0 9.0 9.0 11.0 11.0 9.0 9.0 11.0 11.0 9.0 9.0 11.0 11.0 9.0 9.0 11.0 11.0 7.0 4.0 6.0 5.0 3.0 2.0 0 4.0 7.0 8.0 6.0 9.0 9.0 9.0 11.0 11.0 9.0 9.0 11.0 11.0 9.0 9.0 11.0 11.0 9.0 9.0 11.0 11.0 9.0 9.0 11.0 11.0 9.0 9.0 11.0 11.0 9.0 9.0 11.0 11.0 9.0 9.0 11.0 11.0 9.0 9.0 11.0 11.0 9.0 9.0 11.0 11.0 9.0 9.0 11.0 11.0 9.0 9.0 11.0 11.0 9.0 9.0 11.0 11.0 9.0 9.0 11.0 11.0 9.0 9.0 11.0 11.0 9.0 9.0 11.0 11.0 11.0 
10.0 10.0 12.0 13.0 10.0 10.0 12.0 13.0 9.0 9.0 11.0 12.0 9.0 9.0 11.0 12.0 9.0 9.0 11.0 12.0 9.0 9.0 11.0 11.0 7.0 7.0 9.0 9.0 7.0 3.0 4.0 0 6.0 7.0 5.0 9.0 9.0 9.0 11.0 11.0 9.0 9.0 11.0 12.0 9.0 9.0 11.0 12.0 9.0 9.0 11.0 12.0 9.0 9.0 11.0 12.0 9.0 9.0 11.0 12.0 9.0 9.0 11.0 12.0 9.0 9.0 11.0 12.0 9.0 9.0 11.0 12.0 9.0 9.0 11.0 12.0 9.0 9.0 11.0 12.0 9.0 9.0 11.0 12.0 9.0 9.0 11.0 12.0 9.0 9.0 11.0 12.0 9.0 9.0 11.0 12.0 9.0 9.0 11.0 12.0 11.0 
13.0 12.0 10.0 10.0 12.0 12.0 10.0 10.0 12.0 11.0 9.0 9.0 12.0 11.0 9.0 9.0 12.0 11.0 9.0 9.0 12.0 11.0 9.0 9.0 11.0 11.0 9.0 9.0 9.0 5.0 7.0 6.0 0 4.0 3.0 7.0 9.0 9.0 7.0 7.0 11.0 11.0 9.0 9.0 12.0 11.0 9.0 9.0 12.0 11.0 9.0 9.0 12.0 11.0 9.0 9.0 12.0 11.0 9.0 9.0 12.0 11.0 9.0 9.0 12.0 11.0 9.0 9.0 12.0 11.0 9.0 9.0 12.0 11.0 9.0 9.0 12.0 11.0 9.0 9.0 12.0 11.0 9.0 9.0 12.0 11.0 9.0 9.0 12.0 11.0 9.0 9.0 12.0 11.0 9.0 9.0 12.0 11.0 9.0 9.0 11.0 
12.0 12.0 10.0 10.0 12.0 12.0 10.0 10.0 11.0 11.0 9.0 9.0 11.0 11.0 9.0 9.0 11.0 11.0 9.0 9.0 11.0 11.0 9.0 9.0 11.0 11.0 9.0 9.0 9.0 6.0 8.0 7.0 4.0 0 2.0 3.0 5.0 6.0 4.0 7.0 11.0 11.0 9.0 9.0 11.0 11.0 9.0 9.0 11.0 11.0 9.0 9.0 11.0 11.0 9.0 9.0 11.0 11.0 9.0 9.0 11.0 11.0 9.0 9.0 11.0 11.0 9.0 9.0 11.0 11.0 9.0 9.0 11.0 11.0 9.0 9.0 11.0 11.0 9.0 9.0 11.0 11.0 9.0 9.0 11.0 11.0 9.0 9.0 11.0 11.0 9.0 9.0 11.0 11.0 9.0 9.0 11.0 11.0 9.0 9.0 11.0 
10.0 10.0 12.0 12.0 10.0 10.0 12.0 12.0 9.0 9.0 11.0 11.0 9.0 9.0 11.0 11.0 9.0 9.0 11.0 11.0 9.0 9.0 11.0 11.0 9.0 9.0 11.0 11.0 7.0 4.0 6.0 5.0 3.0 2.0 0 4.0 7.0 8.0 6.0 9.0 9.0 9.0 11.0 11.0 9.0 9.0 11.0 11.0 9.0 9.0 11.0 11.0 9.0 9.0 11.0 11.0 9.0 9.0 11.0 11.0 9.0 9.0 11.0 11.0 9.0 9.0 11.0 11.0 9.0 9.0 11.0 11.0 9.0 9.0 11.0 11.0 9.0 9.0 11.0 11.0 9.0 9.0 11.0 11.0 9.0 9.0 11.0 11.0 9.0 9.0 11.0 11.0 9.0 9.0 11.0 11.0 9.0 9.0 11.0 11.0 11.0 
10.0 10.0 12.0 13.0 10.0 10.0 12.0 13.0 9.0 9.0 11.0 12.0 9.0 9.0 11.0 12.0 9.0 9.0 11.0 12.0 9.0 9.0 11.0 12.0 9.0 9.0 11.0 11.0 7.0 7.0 9.0 9.0 7.0 3.0 4.0 0 6.0 7.0 5.0 9.0 9.0 9.0 11.0 11.0 9.0 9.0 11.0 12.0 9.0 9.0 11.0 12.0 9.0 9.0 11.0 12.0 9.0 9.0 11.0 12.0 9.0 9.0 11.0 12.0 9.0 9.0 11.0 12.0 9.0 9.0 11.0 12.0 9.0 9.0 11.0 12.0 9.0 9.0 11.0 12.0 9.0 9.0 11.0 12.0 9.0 9.0 11.0 12.0 9.0 9.0 11.0 12.0 9.0 9.0 11.0 12.0 9.0 9.0 11.0 12.0 11.0 
13.0 12.0 10.0 10.0 12.0 12.0 10.0 10.0 12.0 11.0 9.0 9.0 12.0 11.0 9.0 9.0 12.0 11.0 9.0 9.0 12.0 11.0 9.0 9.0 12.0 11.0 9.0 9.0 11.0 11.0 9.0 9.0 9.0 5.0 7.0 6.0 0 4.0 3.0 7.0 9.0 9.0 7.0 7.0 11.0 11.0 9.0 9.0 12.0 11.0 9.0 9.0 12.0 11.0 9.0 9.0 12.0 11.0 9.0 9.0 12.0 11.0 9.0 9.0 12.0 11.0 9.0 9.0 12.0 11.0 9.0 9.0 12.0 11.0 9.0 9.0 12.0 11.0 9.0 9.0 12.0 11.0 9.0 9.0 12.0 11.0 9.0 9.0 12.0 11.0 9.0 9.0 12.0 11.0 9.0 9.0 12.0 11.0 9.0 9.0 11.0 
12.0 12.0 10.0 10.0 12.0 12.0 10.0 10.0 11.0 11.0 9.0 9.0 11.0 11.0 9.0 9.0 11.0 11.0 9.0 9.0 11.0 11.0 9.0 9.0 11.0 11.0 9.0 9.0 11.0 11.0 9.0 9.0 9.0 6.0 8.0 7.0 4.0 0 2.0 3.0 5.0 6.0 4.0 7.0 11.0 11.0 9.0 9.0 11.0 11.0 9.0 9.0 11.0 11.0 9.0 9.0 11.0 11.0 9.0 9.0 11.0 11.0 9.0 9.0 11.0 11.0 9.0 9.0 11.0 11.0 9.0 9.0 11.0 11.0 9.0 9.0 11.0 11.0 9.0 9.0 11.0 11.0 9.0 9.0 11.0 11.0 9.0 9.0 11.0 11.0 9.0 9.0 11.0 11.0 9.0 9.0 11.0 11.0 9.0 9.0 11.0 
10.0 10.0 12.0 12.0 10.0 10.0 12.0 12.0 9.0 9.0 11.0 11.0 9.0 9.0 11.0 11.0 9.0 9.0 11.0 11.0 9.0 9.0 11.0 11.0 9.0 9.0 11.0 11.0 9.0 9.0 11.0 11.0 7.0 4.0 6.0 5.0 3.0 2.0 0 4.0 7.0 8.0 6.0 9.0 9.0 9.0 11.0 11.0 9.0 9.0 11.0 11.0 9.0 9.0 11.0 11.0 9.0 9.0 11.0 11.0 9.0 9.0 11.0 11.0 9.0 9.0 11.0 11.0 9.0 9.0 11.0 11.0 9.0 9.0 11.0 11.0 9.0 9.0 11.0 11.0 9.0 9.0 11.0 11.0 9.0 9.0 11.0 11.0 9.0 9.0 11.0 11.0 9.0 9.0 11.0 11.0 9.0 9.0 11.0 11.0 11.0 
10.0 10.0 12.0 13.0 10.0 10.0 12.0 13.0 9.0 9.0 11.0 12.0 9.0 9.0 11.0 12.0 9.0 9.0 11.0 12.0 9.0 9.0 11.0 12.0 9.0 9.0 11.0 12.0 9.0 9.0 11.0 11.0 7.0 7.0 9.0 9.0 7.0 3.0 4.0 0 6.0 7.0 5.0 9.0 9.0 9.0 11.0 11.0 9.0 9.0 11.0 12.0 9.0 9.0 11.0 12.0 9.0 9.0 11.0 12.0 9.0 9.0 11.0 12.0 9.0 9.0 11.0 12.0 9.0 9.0 11.0 12.0 9.0 9.0 11.0 12.0 9.0 9.0 11.0 12.0 9.0 9.0 11.0 12.0 9.0 9.0 11.0 12.0 9.0 9.0 11.0 12.0 9.0 9.0 11.0 12.0 9.0 9.0 11.0 12.0 11.0 
13.0 12.0 10.0 10.0 12.0 12.0 10.0 10.0 12.0 11.0 9.0 9.0 12.0 11.0 9.0 9.0 12.0 11.0 9.0 9.0 12.0 11.0 9.0 9.0 12.0 11.0 9.0 9.0 12.0 11.0 9.0 9.0 11.0 11.0 9.0 9.0 9.0 5.0 7.0 6.0 0 4.0 3.0 7.0 9.0 9.0 7.0 7.0 11.0 11.0 9.0 9.0 12.0 11.0 9.0 9.0 12.0 11.0 9.0 9.0 12.0 11.0 9.0 9.0 12.0 11.0 9.0 9.0 12.0 11.0 9.0 9.0 12.0 11.0 9.0 9.0 12.0 11.0 9.0 9.0 12.0 11.0 9.0 9.0 12.0 11.0 9.0 9.0 12.0 11.0 9.0 9.0 12.0 11.0 9.0 9.0 12.0 11.0 9.0 9.0 11.0 
12.0 12.0 10.0 10.0 12.0 12.0 10.0 10.0 11.0 11.0 9.0 9.0 11.0 11.0 9.0 9.0 11.0 11.0 9.0 9.0 11.0 11.0 9.0 9.0 11.0 11.0 9.0 9.0 11.0 11.0 9.0 9.0 11.0 11.0 9.0 9.0 9.0 6.0 8.0 7.0 4.0 0 2.0 3.0 5.0 6.0 4.0 7.0 11.0 11.0 9.0 9.0 11.0 11.0 9.0 9.0 11.0 11.0 9.0 9.0 11.0 11.0 9.0 9.0 11.0 11.0 9.0 9.0 11.0 11.0 9.0 9.0 11.0 11.0 9.0 9.0 11.0 11.0 9.0 9.0 11.0 11.0 9.0 9.0 11.0 11.0 9.0 9.0 11.0 11.0 9.0 9.0 11.0 11.0 9.0 9.0 11.0 11.0 9.0 9.0 11.0 
10.0 10.0 12.0 12.0 10.0 10.0 12.0 12.0 9.0 9.0 11.0 11.0 9.0 9.0 11.0 11.0 9.0 9.0 11.0 11.0 9.0 9.0 11.0 11.0 9.0 9.0 11.0 11.0 9.0 9.0 11.0 11.0 9.0 9.0 11.0 11.0 7.0 4.0 6.0 5.0 3.0 2.0 0 4.0 7.0 8.0 6.0 9.0 9.0 9.0 11.0 11.0 9.0 9.0 11.0 11.0 9.0 9.0 11.0 11.0 9.0 9.0 11.0 11.0 9.0 9.0 11.0 11.0 9.0 9.0 11.0 11.0 9.0 9.0 11.0 11.0 9.0 9.0 11.0 11.0 9.0 9.0 11.0 11.0 9.0 9.0 11.0 11.0 9.0 9.0 11.0 11.0 9.0 9.0 11.0 11.0 9.0 9.0 11.0 11.0 11.0 
10.0 10.0 12.0 13.0 10.0 10.0 12.0 13.0 9.0 9.0 11.0 12.0 9.0 9.0 11.0 12.0 9.0 9.0 11.0 12.0 9.0 9.0 11.0 12.0 9.0 9.0 11.0 12.0 9.0 9.0 11.0 12.0 9.0 9.0 11.0 11.0 7.0 7.0 9.0 9.0 7.0 3.0 4.0 0 6.0 7.0 5.0 9.0 9.0 9.0 11.0 11.0 9.0 9.0 11.0 12.0 9.0 9.0 11.0 12.0 9.0 9.0 11.0 12.0 9.0 9.0 11.0 12.0 9.0 9.0 11.0 12.0 9.0 9.0 11.0 12.0 9.0 9.0 11.0 12.0 9.0 9.0 11.0 12.0 9.0 9.0 11.0 12.0 9.0 9.0 11.0 12.0 9.0 9.0 11.0 12.0 9.0 9.0 11.0 12.0 11.0 
13.0 12.0 10.0 10.0 12.0 12.0 10.0 10.0 12.0 11.0 9.0 9.0 12.0 11.0 9.0 9.0 12.0 11.0 9.0 9.0 12.0 11.0 9.0 9.0 12.0 11.0 9.0 9.0 12.0 11.0 9.0 9.0 12.0 11.0 9.0 9.0 11.0 11.0 9.0 9.0 9.0 5.0 7.0 6.0 0 4.0 3.0 7.0 9.0 9.0 7.0 7.0 11.0 11.0 9.0 9.0 12.0 11.0 9.0 9.0 12.0 11.0 9.0 9.0 12.0 11.0 9.0 9.0 12.0 11.0 9.0 9.0 12.0 11.0 9.0 9.0 12.0 11.0 9.0 9.0 12.0 11.0 9.0 9.0 12.0 11.0 9.0 9.0 12.0 11.0 9.0 9.0 12.0 11.0 9.0 9.0 12.0 11.0 9.0 9.0 11.0 
12.0 12.0 10.0 10.0 12.0 12.0 10.0 10.0 11.0 11.0 9.0 9.0 11.0 11.0 9.0 9.0 11.0 11.0 9.0 9.0 11.0 11.0 9.0 9.0 11.0 11.0 9.0 9.0 11.0 11.0 9.0 9.0 11.0 11.0 9.0 9.0 11.0 11.0 9.0 9.0 9.0 6.0 8.0 7.0 4.0 0 2.0 3.0 5.0 6.0 4.0 7.0 11.0 11.0 9.0 9.0 11.0 11.0 9.0 9.0 11.0 11.0 9.0 9.0 11.0 11.0 9.0 9.0 11.0 11.0 9.0 9.0 11.0 11.0 9.0 9.0 11.0 11.0 9.0 9.0 11.0 11.0 9.0 9.0 11.0 11.0 9.0 9.0 11.0 11.0 9.0 9.0 11.0 11.0 9.0 9.0 11.0 11.0 9.0 9.0 11.0 
10.0 10.0 12.0 12.0 10.0 10.0 12.0 12.0 9.0 9.0 11.0 11.0 9.0 9.0 11.0 11.0 9.0 9.0 11.0 11.0 9.0 9.0 11.0 11.0 9.0 9.0 11.0 11.0 9.0 9.0 11.0 11.0 9.0 9.0 11.0 11.0 9.0 9.0 11.0 11.0 7.0 4.0 6.0 5.0 3.0 2.0 0 4.0 7.0 8.0 6.0 9.0 9.0 9.0 11.0 11.0 9.0 9.0 11.0 11.0 9.0 9.0 11.0 11.0 9.0 9.0 11.0 11.0 9.0 9.0 11.0 11.0 9.0 9.0 11.0 11.0 9.0 9.0 11.0 11.0 9.0 9.0 11.0 11.0 9.0 9.0 11.0 11.0 9.0 9.0 11.0 11.0 9.0 9.0 11.0 11.0 9.0 9.0 11.0 11.0 11.0 
10.0 10.0 12.0 13.0 10.0 10.0 12.0 13.0 9.0 9.0 11.0 12.0 9.0 9.0 11.0 12.0 9.0 9.0 11.0 12.0 9.0 9.0 11.0 12.0 9.0 9.0 11.0 12.0 9.0 9.0 11.0 12.0 9.0 9.0 11.0 12.0 9.0 9.0 11.0 11.0 7.0 7.0 9.0 9.0 7.0 3.0 4.0 0 6.0 7.0 5.0 9.0 9.0 9.0 11.0 11.0 9.0 9.0 11.0 12.0 9.0 9.0 11.0 12.0 9.0 9.0 11.0 12.0 9.0 9.0 11.0 12.0 9.0 9.0 11.0 12.0 9.0 9.0 11.0 12.0 9.0 9.0 11.0 12.0 9.0 9.0 11.0 12.0 9.0 9.0 11.0 12.0 9.0 9.0 11.0 12.0 9.0 9.0 11.0 12.0 11.0 
13.0 12.0 10.0 10.0 12.0 12.0 10.0 10.0 12.0 11.0 9.0 9.0 12.0 11.0 9.0 9.0 12.0 11.0 9.0 9.0 12.0 11.0 9.0 9.0 12.0 11.0 9.0 9.0 12.0 11.0 9.0 9.0 12.0 11.0 9.0 9.0 12.0 11.0 9.0 9.0 11.0 11.0 9.0 9.0 9.0 5.0 7.0 6.0 0 4.0 3.0 7.0 9.0 9.0 7.0 7.0 11.0 11.0 9.0 9.0 12.0 11.0 9.0 9.0 12.0 11.0 9.0 9.0 12.0 11.0 9.0 9.0 12.0 11.0 9.0 9.0 12.0 11.0 9.0 9.0 12.0 11.0 9.0 9.0 12.0 11.0 9.0 9.0 12.0 11.0 9.0 9.0 12.0 11.0 9.0 9.0 12.0 11.0 9.0 9.0 11.0 
12.0 12.0 10.0 10.0 12.0 12.0 10.0 10.0 11.0 11.0 9.0 9.0 11.0 11.0 9.0 9.0 11.0 11.0 9.0 9.0 11.0 11.0 9.0 9.0 11.0 11.0 9.0 9.0 11.0 11.0 9.0 9.0 11.0 11.0 9.0 9.0 11.0 11.0 9.0 9.0 11.0 11.0 9.0 9.0 9.0 6.0 8.0 7.0 4.0 0 2.0 3.0 5.0 6.0 4.0 7.0 11.0 11.0 9.0 9.0 11.0 11.0 9.0 9.0 11.0 11.0 9.0 9.0 11.0 11.0 9.0 9.0 11.0 11.0 9.0 9.0 11.0 11.0 9.0 9.0 11.0 11.0 9.0 9.0 11.0 11.0 9.0 9.0 11.0 11.0 9.0 9.0 11.0 11.0 9.0 9.0 11.0 11.0 9.0 9.0 11.0 
10.0 10.0 12.0 12.0 10.0 10.0 12.0 12.0 9.0 9.0 11.0 11.0 9.0 9.0 11.0 11.0 9.0 9.0 11.0 11.0 9.0 9.0 11.0 11.0 9.0 9.0 11.0 11.0 9.0 9.0 11.0 11.0 9.0 9.0 11.0 11.0 9.0 9.0 11.0 11.0 9.0 9.0 11.0 11.0 7.0 4.0 6.0 5.0 3.0 2.0 0 4.0 7.0 8.0 6.0 9.0 9.0 9.0 11.0 11.0 9.0 9.0 11.0 11.0 9.0 9.0 11.0 11.0 9.0 9.0 11.0 11.0 9.0 9.0 11.0 11.0 9.0 9.0 11.0 11.0 9.0 9.0 11.0 11.0 9.0 9.0 11.0 11.0 9.0 9.0 11.0 11.0 9.0 9.0 11.0 11.0 9.0 9.0 11.0 11.0 11.0 
10.0 10.0 12.0 13.0 10.0 10.0 12.0 13.0 9.0 9.0 11.0 12.0 9.0 9.0 11.0 12.0 9.0 9.0 11.0 12.0 9.0 9.0 11.0 12.0 9.0 9.0 11.0 12.0 9.0 9.0 11.0 12.0 9.0 9.0 11.0 12.0 9.0 9.0 11.0 12.0 9.0 9.0 11.0 11.0 7.0 7.0 9.0 9.0 7.0 3.0 4.0 0 6.0 7.0 5.0 9.0 9.0 9.0 11.0 11.0 9.0 9.0 11.0 12.0 9.0 9.0 11.0 12.0 9.0 9.0 11.0 12.0 9.0 9.0 11.0 12.0 9.0 9.0 11.0 12.0 9.0 9.0 11.0 12.0 9.0 9.0 11.0 12.0 9.0 9.0 11.0 12.0 9.0 9.0 11.0 12.0 9.0 9.0 11.0 12.0 11.0 
13.0 12.0 10.0 10.0 12.0 12.0 10.0 10.0 12.0 11.0 9.0 9.0 12.0 11.0 9.0 9.0 12.0 11.0 9.0 9.0 12.0 11.0 9.0 9.0 12.0 11.0 9.0 9.0 12.0 11.0 9.0 9.0 12.0 11.0 9.0 9.0 12.0 11.0 9.0 9.0 12.0 11.0 9.0 9.0 11.0 11.0 9.0 9.0 9.0 5.0 7.0 6.0 0 4.0 3.0 7.0 9.0 9.0 7.0 7.0 11.0 11.0 9.0 9.0 12.0 11.0 9.0 9.0 12.0 11.0 9.0 9.0 12.0 11.0 9.0 9.0 12.0 11.0 9.0 9.0 12.0 11.0 9.0 9.0 12.0 11.0 9.0 9.0 12.0 11.0 9.0 9.0 12.0 11.0 9.0 9.0 12.0 11.0 9.0 9.0 11.0 
12.0 12.0 10.0 10.0 12.0 12.0 10.0 10.0 11.0 11.0 9.0 9.0 11.0 11.0 9.0 9.0 11.0 11.0 9.0 9.0 11.0 11.0 9.0 9.0 11.0 11.0 9.0 9.0 11.0 11.0 9.0 9.0 11.0 11.0 9.0 9.0 11.0 11.0 9.0 9.0 11.0 11.0 9.0 9.0 11.0 11.0 9.0 9.0 9.0 6.0 8.0 7.0 4.0 0 2.0 3.0 5.0 6.0 4.0 7.0 11.0 11.0 9.0 9.0 11.0 11.0 9.0 9.0 11.0 11.0 9.0 9.0 11.0 11.0 9.0 9.0 11.0 11.0 9.0 9.0 11.0 11.0 9.0 9.0 11.0 11.0 9.0 9.0 11.0 11.0 9.0 9.0 11.0 11.0 9.0 9.0 11.0 11.0 9.0 9.0 11.0 
10.0 10.0 12.0 12.0 10.0 10.0 12.0 12.0 9.0 9.0 11.0 11.0 9.0 9.0 11.0 11.0 9.0 9.0 11.0 11.0 9.0 9.0 11.0 11.0 9.0 9.0 11.0 11.0 9.0 9.0 11.0 11.0 9.0 9.0 11.0 11.0 9.0 9.0 11.0 11.0 9.0 9.0 11.0 11.0 9.0 9.0 11.0 11.0 7.0 4.0 6.0 5.0 3.0 2.0 0 4.0 7.0 8.0 6.0 9.0 9.0 9.0 11.0 11.0 9.0 9.0 11.0 11.0 9.0 9.0 11.0 11.0 9.0 9.0 11.0 11.0 9.0 9.0 11.0 11.0 9.0 9.0 11.0 11.0 9.0 9.0 11.0 11.0 9.0 9.0 11.0 11.0 9.0 9.0 11.0 11.0 9.0 9.0 11.0 11.0 11.0 
10.0 10.0 12.0 13.0 10.0 10.0 12.0 13.0 9.0 9.0 11.0 12.0 9.0 9.0 11.0 12.0 9.0 9.0 11.0 12.0 9.0 9.0 11.0 12.0 9.0 9.0 11.0 12.0 9.0 9.0 11.0 12.0 9.0 9.0 11.0 12.0 9.0 9.0 11.0 12.0 9.0 9.0 11.0 12.0 9.0 9.0 11.0 11.0 7.0 7.0 9.0 9.0 7.0 3.0 4.0 0 6.0 7.0 5.0 9.0 9.0 9.0 11.0 11.0 9.0 9.0 11.0 12.0 9.0 9.0 11.0 12.0 9.0 9.0 11.0 12.0 9.0 9.0 11.0 12.0 9.0 9.0 11.0 12.0 9.0 9.0 11.0 12.0 9.0 9.0 11.0 12.0 9.0 9.0 11.0 12.0 9.0 9.0 11.0 12.0 11.0 
13.0 12.0 10.0 10.0 12.0 12.0 10.0 10.0 12.0 11.0 9.0 9.0 12.0 11.0 9.0 9.0 12.0 11.0 9.0 9.0 12.0 11.0 9.0 9.0 12.0 11.0 9.0 9.0 12.0 11.0 9.0 9.0 12.0 11.0 9.0 9.0 12.0 11.0 9.0 9.0 12.0 11.0 9.0 9.0 12.0 11.0 9.0 9.0 11.0 11.0 9.0 9.0 9.0 5.0 7.0 6.0 0 4.0 3.0 7.0 9.0 9.0 7.0 7.0 11.0 11.0 9.0 9.0 12.0 11.0 9.0 9.0 12.0 11.0 9.0 9.0 12.0 11.0 9.0 9.0 12.0 11.0 9.0 9.0 12.0 11.0 9.0 9.0 12.0 11.0 9.0 9.0 12.0 11.0 9.0 9.0 12.0 11.0 9.0 9.0 11.0 
12.0 12.0 10.0 10.0 12.0 12.0 10.0 10.0 11.0 11.0 9.0 9.0 11.0 11.0 9.0 9.0 11.0 11.0 9.0 9.0 11.0 11.0 9.0 9.0 11.0 11.0 9.0 9.0 11.0 11.0 9.0 9.0 11.0 11.0 9.0 9.0 11.0 11.0 9.0 9.0 11.0 11.0 9.0 9.0 11.0 11.0 9.0 9.0 11.0 11.0 9.0 9.0 9.0 6.0 8.0 7.0 4.0 0 2.0 3.0 5.0 6.0 4.0 7.0 11.0 11.0 9.0 9.0 11.0 11.0 9.0 9.0 11.0 11.0 9.0 9.0 11.0 11.0 9.0 9.0 11.0 11.0 9.0 9.0 11.0 11.0 9.0 9.0 11.0 11.0 9.0 9.0 11.0 11.0 9.0 9.0 11.0 11.0 9.0 9.0 11.0 
10.0 10.0 12.0 12.0 10.0 10.0 12.0 12.0 9.0 9.0 11.0 11.0 9.0 9.0 11.0 11.0 9.0 9.0 11.0 11.0 9.0 9.0 11.0 11.0 9.0 9.0 11.0 11.0 9.0 9.0 11.0 11.0 9.0 9.0 11.0 11.0 9.0 9.0 11.0 11.0 9.0 9.0 11.0 11.0 9.0 9.0 11.0 11.0 9.0 9.0 11.0 11.0 7.0 4.0 6.0 5.0 3.0 2.0 0 4.0 7.0 8.0 6.0 9.0 9.0 9.0 11.0 11.0 9.0 9.0 11.0 11.0 9.0 9.0 11.0 11.0 9.0 9.0 11.0 11.0 9.0 9.0 11.0 11.0 9.0 9.0 11.0 11.0 9.0 9.0 11.0 11.0 9.0 9.0 11.0 11.0 9.0 9.0 11.0 11.0 11.0 
10.0 10.0 12.0 13.0 10.0 10.0 12.0 13.0 9.0 9.0 11.0 12.0 9.0 9.0 11.0 12.0 9.0 9.0 11.0 12.0 9.0 9.0 11.0 12.0 9.0 9.0 11.0 12.0 9.0 9.0 11.0 12.0 9.0 9.0 11.0 12.0 9.0 9.0 11.0 12.0 9.0 9.0 11.0 12.0 9.0 9.0 11.0 12.0 9.0 9.0 11.0 11.0 7.0 7.0 9.0 9.0 7.0 3.0 4.0 0 6.0 7.0 5.0 9.0 9.0 9.0 11.0 11.0 9.0 9.0 11.0 12.0 9.0 9.0 11.0 12.0 9.0 9.0 11.0 12.0 9.0 9.0 11.0 12.0 9.0 9.0 11.0 12.0 9.0 9.0 11.0 12.0 9.0 9.0 11.0 12.0 9.0 9.0 11.0 12.0 11.0 
13.0 12.0 10.0 10.0 12.0 12.0 10.0 10.0 12.0 11.0 9.0 9.0 12.0 11.0 9.0 9.0 12.0 11.0 9.0 9.0 12.0 11.0 9.0 9.0 12.0 11.0 9.0 9.0 12.0 11.0 9.0 9.0 12.0 11.0 9.0 9.0 12.0 11.0 9.0 9.0 12.0 11.0 9.0 9.0 12.0 11.0 9.0 9.0 12.0 11.0 9.0 9.0 11.0 11.0 9.0 9.0 9.0 5.0 7.0 6.0 0 4.0 3.0 7.0 9.0 9.0 7.0 7.0 11.0 11.0 9.0 9.0 12.0 11.0 9.0 9.0 12.0 11.0 9.0 9.0 12.0 11.0 9.0 9.0 12.0 11.0 9.0 9.0 12.0 11.0 9.0 9.0 12.0 11.0 9.0 9.0 12.0 11.0 9.0 9.0 11.0 
12.0 12.0 10.0 10.0 12.0 12.0 10.0 10.0 11.0 11.0 9.0 9.0 11.0 11.0 9.0 9.0 11.0 11.0 9.0 9.0 11.0 11.0 9.0 9.0 11.0 11.0 9.0 9.0 11.0 11.0 9.0 9.0 11.0 11.0 9.0 9.0 11.0 11.0 9.0 9.0 11.0 11.0 9.0 9.0 11.0 11.0 9.0 9.0 11.0 11.0 9.0 9.0 11.0 11.0 9.0 9.0 9.0 6.0 8.0 7.0 4.0 0 2.0 3.0 5.0 6.0 4.0 7.0 11.0 11.0 9.0 9.0 11.0 11.0 9.0 9.0 11.0 11.0 9.0 9.0 11.0 11.0 9.0 9.0 11.0 11.0 9.0 9.0 11.0 11.0 9.0 9.0 11.0 11.0 9.0 9.0 11.0 11.0 9.0 9.0 11.0 
10.0 10.0 12.0 12.0 10.0 10.0 12.0 12.0 9.0 9.0 11.0 11.0 9.0 9.0 11.0 11.0 9.0 9.0 11.0 11.0 9.0 9.0 11.0 11.0 9.0 9.0 11.0 11.0 9.0 9.0 11.0 11.0 9.0 9.0 11.0 11.0 9.0 9.0 11.0 11.0 9.0 9.0 11.0 11.0 9.0 9.0 11.0 11.0 9.0 9.0 11.0 11.0 9.0 9.0 11.0 11.0 7.0 4.0 6.0 5.0 3.0 2.0 0 4.0 7.0 8.0 6.0 9.0 9.0 9.0 11.0 11.0 9.0 9.0 11.0 11.0 9.0 9.0 11.0 11.0 9.0 9.0 11.0 11.0 9.0 9.0 11.0 11.0 9.0 9.0 11.0 11.0 9.0 9.0 11.0 11.0 9.0 9.0 11.0 11.0 11.0 
10.0 10.0 12.0 13.0 10.0 10.0 12.0 13.0 9.0 9.0 11.0 12.0 9.0 9.0 11.0 12.0 9.0 9.0 11.0 12.0 9.0 9.0 11.0 12.0 9.0 9.0 11.0 12.0 9.0 9.0 11.0 12.0 9.0 9.0 11.0 12.0 9.0 9.0 11.0 12.0 9.0 9.0 11.0 12.0 9.0 9.0 11.0 12.0 9.0 9.0 11.0 12.0 9.0 9.0 11.0 11.0 7.0 7.0 9.0 9.0 7.0 3.0 4.0 0 6.0 7.0 5.0 9.0 9.0 9.0 11.0 11.0 9.0 9.0 11.0 12.0 9.0 9.0 11.0 12.0 9.0 9.0 11.0 12.0 9.0 9.0 11.0 12.0 9.0 9.0 11.0 12.0 9.0 9.0 11.0 12.0 9.0 9.0 11.0 12.0 11.0 
13.0 12.0 10.0 10.0 12.0 12.0 10.0 10.0 12.0 11.0 9.0 9.0 12.0 11.0 9.0 9.0 12.0 11.0 9.0 9.0 12.0 11.0 9.0 9.0 12.0 11.0 9.0 9.0 12.0 11.0 9.0 9.0 12.0 11.0 9.0 9.0 12.0 11.0 9.0 9.0 12.0 11.0 9.0 9.0 12.0 11.0 9.0 9.0 12.0 11.0 9.0 9.0 12.0 11.0 9.0 9.0 11.0 11.0 9.0 9.0 9.0 5.0 7.0 6.0 0 4.0 3.0 7.0 9.0 9.0 7.0 7.0 11.0 11.0 9.0 9.0 12.0 11.0 9.0 9.0 12.0 11.0 9.0 9.0 12.0 11.0 9.0 9.0 12.0 11.0 9.0 9.0 12.0 11.0 9.0 9.0 12.0 11.0 9.0 9.0 11.0 
12.0 12.0 10.0 10.0 12.0 12.0 10.0 10.0 11.0 11.0 9.0 9.0 11.0 11.0 9.0 9.0 11.0 11.0 9.0 9.0 11.0 11.0 9.0 9.0 11.0 11.0 9.0 9.0 11.0 11.0 9.0 9.0 11.0 11.0 9.0 9.0 11.0 11.0 9.0 9.0 11.0 11.0 9.0 9.0 11.0 11.0 9.0 9.0 11.0 11.0 9.0 9.0 11.0 11.0 9.0 9.0 11.0 11.0 9.0 9.0 9.0 6.0 8.0 7.0 4.0 0 2.0 3.0 5.0 6.0 4.0 7.0 11.0 11.0 9.0 9.0 11.0 11.0 9.0 9.0 11.0 11.0 9.0 9.0 11.0 11.0 9.0 9.0 11.0 11.0 9.0 9.0 11.0 11.0 9.0 9.0 11.0 11.0 9.0 9.0 11.0 
10.0 10.0 12.0 12.0 10.0 10.0 12.0 12.0 9.0 9.0 11.0 11.0 9.0 9.0 11.0 11.0 9.0 9.0 11.0 11.0 9.0 9.0 11.0 11.0 9.0 9.0 11.0 11.0 9.0 9.0 11.0 11.0 9.0 9.0 11.0 11.0 9.0 9.0 11.0 11.0 9.0 9.0 11.0 11.0 9.0 9.0 11.0 11.0 9.0 9.0 11.0 11.0 9.0 9.0 11.0 11.0 9.0 9.0 11.0 11.0 7.0 4.0 6.0 5.0 3.0 2.0 0 4.0 7.0 8.0 6.0 9.0 9.0 9.0 11.0 11.0 9.0 9.0 11.0 11.0 9.0 9.0 11.0 11.0 9.0 9.0 11.0 11.0 9.0 9.0 11.0 11.0 9.0 9.0 11.0 11.0 9.0 9.0 11.0 11.0 11.0 
10.0 10.0 12.0 13.0 10.0 10.0 12.0 13.0 9.0 9.0 11.0 12.0 9.0 9.0 11.0 12.0 9.0 9.0 11.0 12.0 9.0 9.0 11.0 12.0 9.0 9.0 11.0 12.0 9.0 9.0 11.0 12.0 9.0 9.0 11.0 12.0 9.0 9.0 11.0 12.0 9.0 9.0 11.0 12.0 9.0 9.0 11.0 12.0 9.0 9.0 11.0 12.0 9.0 9.0 11.0 12.0 9.0 9.0 11.0 11.0 7.0 7.0 9.0 9.0 7.0 3.0 4.0 0 6.0 7.0 5.0 9.0 9.0 9.0 11.0 11.0 9.0 9.0 11.0 12.0 9.0 9.0 11.0 12.0 9.0 9.0 11.0 12.0 9.0 9.0 11.0 12.0 9.0 9.0 11.0 12.0 9.0 9.0 11.0 12.0 11.0 
13.0 12.0 10.0 10.0 12.0 12.0 10.0 10.0 12.0 11.0 9.0 9.0 12.0 11.0 9.0 9.0 12.0 11.0 9.0 9.0 12.0 11.0 9.0 9.0 12.0 11.0 9.0 9.0 12.0 11.0 9.0 9.0 12.0 11.0 9.0 9.0 12.0 11.0 9.0 9.0 12.0 11.0 9.0 9.0 12.0 11.0 9.0 9.0 12.0 11.0 9.0 9.0 12.0 11.0 9.0 9.0 12.0 11.0 9.0 9.0 11.0 11.0 9.0 9.0 9.0 5.0 7.0 6.0 0 4.0 3.0 7.0 9.0 9.0 7.0 7.0 11.0 11.0 9.0 9.0 12.0 11.0 9.0 9.0 12.0 11.0 9.0 9.0 12.0 11.0 9.0 9.0 12.0 11.0 9.0 9.0 12.0 11.0 9.0 9.0 11.0 
12.0 12.0 10.0 10.0 12.0 12.0 10.0 10.0 11.0 11.0 9.0 9.0 11.0 11.0 9.0 9.0 11.0 11.0 9.0 9.0 11.0 11.0 9.0 9.0 11.0 11.0 9.0 9.0 11.0 11.0 9.0 9.0 11.0 11.0 9.0 9.0 11.0 11.0 9.0 9.0 11.0 11.0 9.0 9.0 11.0 11.0 9.0 9.0 11.0 11.0 9.0 9.0 11.0 11.0 9.0 9.0 11.0 11.0 9.0 9.0 11.0 11.0 9.0 9.0 9.0 6.0 8.0 7.0 4.0 0 2.0 3.0 5.0 6.0 4.0 7.0 11.0 11.0 9.0 9.0 11.0 11.0 9.0 9.0 11.0 11.0 9.0 9.0 11.0 11.0 9.0 9.0 11.0 11.0 9.0 9.0 11.0 11.0 9.0 9.0 11.0 
10.0 10.0 12.0 12.0 10.0 10.0 12.0 12.0 9.0 9.0 11.0 11.0 9.0 9.0 11.0 11.0 9.0 9.0 11.0 11.0 9.0 9.0 11.0 11.0 9.0 9.0 11.0 11.0 9.0 9.0 11.0 11.0 9.0 9.0 11.0 11.0 9.0 9.0 11.0 11.0 9.0 9.0 11.0 11.0 9.0 9.0 11.0 11.0 9.0 9.0 11.0 11.0 9.0 9.0 11.0 11.0 9.0 9.0 11.0 11.0 9.0 9.0 11.0 11.0 7.0 4.0 6.0 5.0 3.0 2.0 0 4.0 7.0 8.0 6.0 9.0 9.0 9.0 11.0 11.0 9.0 9.0 11.0 11.0 9.0 9.0 11.0 11.0 9.0 9.0 11.0 11.0 9.0 9.0 11.0 11.0 9.0 9.0 11.0 11.0 11.0 
10.0 10.0 12.0 13.0 10.0 10.0 12.0 13.0 9.0 9.0 11.0 12.0 9.0 9.0 11.0 12.0 9.0 9.0 11.0 12.0 9.0 9.0 11.0 12.0 9.0 9.0 11.0 12.0 9.0 9.0 11.0 12.0 9.0 9.0 11.0 12.0 9.0 9.0 11.0 12.0 9.0 9.0 11.0 12.0 9.0 9.0 11.0 12.0 9.0 9.0 11.0 12.0 9.0 9.0 11.0 12.0 9.0 9.0 11.0 12.0 9.0 9.0 11.0 11.0 7.0 7.0 9.0 9.0 7.0 3.0 4.0 0 6.0 7.0 5.0 9.0 9.0 9.0 11.0 11.0 9.0 9.0 11.0 12.0 9.0 9.0 11.0 12.0 9.0 9.0 11.0 12.0 9.0 9.0 11.0 12.0 9.0 9.0 11.0 12.0 11.0 
13.0 12.0 10.0 10.0 12.0 12.0 10.0 10.0 12.0 11.0 9.0 9.0 12.0 11.0 9.0 9.0 12.0 11.0 9.0 9.0 12.0 11.0 9.0 9.0 12.0 11.0 9.0 9.0 12.0 11.0 9.0 9.0 12.0 11.0 9.0 9.0 12.0 11.0 9.0 9.0 12.0 11.0 9.0 9.0 12.0 11.0 9.0 9.0 12.0 11.0 9.0 9.0 12.0 11.0 9.0 9.0 12.0 11.0 9.0 9.0 12.0 11.0 9.0 9.0 11.0 11.0 9.0 9.0 9.0 5.0 7.0 6.0 0 4.0 3.0 7.0 9.0 9.0 7.0 7.0 11.0 11.0 9.0 9.0 12.0 11.0 9.0 9.0 12.0 11.0 9.0 9.0 12.0 11.0 9.0 9.0 12.0 11.0 9.0 9.0 11.0 
12.0 12.0 10.0 10.0 12.0 12.0 10.0 10.0 11.0 11.0 9.0 9.0 11.0 11.0 9.0 9.0 11.0 11.0 9.0 9.0 11.0 11.0 9.0 9.0 11.0 11.0 9.0 9.0 11.0 11.0 9.0 9.0 11.0 11.0 9.0 9.0 11.0 11.0 9.0 9.0 11.0 11.0 9.0 9.0 11.0 11.0 9.0 9.0 11.0 11.0 9.0 9.0 11.0 11.0 9.0 9.0 11.0 11.0 9.0 9.0 11.0 11.0 9.0 9.0 11.0 11.0 9.0 9.0 9.0 6.0 8.0 7.0 4.0 0 2.0 3.0 5.0 6.0 4.0 7.0 11.0 11.0 9.0 9.0 11.0 11.0 9.0 9.0 11.0 11.0 9.0 9.0 11.0 11.0 9.0 9.0 11.0 11.0 9.0 9.0 11.0 
10.0 10.0 12.0 12.0 10.0 10.0 12.0 12.0 9.0 9.0 11.0 11.0 9.0 9.0 11.0 11.0 9.0 9.0 11.0 11.0 9.0 9.0 11.0 11.0 9.0 9.0 11.0 11.0 9.0 9.0 11.0 11.0 9.0 9.0 11.0 11.0 9.0 9.0 11.0 11.0 9.0 9.0 11.0 11.0 9.0 9.0 11.0 11.0 9.0 9.0 11.0 11.0 9.0 9.0 11.0 11.0 9.0 9.0 11.0 11.0 9.0 9.0 11.0 11.0 9.0 9.0 11.0 11.0 7.0 4.0 6.0 5.0 3.0 2.0 0 4.0 7.0 8.0 6.0 9.0 9.0 9.0 11.0 11.0 9.0 9.0 11.0 11.0 9.0 9.0 11.0 11.0 9.0 9.0 11.0 11.0 9.0 9.0 11.0 11.0 11.0 
10.0 10.0 12.0 13.0 10.0 10.0 12.0 13.0 9.0 9.0 11.0 12.0 9.0 9.0 11.0 12.0 9.0 9.0 11.0 12.0 9.0 9.0 11.0 12.0 9.0 9.0 11.0 12.0 9.0 9.0 11.0 12.0 9.0 9.0 11.0 12.0 9.0 9.0 11.0 12.0 9.0 9.0 11.0 12.0 9.0 9.0 11.0 12.0 9.0 9.0 11.0 12.0 9.0 9.0 11.0 12.0 9.0 9.0 11.0 12.0 9.0 9.0 11.0 12.0 9.0 9.0 11.0 11.0 7.0 7.0 9.0 9.0 7.0 3.0 4.0 0 6.0 7.0 5.0 9.0 9.0 9.0 11.0 11.0 9.0 9.0 11.0 12.0 9.0 9.0 11.0 12.0 9.0 9.0 11.0 12.0 9.0 9.0 11.0 12.0 11.0 
13.0 12.0 10.0 10.0 12.0 12.0 10.0 10.0 12.0 11.0 9.0 9.0 12.0 11.0 9.0 9.0 12.0 11.0 9.0 9.0 12.0 11.0 9.0 9.0 12.0 11.0 9.0 9.0 12.0 11.0 9.0 9.0 12.0 11.0 9.0 9.0 12.0 11.0 9.0 9.0 12.0 11.0 9.0 9.0 12.0 11.0 9.0 9.0 12.0 11.0 9.0 9.0 12.0 11.0 9.0 9.0 12.0 11.0 9.0 9.0 12.0 11.0 9.0 9.0 12.0 11.0 9.0 9.0 11.0 11.0 9.0 9.0 9.0 5.0 7.0 6.0 0 4.0 3.0 7.0 9.0 9.0 7.0 7.0 11.0 11.0 9.0 9.0 12.0 11.0 9.0 9.0 12.0 11.0 9.0 9.0 12.0 11.0 9.0 9.0 11.0 
12.0 12.0 10.0 10.0 12.0 12.0 10.0 10.0 11.0 11.0 9.0 9.0 11.0 11.0 9.0 9.0 11.0 11.0 9.0 9.0 11.0 11.0 9.0 9.0 11.0 11.0 9.0 9.0 11.0 11.0 9.0 9.0 11.0 11.0 9.0 9.0 11.0 11.0 9.0 9.0 11.0 11.0 9.0 9.0 11.0 11.0 9.0 9.0 11.0 11.0 9.0 9.0 11.0 11.0 9.0 9.0 11.0 11.0 9.0 9.0 11.0 11.0 9.0 9.0 11.0 11.0 9.0 9.0 11.0 11.0 9.0 9.0 9.0 6.0 8.0 7.0 4.0 0 2.0 3.0 5.0 6.0 4.0 7.0 11.0 11.0 9.0 9.0 11.0 11.0 9.0 9.0 11.0 11.0 9.0 9.0 11.0 11.0 9.0 9.0 11.0 
10.0 10.0 12.0 12.0 10.0 10.0 12.0 12.0 9.0 9.0 11.0 11.0 9.0 9.0 11.0 11.0 9.0 9.0 11.0 11.0 9.0 9.0 11.0 11.0 9.0 9.0 11.0 11.0 9.0 9.0 11.0 11.0 9.0 9.0 11.0 11.0 9.0 9.0 11.0 11.0 9.0 9.0 11.0 11.0 9.0 9.0 11.0 11.0 9.0 9.0 11.0 11.0 9.0 9.0 11.0 11.0 9.0 9.0 11.0 11.0 9.0 9.0 11.0 11.0 9.0 9.0 11.0 11.0 9.0 9.0 11.0 11.0 7.0 4.0 6.0 5.0 3.0 2.0 0 4.0 7.0 8.0 6.0 9.0 9.0 9.0 11.0 11.0 9.0 9.0 11.0 11.0 9.0 9.0 11.0 11.0 9.0 9.0 11.0 11.0 11.0 
10.0 10.0 12.0 13.0 10.0 10.0 12.0 13.0 9.0 9.0 11.0 12.0 9.0 9.0 11.0 12.0 9.0 9.0 11.0 12.0 9.0 9.0 11.0 12.0 9.0 9.0 11.0 12.0 9.0 9.0 11.0 12.0 9.0 9.0 11.0 12.0 9.0 9.0 11.0 12.0 9.0 9.0 11.0 12.0 9.0 9.0 11.0 12.0 9.0 9.0 11.0 12.0 9.0 9.0 11.0 12.0 9.0 9.0 11.0 12.0 9.0 9.0 11.0 12.0 9.0 9.0 11.0 12.0 9.0 9.0 11.0 11.0 7.0 7.0 9.0 9.0 7.0 3.0 4.0 0 6.0 7.0 5.0 9.0 9.0 9.0 11.0 11.0 9.0 9.0 11.0 12.0 9.0 9.0 11.0 12.0 9.0 9.0 11.0 12.0 11.0 
13.0 12.0 10.0 10.0 12.0 12.0 10.0 10.0 12.0 11.0 9.0 9.0 12.0 11.0 9.0 9.0 12.0 11.0 9.0 9.0 12.0 11.0 9.0 9.0 12.0 11.0 9.0 9.0 12.0 11.0 9.0 9.0 12.0 11.0 9.0 9.0 12.0 11.0 9.0 9.0 12.0 11.0 9.0 9.0 12.0 11.0 9.0 9.0 12.0 11.0 9.0 9.0 12.0 11.0 9.0 9.0 12.0 11.0 9.0 9.0 12.0 11.0 9.0 9.0 12.0 11.0 9.0 9.0 12.0 11.0 9.0 9.0 11.0 11.0 9.0 9.0 9.0 5.0 7.0 6.0 0 4.0 3.0 7.0 9.0 9.0 7.0 7.0 11.0 11.0 9.0 9.0 12.0 11.0 9.0 9.0 12.0 11.0 9.0 9.0 11.0 
12.0 12.0 10.0 10.0 12.0 12.0 10.0 10.0 11.0 11.0 9.0 9.0 11.0 11.0 9.0 9.0 11.0 11.0 9.0 9.0 11.0 11.0 9.0 9.0 11.0 11.0 9.0 9.0 11.0 11.0 9.0 9.0 11.0 11.0 9.0 9.0 11.0 11.0 9.0 9.0 11.0 11.0 9.0 9.0 11.0 11.0 9.0 9.0 11.0 11.0 9.0 9.0 11.0 11.0 9.0 9.0 11.0 11.0 9.0 9.0 11.0 11.0 9.0 9.0 11.0 11.0 9.0 9.0 11.0 11.0 9.0 9.0 11.0 11.0 9.0 9.0 9.0 6.0 8.0 7.0 4.0 0 2.0 3.0 5.0 6.0 4.0 7.0 11.0 11.0 9.0 9.0 11.0 11.0 9.0 9.0 11.0 11.0 9.0 9.0 11.0 
10.0 10.0 12.0 12.0 10.0 10.0 12.0 12.0 9.0 9.0 11.0 11.0 9.0 9.0 11.0 11.0 9.0 9.0 11.0 11.0 9.0 9.0 11.0 11.0 9.0 9.0 11.0 11.0 9.0 9.0 11.0 11.0 9.0 9.0 11.0 11.0 9.0 9.0 11.0 11.0 9.0 9.0 11.0 11.0 9.0 9.0 11.0 11.0 9.0 9.0 11.0 11.0 9.0 9.0 11.0 11.0 9.0 9.0 11.0 11.0 9.0 9.0 11.0 11.0 9.0 9.0 11.0 11.0 9.0 9.0 11.0 11.0 9.0 9.0 11.0 11.0 7.0 4.0 6.0 5.0 3.0 2.0 0 4.0 7.0 8.0 6.0 9.0 9.0 9.0 11.0 11.0 9.0 9.0 11.0 11.0 9.0 9.0 11.0 11.0 11.0 
10.0 10.0 12.0 13.0 10.0 10.0 12.0 13.0 9.0 9.0 11.0 12.0 9.0 9.0 11.0 12.0 9.0 9.0 11.0 12.0 9.0 9.0 11.0 12.0 9.0 9.0 11.0 12.0 9.0 9.0 11.0 12.0 9.0 9.0 11.0 12.0 9.0 9.0 11.0 12.0 9.0 9.0 11.0 12.0 9.0 9.0 11.0 12.0 9.0 9.0 11.0 12.0 9.0 9.0 11.0 12.0 9.0 9.0 11.0 12.0 9.0 9.0 11.0 12.0 9.0 9.0 11.0 12.0 9.0 9.0 11.0 12.0 9.0 9.0 11.0 11.0 7.0 7.0 9.0 9.0 7.0 3.0 4.0 0 6.0 7.0 5.0 9.0 9.0 9.0 11.0 11.0 9.0 9.0 11.0 12.0 9.0 9.0 11.0 12.0 11.0 
13.0 12.0 10.0 10.0 12.0 12.0 10.0 10.0 12.0 11.0 9.0 9.0 12.0 11.0 9.0 9.0 12.0 11.0 9.0 9.0 12.0 11.0 9.0 9.0 12.0 11.0 9.0 9.0 12.0 11.0 9.0 9.0 12.0 11.0 9.0 9.0 12.0 11.0 9.0 9.0 12.0 11.0 9.0 9.0 12.0 11.0 9.0 9.0 12.0 11.0 9.0 9.0 12.0 11.0 9.0 9.0 12.0 11.0 9.0 9.0 12.0 11.0 9.0 9.0 12.0 11.0 9.0 9.0 12.0 11.0 9.0 9.0 12.0 11.0 9.0 9.0 11.0 11.0 9.0 9.0 9.0 5.0 7.0 6.0 0 4.0 3.0 7.0 9.0 9.0 7.0 7.0 11.0 11.0 9.0 9.0 12.0 11.0 9.0 9.0 11.0 
12.0 12.0 10.0 10.0 12.0 12.0 10.0 10.0 11.0 11.0 9.0 9.0 11.0 11.0 9.0 9.0 11.0 11.0 9.0 9.0 11.0 11.0 9.0 9.0 11.0 11.0 9.0 9.0 11.0 11.0 9.0 9.0 11.0 11.0 9.0 9.0 11.0 11.0 9.0 9.0 11.0 11.0 9.0 9.0 11.0 11.0 9.0 9.0 11.0 11.0 9.0 9.0 11.0 11.0 9.0 9.0 11.0 11.0 9.0 9.0 11.0 11.0 9.0 9.0 11.0 11.0 9.0 9.0 11.0 11.0 9.0 9.0 11.0 11.0 9.0 9.0 11.0 11.0 9.0 9.0 9.0 6.0 8.0 7.0 4.0 0 2.0 3.0 5.0 6.0 4.0 7.0 11.0 11.0 9.0 9.0 11.0 11.0 9.0 9.0 11.0 
10.0 10.0 12.0 12.0 10.0 10.0 12.0 12.0 9.0 9.0 11.0 11.0 9.0 9.0 11.0 11.0 9.0 9.0 11.0 11.0 9.0 9.0 11.0 11.0 9.0 9.0 11.0 11.0 9.0 9.0 11.0 11.0 9.0 9.0 11.0 11.0 9.0 9.0 11.0 11.0 9.0 9.0 11.0 11.0 9.0 9.0 11.0 11.0 9.0 9.0 11.0 11.0 9.0 9.0 11.0 11.0 9.0 9.0 11.0 11.0 9.0 9.0 11.0 11.0 9.0 9.0 11.0 11.0 9.0 9.0 11.0 11.0 9.0 9.0 11.0 11.0 9.0 9.0 11.0 11.0 7.0 4.0 6.0 5.0 3.0 2.0 0 4.0 7.0 8.0 6.0 9.0 9.0 9.0 11.0 11.0 9.0 9.0 11.0 11.0 11.0 
10.0 10.0 12.0 13.0 10.0 10.0 12.0 13.0 9.0 9.0 11.0 12.0 9.0 9.0 11.0 12.0 9.0 9.0 11.0 12.0 9.0 9.0 11.0 12.0 9.0 9.0 11.0 12.0 9.0 9.0 11.0 12.0 9.0 9.0 11.0 12.0 9.0 9.0 11.0 12.0 9.0 9.0 11.0 12.0 9.0 9.0 11.0 12.0 9.0 9.0 11.0 12.0 9.0 9.0 11.0 12.0 9.0 9.0 11.0 12.0 9.0 9.0 11.0 12.0 9.0 9.0 11.0 12.0 9.0 9.0 11.0 12.0 9.0 9.0 11.0 12.0 9.0 9.0 11.0 11.0 7.0 7.0 9.0 9.0 7.0 3.0 4.0 0 6.0 7.0 5.0 9.0 9.0 9.0 11.0 11.0 9.0 9.0 11.0 12.0 11.0 
13.0 12.0 10.0 10.0 12.0 12.0 10.0 10.0 12.0 11.0 9.0 9.0 12.0 11.0 9.0 9.0 12.0 11.0 9.0 9.0 12.0 11.0 9.0 9.0 12.0 11.0 9.0 9.0 12.0 11.0 9.0 9.0 12.0 11.0 9.0 9.0 12.0 11.0 9.0 9.0 12.0 11.0 9.0 9.0 12.0 11.0 9.0 9.0 12.0 11.0 9.0 9.0 12.0 11.0 9.0 9.0 12.0 11.0 9.0 9.0 12.0 11.0 9.0 9.0 12.0 11.0 9.0 9.0 12.0 11.0 9.0 9.0 12.0 11.0 9.0 9.0 12.0 11.0 9.0 9.0 11.0 11.0 9.0 9.0 9.0 5.0 7.0 6.0 0 4.0 3.0 7.0 9.0 9.0 7.0 7.0 11.0 11.0 9.0 9.0 11.0 
12.0 12.0 10.0 10.0 12.0 12.0 10.0 10.0 11.0 11.0 9.0 9.0 11.0 11.0 9.0 9.0 11.0 11.0 9.0 9.0 11.0 11.0 9.0 9.0 11.0 11.0 9.0 9.0 11.0 11.0 9.0 9.0 11.0 11.0 9.0 9.0 11.0 11.0 9.0 9.0 11.0 11.0 9.0 9.0 11.0 11.0 9.0 9.0 11.0 11.0 9.0 9.0 11.0 11.0 9.0 9.0 11.0 11.0 9.0 9.0 11.0 11.0 9.0 9.0 11.0 11.0 9.0 9.0 11.0 11.0 9.0 9.0 11.0 11.0 9.0 9.0 11.0 11.0 9.0 9.0 11.0 11.0 9.0 9.0 9.0 6.0 8.0 7.0 4.0 0 2.0 3.0 5.0 6.0 4.0 7.0 11.0 11.0 9.0 9.0 11.0 
10.0 10.0 12.0 12.0 10.0 10.0 12.0 12.0 9.0 9.0 11.0 11.0 9.0 9.0 11.0 11.0 9.0 9.0 11.0 11.0 9.0 9.0 11.0 11.0 9.0 9.0 11.0 11.0 9.0 9.0 11.0 11.0 9.0 9.0 11.0 11.0 9.0 9.0 11.0 11.0 9.0 9.0 11.0 11.0 9.0 9.0 11.0 11.0 9.0 9.0 11.0 11.0 9.0 9.0 11.0 11.0 9.0 9.0 11.0 11.0 9.0 9.0 11.0 11.0 9.0 9.0 11.0 11.0 9.0 9.0 11.0 11.0 9.0 9.0 11.0 11.0 9.0 9.0 11.0 11.0 9.0 9.0 11.0 11.0 7.0 4.0 6.0 5.0 3.0 2.0 0 4.0 7.0 8.0 6.0 9.0 9.0 9.0 11.0 11.0 11.0 
10.0 10.0 12.0 13.0 10.0 10.0 12.0 13.0 9.0 9.0 11.0 12.0 9.0 9.0 11.0 12.0 9.0 9.0 11.0 12.0 9.0 9.0 11.0 12.0 9.0 9.0 11.0 12.0 9.0 9.0 11.0 12.0 9.0 9.0 11.0 12.0 9.0 9.0 11.0 12.0 9.0 9.0 11.0 12.0 9.0 9.0 11.0 12.0 9.0 9.0 11.0 12.0 9.0 9.0 11.0 12.0 9.0 9.0 11.0 12.0 9.0 9.0 11.0 12.0 9.0 9.0 11.0 12.0 9.0 9.0 11.0 12.0 9.0 9.0 11.0 12.0 9.0 9.0 11.0 12.0 9.0 9.0 11.0 11.0 7.0 7.0 9.0 9.0 7.0 3.0 4.0 0 6.0 7.0 5.0 9.0 9.0 9.0 11.0 11.0 11.0 
12.0 12.0 10.0 10.0 12.0 12.0 10.0 10.0 12.0 11.0 9.0 9.0 12.0 11.0 9.0 9.0 12.0 11.0 9.0 9.0 12.0 11.0 9.0 9.0 12.0 11.0 9.0 9.0 12.0 11.0 9.0 9.0 12.0 11.0 9.0 9.0 12.0 11.0 9.0 9.0 12.0 11.0 9.0 9.0 12.0 11.0 9.0 9.0 12.0 11.0 9.0 9.0 12.0 11.0 9.0 9.0 12.0 11.0 9.0 9.0 12.0 11.0 9.0 9.0 12.0 11.0 9.0 9.0 12.0 11.0 9.0 9.0 12.0 11.0 9.0 9.0 12.0 11.0 9.0 9.0 12.0 11.0 9.0 9.0 11.0 11.0 9.0 9.0 9.0 5.0 7.0 6.0 0 4.0 3.0 7.0 9.0 9.0 7.0 7.0 10.0 
10.0 11.0 9.0 10.0 12.0 12.0 10.0 10.0 11.0 11.0 9.0 9.0 11.0 11.0 9.0 9.0 11.0 11.0 9.0 9.0 11.0 11.0 9.0 9.0 11.0 11.0 9.0 9.0 11.0 11.0 9.0 9.0 11.0 11.0 9.0 9.0 11.0 11.0 9.0 9.0 11.0 11.0 9.0 9.0 11.0 11.0 9.0 9.0 11.0 11.0 9.0 9.0 11.0 11.0 9.0 9.0 11.0 11.0 9.0 9.0 11.0 11.0 9.0 9.0 11.0 11.0 9.0 9.0 11.0 11.0 9.0 9.0 11.0 11.0 9.0 9.0 11.0 11.0 9.0 9.0 11.0 11.0 9.0 9.0 11.0 11.0 9.0 9.0 9.0 6.0 8.0 7.0 4.0 0 2.0 3.0 5.0 6.0 4.0 7.0 8.0 
10.0 10.0 11.0 12.0 10.0 10.0 12.0 12.0 9.0 9.0 11.0 11.0 9.0 9.0 11.0 11.0 9.0 9.0 11.0 11.0 9.0 9.0 11.0 11.0 9.0 9.0 11.0 11.0 9.0 9.0 11.0 11.0 9.0 9.0 11.0 11.0 9.0 9.0 11.0 11.0 9.0 9.0 11.0 11.0 9.0 9.0 11.0 11.0 9.0 9.0 11.0 11.0 9.0 9.0 11.0 11.0 9.0 9.0 11.0 11.0 9.0 9.0 11.0 11.0 9.0 9.0 11.0 11.0 9.0 9.0 11.0 11.0 9.0 9.0 11.0 11.0 9.0 9.0 11.0 11.0 9.0 9.0 11.0 11.0 9.0 9.0 11.0 11.0 7.0 4.0 6.0 5.0 3.0 2.0 0 4.0 7.0 8.0 6.0 9.0 10.0 
10.0 10.0 10.0 13.0 10.0 10.0 12.0 13.0 9.0 9.0 11.0 12.0 9.0 9.0 11.0 12.0 9.0 9.0 11.0 12.0 9.0 9.0 11.0 12.0 9.0 9.0 11.0 12.0 9.0 9.0 11.0 12.0 9.0 9.0 11.0 12.0 9.0 9.0 11.0 12.0 9.0 9.0 11.0 12.0 9.0 9.0 11.0 12.0 9.0 9.0 11.0 12.0 9.0 9.0 11.0 12.0 9.0 9.0 11.0 12.0 9.0 9.0 11.0 12.0 9.0 9.0 11.0 12.0 9.0 9.0 11.0 12.0 9.0 9.0 11.0 12.0 9.0 9.0 11.0 12.0 9.0 9.0 11.0 12.0 9.0 9.0 11.0 11.0 7.0 7.0 9.0 9.0 7.0 3.0 4.0 0 6.0 7.0 5.0 9.0 9.0 
8.0 9.0 7.0 10.0 12.0 12.0 10.0 10.0 12.0 11.0 9.0 9.0 12.0 11.0 9.0 9.0 12.0 11.0 9.0 9.0 12.0 11.0 9.0 9.0 12.0 11.0 9.0 9.0 12.0 11.0 9.0 9.0 12.0 11.0 9.0 9.0 12.0 11.0 9.0 9.0 12.0 11.0 9.0 9.0 12.0 11.0 9.0 9.0 12.0 11.0 9.0 9.0 12.0 11.0 9.0 9.0 12.0 11.0 9.0 9.0 12.0 11.0 9.0 9.0 12.0 11.0 9.0 9.0 12.0 11.0 9.0 9.0 12.0 11.0 9.0 9.0 12.0 11.0 9.0 9.0 12.0 11.0 9.0 9.0 12.0 11.0 9.0 9.0 11.0 11.0 9.0 9.0 9.0 5.0 7.0 6.0 0 4.0 3.0 7.0 6.0 
4.0 5.0 3.0 7.0 10.0 11.0 9.0 10.0 11.0 11.0 9.0 9.0 11.0 11.0 9.0 9.0 11.0 11.0 9.0 9.0 11.0 11.0 9.0 9.0 11.0 11.0 9.0 9.0 11.0 11.0 9.0 9.0 11.0 11.0 9.0 9.0 11.0 11.0 9.0 9.0 11.0 11.0 9.0 9.0 11.0 11.0 9.0 9.0 11.0 11.0 9.0 9.0 11.0 11.0 9.0 9.0 11.0 11.0 9.0 9.0 11.0 11.0 9.0 9.0 11.0 11.0 9.0 9.0 11.0 11.0 9.0 9.0 11.0 11.0 9.0 9.0 11.0 11.0 9.0 9.0 11.0 11.0 9.0 9.0 11.0 11.0 9.0 9.0 11.0 11.0 9.0 9.0 9.0 6.0 8.0 7.0 4.0 0 2.0 3.0 2.0 
6.0 7.0 5.0 9.0 10.0 10.0 11.0 12.0 9.0 9.0 11.0 11.0 9.0 9.0 11.0 11.0 9.0 9.0 11.0 11.0 9.0 9.0 11.0 11.0 9.0 9.0 11.0 11.0 9.0 9.0 11.0 11.0 9.0 9.0 11.0 11.0 9.0 9.0 11.0 11.0 9.0 9.0 11.0 11.0 9.0 9.0 11.0 11.0 9.0 9.0 11.0 11.0 9.0 9.0 11.0 11.0 9.0 9.0 11.0 11.0 9.0 9.0 11.0 11.0 9.0 9.0 11.0 11.0 9.0 9.0 11.0 11.0 9.0 9.0 11.0 11.0 9.0 9.0 11.0 11.0 9.0 9.0 11.0 11.0 9.0 9.0 11.0 11.0 9.0 9.0 11.0 11.0 7.0 4.0 6.0 5.0 3.0 2.0 0 4.0 4.0 
5.0 6.0 4.0 8.0 10.0 10.0 10.0 12.0 9.0 9.0 11.0 12.0 9.0 9.0 11.0 12.0 9.0 9.0 11.0 12.0 9.0 9.0 11.0 12.0 9.0 9.0 11.0 12.0 9.0 9.0 11.0 12.0 9.0 9.0 11.0 12.0 9.0 9.0 11.0 12.0 9.0 9.0 11.0 12.0 9.0 9.0 11.0 12.0 9.0 9.0 11.0 12.0 9.0 9.0 11.0 12.0 9.0 9.0 11.0 12.0 9.0 9.0 11.0 12.0 9.0 9.0 11.0 12.0 9.0 9.0 11.0 12.0 9.0 9.0 11.0 12.0 9.0 9.0 11.0 12.0 9.0 9.0 11.0 12.0 9.0 9.0 11.0 12.0 9.0 9.0 11.0 11.0 7.0 7.0 9.0 9.0 7.0 3.0 4.0 0 3.0 
2.0 3.0 1.0 5.0 8.0 9.0 7.0 9.0 10.0 10.0 11.0 11.0 11.0 11.0 11.0 11.0 11.0 11.0 11.0 11.0 11.0 11.0 11.0 11.0 11.0 11.0 11.0 11.0 11.0 11.0 11.0 11.0 11.0 11.0 11.0 11.0 11.0 11.0 11.0 11.0 11.0 11.0 11.0 11.0 11.0 11.0 11.0 11.0 11.0 11.0 11.0 11.0 11.0 11.0 11.0 11.0 11.0 11.0 11.0 11.0 11.0 11.0 11.0 11.0 11.0 11.0 11.0 11.0 11.0 11.0 11.0 11.0 11.0 11.0 11.0 11.0 11.0 11.0 11.0 11.0 11.0 11.0 11.0 11.0 11.0 11.0 11.0 11.0 11.0 11.0 11.0 11.0 10.0 8.0 10.0 9.0 6.0 2.0 4.0 3.0 0 
