26
Soda18 Toilet45 Mail41 Ring33 YouTube4 Elevator35 Prints25 Sink37 Laptop22 Puppy19 Robot49 Nuclear43 Ice42 Cat44 Android27 Monster32 Toilet26 Crab16 Cone13 BBQ36 Ice30 Light1 BBQ38 Allergies7 Plants3 Shower0
0 136221603.0 133788137.0 54806743.0 112618048.0 142498420.0 112604464.0 111737831.0 120957057.0 117207948.0 193270987.0 115297271.0 151744027.0 175679028.0 121168733.0 104167847.0 114311068.0 70854296.0 141823200.0 160612848.0 107115711.0 170840017.0 122710183.0 109274309.0 123513005.0 168342197.0 
136221603.0 0 41250428.0 132621108.0 92711211.0 177630012.0 46558518.0 151930132.0 143725024.0 109286363.0 113592659.0 101171104.0 29209364.0 39457425.0 180568292.0 150812722.0 49908384.0 120307647.0 202475146.0 101503551.0 38817814.0 46170028.0 38066996.0 130054390.0 47172567.0 100960053.0 
133788137.0 41250428.0 0 126283994.0 121606743.0 206860034.0 21183673.0 178373579.0 169406774.0 143088153.0 154842626.0 115915203.0 70459792.0 72554176.0 204346842.0 179541291.0 20588315.0 94522493.0 225888202.0 137583040.0 64499564.0 66394729.0 32937707.0 150615500.0 39492195.0 141616359.0 
54806743.0 132621108.0 126283994.0 0 121432314.0 158321969.0 105132059.0 127399235.0 139397104.0 127368957.0 200564124.0 65776421.0 141361183.0 172078533.0 138103901.0 119991396.0 105695679.0 89294343.0 157797354.0 151669001.0 103666516.0 167493041.0 115394310.0 106107238.0 117495852.0 176175108.0 
112618048.0 92711211.0 121606743.0 121432314.0 0 88853062.0 114738192.0 66091001.0 53060679.0 25564725.0 82350764.0 57231368.0 63501847.0 102184437.0 95350190.0 74460951.0 119091737.0 92907978.0 114468270.0 76723715.0 57353678.0 108897040.0 114449473.0 108593194.0 105343902.0 56927594.0 
142498420.0 177630012.0 206860034.0 158321969.0 88853062.0 0 193886815.0 47689810.0 38143074.0 81658784.0 135508846.0 107790635.0 150511367.0 191009222.0 57328696.0 38330573.0 197941534.0 147765106.0 76261055.0 94316518.0 142809668.0 195742895.0 196557033.0 84223243.0 190799892.0 124481874.0 
112604464.0 46558518.0 21183673.0 105132059.0 114738192.0 193886815.0 0 164289800.0 155767456.0 121904480.0 157602944.0 98456249.0 56053896.0 84410165.0 189040730.0 160423974.0 4353545.0 73749129.0 212701811.0 131837034.0 66298746.0 78634961.0 11754034.0 129431827.0 18308522.0 140380156.0 
111737831.0 151930132.0 178373579.0 127399235.0 66091001.0 47689810.0 164289800.0 0 22659087.0 59732709.0 129528387.0 72022210.0 129592848.0 168261940.0 29335973.0 59091543.0 168238510.0 116465185.0 75889856.0 76345786.0 115326808.0 170479432.0 167732662.0 53411903.0 163317032.0 106547688.0 
120957057.0 143725024.0 169406774.0 139397104.0 53060679.0 38143074.0 155767456.0 22659087.0 0 46081429.0 115708904.0 82759912.0 116562526.0 155158309.0 49070935.0 76473647.0 159835682.0 112742679.0 61407591.0 61110201.0 104907210.0 157599821.0 162003005.0 55532515.0 152897434.0 92316024.0 
117207948.0 109286363.0 143088153.0 127368957.0 25564725.0 81658784.0 121904480.0 59732709.0 46081429.0 0 83781503.0 65574227.0 89066572.0 120001537.0 89068682.0 82803810.0 126258025.0 101265510.0 107365067.0 85066574.0 82918403.0 121305135.0 123892857.0 101613944.0 114787286.0 59991199.0 
193270987.0 113592659.0 154842626.0 200564124.0 82350764.0 135508846.0 157602944.0 129528387.0 115708904.0 83781503.0 0 138546488.0 114405792.0 94331140.0 156041781.0 134163734.0 161956489.0 168081261.0 172509816.0 57807522.0 108791908.0 101043743.0 151659655.0 150809081.0 152180701.0 25487520.0 
115297271.0 101171104.0 115915203.0 65776421.0 57231368.0 107790635.0 98456249.0 72022210.0 82759912.0 65574227.0 138546488.0 0 120733215.0 130748946.0 92594868.0 114470453.0 101903525.0 44442975.0 115142546.0 115323456.0 62813367.0 130252654.0 104537091.0 125434113.0 110803591.0 114158962.0 
151744027.0 29209364.0 70459792.0 141361183.0 63501847.0 150511367.0 56053896.0 129592848.0 116562526.0 89066572.0 114405792.0 120733215.0 0 60078324.0 151358928.0 121603358.0 56428466.0 125977636.0 177970117.0 79882218.0 68027178.0 66790927.0 51061460.0 159263754.0 41955889.0 88918272.0 
175679028.0 39457425.0 72554176.0 172078533.0 102184437.0 191009222.0 84410165.0 168261940.0 155158309.0 120001537.0 94331140.0 130748946.0 60078324.0 0 197534627.0 168897763.0 86708989.0 158159294.0 216565900.0 112218725.0 74773314.0 6712603.0 74800889.0 157356989.0 83906460.0 119079125.0 
121168733.0 180568292.0 204346842.0 138103901.0 95350190.0 57328696.0 189040730.0 29335973.0 49070935.0 89068682.0 156041781.0 92594868.0 151358928.0 197534627.0 0 29755570.0 193394275.0 133485110.0 50903615.0 103799308.0 144662781.0 199569992.0 194100850.0 78016730.0 188433226.0 133969785.0 
104167847.0 150812722.0 179541291.0 119991396.0 74460951.0 38330573.0 160423974.0 59091543.0 76473647.0 82803810.0 134163734.0 114470453.0 121603358.0 168897763.0 29755570.0 0 164777519.0 109453697.0 69956990.0 116105997.0 122482742.0 170201361.0 164345280.0 97070105.0 159117828.0 110300132.0 
114311068.0 49908384.0 20588315.0 105695679.0 119091737.0 197941534.0 4353545.0 168238510.0 159835682.0 126258025.0 161956489.0 101903525.0 56428466.0 86708989.0 193394275.0 164777519.0 0 78102674.0 216713427.0 136180156.0 70329422.0 81172774.0 13233627.0 131310848.0 22339198.0 144733701.0 
70854296.0 120307647.0 94522493.0 89294343.0 92907978.0 147765106.0 73749129.0 116465185.0 112742679.0 101265510.0 168081261.0 44442975.0 125977636.0 158159294.0 133485110.0 109453697.0 78102674.0 0 154892414.0 136420127.0 107256342.0 152384090.0 85503163.0 168275194.0 84021747.0 149835572.0 
141823200.0 202475146.0 225888202.0 157797354.0 114468270.0 76261055.0 212701811.0 75889856.0 61407591.0 107365067.0 172509816.0 115142546.0 177970117.0 216565900.0 50903615.0 69956990.0 216713427.0 154892414.0 0 119669092.0 163657332.0 218986391.0 219679637.0 94661846.0 211647556.0 148043276.0 
160612848.0 101503551.0 137583040.0 151669001.0 76723715.0 94316518.0 131837034.0 76345786.0 61110201.0 85066574.0 57807522.0 115323456.0 79882218.0 112218725.0 103799308.0 116105997.0 136180156.0 136420127.0 119669092.0 0 76396406.0 106626269.0 129670270.0 116642716.0 121523200.0 83295042.0 
107115711.0 38817814.0 64499564.0 103666516.0 57353678.0 142809668.0 66298746.0 115326808.0 104907210.0 82918403.0 108791908.0 62813367.0 68027178.0 74773314.0 144662781.0 122482742.0 70329422.0 107256342.0 163657332.0 76396406.0 0 68060711.0 57095795.0 128936700.0 47990224.0 88989695.0 
170840017.0 46170028.0 66394729.0 167493041.0 108897040.0 195742895.0 78634961.0 170479432.0 157599821.0 121305135.0 101043743.0 130252654.0 66790927.0 6712603.0 199569992.0 170201361.0 81172774.0 152384090.0 218986391.0 106626269.0 68060711.0 0 68088286.0 164069592.0 77193857.0 112366522.0 
122710183.0 38066996.0 32937707.0 115394310.0 114449473.0 196557033.0 11754034.0 167732662.0 162003005.0 123892857.0 151659655.0 104537091.0 51061460.0 74800889.0 194100850.0 164345280.0 13233627.0 85503163.0 219679637.0 129670270.0 57095795.0 68088286.0 0 134348141.0 9105571.0 135860067.0 
109274309.0 130054390.0 150615500.0 106107238.0 108593194.0 84223243.0 129431827.0 53411903.0 55532515.0 101613944.0 150809081.0 125434113.0 159263754.0 157356989.0 78016730.0 97070105.0 131310848.0 168275194.0 94661846.0 116642716.0 128936700.0 164069592.0 134348141.0 0 140887508.0 141963885.0 
123513005.0 47172567.0 39492195.0 117495852.0 105343902.0 190799892.0 18308522.0 163317032.0 152897434.0 114787286.0 152180701.0 110803591.0 41955889.0 83906460.0 188433226.0 159117828.0 22339198.0 84021747.0 211647556.0 121523200.0 47990224.0 77193857.0 9105571.0 140887508.0 0 126963203.0 
168342197.0 100960053.0 141616359.0 176175108.0 56927594.0 124481874.0 140380156.0 106547688.0 92316024.0 59991199.0 25487520.0 114158962.0 88918272.0 119079125.0 133969785.0 110300132.0 144733701.0 149835572.0 148043276.0 83295042.0 88989695.0 112366522.0 135860067.0 141963885.0 126963203.0 0 
