25
some as Hey GeT game COuld skate but To Somebody years shooting it your staR start smart shine get of use YouLL bundled away roll L
0 3 4 5 5 4 3 2 3 4 5 5 4 3 2 3 4 5 5 4 3 2 3 4 5 1 
3 0 3 4 5 5 4 3 2 3 4 5 5 4 3 2 3 4 5 5 4 3 2 3 4 2 
4 3 0 3 4 5 5 4 3 2 3 4 5 5 4 3 2 3 4 5 5 4 3 2 3 3 
5 4 3 0 3 4 5 5 4 3 2 3 4 5 5 4 3 2 3 4 5 5 4 3 2 4 
5 5 4 3 0 3 4 5 5 4 3 2 3 4 5 5 4 3 2 3 4 5 5 4 3 4 
4 5 5 4 3 0 3 4 5 5 4 3 2 3 4 5 5 4 3 2 3 4 5 5 4 3 
3 4 5 5 4 3 0 3 4 5 5 4 3 2 3 4 5 5 4 3 2 3 4 5 5 2 
2 3 4 5 5 4 3 0 3 4 5 5 4 3 2 3 4 5 5 4 3 2 3 4 5 1 
3 2 3 4 5 5 4 3 0 3 4 5 5 4 3 2 3 4 5 5 4 3 2 3 4 2 
4 3 2 3 4 5 5 4 3 0 3 4 5 5 4 3 2 3 4 5 5 4 3 2 3 3 
5 4 3 2 3 4 5 5 4 3 0 3 4 5 5 4 3 2 3 4 5 5 4 3 2 4 
5 5 4 3 2 3 4 5 5 4 3 0 3 4 5 5 4 3 2 3 4 5 5 4 3 4 
4 5 5 4 3 2 3 4 5 5 4 3 0 3 4 5 5 4 3 2 3 4 5 5 4 3 
3 4 5 5 4 3 2 3 4 5 5 4 3 0 3 4 5 5 4 3 2 3 4 5 5 2 
2 3 4 5 5 4 3 2 3 4 5 5 4 3 0 3 4 5 5 4 3 2 3 4 5 1 
3 2 3 4 5 5 4 3 2 3 4 5 5 4 3 0 3 4 5 5 4 3 2 3 4 2 
4 3 2 3 4 5 5 4 3 2 3 4 5 5 4 3 0 3 4 5 5 4 3 2 3 3 
5 4 3 2 3 4 5 5 4 3 2 3 4 5 5 4 3 0 3 4 5 5 4 3 2 4 
5 5 4 3 2 3 4 5 5 4 3 2 3 4 5 5 4 3 0 3 4 5 5 4 3 4 
4 5 5 4 3 2 3 4 5 5 4 3 2 3 4 5 5 4 3 0 3 4 5 5 4 3 
3 4 5 5 4 3 2 3 4 5 5 4 3 2 3 4 5 5 4 3 0 3 4 5 5 2 
2 3 4 5 5 4 3 2 3 4 5 5 4 3 2 3 4 5 5 4 3 0 3 4 5 1 
3 2 3 4 5 5 4 3 2 3 4 5 5 4 3 2 3 4 5 5 4 3 0 3 4 2 
4 3 2 3 4 5 5 4 3 2 3 4 5 5 4 3 2 3 4 5 5 4 3 0 3 3 
5 4 3 2 3 4 5 5 4 3 2 3 4 5 5 4 3 2 3 4 5 5 4 3 0 4 
1 2 3 4 4 3 2 1 2 3 4 4 3 2 1 2 3 4 4 3 2 1 2 3 4 0 
