50
So back once skate rules well shine bundled about game forehead Well never Fed brain might t show is sense To GET strEEts Live yOure alL U now YOURE break Know chAnge little Didn colder shootinG hit much get say mYself YouLL head My see GO and SHooting GEt what GOld
0 3 4 5 6 7 8 8 7 6 5 4 3 2 3 4 5 6 7 8 8 7 6 5 4 3 2 3 4 5 6 7 8 8 7 6 5 4 3 2 3 4 5 6 7 8 8 7 6 5 1 
3 0 3 4 5 6 7 8 8 7 6 5 4 3 2 3 4 5 6 7 8 8 7 6 5 4 3 2 3 4 5 6 7 8 8 7 6 5 4 3 2 3 4 5 6 7 8 8 7 6 2 
4 3 0 3 4 5 6 7 8 8 7 6 5 4 3 2 3 4 5 6 7 8 8 7 6 5 4 3 2 3 4 5 6 7 8 8 7 6 5 4 3 2 3 4 5 6 7 8 8 7 3 
5 4 3 0 3 4 5 6 7 8 8 7 6 5 4 3 2 3 4 5 6 7 8 8 7 6 5 4 3 2 3 4 5 6 7 8 8 7 6 5 4 3 2 3 4 5 6 7 8 8 4 
6 5 4 3 0 3 4 5 6 7 8 8 7 6 5 4 3 2 3 4 5 6 7 8 8 7 6 5 4 3 2 3 4 5 6 7 8 8 7 6 5 4 3 2 3 4 5 6 7 8 5 
7 6 5 4 3 0 3 4 5 6 7 8 8 7 6 5 4 3 2 3 4 5 6 7 8 8 7 6 5 4 3 2 3 4 5 6 7 8 8 7 6 5 4 3 2 3 4 5 6 7 6 
8 7 6 5 4 3 0 3 4 5 6 7 8 8 7 6 5 4 3 2 3 4 5 6 7 8 8 7 6 5 4 3 2 3 4 5 6 7 8 8 7 6 5 4 3 2 3 4 5 6 7 
8 8 7 6 5 4 3 0 3 4 5 6 7 8 8 7 6 5 4 3 2 3 4 5 6 7 8 8 7 6 5 4 3 2 3 4 5 6 7 8 8 7 6 5 4 3 2 3 4 5 7 
7 8 8 7 6 5 4 3 0 3 4 5 6 7 8 8 7 6 5 4 3 2 3 4 5 6 7 8 8 7 6 5 4 3 2 3 4 5 6 7 8 8 7 6 5 4 3 2 3 4 6 
6 7 8 8 7 6 5 4 3 0 3 4 5 6 7 8 8 7 6 5 4 3 2 3 4 5 6 7 8 8 7 6 5 4 3 2 3 4 5 6 7 8 8 7 6 5 4 3 2 3 5 
5 6 7 8 8 7 6 5 4 3 0 3 4 5 6 7 8 8 7 6 5 4 3 2 3 4 5 6 7 8 8 7 6 5 4 3 2 3 4 5 6 7 8 8 7 6 5 4 3 2 4 
4 5 6 7 8 8 7 6 5 4 3 0 3 4 5 6 7 8 8 7 6 5 4 3 2 3 4 5 6 7 8 8 7 6 5 4 3 2 3 4 5 6 7 8 8 7 6 5 4 3 3 
3 4 5 6 7 8 8 7 6 5 4 3 0 3 4 5 6 7 8 8 7 6 5 4 3 2 3 4 5 6 7 8 8 7 6 5 4 3 2 3 4 5 6 7 8 8 7 6 5 4 2 
2 3 4 5 6 7 8 8 7 6 5 4 3 0 3 4 5 6 7 8 8 7 6 5 4 3 2 3 4 5 6 7 8 8 7 6 5 4 3 2 3 4 5 6 7 8 8 7 6 5 1 
3 2 3 4 5 6 7 8 8 7 6 5 4 3 0 3 4 5 6 7 8 8 7 6 5 4 3 2 3 4 5 6 7 8 8 7 6 5 4 3 2 3 4 5 6 7 8 8 7 6 2 
4 3 2 3 4 5 6 7 8 8 7 6 5 4 3 0 3 4 5 6 7 8 8 7 6 5 4 3 2 3 4 5 6 7 8 8 7 6 5 4 3 2 3 4 5 6 7 8 8 7 3 
5 4 3 2 3 4 5 6 7 8 8 7 6 5 4 3 0 3 4 5 6 7 8 8 7 6 5 4 3 2 3 4 5 6 7 8 8 7 6 5 4 3 2 3 4 5 6 7 8 8 4 
6 5 4 3 2 3 4 5 6 7 8 8 7 6 5 4 3 0 3 4 5 6 7 8 8 7 6 5 4 3 2 3 4 5 6 7 8 8 7 6 5 4 3 2 3 4 5 6 7 8 5 
7 6 5 4 3 2 3 4 5 6 7 8 8 7 6 5 4 3 0 3 4 5 6 7 8 8 7 6 5 4 3 2 3 4 5 6 7 8 8 7 6 5 4 3 2 3 4 5 6 7 6 
8 7 6 5 4 3 2 3 4 5 6 7 8 8 7 6 5 4 3 0 3 4 5 6 7 8 8 7 6 5 4 3 2 3 4 5 6 7 8 8 7 6 5 4 3 2 3 4 5 6 7 
8 8 7 6 5 4 3 2 3 4 5 6 7 8 8 7 6 5 4 3 0 3 4 5 6 7 8 8 7 6 5 4 3 2 3 4 5 6 7 8 8 7 6 5 4 3 2 3 4 5 7 
7 8 8 7 6 5 4 3 2 3 4 5 6 7 8 8 7 6 5 4 3 0 3 4 5 6 7 8 8 7 6 5 4 3 2 3 4 5 6 7 8 8 7 6 5 4 3 2 3 4 6 
6 7 8 8 7 6 5 4 3 2 3 4 5 6 7 8 8 7 6 5 4 3 0 3 4 5 6 7 8 8 7 6 5 4 3 2 3 4 5 6 7 8 8 7 6 5 4 3 2 3 5 
5 6 7 8 8 7 6 5 4 3 2 3 4 5 6 7 8 8 7 6 5 4 3 0 3 4 5 6 7 8 8 7 6 5 4 3 2 3 4 5 6 7 8 8 7 6 5 4 3 2 4 
4 5 6 7 8 8 7 6 5 4 3 2 3 4 5 6 7 8 8 7 6 5 4 3 0 3 4 5 6 7 8 8 7 6 5 4 3 2 3 4 5 6 7 8 8 7 6 5 4 3 3 
3 4 5 6 7 8 8 7 6 5 4 3 2 3 4 5 6 7 8 8 7 6 5 4 3 0 3 4 5 6 7 8 8 7 6 5 4 3 2 3 4 5 6 7 8 8 7 6 5 4 2 
2 3 4 5 6 7 8 8 7 6 5 4 3 2 3 4 5 6 7 8 8 7 6 5 4 3 0 3 4 5 6 7 8 8 7 6 5 4 3 2 3 4 5 6 7 8 8 7 6 5 1 
3 2 3 4 5 6 7 8 8 7 6 5 4 3 2 3 4 5 6 7 8 8 7 6 5 4 3 0 3 4 5 6 7 8 8 7 6 5 4 3 2 3 4 5 6 7 8 8 7 6 2 
4 3 2 3 4 5 6 7 8 8 7 6 5 4 3 2 3 4 5 6 7 8 8 7 6 5 4 3 0 3 4 5 6 7 8 8 7 6 5 4 3 2 3 4 5 6 7 8 8 7 3 
5 4 3 2 3 4 5 6 7 8 8 7 6 5 4 3 2 3 4 5 6 7 8 8 7 6 5 4 3 0 3 4 5 6 7 8 8 7 6 5 4 3 2 3 4 5 6 7 8 8 4 
6 5 4 3 2 3 4 5 6 7 8 8 7 6 5 4 3 2 3 4 5 6 7 8 8 7 6 5 4 3 0 3 4 5 6 7 8 8 7 6 5 4 3 2 3 4 5 6 7 8 5 
7 6 5 4 3 2 3 4 5 6 7 8 8 7 6 5 4 3 2 3 4 5 6 7 8 8 7 6 5 4 3 0 3 4 5 6 7 8 8 7 6 5 4 3 2 3 4 5 6 7 6 
8 7 6 5 4 3 2 3 4 5 6 7 8 8 7 6 5 4 3 2 3 4 5 6 7 8 8 7 6 5 4 3 0 3 4 5 6 7 8 8 7 6 5 4 3 2 3 4 5 6 7 
8 8 7 6 5 4 3 2 3 4 5 6 7 8 8 7 6 5 4 3 2 3 4 5 6 7 8 8 7 6 5 4 3 0 3 4 5 6 7 8 8 7 6 5 4 3 2 3 4 5 7 
7 8 8 7 6 5 4 3 2 3 4 5 6 7 8 8 7 6 5 4 3 2 3 4 5 6 7 8 8 7 6 5 4 3 0 3 4 5 6 7 8 8 7 6 5 4 3 2 3 4 6 
6 7 8 8 7 6 5 4 3 2 3 4 5 6 7 8 8 7 6 5 4 3 2 3 4 5 6 7 8 8 7 6 5 4 3 0 3 4 5 6 7 8 8 7 6 5 4 3 2 3 5 
5 6 7 8 8 7 6 5 4 3 2 3 4 5 6 7 8 8 7 6 5 4 3 2 3 4 5 6 7 8 8 7 6 5 4 3 0 3 4 5 6 7 8 8 7 6 5 4 3 2 4 
4 5 6 7 8 8 7 6 5 4 3 2 3 4 5 6 7 8 8 7 6 5 4 3 2 3 4 5 6 7 8 8 7 6 5 4 3 0 3 4 5 6 7 8 8 7 6 5 4 3 3 
3 4 5 6 7 8 8 7 6 5 4 3 2 3 4 5 6 7 8 8 7 6 5 4 3 2 3 4 5 6 7 8 8 7 6 5 4 3 0 3 4 5 6 7 8 8 7 6 5 4 2 
2 3 4 5 6 7 8 8 7 6 5 4 3 2 3 4 5 6 7 8 8 7 6 5 4 3 2 3 4 5 6 7 8 8 7 6 5 4 3 0 3 4 5 6 7 8 8 7 6 5 1 
3 2 3 4 5 6 7 8 8 7 6 5 4 3 2 3 4 5 6 7 8 8 7 6 5 4 3 2 3 4 5 6 7 8 8 7 6 5 4 3 0 3 4 5 6 7 8 8 7 6 2 
4 3 2 3 4 5 6 7 8 8 7 6 5 4 3 2 3 4 5 6 7 8 8 7 6 5 4 3 2 3 4 5 6 7 8 8 7 6 5 4 3 0 3 4 5 6 7 8 8 7 3 
5 4 3 2 3 4 5 6 7 8 8 7 6 5 4 3 2 3 4 5 6 7 8 8 7 6 5 4 3 2 3 4 5 6 7 8 8 7 6 5 4 3 0 3 4 5 6 7 8 8 4 
6 5 4 3 2 3 4 5 6 7 8 8 7 6 5 4 3 2 3 4 5 6 7 8 8 7 6 5 4 3 2 3 4 5 6 7 8 8 7 6 5 4 3 0 3 4 5 6 7 8 5 
7 6 5 4 3 2 3 4 5 6 7 8 8 7 6 5 4 3 2 3 4 5 6 7 8 8 7 6 5 4 3 2 3 4 5 6 7 8 8 7 6 5 4 3 0 3 4 5 6 7 6 
8 7 6 5 4 3 2 3 4 5 6 7 8 8 7 6 5 4 3 2 3 4 5 6 7 8 8 7 6 5 4 3 2 3 4 5 6 7 8 8 7 6 5 4 3 0 3 4 5 6 7 
8 8 7 6 5 4 3 2 3 4 5 6 7 8 8 7 6 5 4 3 2 3 4 5 6 7 8 8 7 6 5 4 3 2 3 4 5 6 7 8 8 7 6 5 4 3 0 3 4 5 7 
7 8 8 7 6 5 4 3 2 3 4 5 6 7 8 8 7 6 5 4 3 2 3 4 5 6 7 8 8 7 6 5 4 3 2 3 4 5 6 7 8 8 7 6 5 4 3 0 3 4 6 
6 7 8 8 7 6 5 4 3 2 3 4 5 6 7 8 8 7 6 5 4 3 2 3 4 5 6 7 8 8 7 6 5 4 3 2 3 4 5 6 7 8 8 7 6 5 4 3 0 3 5 
5 6 7 8 8 7 6 5 4 3 2 3 4 5 6 7 8 8 7 6 5 4 3 2 3 4 5 6 7 8 8 7 6 5 4 3 2 3 4 5 6 7 8 8 7 6 5 4 3 0 4 
1 2 3 4 5 6 7 7 6 5 4 3 2 1 2 3 4 5 6 7 7 6 5 4 3 2 1 2 3 4 5 6 7 7 6 5 4 3 2 1 2 3 4 5 6 7 7 6 5 4 0 
