50
PuntaGorda Tyler ThousandOaks PalmBay Tucson Barnstable Yonkers Burbank McHenry Harlingen Charlotte Omaha Topeka Deltona Danbury Downey Asheville McAllen Chicago GrandRapids BelAir Aurora CedarRapids LakeCharles Bradenton RichmondCounty SantaCruz Modesto HuntingtonBeach Huntsville NewYorkCity Tampa Monroe Bakersfield Springdale SantaClara Atlanta Durham Newark Torrance Memphis Kennewick Bloomington NewBedford SaintPaul York Hickory Waco Waterloo Hampton Hayward
0 2 2 3 3 2 2 3 3 3 2 1 2 2 2 2 3 3 2 3 2 3 3 3 2 3 3 2 3 3 2 4 3 4 2 3 2 2 3 3 3 1 3 3 1 3 2 3 2 3 4 
2 0 3 3 3 2 2 2 3 3 2 3 3 3 3 2 2 2 3 2 1 2 2 3 2 3 3 3 2 1 2 4 2 3 3 2 2 3 3 3 3 1 4 3 3 2 1 3 3 2 3 
2 3 0 3 3 4 4 3 2 4 3 3 2 3 4 3 1 4 4 3 3 4 2 4 4 3 2 2 3 4 4 5 3 5 3 3 4 2 3 3 3 3 3 3 3 4 2 3 3 2 2 
3 3 3 0 1 3 3 3 1 2 2 4 3 3 3 2 2 3 3 2 2 2 2 2 2 3 2 1 4 2 3 4 3 3 2 3 3 3 2 1 3 3 3 3 3 3 3 3 3 2 3 
3 3 3 1 0 3 3 3 2 2 3 3 3 4 3 2 3 3 3 2 2 1 3 2 1 3 1 2 3 2 3 3 3 2 3 3 3 4 3 2 2 3 4 2 2 3 2 3 3 3 4 
2 2 4 3 3 0 3 3 2 3 1 3 2 2 4 3 3 3 3 3 2 3 3 4 4 2 3 3 3 3 2 5 3 4 1 3 3 3 3 3 4 1 4 3 3 2 2 3 2 3 4 
2 2 4 3 3 3 0 2 3 2 3 1 2 3 2 3 3 2 2 1 3 4 3 3 2 3 3 3 3 1 2 5 3 5 2 4 1 2 3 3 2 3 3 3 3 2 3 3 1 2 4 
3 2 3 3 3 3 2 0 2 1 3 2 3 3 1 2 2 3 1 2 2 3 1 2 2 2 2 2 3 1 2 4 2 4 2 3 2 3 1 2 2 2 2 3 3 2 3 2 2 3 2 
3 3 2 1 2 2 3 2 0 3 3 3 2 3 2 3 1 3 3 3 3 3 2 2 3 3 3 2 3 3 2 5 2 4 1 3 3 2 1 1 3 3 2 3 4 3 3 3 2 3 2 
3 3 4 2 2 3 2 1 3 0 2 3 4 3 2 2 3 3 2 2 2 3 2 3 1 1 3 3 3 2 3 5 3 4 3 3 3 4 2 3 3 3 3 2 2 2 3 1 3 2 3 
2 2 3 2 3 1 3 3 3 2 0 3 3 1 3 3 2 2 2 3 1 2 3 4 3 1 3 3 2 2 2 4 2 3 2 2 3 2 3 2 3 2 3 2 3 1 1 3 2 2 3 
1 3 3 4 3 3 1 2 3 3 3 0 1 3 3 3 4 3 3 2 2 3 3 4 3 2 2 3 3 2 3 5 2 4 2 3 2 3 3 4 3 2 4 3 2 3 3 2 2 3 4 
2 3 2 3 3 2 2 3 2 4 3 1 0 3 4 2 3 3 4 3 3 4 3 4 4 3 2 3 3 3 3 5 3 5 1 4 3 3 3 3 4 3 4 3 3 4 2 3 2 2 4 
2 3 3 3 4 2 3 3 3 3 1 3 3 0 4 2 2 3 3 4 2 3 2 4 3 2 3 2 3 3 3 4 3 4 2 3 3 1 3 3 3 2 2 3 3 2 2 2 2 3 3 
2 3 4 3 3 4 2 1 2 2 3 3 4 4 0 3 3 2 2 3 3 4 2 3 3 3 3 3 3 2 2 4 2 5 3 4 1 4 2 3 2 3 3 3 3 3 3 3 3 4 3 
2 2 3 2 2 3 3 2 3 2 3 3 2 2 3 0 3 3 3 2 2 3 2 3 3 2 3 2 3 3 3 4 3 4 2 3 2 3 3 3 3 2 4 2 3 3 2 3 3 1 3 
3 2 1 2 3 3 3 2 1 3 2 4 3 2 3 3 0 3 3 2 3 3 1 3 3 3 3 2 4 3 3 5 3 4 2 2 3 1 2 2 2 3 2 3 3 3 3 2 2 3 1 
3 2 4 3 3 3 2 3 3 3 2 3 3 3 2 3 3 0 3 3 1 2 3 4 3 3 3 3 3 2 3 5 2 3 2 2 1 3 4 3 2 3 4 3 3 2 3 3 3 2 3 
2 3 4 3 3 3 2 1 3 2 2 3 4 3 2 3 3 3 0 3 2 3 2 3 2 3 3 3 2 2 3 5 1 4 3 3 3 2 2 3 2 3 3 3 2 3 2 3 2 2 3 
3 2 3 2 2 3 1 2 3 2 3 2 3 4 3 2 2 3 3 0 2 3 2 3 3 3 3 3 4 2 3 5 3 4 3 3 2 3 3 3 3 3 4 3 3 3 3 2 2 3 3 
2 1 3 2 2 2 3 2 3 2 1 2 3 2 3 2 3 1 2 2 0 1 3 4 3 2 2 2 2 2 2 4 1 2 2 1 2 3 3 3 2 2 4 2 2 1 2 2 3 1 2 
3 2 4 2 1 3 4 3 3 3 2 3 4 3 4 3 3 2 3 3 1 0 3 3 2 3 2 3 3 3 3 4 2 1 3 2 3 4 4 3 3 3 5 1 3 2 3 2 3 2 3 
3 2 2 2 3 3 3 1 2 2 3 3 3 2 2 2 1 3 2 2 3 3 0 3 3 3 3 1 3 2 3 4 2 4 2 2 2 2 2 3 1 3 3 2 3 3 3 1 3 2 1 
3 3 4 2 2 4 3 2 2 3 4 4 4 4 3 3 3 4 3 3 4 3 3 0 3 4 3 3 4 2 2 5 4 4 3 5 3 3 1 3 4 3 2 3 4 3 4 3 3 3 4 
2 2 4 2 1 4 2 2 3 1 3 3 4 3 3 3 3 3 2 3 3 2 3 3 0 2 2 3 3 1 3 4 3 3 3 4 3 3 3 3 3 3 4 3 1 2 3 2 3 2 4 
3 3 3 3 3 2 3 2 3 1 1 2 3 2 3 2 3 3 3 3 2 3 3 4 2 0 2 2 2 2 2 5 2 4 2 3 4 3 3 3 3 3 4 2 3 1 2 2 3 1 4 
3 3 2 2 1 3 3 2 3 3 3 2 2 3 3 3 3 3 3 3 2 2 3 3 2 2 0 3 3 3 4 3 2 3 2 3 4 4 3 2 3 3 4 3 3 3 2 2 3 2 4 
2 3 2 1 2 3 3 2 2 3 3 3 3 2 3 2 2 3 3 3 2 3 1 3 3 2 3 0 4 3 4 5 3 4 2 3 3 2 3 2 2 3 3 2 3 3 3 2 3 1 2 
3 2 3 4 3 3 3 3 3 3 2 3 3 3 3 3 4 3 2 4 2 3 3 4 3 2 3 4 0 2 2 4 1 4 3 3 3 4 3 4 2 2 4 2 4 1 1 3 3 3 3 
3 1 4 2 2 3 1 1 3 2 2 2 3 3 2 3 3 2 2 2 2 3 2 2 1 2 3 3 2 0 2 5 3 4 3 3 2 3 2 3 3 2 3 2 2 1 2 3 2 2 3 
2 2 4 3 3 2 2 2 2 3 2 3 3 3 2 3 3 3 3 3 2 3 3 2 3 2 4 4 2 2 0 4 3 4 2 3 2 2 1 3 3 1 2 2 3 1 2 3 1 3 4 
4 4 5 4 3 5 5 4 5 5 4 5 5 4 4 4 5 5 5 5 4 4 4 5 4 5 3 5 4 5 4 0 4 5 4 5 4 5 5 4 3 4 6 5 5 5 3 5 5 5 5 
3 2 3 3 3 3 3 2 2 3 2 2 3 3 2 3 3 2 1 3 1 2 2 4 3 2 2 3 1 3 3 4 0 3 2 2 2 3 3 3 1 2 4 3 3 2 1 2 3 2 3 
4 3 5 3 2 4 5 4 4 4 3 4 5 4 5 4 4 3 4 4 2 1 4 4 3 4 3 4 4 4 4 5 3 0 4 3 4 5 5 4 4 4 6 2 4 3 4 3 4 3 4 
2 3 3 2 3 1 2 2 1 3 2 2 1 2 3 2 2 2 3 3 2 3 2 3 3 2 2 2 3 3 2 4 2 4 0 3 3 2 2 2 3 2 3 3 3 3 3 2 1 3 3 
3 2 3 3 3 3 4 3 3 3 2 3 4 3 4 3 2 2 3 3 1 2 2 5 4 3 3 3 3 3 3 5 2 3 3 0 3 3 4 4 3 3 4 2 3 2 3 3 4 2 1 
2 2 4 3 3 3 1 2 3 3 3 2 3 3 1 2 3 1 3 2 2 3 2 3 3 4 4 3 3 2 2 4 2 4 3 3 0 3 3 2 1 2 4 2 3 3 3 3 2 3 3 
2 3 2 3 4 3 2 3 2 4 2 3 3 1 4 3 1 3 2 3 3 4 2 3 3 3 4 2 4 3 2 5 3 5 2 3 3 0 2 3 2 3 1 3 2 3 3 3 1 3 2 
3 3 3 2 3 3 3 1 1 2 3 3 3 3 2 3 2 4 2 3 3 4 2 1 3 3 3 3 3 2 1 5 3 5 2 4 3 2 0 2 3 2 1 3 4 2 3 3 2 4 3 
3 3 3 1 2 3 3 2 1 3 2 4 3 3 3 3 2 3 3 3 3 3 3 3 3 3 2 2 4 3 3 4 3 4 2 4 2 3 2 0 3 2 3 3 4 3 3 3 3 3 3 
3 3 3 3 2 4 2 2 3 3 3 3 4 3 2 3 2 2 2 3 2 3 1 4 3 3 3 2 2 3 3 3 1 4 3 3 1 2 3 3 0 3 3 3 2 3 2 2 3 3 2 
1 1 3 3 3 1 3 2 3 3 2 2 3 2 3 2 3 3 3 3 2 3 3 3 3 3 3 3 2 2 1 4 2 4 2 3 2 3 2 2 3 0 3 3 2 2 1 3 2 3 3 
3 4 3 3 4 4 3 2 2 3 3 4 4 2 3 4 2 4 3 4 4 5 3 2 4 4 4 3 4 3 2 6 4 6 3 4 4 1 1 3 3 3 0 4 3 3 4 4 2 4 3 
3 3 3 3 2 3 3 3 3 2 2 3 3 3 3 2 3 3 3 3 2 1 2 3 3 2 3 2 2 2 2 5 3 2 3 2 2 3 3 3 3 3 4 0 2 1 2 1 2 1 2 
1 3 3 3 2 3 3 3 4 2 3 2 3 3 3 3 3 3 2 3 2 3 3 4 1 3 3 3 4 2 3 5 3 4 3 3 3 2 4 4 2 2 3 2 0 3 3 3 3 3 4 
3 2 4 3 3 2 2 2 3 2 1 3 4 2 3 3 3 2 3 3 1 2 3 3 2 1 3 3 1 1 1 5 2 3 3 2 3 3 2 3 3 2 3 1 3 0 2 2 2 2 3 
2 1 2 3 2 2 3 3 3 3 1 3 2 2 3 2 3 3 2 3 2 3 3 4 3 2 2 3 1 2 2 3 1 4 3 3 3 3 3 3 2 1 4 2 3 2 0 3 3 2 2 
3 3 3 3 3 3 3 2 3 1 3 2 3 2 3 3 2 3 3 2 2 2 1 3 2 2 2 2 3 3 3 5 2 3 2 3 3 3 3 3 2 3 4 1 3 2 3 0 2 2 2 
2 3 3 3 3 2 1 2 2 3 2 2 2 2 3 3 2 3 2 2 3 3 3 3 3 3 3 3 3 2 1 5 3 4 1 4 2 1 2 3 3 2 2 2 3 2 3 2 0 3 3 
3 2 2 2 3 3 2 3 3 2 2 3 2 3 4 1 3 2 2 3 1 2 2 3 2 1 2 1 3 2 3 5 2 3 3 2 3 3 4 3 3 3 4 1 3 2 2 2 3 0 3 
4 3 2 3 4 4 4 2 2 3 3 4 4 3 3 3 1 3 3 3 2 3 1 4 4 4 4 2 3 3 4 5 3 4 3 1 3 2 3 3 2 3 3 2 4 3 2 2 3 3 0 
