50
f g h i j f0 g0 h0 i0 j0 f1 g1 h1 i1 j1 f2 g2 h2 i2 j2 f3 g3 h3 i3 j3 f4 g4 h4 i4 j4 f5 g5 h5 i5 j5 f6 g6 h6 i6 j6 f7 g7 h7 i7 j7 f8 g8 h8 i8 j8 AndyandZeyu
0 2 2 1 1 2 2 3 2 2 3 2 2 2 2 2 2 3 3 2 2 2 2 2 2 2 2 2 3 3 2 3 2 2 2 2 2 2 2 3 2 3 3 2 3 2 2 3 2 2 1 
2 0 1 2 1 2 2 3 2 2 3 2 2 2 2 2 2 3 3 2 2 2 2 2 2 2 2 2 3 3 2 3 2 2 2 2 2 2 2 3 2 3 3 2 3 2 2 3 2 2 1 
2 1 0 1 2 2 2 3 2 2 3 2 2 2 2 2 2 3 3 2 2 2 2 2 2 2 2 2 3 3 2 3 2 2 2 2 2 2 2 3 2 3 3 2 3 2 2 3 2 2 1 
1 2 1 0 1 2 2 3 2 2 3 2 2 2 2 2 2 3 3 2 2 2 2 2 2 2 2 2 3 3 2 3 2 2 2 2 2 2 2 3 2 3 3 2 3 2 2 3 2 2 1 
1 1 2 1 0 3 3 4 3 3 4 3 3 3 3 3 3 4 4 3 3 3 3 3 3 3 3 3 4 4 3 4 3 3 3 3 3 3 3 4 3 4 4 3 4 3 3 4 3 3 2 
2 2 2 2 3 0 1 1 1 1 3 2 2 2 2 2 2 3 3 2 2 2 2 2 2 2 2 2 3 3 2 3 2 2 2 2 2 2 2 3 2 3 3 2 3 2 2 3 2 2 1 
2 2 2 2 3 1 0 2 2 1 3 2 2 2 2 2 2 3 3 2 2 2 2 2 2 2 2 2 3 3 2 3 2 2 2 2 2 2 2 3 2 3 3 2 3 2 2 3 2 2 1 
3 3 3 3 4 1 2 0 1 2 4 3 3 3 3 3 3 4 4 3 3 3 3 3 3 3 3 3 4 4 3 4 3 3 3 3 3 3 3 4 3 4 4 3 4 3 3 4 3 3 2 
2 2 2 2 3 1 2 1 0 2 3 2 2 2 2 2 2 3 3 2 2 2 2 2 2 2 2 2 3 3 2 3 2 2 2 2 2 2 2 3 2 3 3 2 3 2 2 3 2 2 1 
2 2 2 2 3 1 1 2 2 0 3 2 2 2 2 2 2 3 3 2 2 2 2 2 2 2 2 2 3 3 2 3 2 2 2 2 2 2 2 3 2 3 3 2 3 2 2 3 2 2 1 
3 3 3 3 4 3 3 4 3 3 0 1 2 2 1 3 3 4 4 3 3 3 3 3 3 3 3 3 4 4 3 4 3 3 3 3 3 3 3 4 3 4 4 3 4 3 3 4 3 3 2 
2 2 2 2 3 2 2 3 2 2 1 0 1 2 2 2 2 3 3 2 2 2 2 2 2 2 2 2 3 3 2 3 2 2 2 2 2 2 2 3 2 3 3 2 3 2 2 3 2 2 1 
2 2 2 2 3 2 2 3 2 2 2 1 0 1 2 2 2 3 3 2 2 2 2 2 2 2 2 2 3 3 2 3 2 2 2 2 2 2 2 3 2 3 3 2 3 2 2 3 2 2 1 
2 2 2 2 3 2 2 3 2 2 2 2 1 0 1 2 2 3 3 2 2 2 2 2 2 2 2 2 3 3 2 3 2 2 2 2 2 2 2 3 2 3 3 2 3 2 2 3 2 2 1 
2 2 2 2 3 2 2 3 2 2 1 2 2 1 0 2 2 3 3 2 2 2 2 2 2 2 2 2 3 3 2 3 2 2 2 2 2 2 2 3 2 3 3 2 3 2 2 3 2 2 1 
2 2 2 2 3 2 2 3 2 2 3 2 2 2 2 0 1 1 1 1 2 2 2 2 2 2 2 2 3 3 2 3 2 2 2 2 2 2 2 3 2 3 3 2 3 2 2 3 2 2 1 
2 2 2 2 3 2 2 3 2 2 3 2 2 2 2 1 0 2 2 1 2 2 2 2 2 2 2 2 3 3 2 3 2 2 2 2 2 2 2 3 2 3 3 2 3 2 2 3 2 2 1 
3 3 3 3 4 3 3 4 3 3 4 3 3 3 3 1 2 0 1 1 3 3 3 3 3 3 3 3 4 4 3 4 3 3 3 3 3 3 3 4 3 4 4 3 4 3 3 4 3 3 2 
3 3 3 3 4 3 3 4 3 3 4 3 3 3 3 1 2 1 0 2 3 3 3 3 3 3 3 3 4 4 3 4 3 3 3 3 3 3 3 4 3 4 4 3 4 3 3 4 3 3 2 
2 2 2 2 3 2 2 3 2 2 3 2 2 2 2 1 1 1 2 0 2 2 2 2 2 2 2 2 3 3 2 3 2 2 2 2 2 2 2 3 2 3 3 2 3 2 2 3 2 2 1 
2 2 2 2 3 2 2 3 2 2 3 2 2 2 2 2 2 3 3 2 0 1 2 2 1 2 2 2 3 3 2 3 2 2 2 2 2 2 2 3 2 3 3 2 3 2 2 3 2 2 1 
2 2 2 2 3 2 2 3 2 2 3 2 2 2 2 2 2 3 3 2 1 0 1 1 1 2 2 2 3 3 2 3 2 2 2 2 2 2 2 3 2 3 3 2 3 2 2 3 2 2 1 
2 2 2 2 3 2 2 3 2 2 3 2 2 2 2 2 2 3 3 2 2 1 0 1 1 2 2 2 3 3 2 3 2 2 2 2 2 2 2 3 2 3 3 2 3 2 2 3 2 2 1 
2 2 2 2 3 2 2 3 2 2 3 2 2 2 2 2 2 3 3 2 2 1 1 0 2 2 2 2 3 3 2 3 2 2 2 2 2 2 2 3 2 3 3 2 3 2 2 3 2 2 1 
2 2 2 2 3 2 2 3 2 2 3 2 2 2 2 2 2 3 3 2 1 1 1 2 0 2 2 2 3 3 2 3 2 2 2 2 2 2 2 3 2 3 3 2 3 2 2 3 2 2 1 
2 2 2 2 3 2 2 3 2 2 3 2 2 2 2 2 2 3 3 2 2 2 2 2 2 0 1 2 1 3 2 3 2 2 2 2 2 2 2 3 2 3 3 2 3 2 2 3 2 2 1 
2 2 2 2 3 2 2 3 2 2 3 2 2 2 2 2 2 3 3 2 2 2 2 2 2 1 0 1 2 3 2 3 2 2 2 2 2 2 2 3 2 3 3 2 3 2 2 3 2 2 1 
2 2 2 2 3 2 2 3 2 2 3 2 2 2 2 2 2 3 3 2 2 2 2 2 2 2 1 0 1 3 2 3 2 2 2 2 2 2 2 3 2 3 3 2 3 2 2 3 2 2 1 
3 3 3 3 4 3 3 4 3 3 4 3 3 3 3 3 3 4 4 3 3 3 3 3 3 1 2 1 0 4 3 4 3 3 3 3 3 3 3 4 3 4 4 3 4 3 3 4 3 3 2 
3 3 3 3 4 3 3 4 3 3 4 3 3 3 3 3 3 4 4 3 3 3 3 3 3 3 3 3 4 0 1 2 1 1 3 3 3 3 3 4 3 4 4 3 4 3 3 4 3 3 2 
2 2 2 2 3 2 2 3 2 2 3 2 2 2 2 2 2 3 3 2 2 2 2 2 2 2 2 2 3 1 0 2 2 1 2 2 2 2 2 3 2 3 3 2 3 2 2 3 2 2 1 
3 3 3 3 4 3 3 4 3 3 4 3 3 3 3 3 3 4 4 3 3 3 3 3 3 3 3 3 4 2 2 0 1 2 3 3 3 3 3 4 3 4 4 3 4 3 3 4 3 3 2 
2 2 2 2 3 2 2 3 2 2 3 2 2 2 2 2 2 3 3 2 2 2 2 2 2 2 2 2 3 1 2 1 0 2 2 2 2 2 2 3 2 3 3 2 3 2 2 3 2 2 1 
2 2 2 2 3 2 2 3 2 2 3 2 2 2 2 2 2 3 3 2 2 2 2 2 2 2 2 2 3 1 1 2 2 0 2 2 2 2 2 3 2 3 3 2 3 2 2 3 2 2 1 
2 2 2 2 3 2 2 3 2 2 3 2 2 2 2 2 2 3 3 2 2 2 2 2 2 2 2 2 3 3 2 3 2 2 0 1 1 2 2 3 2 3 3 2 3 2 2 3 2 2 1 
2 2 2 2 3 2 2 3 2 2 3 2 2 2 2 2 2 3 3 2 2 2 2 2 2 2 2 2 3 3 2 3 2 2 1 0 1 2 2 3 2 3 3 2 3 2 2 3 2 2 1 
2 2 2 2 3 2 2 3 2 2 3 2 2 2 2 2 2 3 3 2 2 2 2 2 2 2 2 2 3 3 2 3 2 2 1 1 0 1 2 3 2 3 3 2 3 2 2 3 2 2 1 
2 2 2 2 3 2 2 3 2 2 3 2 2 2 2 2 2 3 3 2 2 2 2 2 2 2 2 2 3 3 2 3 2 2 2 2 1 0 1 3 2 3 3 2 3 2 2 3 2 2 1 
2 2 2 2 3 2 2 3 2 2 3 2 2 2 2 2 2 3 3 2 2 2 2 2 2 2 2 2 3 3 2 3 2 2 2 2 2 1 0 3 2 3 3 2 3 2 2 3 2 2 1 
3 3 3 3 4 3 3 4 3 3 4 3 3 3 3 3 3 4 4 3 3 3 3 3 3 3 3 3 4 4 3 4 3 3 3 3 3 3 3 0 2 1 2 1 4 3 3 4 3 3 2 
2 2 2 2 3 2 2 3 2 2 3 2 2 2 2 2 2 3 3 2 2 2 2 2 2 2 2 2 3 3 2 3 2 2 2 2 2 2 2 2 0 2 2 1 3 2 2 3 2 2 1 
3 3 3 3 4 3 3 4 3 3 4 3 3 3 3 3 3 4 4 3 3 3 3 3 3 3 3 3 4 4 3 4 3 3 3 3 3 3 3 1 2 0 1 1 4 3 3 4 3 3 2 
3 3 3 3 4 3 3 4 3 3 4 3 3 3 3 3 3 4 4 3 3 3 3 3 3 3 3 3 4 4 3 4 3 3 3 3 3 3 3 2 2 1 0 2 4 3 3 4 3 3 2 
2 2 2 2 3 2 2 3 2 2 3 2 2 2 2 2 2 3 3 2 2 2 2 2 2 2 2 2 3 3 2 3 2 2 2 2 2 2 2 1 1 1 2 0 3 2 2 3 2 2 1 
3 3 3 3 4 3 3 4 3 3 4 3 3 3 3 3 3 4 4 3 3 3 3 3 3 3 3 3 4 4 3 4 3 3 3 3 3 3 3 4 3 4 4 3 0 1 2 1 2 1 2 
2 2 2 2 3 2 2 3 2 2 3 2 2 2 2 2 2 3 3 2 2 2 2 2 2 2 2 2 3 3 2 3 2 2 2 2 2 2 2 3 2 3 3 2 1 0 1 1 2 1 1 
2 2 2 2 3 2 2 3 2 2 3 2 2 2 2 2 2 3 3 2 2 2 2 2 2 2 2 2 3 3 2 3 2 2 2 2 2 2 2 3 2 3 3 2 2 1 0 2 1 2 1 
3 3 3 3 4 3 3 4 3 3 4 3 3 3 3 3 3 4 4 3 3 3 3 3 3 3 3 3 4 4 3 4 3 3 3 3 3 3 3 4 3 4 4 3 1 1 2 0 1 2 2 
2 2 2 2 3 2 2 3 2 2 3 2 2 2 2 2 2 3 3 2 2 2 2 2 2 2 2 2 3 3 2 3 2 2 2 2 2 2 2 3 2 3 3 2 2 2 1 1 0 2 1 
2 2 2 2 3 2 2 3 2 2 3 2 2 2 2 2 2 3 3 2 2 2 2 2 2 2 2 2 3 3 2 3 2 2 2 2 2 2 2 3 2 3 3 2 1 1 2 2 2 0 1 
1 1 1 1 2 1 1 2 1 1 2 1 1 1 1 1 1 2 2 1 1 1 1 1 1 1 1 1 2 2 1 2 1 1 1 1 1 1 1 2 1 2 2 1 2 1 1 2 1 1 0 
