26
SJPfUQrbAbqM svpVoYHpEpjH PCNGxUSnzrYJ JCPkGQQBkgge AZrILCuGwbtV SPoMbAzxrqrj KKNtdnAHmUpc jmWqilJNXyuV MlFqcqjWiUdI oClepMbylsqk phTlHtTwrYOU YfpLHnDpSXzc NkzUoyRYPnbb FhVNapbaoZOZ bVDkAfQbeTmx ilCjMogPnNTK crcFIKqbaYTC RWoTZCNhceUR NmmqQKqzdERM UvfnFwkwYqFk GLfJulJDWdHA YbGvPudTcbyh cXYRsTNMJDHO ltlOmMSvjmIL GoPPViXuIoMW MHnVCXOJJwOI
0 117.25353 210.80136 162.70886 147.73454 112.44764 171.79994 108.41703 197.258 189.0471 193.12105 125.05308 140.75234 221.78689 144.79788 138.09846 206.78346 205.95954 197.16135 145.01292 100.83458 110.97212 194.54859 159.90948 147.04577 161.97173 
117.25353 0 177.98421 111.70998 144.20912 179.28104 156.54302 131.25687 252.87858 214.71877 127.97208 149.07805 193.81785 109.98558 214.88274 140.82178 104.0661 198.20107 160.59506 190.29355 111.10435 146.09393 149.99307 180.37319 126.74674 196.92075 
210.80136 177.98421 0 127.63943 185.43428 124.3106 111.6668 198.64392 127.47516 151.31881 151.70193 178.54862 228.7413 231.53388999999999 157.35221 193.35794 121.04684 136.5297 163.73035 218.11319 109.96678 199.24939 125.46466 173.44925 121.53516 177.40452 
162.70886 111.70998 127.63943 0 164.12477 223.1298 178.83216 164.15544 173.98729 212.13578 117.34576 160.47656 198.39703 217.11448000000001 172.96114 180.45789 139.2444 151.84969 225.19405999999998 240.46165000000002 132.87182 142.39087 213.76256 135.11022 106.44348 252.05707 
147.73454 144.20912 185.43428 164.12477 0 172.09333 107.79283 236.04480999999998 112.59618 185.68726 179.65074 118.83344 152.25712 127.69226 188.69507 153.81777 219.61681 229.92344 192.80972 157.74729 228.61691 222.39011 176.30725 178.59478 175.53142 143.17541 
112.44764 179.28104 124.3106 223.1298 172.09333 0 103.6764 167.45901 153.9303 165.23152 173.9836 180.04754 178.05069 223.54349000000002 170.14735 166.91778 226.93916000000002 125.62462 135.80988 137.72947 213.28222 176.03245 107.18378 114.13507 226.04910999999998 130.24283 
171.79994 156.54302 111.6668 178.83216 107.79283 103.6764 0 153.7699 158.39586 209.39024 190.2975 119.0381 117.0745 119.86709 227.19053000000002 164.64537 134.30813 122.13061 221.43709 198.6505 183.54117 238.19684999999998 192.1303 144.83445 150.69293 137.76773 
108.41703 131.25687 198.64392 164.15544 236.04480999999998 167.45901 153.7699 0 228.24036 125.77993 215.46998000000002 217.58249 189.62994 191.27099 142.78094 132.9693 138.40475 117.07331 231.49663999999999 208.31380000000001 209.25161 199.102 110.5513 190.12546 176.5167 226.3748 
197.258 252.87858 127.47516 173.98729 112.59618 153.9303 158.39586 228.24036 0 185.3036 170.77245 186.80665 121.23532 155.382 119.29247 115.49218 230.12614 170.04413 103.99429 215.42197 237.44194 125.9574 181.90886 234.36819 153.64246 115.36751 
189.0471 214.71877 151.31881 212.13578 185.68726 165.23152 209.39024 125.77993 185.3036 0 151.13614 143.8828 140.12627 242.19272 141.17965 199.7843 110.65267 230.01568 192.35716 165.01438 152.67204 237.23852 127.53369 144.07237 105.6923 180.94734 
193.12105 127.97208 151.70193 117.34576 179.65074 173.9836 190.2975 215.46998000000002 170.77245 151.13614 0 146.60231 117.74909 100.95289 124.06467 168.42143 229.39860000000002 122.84584 217.6445 194.15163 141.35542 182.75846 144.80468 239.14039000000002 103.74707 141.20432 
125.05308 149.07805 178.54862 160.47656 118.83344 180.04754 119.0381 217.58249 186.80665 143.8828 146.60231 0 157.9871 190.639 166.07647 139.09657 217.25495 154.34148 140.57859 136.28771 177.26092 125.55932 143.56807 121.21506 174.78688 236.34217 
140.75234 193.81785 228.7413 198.39703 152.25712 178.05069 117.0745 189.62994 121.23532 140.12627 117.74909 157.9871 0 141.7178 225.05272 171.35988 117.22831 112.87813 169.75474 223.42738 136.05157 121.12235 135.31318 128.3713 184.58549 236.60282999999998 
221.78689 109.98558 231.53388999999999 217.11448000000001 127.69226 223.54349000000002 119.86709 191.27099 155.382 242.19272 100.95289 190.639 141.7178 0 153.41021 198.6282 186.25848 163.72451 116.69161 249.70690000000002 175.65932 127.6022 230.60402 197.91724 204.69995999999998 173.91602 
144.79788 214.88274 157.35221 172.96114 188.69507 170.14735 227.19053000000002 142.78094 119.29247 141.17965 124.06467 166.07647 225.05272 153.41021 0 135.86941 110.83367 225.57384000000002 221.4069 179.28209 216.78255000000001 103.93037 191.51433 115.07572 147.07376 228.62643 
138.09846 140.82178 193.35794 180.45789 153.81777 166.91778 164.64537 132.9693 115.49218 199.7843 168.42143 139.09657 171.35988 198.6282 135.86941 0 155.26884 145.17147 105.45218 236.24029000000002 221.26709 104.17591 135.11498 173.21908 143.13826 218.15417 
206.78346 104.0661 121.04684 139.2444 219.61681 226.93916000000002 134.30813 138.40475 230.12614 110.65267 229.39860000000002 217.25495 117.22831 186.25848 110.83367 155.26884 0 194.08152 224.41645 145.8636 105.94888 180.28251 234.45247999999998 143.62916 171.42987 140.39293 
205.95954 198.20107 136.5297 151.84969 229.92344 125.62462 122.13061 117.07331 170.04413 230.01568 122.84584 154.34148 112.87813 163.72451 225.57384000000002 145.17147 194.08152 0 220.2422 119.43542 105.12496 199.5185 102.48199 126.94792 154.55856 140.17849 
197.16135 160.59506 163.73035 225.19405999999998 192.80972 135.80988 221.43709 231.49663999999999 103.99429 192.35716 217.6445 140.57859 169.75474 116.69161 221.4069 105.45218 224.41645 220.2422 0 153.35487 177.62369 148.46795 124.75612 237.93457 214.2386 112.70199 
145.01292 190.29355 218.11319 240.46165000000002 157.74729 137.72947 198.6505 208.31380000000001 215.42197 165.01438 194.15163 136.28771 223.42738 249.70690000000002 179.28209 236.24029000000002 145.8636 119.43542 153.35487 0 191.91384 149.17511 211.78161999999998 163.39957 226.00803 100.05446 
100.83458 111.10435 109.96678 132.87182 228.61691 213.28222 183.54117 209.25161 237.44194 152.67204 141.35542 177.26092 136.05157 175.65932 216.78255000000001 221.26709 105.94888 105.12496 177.62369 191.91384 0 125.13875 207.60694999999998 169.32948 120.58734 159.90629 
110.97212 146.09393 199.24939 142.39087 222.39011 176.03245 238.19684999999998 199.102 125.9574 237.23852 182.75846 125.55932 121.12235 127.6022 103.93037 104.17591 180.28251 199.5185 148.46795 149.17511 125.13875 0 239.29089 219.00609 183.1459 212.63207 
194.54859 149.99307 125.46466 213.76256 176.30725 107.18378 192.1303 110.5513 181.90886 127.53369 144.80468 143.56807 135.31318 230.60402 191.51433 135.11498 234.45247999999998 102.48199 124.75612 211.78161999999998 207.60694999999998 239.29089 0 175.75258 168.60791 149.42776 
159.90948 180.37319 173.44925 135.11022 178.59478 114.13507 144.83445 190.12546 234.36819 144.07237 239.14039000000002 121.21506 128.3713 197.91724 115.07572 173.21908 143.62916 126.94792 237.93457 163.39957 169.32948 219.00609 175.75258 0 140.10949 190.91428 
147.04577 126.74674 121.53516 106.44348 175.53142 226.04910999999998 150.69293 176.5167 153.64246 105.6923 103.74707 174.78688 184.58549 204.69995999999998 147.07376 143.13826 171.42987 154.55856 214.2386 226.00803 120.58734 183.1459 168.60791 140.10949 0 233.82817 
161.97173 196.92075 177.40452 252.05707 143.17541 130.24283 137.76773 226.3748 115.36751 180.94734 141.20432 236.34217 236.60282999999998 173.91602 228.62643 218.15417 140.39293 140.17849 112.70199 100.05446 159.90629 212.63207 149.42776 190.91428 233.82817 0 
