25
5 100 32 36 57 77 67 79 90 21 12 84 95 31 25 59 69 56 10 54 49 92 45 88 52 3
0 1 1 1 1 1 1 2 2 1 2 2 2 2 1 1 2 1 1 2 2 2 2 2 2 1 
1 0 2 2 2 2 1 1 2 2 2 1 2 1 2 2 1 1 2 2 1 2 2 2 2 2 
1 2 0 1 1 2 2 2 2 2 1 1 1 1 2 1 1 2 2 2 2 2 1 1 2 1 
1 2 1 0 1 2 2 1 2 1 2 1 1 1 2 2 1 2 1 2 1 1 1 1 1 1 
1 2 1 1 0 2 1 2 2 1 1 1 1 1 1 2 1 2 1 2 2 1 2 1 2 1 
1 2 2 2 2 0 2 2 2 2 1 2 2 2 1 1 1 1 1 1 1 1 2 1 2 2 
1 1 2 2 1 2 0 1 2 2 2 2 2 2 1 1 2 2 1 1 1 1 1 1 2 1 
2 1 2 1 2 2 1 0 2 2 1 1 1 2 1 1 2 2 2 1 1 2 2 1 2 1 
2 2 2 2 2 2 2 2 0 2 1 1 2 1 1 1 2 2 1 2 1 1 2 1 1 2 
1 2 2 1 1 2 2 2 2 0 2 2 1 2 2 2 2 1 2 1 2 1 2 1 2 1 
2 2 1 2 1 1 2 1 1 2 0 2 2 2 2 2 1 2 1 1 1 2 1 1 2 2 
2 1 1 1 1 2 2 1 1 2 2 0 1 1 1 1 2 2 2 1 1 2 2 2 2 2 
2 2 1 1 1 2 2 1 2 1 2 1 0 2 2 1 2 2 1 2 1 1 2 2 2 1 
2 1 1 1 1 2 2 2 1 2 2 1 2 0 2 2 2 2 2 1 2 1 2 2 2 1 
1 2 2 2 1 1 1 1 1 2 2 1 2 2 0 2 1 1 2 2 1 2 1 1 1 1 
1 2 1 2 2 1 1 1 1 2 2 1 1 2 2 0 1 1 2 1 2 2 2 2 2 1 
2 1 1 1 1 1 2 2 2 2 1 2 2 2 1 1 0 2 1 2 1 2 1 2 1 2 
1 1 2 2 2 1 2 2 2 1 2 2 2 2 1 1 2 0 2 1 2 2 1 1 2 2 
1 2 2 1 1 1 1 2 1 2 1 2 1 2 2 2 1 2 0 2 1 1 2 1 2 1 
2 2 2 2 2 1 1 1 2 1 1 1 2 1 2 1 2 1 2 0 1 1 2 2 2 1 
2 1 2 1 2 1 1 1 1 2 1 1 1 2 1 2 1 2 1 1 0 1 2 1 2 2 
2 2 2 1 1 1 1 2 1 1 2 2 1 1 2 2 2 2 1 1 1 0 2 1 2 2 
2 2 1 1 2 2 1 2 2 2 1 2 2 2 1 2 1 1 2 2 2 2 0 2 1 1 
2 2 1 1 1 1 1 1 1 1 1 2 2 2 1 2 2 1 1 2 1 1 2 0 1 2 
2 2 2 1 2 2 2 2 1 2 2 2 2 2 1 2 1 2 2 2 2 2 1 1 0 2 
1 2 1 1 1 2 1 1 2 1 2 2 1 1 1 1 2 2 1 1 2 2 1 2 2 0 
