89
A1 A3 A5 A7 A9 B1 B3 B5 B7 B9 C1 C3 C5 C7 C9 D1 D3 D5 D7 D9 E1 E3 E5 E7 AB AP N H J AF AS AU AW T P AG Q AC AO b d f h j l n p r t v x z ab ad af ah aj al an ap ar at av ax a1 a3 a5 a7 a9 b1 b3 b5 b7 b9 c1 c3 c5 c7 c9 d1 d3 d5 d7 d9 e1 e3 e5 e7 Soda
0 34.0 17.0 3.0 22.0 33.0 35.0 34.0 28.0 14.0 33.0 17.0 17.0 31.0 8.0 14.0 27.0 5.0 11.0 13.0 22.0 22.0 28.0 39.0 32.0 47.0 30.0 28.0 25.0 37.0 45.0 44.0 55.0 35.0 21.0 42.0 23.0 37.0 48.0 112.0 112.0 212.0 112.0 212.0 312.0 212.0 212.0 312.0 312.0 312.0 212.0 412.0 312.0 312.0 312.0 412.0 312.0 312.0 312.0 312.0 612.0 412.0 412.0 412.0 23.0 35.0 18.0 20.0 23.0 34.0 36.0 35.0 29.0 31.0 34.0 28.0 18.0 32.0 15.0 31.0 28.0 20.0 26.0 30.0 28.0 23.0 29.0 40.0 11.0 
34.0 0 17.0 31.0 12.0 45.0 47.0 11.0 14.0 42.0 15.0 39.0 29.0 43.0 26.0 42.0 21.0 31.0 37.0 41.0 39.0 34.0 40.0 51.0 44.0 59.0 42.0 40.0 37.0 49.0 57.0 56.0 67.0 47.0 33.0 54.0 35.0 49.0 60.0 124.0 124.0 224.0 124.0 224.0 324.0 224.0 224.0 324.0 324.0 324.0 224.0 424.0 324.0 324.0 324.0 424.0 324.0 324.0 324.0 324.0 624.0 424.0 424.0 424.0 35.0 47.0 30.0 32.0 35.0 46.0 48.0 47.0 41.0 43.0 46.0 40.0 30.0 44.0 27.0 43.0 40.0 32.0 38.0 42.0 40.0 35.0 41.0 52.0 23.0 
17.0 17.0 0 14.0 5.0 28.0 30.0 17.0 11.0 25.0 16.0 22.0 12.0 26.0 9.0 25.0 10.0 14.0 20.0 24.0 22.0 17.0 23.0 34.0 27.0 42.0 25.0 23.0 20.0 32.0 40.0 39.0 50.0 30.0 16.0 37.0 18.0 32.0 43.0 107.0 107.0 207.0 107.0 207.0 307.0 207.0 207.0 307.0 307.0 307.0 207.0 407.0 307.0 307.0 307.0 407.0 307.0 307.0 307.0 307.0 607.0 407.0 407.0 407.0 18.0 30.0 13.0 15.0 18.0 29.0 31.0 30.0 24.0 26.0 29.0 23.0 13.0 27.0 10.0 26.0 23.0 15.0 21.0 25.0 23.0 18.0 24.0 35.0 6.0 
3.0 31.0 14.0 0 19.0 30.0 32.0 31.0 25.0 11.0 30.0 19.0 14.0 28.0 5.0 11.0 24.0 8.0 14.0 10.0 24.0 19.0 25.0 36.0 29.0 44.0 27.0 25.0 22.0 34.0 42.0 41.0 52.0 32.0 18.0 39.0 20.0 34.0 45.0 109.0 109.0 209.0 109.0 209.0 309.0 209.0 209.0 309.0 309.0 309.0 209.0 409.0 309.0 309.0 309.0 409.0 309.0 309.0 309.0 309.0 609.0 409.0 409.0 409.0 20.0 32.0 15.0 17.0 20.0 31.0 33.0 32.0 26.0 28.0 31.0 25.0 15.0 29.0 12.0 28.0 25.0 17.0 23.0 27.0 25.0 20.0 26.0 37.0 8.0 
22.0 12.0 5.0 19.0 0 33.0 35.0 12.0 6.0 30.0 16.0 27.0 17.0 31.0 14.0 30.0 12.0 19.0 25.0 29.0 27.0 22.0 28.0 39.0 32.0 47.0 30.0 28.0 25.0 37.0 45.0 44.0 55.0 35.0 21.0 42.0 23.0 37.0 48.0 112.0 112.0 212.0 112.0 212.0 312.0 212.0 212.0 312.0 312.0 312.0 212.0 412.0 312.0 312.0 312.0 412.0 312.0 312.0 312.0 312.0 612.0 412.0 412.0 412.0 23.0 35.0 18.0 20.0 23.0 34.0 36.0 35.0 29.0 31.0 34.0 28.0 18.0 32.0 15.0 31.0 28.0 20.0 26.0 30.0 28.0 23.0 29.0 40.0 11.0 
33.0 45.0 28.0 30.0 33.0 0 12.0 45.0 39.0 41.0 44.0 38.0 16.0 18.0 25.0 41.0 38.0 30.0 36.0 40.0 38.0 17.0 5.0 7.0 43.0 58.0 41.0 39.0 36.0 48.0 56.0 55.0 66.0 46.0 32.0 53.0 34.0 48.0 59.0 123.0 123.0 223.0 123.0 223.0 323.0 223.0 223.0 323.0 323.0 323.0 223.0 423.0 323.0 323.0 323.0 423.0 323.0 323.0 323.0 323.0 623.0 423.0 423.0 423.0 34.0 46.0 29.0 31.0 34.0 45.0 47.0 46.0 40.0 42.0 45.0 39.0 29.0 43.0 26.0 42.0 39.0 31.0 37.0 41.0 39.0 34.0 40.0 51.0 22.0 
35.0 47.0 30.0 32.0 35.0 12.0 0 47.0 41.0 43.0 46.0 40.0 18.0 7.0 27.0 43.0 40.0 32.0 38.0 42.0 40.0 19.0 7.0 12.0 45.0 60.0 43.0 41.0 38.0 50.0 58.0 57.0 68.0 48.0 34.0 55.0 36.0 50.0 61.0 125.0 125.0 225.0 125.0 225.0 325.0 225.0 225.0 325.0 325.0 325.0 225.0 425.0 325.0 325.0 325.0 425.0 325.0 325.0 325.0 325.0 625.0 425.0 425.0 425.0 36.0 48.0 31.0 33.0 36.0 47.0 49.0 48.0 42.0 44.0 47.0 41.0 31.0 45.0 28.0 44.0 41.0 33.0 39.0 43.0 41.0 36.0 42.0 53.0 24.0 
34.0 11.0 17.0 31.0 12.0 45.0 47.0 0 6.0 42.0 4.0 39.0 29.0 43.0 26.0 42.0 10.0 31.0 37.0 41.0 39.0 34.0 40.0 51.0 44.0 59.0 42.0 40.0 37.0 49.0 57.0 56.0 67.0 47.0 33.0 54.0 35.0 49.0 60.0 124.0 124.0 224.0 124.0 224.0 324.0 224.0 224.0 324.0 324.0 324.0 224.0 424.0 324.0 324.0 324.0 424.0 324.0 324.0 324.0 324.0 624.0 424.0 424.0 424.0 35.0 47.0 30.0 32.0 35.0 46.0 48.0 47.0 41.0 43.0 46.0 40.0 30.0 44.0 27.0 43.0 40.0 32.0 38.0 42.0 40.0 35.0 41.0 52.0 23.0 
28.0 14.0 11.0 25.0 6.0 39.0 41.0 6.0 0 36.0 10.0 33.0 23.0 37.0 20.0 36.0 7.0 25.0 31.0 35.0 33.0 28.0 34.0 45.0 38.0 53.0 36.0 34.0 31.0 43.0 51.0 50.0 61.0 41.0 27.0 48.0 29.0 43.0 54.0 118.0 118.0 218.0 118.0 218.0 318.0 218.0 218.0 318.0 318.0 318.0 218.0 418.0 318.0 318.0 318.0 418.0 318.0 318.0 318.0 318.0 618.0 418.0 418.0 418.0 29.0 41.0 24.0 26.0 29.0 40.0 42.0 41.0 35.0 37.0 40.0 34.0 24.0 38.0 21.0 37.0 34.0 26.0 32.0 36.0 34.0 29.0 35.0 46.0 17.0 
14.0 42.0 25.0 11.0 30.0 41.0 43.0 42.0 36.0 0 41.0 13.0 25.0 39.0 16.0 8.0 35.0 19.0 16.0 3.0 20.0 30.0 36.0 47.0 40.0 55.0 38.0 36.0 33.0 45.0 53.0 52.0 63.0 43.0 29.0 50.0 31.0 45.0 56.0 120.0 120.0 220.0 120.0 220.0 320.0 220.0 220.0 320.0 320.0 320.0 220.0 420.0 320.0 320.0 320.0 420.0 320.0 320.0 320.0 320.0 620.0 420.0 420.0 420.0 31.0 43.0 26.0 28.0 31.0 42.0 44.0 43.0 37.0 39.0 42.0 36.0 26.0 40.0 23.0 39.0 36.0 28.0 34.0 38.0 36.0 31.0 37.0 48.0 19.0 
33.0 15.0 16.0 30.0 16.0 44.0 46.0 4.0 10.0 41.0 0 38.0 28.0 42.0 25.0 41.0 6.0 30.0 36.0 40.0 38.0 33.0 39.0 50.0 43.0 58.0 41.0 39.0 36.0 48.0 56.0 55.0 66.0 46.0 32.0 53.0 34.0 48.0 59.0 123.0 123.0 223.0 123.0 223.0 323.0 223.0 223.0 323.0 323.0 323.0 223.0 423.0 323.0 323.0 323.0 423.0 323.0 323.0 323.0 323.0 623.0 423.0 423.0 423.0 34.0 46.0 29.0 31.0 34.0 45.0 47.0 46.0 40.0 42.0 45.0 39.0 29.0 43.0 26.0 42.0 39.0 31.0 37.0 41.0 39.0 34.0 40.0 51.0 22.0 
17.0 39.0 22.0 19.0 27.0 38.0 40.0 39.0 33.0 13.0 38.0 0 22.0 36.0 17.0 21.0 32.0 12.0 6.0 16.0 7.0 27.0 33.0 44.0 37.0 52.0 35.0 33.0 30.0 42.0 50.0 49.0 60.0 40.0 26.0 47.0 28.0 42.0 53.0 117.0 117.0 217.0 117.0 217.0 317.0 217.0 217.0 317.0 317.0 317.0 217.0 417.0 317.0 317.0 317.0 417.0 317.0 317.0 317.0 317.0 617.0 417.0 417.0 417.0 28.0 40.0 23.0 25.0 28.0 39.0 41.0 40.0 34.0 36.0 39.0 33.0 23.0 37.0 20.0 36.0 33.0 25.0 31.0 35.0 33.0 28.0 34.0 45.0 16.0 
17.0 29.0 12.0 14.0 17.0 16.0 18.0 29.0 23.0 25.0 28.0 22.0 0 14.0 9.0 25.0 22.0 14.0 20.0 24.0 22.0 5.0 11.0 22.0 27.0 42.0 25.0 23.0 20.0 32.0 40.0 39.0 50.0 30.0 16.0 37.0 18.0 32.0 43.0 107.0 107.0 207.0 107.0 207.0 307.0 207.0 207.0 307.0 307.0 307.0 207.0 407.0 307.0 307.0 307.0 407.0 307.0 307.0 307.0 307.0 607.0 407.0 407.0 407.0 18.0 30.0 13.0 15.0 18.0 29.0 31.0 30.0 24.0 26.0 29.0 23.0 13.0 27.0 10.0 26.0 23.0 15.0 21.0 25.0 23.0 18.0 24.0 35.0 6.0 
31.0 43.0 26.0 28.0 31.0 18.0 7.0 43.0 37.0 39.0 42.0 36.0 14.0 0 23.0 39.0 36.0 28.0 34.0 38.0 36.0 15.0 13.0 19.0 41.0 56.0 39.0 37.0 34.0 46.0 54.0 53.0 64.0 44.0 30.0 51.0 32.0 46.0 57.0 121.0 121.0 221.0 121.0 221.0 321.0 221.0 221.0 321.0 321.0 321.0 221.0 421.0 321.0 321.0 321.0 421.0 321.0 321.0 321.0 321.0 621.0 421.0 421.0 421.0 32.0 44.0 27.0 29.0 32.0 43.0 45.0 44.0 38.0 40.0 43.0 37.0 27.0 41.0 24.0 40.0 37.0 29.0 35.0 39.0 37.0 32.0 38.0 49.0 20.0 
8.0 26.0 9.0 5.0 14.0 25.0 27.0 26.0 20.0 16.0 25.0 17.0 9.0 23.0 0 16.0 19.0 5.0 11.0 15.0 19.0 14.0 20.0 31.0 24.0 39.0 22.0 20.0 17.0 29.0 37.0 36.0 47.0 27.0 13.0 34.0 15.0 29.0 40.0 104.0 104.0 204.0 104.0 204.0 304.0 204.0 204.0 304.0 304.0 304.0 204.0 404.0 304.0 304.0 304.0 404.0 304.0 304.0 304.0 304.0 604.0 404.0 404.0 404.0 15.0 27.0 10.0 12.0 15.0 26.0 28.0 27.0 21.0 23.0 26.0 20.0 10.0 24.0 7.0 23.0 20.0 12.0 18.0 22.0 20.0 15.0 21.0 32.0 3.0 
14.0 42.0 25.0 11.0 30.0 41.0 43.0 42.0 36.0 8.0 41.0 21.0 25.0 39.0 16.0 0 35.0 19.0 24.0 5.0 28.0 30.0 36.0 47.0 40.0 55.0 38.0 36.0 33.0 45.0 53.0 52.0 63.0 43.0 29.0 50.0 31.0 45.0 56.0 120.0 120.0 220.0 120.0 220.0 320.0 220.0 220.0 320.0 320.0 320.0 220.0 420.0 320.0 320.0 320.0 420.0 320.0 320.0 320.0 320.0 620.0 420.0 420.0 420.0 31.0 43.0 26.0 28.0 31.0 42.0 44.0 43.0 37.0 39.0 42.0 36.0 26.0 40.0 23.0 39.0 36.0 28.0 34.0 38.0 36.0 31.0 37.0 48.0 19.0 
27.0 21.0 10.0 24.0 12.0 38.0 40.0 10.0 7.0 35.0 6.0 32.0 22.0 36.0 19.0 35.0 0 24.0 30.0 34.0 32.0 27.0 33.0 44.0 37.0 52.0 35.0 33.0 30.0 42.0 50.0 49.0 60.0 40.0 26.0 47.0 28.0 42.0 53.0 117.0 117.0 217.0 117.0 217.0 317.0 217.0 217.0 317.0 317.0 317.0 217.0 417.0 317.0 317.0 317.0 417.0 317.0 317.0 317.0 317.0 617.0 417.0 417.0 417.0 28.0 40.0 23.0 25.0 28.0 39.0 41.0 40.0 34.0 36.0 39.0 33.0 23.0 37.0 20.0 36.0 33.0 25.0 31.0 35.0 33.0 28.0 34.0 45.0 16.0 
5.0 31.0 14.0 8.0 19.0 30.0 32.0 31.0 25.0 19.0 30.0 12.0 14.0 28.0 5.0 19.0 24.0 0 6.0 18.0 17.0 19.0 25.0 36.0 29.0 44.0 27.0 25.0 22.0 34.0 42.0 41.0 52.0 32.0 18.0 39.0 20.0 34.0 45.0 109.0 109.0 209.0 109.0 209.0 309.0 209.0 209.0 309.0 309.0 309.0 209.0 409.0 309.0 309.0 309.0 409.0 309.0 309.0 309.0 309.0 609.0 409.0 409.0 409.0 20.0 32.0 15.0 17.0 20.0 31.0 33.0 32.0 26.0 28.0 31.0 25.0 15.0 29.0 12.0 28.0 25.0 17.0 23.0 27.0 25.0 20.0 26.0 37.0 8.0 
11.0 37.0 20.0 14.0 25.0 36.0 38.0 37.0 31.0 16.0 36.0 6.0 20.0 34.0 11.0 24.0 30.0 6.0 0 19.0 11.0 25.0 31.0 42.0 35.0 50.0 33.0 31.0 28.0 40.0 48.0 47.0 58.0 38.0 24.0 45.0 26.0 40.0 51.0 115.0 115.0 215.0 115.0 215.0 315.0 215.0 215.0 315.0 315.0 315.0 215.0 415.0 315.0 315.0 315.0 415.0 315.0 315.0 315.0 315.0 615.0 415.0 415.0 415.0 26.0 38.0 21.0 23.0 26.0 37.0 39.0 38.0 32.0 34.0 37.0 31.0 21.0 35.0 18.0 34.0 31.0 23.0 29.0 33.0 31.0 26.0 32.0 43.0 14.0 
13.0 41.0 24.0 10.0 29.0 40.0 42.0 41.0 35.0 3.0 40.0 16.0 24.0 38.0 15.0 5.0 34.0 18.0 19.0 0 23.0 29.0 35.0 46.0 39.0 54.0 37.0 35.0 32.0 44.0 52.0 51.0 62.0 42.0 28.0 49.0 30.0 44.0 55.0 119.0 119.0 219.0 119.0 219.0 319.0 219.0 219.0 319.0 319.0 319.0 219.0 419.0 319.0 319.0 319.0 419.0 319.0 319.0 319.0 319.0 619.0 419.0 419.0 419.0 30.0 42.0 25.0 27.0 30.0 41.0 43.0 42.0 36.0 38.0 41.0 35.0 25.0 39.0 22.0 38.0 35.0 27.0 33.0 37.0 35.0 30.0 36.0 47.0 18.0 
22.0 39.0 22.0 24.0 27.0 38.0 40.0 39.0 33.0 20.0 38.0 7.0 22.0 36.0 19.0 28.0 32.0 17.0 11.0 23.0 0 27.0 33.0 44.0 37.0 52.0 35.0 33.0 30.0 42.0 50.0 49.0 60.0 40.0 26.0 47.0 28.0 42.0 53.0 117.0 117.0 217.0 117.0 217.0 317.0 217.0 217.0 317.0 317.0 317.0 217.0 417.0 317.0 317.0 317.0 417.0 317.0 317.0 317.0 317.0 617.0 417.0 417.0 417.0 28.0 40.0 23.0 25.0 28.0 39.0 41.0 40.0 34.0 36.0 39.0 33.0 23.0 37.0 20.0 36.0 33.0 25.0 31.0 35.0 33.0 28.0 34.0 45.0 16.0 
22.0 34.0 17.0 19.0 22.0 17.0 19.0 34.0 28.0 30.0 33.0 27.0 5.0 15.0 14.0 30.0 27.0 19.0 25.0 29.0 27.0 0 12.0 22.0 32.0 47.0 30.0 28.0 25.0 37.0 45.0 44.0 55.0 35.0 21.0 42.0 23.0 37.0 48.0 112.0 112.0 212.0 112.0 212.0 312.0 212.0 212.0 312.0 312.0 312.0 212.0 412.0 312.0 312.0 312.0 412.0 312.0 312.0 312.0 312.0 612.0 412.0 412.0 412.0 23.0 35.0 18.0 20.0 23.0 34.0 36.0 35.0 29.0 31.0 34.0 28.0 18.0 32.0 15.0 31.0 28.0 20.0 26.0 30.0 28.0 23.0 29.0 40.0 11.0 
28.0 40.0 23.0 25.0 28.0 5.0 7.0 40.0 34.0 36.0 39.0 33.0 11.0 13.0 20.0 36.0 33.0 25.0 31.0 35.0 33.0 12.0 0 11.0 38.0 53.0 36.0 34.0 31.0 43.0 51.0 50.0 61.0 41.0 27.0 48.0 29.0 43.0 54.0 118.0 118.0 218.0 118.0 218.0 318.0 218.0 218.0 318.0 318.0 318.0 218.0 418.0 318.0 318.0 318.0 418.0 318.0 318.0 318.0 318.0 618.0 418.0 418.0 418.0 29.0 41.0 24.0 26.0 29.0 40.0 42.0 41.0 35.0 37.0 40.0 34.0 24.0 38.0 21.0 37.0 34.0 26.0 32.0 36.0 34.0 29.0 35.0 46.0 17.0 
39.0 51.0 34.0 36.0 39.0 7.0 12.0 51.0 45.0 47.0 50.0 44.0 22.0 19.0 31.0 47.0 44.0 36.0 42.0 46.0 44.0 22.0 11.0 0 49.0 64.0 47.0 45.0 42.0 54.0 62.0 61.0 72.0 52.0 38.0 59.0 40.0 54.0 65.0 129.0 129.0 229.0 129.0 229.0 329.0 229.0 229.0 329.0 329.0 329.0 229.0 429.0 329.0 329.0 329.0 429.0 329.0 329.0 329.0 329.0 629.0 429.0 429.0 429.0 40.0 52.0 35.0 37.0 40.0 51.0 53.0 52.0 46.0 48.0 51.0 45.0 35.0 49.0 32.0 48.0 45.0 37.0 43.0 47.0 45.0 40.0 46.0 57.0 28.0 
32.0 44.0 27.0 29.0 32.0 43.0 45.0 44.0 38.0 40.0 43.0 37.0 27.0 41.0 24.0 40.0 37.0 29.0 35.0 39.0 37.0 32.0 38.0 49.0 0 27.0 22.0 10.0 33.0 45.0 53.0 52.0 63.0 43.0 29.0 50.0 31.0 45.0 56.0 122.0 122.0 222.0 122.0 222.0 322.0 222.0 222.0 322.0 322.0 322.0 222.0 422.0 322.0 322.0 322.0 422.0 322.0 322.0 322.0 322.0 622.0 422.0 422.0 422.0 33.0 45.0 28.0 30.0 33.0 44.0 46.0 45.0 39.0 41.0 44.0 38.0 28.0 42.0 25.0 41.0 38.0 30.0 36.0 40.0 38.0 33.0 39.0 50.0 21.0 
47.0 59.0 42.0 44.0 47.0 58.0 60.0 59.0 53.0 55.0 58.0 52.0 42.0 56.0 39.0 55.0 52.0 44.0 50.0 54.0 52.0 47.0 53.0 64.0 27.0 0 17.0 37.0 48.0 60.0 68.0 67.0 78.0 58.0 44.0 65.0 46.0 60.0 71.0 137.0 137.0 237.0 137.0 237.0 337.0 237.0 237.0 337.0 337.0 337.0 237.0 437.0 337.0 337.0 337.0 437.0 337.0 337.0 337.0 337.0 637.0 437.0 437.0 437.0 48.0 60.0 43.0 45.0 48.0 59.0 61.0 60.0 54.0 56.0 59.0 53.0 43.0 57.0 40.0 56.0 53.0 45.0 51.0 55.0 53.0 48.0 54.0 65.0 36.0 
30.0 42.0 25.0 27.0 30.0 41.0 43.0 42.0 36.0 38.0 41.0 35.0 25.0 39.0 22.0 38.0 35.0 27.0 33.0 37.0 35.0 30.0 36.0 47.0 22.0 17.0 0 32.0 31.0 43.0 51.0 50.0 61.0 41.0 27.0 48.0 29.0 43.0 54.0 120.0 120.0 220.0 120.0 220.0 320.0 220.0 220.0 320.0 320.0 320.0 220.0 420.0 320.0 320.0 320.0 420.0 320.0 320.0 320.0 320.0 620.0 420.0 420.0 420.0 31.0 43.0 26.0 28.0 31.0 42.0 44.0 43.0 37.0 39.0 42.0 36.0 26.0 40.0 23.0 39.0 36.0 28.0 34.0 38.0 36.0 31.0 37.0 48.0 19.0 
28.0 40.0 23.0 25.0 28.0 39.0 41.0 40.0 34.0 36.0 39.0 33.0 23.0 37.0 20.0 36.0 33.0 25.0 31.0 35.0 33.0 28.0 34.0 45.0 10.0 37.0 32.0 0 29.0 41.0 49.0 48.0 59.0 39.0 25.0 46.0 27.0 41.0 52.0 118.0 118.0 218.0 118.0 218.0 318.0 218.0 218.0 318.0 318.0 318.0 218.0 418.0 318.0 318.0 318.0 418.0 318.0 318.0 318.0 318.0 618.0 418.0 418.0 418.0 29.0 41.0 24.0 26.0 29.0 40.0 42.0 41.0 35.0 37.0 40.0 34.0 24.0 38.0 21.0 37.0 34.0 26.0 32.0 36.0 34.0 29.0 35.0 46.0 17.0 
25.0 37.0 20.0 22.0 25.0 36.0 38.0 37.0 31.0 33.0 36.0 30.0 20.0 34.0 17.0 33.0 30.0 22.0 28.0 32.0 30.0 25.0 31.0 42.0 33.0 48.0 31.0 29.0 0 17.0 46.0 45.0 56.0 36.0 22.0 43.0 24.0 38.0 49.0 115.0 115.0 215.0 115.0 215.0 315.0 215.0 215.0 315.0 315.0 315.0 215.0 415.0 315.0 315.0 315.0 415.0 315.0 315.0 315.0 315.0 615.0 415.0 415.0 415.0 26.0 38.0 21.0 23.0 26.0 37.0 39.0 38.0 32.0 34.0 37.0 31.0 21.0 35.0 18.0 34.0 31.0 23.0 29.0 33.0 31.0 26.0 32.0 43.0 14.0 
37.0 49.0 32.0 34.0 37.0 48.0 50.0 49.0 43.0 45.0 48.0 42.0 32.0 46.0 29.0 45.0 42.0 34.0 40.0 44.0 42.0 37.0 43.0 54.0 45.0 60.0 43.0 41.0 17.0 0 58.0 57.0 68.0 48.0 34.0 55.0 36.0 50.0 61.0 127.0 127.0 227.0 127.0 227.0 327.0 227.0 227.0 327.0 327.0 327.0 227.0 427.0 327.0 327.0 327.0 427.0 327.0 327.0 327.0 327.0 627.0 427.0 427.0 427.0 38.0 50.0 33.0 35.0 38.0 49.0 51.0 50.0 44.0 46.0 49.0 43.0 33.0 47.0 30.0 46.0 43.0 35.0 41.0 45.0 43.0 38.0 44.0 55.0 26.0 
45.0 57.0 40.0 42.0 45.0 56.0 58.0 57.0 51.0 53.0 56.0 50.0 40.0 54.0 37.0 53.0 50.0 42.0 48.0 52.0 50.0 45.0 51.0 62.0 53.0 68.0 51.0 49.0 46.0 58.0 0 12.0 32.0 22.0 42.0 63.0 44.0 58.0 69.0 135.0 135.0 235.0 135.0 235.0 335.0 235.0 235.0 335.0 335.0 335.0 235.0 435.0 335.0 335.0 335.0 435.0 335.0 335.0 335.0 335.0 635.0 435.0 435.0 435.0 46.0 58.0 41.0 43.0 46.0 57.0 59.0 58.0 52.0 54.0 57.0 51.0 41.0 55.0 38.0 54.0 51.0 43.0 49.0 53.0 51.0 46.0 52.0 63.0 34.0 
44.0 56.0 39.0 41.0 44.0 55.0 57.0 56.0 50.0 52.0 55.0 49.0 39.0 53.0 36.0 52.0 49.0 41.0 47.0 51.0 49.0 44.0 50.0 61.0 52.0 67.0 50.0 48.0 45.0 57.0 12.0 0 31.0 21.0 41.0 62.0 43.0 57.0 68.0 134.0 134.0 234.0 134.0 234.0 334.0 234.0 234.0 334.0 334.0 334.0 234.0 434.0 334.0 334.0 334.0 434.0 334.0 334.0 334.0 334.0 634.0 434.0 434.0 434.0 45.0 57.0 40.0 42.0 45.0 56.0 58.0 57.0 51.0 53.0 56.0 50.0 40.0 54.0 37.0 53.0 50.0 42.0 48.0 52.0 50.0 45.0 51.0 62.0 33.0 
55.0 67.0 50.0 52.0 55.0 66.0 68.0 67.0 61.0 63.0 66.0 60.0 50.0 64.0 47.0 63.0 60.0 52.0 58.0 62.0 60.0 55.0 61.0 72.0 63.0 78.0 61.0 59.0 56.0 68.0 32.0 31.0 0 29.0 52.0 73.0 54.0 68.0 79.0 145.0 145.0 245.0 145.0 245.0 345.0 245.0 245.0 345.0 345.0 345.0 245.0 445.0 345.0 345.0 345.0 445.0 345.0 345.0 345.0 345.0 645.0 445.0 445.0 445.0 56.0 68.0 51.0 53.0 56.0 67.0 69.0 68.0 62.0 64.0 67.0 61.0 51.0 65.0 48.0 64.0 61.0 53.0 59.0 63.0 61.0 56.0 62.0 73.0 44.0 
35.0 47.0 30.0 32.0 35.0 46.0 48.0 47.0 41.0 43.0 46.0 40.0 30.0 44.0 27.0 43.0 40.0 32.0 38.0 42.0 40.0 35.0 41.0 52.0 43.0 58.0 41.0 39.0 36.0 48.0 22.0 21.0 29.0 0 32.0 53.0 34.0 48.0 59.0 125.0 125.0 225.0 125.0 225.0 325.0 225.0 225.0 325.0 325.0 325.0 225.0 425.0 325.0 325.0 325.0 425.0 325.0 325.0 325.0 325.0 625.0 425.0 425.0 425.0 36.0 48.0 31.0 33.0 36.0 47.0 49.0 48.0 42.0 44.0 47.0 41.0 31.0 45.0 28.0 44.0 41.0 33.0 39.0 43.0 41.0 36.0 42.0 53.0 24.0 
21.0 33.0 16.0 18.0 21.0 32.0 34.0 33.0 27.0 29.0 32.0 26.0 16.0 30.0 13.0 29.0 26.0 18.0 24.0 28.0 26.0 21.0 27.0 38.0 29.0 44.0 27.0 25.0 22.0 34.0 42.0 41.0 52.0 32.0 0 22.0 12.0 34.0 45.0 111.0 111.0 211.0 111.0 211.0 311.0 211.0 211.0 311.0 311.0 311.0 211.0 411.0 311.0 311.0 311.0 411.0 311.0 311.0 311.0 311.0 611.0 411.0 411.0 411.0 22.0 34.0 17.0 19.0 22.0 33.0 35.0 34.0 28.0 30.0 33.0 27.0 17.0 31.0 14.0 30.0 27.0 19.0 25.0 29.0 27.0 22.0 28.0 39.0 10.0 
42.0 54.0 37.0 39.0 42.0 53.0 55.0 54.0 48.0 50.0 53.0 47.0 37.0 51.0 34.0 50.0 47.0 39.0 45.0 49.0 47.0 42.0 48.0 59.0 50.0 65.0 48.0 46.0 43.0 55.0 63.0 62.0 73.0 53.0 22.0 0 19.0 55.0 66.0 132.0 132.0 232.0 132.0 232.0 332.0 232.0 232.0 332.0 332.0 332.0 232.0 432.0 332.0 332.0 332.0 432.0 332.0 332.0 332.0 332.0 632.0 432.0 432.0 432.0 43.0 55.0 38.0 40.0 43.0 54.0 56.0 55.0 49.0 51.0 54.0 48.0 38.0 52.0 35.0 51.0 48.0 40.0 46.0 50.0 48.0 43.0 49.0 60.0 31.0 
23.0 35.0 18.0 20.0 23.0 34.0 36.0 35.0 29.0 31.0 34.0 28.0 18.0 32.0 15.0 31.0 28.0 20.0 26.0 30.0 28.0 23.0 29.0 40.0 31.0 46.0 29.0 27.0 24.0 36.0 44.0 43.0 54.0 34.0 12.0 19.0 0 36.0 47.0 113.0 113.0 213.0 113.0 213.0 313.0 213.0 213.0 313.0 313.0 313.0 213.0 413.0 313.0 313.0 313.0 413.0 313.0 313.0 313.0 313.0 613.0 413.0 413.0 413.0 24.0 36.0 19.0 21.0 24.0 35.0 37.0 36.0 30.0 32.0 35.0 29.0 19.0 33.0 16.0 32.0 29.0 21.0 27.0 31.0 29.0 24.0 30.0 41.0 12.0 
37.0 49.0 32.0 34.0 37.0 48.0 50.0 49.0 43.0 45.0 48.0 42.0 32.0 46.0 29.0 45.0 42.0 34.0 40.0 44.0 42.0 37.0 43.0 54.0 45.0 60.0 43.0 41.0 38.0 50.0 58.0 57.0 68.0 48.0 34.0 55.0 36.0 0 25.0 127.0 127.0 227.0 127.0 227.0 327.0 227.0 227.0 327.0 327.0 327.0 227.0 427.0 327.0 327.0 327.0 427.0 327.0 327.0 327.0 327.0 627.0 427.0 427.0 427.0 38.0 50.0 33.0 35.0 38.0 49.0 51.0 50.0 44.0 46.0 49.0 43.0 33.0 47.0 30.0 46.0 43.0 35.0 41.0 45.0 43.0 38.0 44.0 55.0 26.0 
48.0 60.0 43.0 45.0 48.0 59.0 61.0 60.0 54.0 56.0 59.0 53.0 43.0 57.0 40.0 56.0 53.0 45.0 51.0 55.0 53.0 48.0 54.0 65.0 56.0 71.0 54.0 52.0 49.0 61.0 69.0 68.0 79.0 59.0 45.0 66.0 47.0 25.0 0 138.0 138.0 238.0 138.0 238.0 338.0 238.0 238.0 338.0 338.0 338.0 238.0 438.0 338.0 338.0 338.0 438.0 338.0 338.0 338.0 338.0 638.0 438.0 438.0 438.0 49.0 61.0 44.0 46.0 49.0 60.0 62.0 61.0 55.0 57.0 60.0 54.0 44.0 58.0 41.0 57.0 54.0 46.0 52.0 56.0 54.0 49.0 55.0 66.0 37.0 
112.0 124.0 107.0 109.0 112.0 123.0 125.0 124.0 118.0 120.0 123.0 117.0 107.0 121.0 104.0 120.0 117.0 109.0 115.0 119.0 117.0 112.0 118.0 129.0 122.0 137.0 120.0 118.0 115.0 127.0 135.0 134.0 145.0 125.0 111.0 132.0 113.0 127.0 138.0 0 200.0 300.0 200.0 300.0 200.0 300.0 300.0 400.0 400.0 400.0 300.0 500.0 200.0 200.0 400.0 500.0 400.0 400.0 400.0 400.0 700.0 500.0 300.0 300.0 113.0 125.0 108.0 110.0 113.0 124.0 126.0 125.0 119.0 121.0 124.0 118.0 108.0 122.0 105.0 121.0 118.0 110.0 116.0 120.0 118.0 113.0 119.0 130.0 101.0 
112.0 124.0 107.0 109.0 112.0 123.0 125.0 124.0 118.0 120.0 123.0 117.0 107.0 121.0 104.0 120.0 117.0 109.0 115.0 119.0 117.0 112.0 118.0 129.0 122.0 137.0 120.0 118.0 115.0 127.0 135.0 134.0 145.0 125.0 111.0 132.0 113.0 127.0 138.0 200.0 0 300.0 200.0 300.0 400.0 100.0 200.0 400.0 400.0 400.0 300.0 500.0 400.0 400.0 300.0 400.0 400.0 400.0 400.0 400.0 700.0 500.0 500.0 500.0 113.0 125.0 108.0 110.0 113.0 124.0 126.0 125.0 119.0 121.0 124.0 118.0 108.0 122.0 105.0 121.0 118.0 110.0 116.0 120.0 118.0 113.0 119.0 130.0 101.0 
212.0 224.0 207.0 209.0 212.0 223.0 225.0 224.0 218.0 220.0 223.0 217.0 207.0 221.0 204.0 220.0 217.0 209.0 215.0 219.0 217.0 212.0 218.0 229.0 222.0 237.0 220.0 218.0 215.0 227.0 235.0 234.0 245.0 225.0 211.0 232.0 213.0 227.0 238.0 300.0 300.0 0 300.0 400.0 500.0 400.0 400.0 300.0 400.0 500.0 400.0 600.0 500.0 500.0 500.0 600.0 400.0 300.0 500.0 500.0 800.0 600.0 600.0 600.0 213.0 225.0 208.0 210.0 213.0 224.0 226.0 225.0 219.0 221.0 224.0 218.0 208.0 222.0 205.0 221.0 218.0 210.0 216.0 220.0 218.0 213.0 219.0 230.0 201.0 
112.0 124.0 107.0 109.0 112.0 123.0 125.0 124.0 118.0 120.0 123.0 117.0 107.0 121.0 104.0 120.0 117.0 109.0 115.0 119.0 117.0 112.0 118.0 129.0 122.0 137.0 120.0 118.0 115.0 127.0 135.0 134.0 145.0 125.0 111.0 132.0 113.0 127.0 138.0 200.0 200.0 300.0 0 300.0 400.0 300.0 300.0 200.0 200.0 400.0 300.0 500.0 400.0 400.0 400.0 500.0 200.0 200.0 400.0 400.0 700.0 500.0 500.0 500.0 113.0 125.0 108.0 110.0 113.0 124.0 126.0 125.0 119.0 121.0 124.0 118.0 108.0 122.0 105.0 121.0 118.0 110.0 116.0 120.0 118.0 113.0 119.0 130.0 101.0 
212.0 224.0 207.0 209.0 212.0 223.0 225.0 224.0 218.0 220.0 223.0 217.0 207.0 221.0 204.0 220.0 217.0 209.0 215.0 219.0 217.0 212.0 218.0 229.0 222.0 237.0 220.0 218.0 215.0 227.0 235.0 234.0 245.0 225.0 211.0 232.0 213.0 227.0 238.0 300.0 300.0 400.0 300.0 0 500.0 400.0 400.0 500.0 500.0 300.0 200.0 200.0 500.0 500.0 500.0 600.0 500.0 500.0 300.0 200.0 400.0 200.0 600.0 600.0 213.0 225.0 208.0 210.0 213.0 224.0 226.0 225.0 219.0 221.0 224.0 218.0 208.0 222.0 205.0 221.0 218.0 210.0 216.0 220.0 218.0 213.0 219.0 230.0 201.0 
312.0 324.0 307.0 309.0 312.0 323.0 325.0 324.0 318.0 320.0 323.0 317.0 307.0 321.0 304.0 320.0 317.0 309.0 315.0 319.0 317.0 312.0 318.0 329.0 322.0 337.0 320.0 318.0 315.0 327.0 335.0 334.0 345.0 325.0 311.0 332.0 313.0 327.0 338.0 200.0 400.0 500.0 400.0 500.0 0 500.0 500.0 600.0 600.0 600.0 500.0 700.0 200.0 100.0 600.0 700.0 600.0 600.0 600.0 600.0 900.0 700.0 300.0 100.0 313.0 325.0 308.0 310.0 313.0 324.0 326.0 325.0 319.0 321.0 324.0 318.0 308.0 322.0 305.0 321.0 318.0 310.0 316.0 320.0 318.0 313.0 319.0 330.0 301.0 
212.0 224.0 207.0 209.0 212.0 223.0 225.0 224.0 218.0 220.0 223.0 217.0 207.0 221.0 204.0 220.0 217.0 209.0 215.0 219.0 217.0 212.0 218.0 229.0 222.0 237.0 220.0 218.0 215.0 227.0 235.0 234.0 245.0 225.0 211.0 232.0 213.0 227.0 238.0 300.0 100.0 400.0 300.0 400.0 500.0 0 200.0 500.0 500.0 500.0 400.0 600.0 500.0 500.0 200.0 300.0 500.0 500.0 500.0 500.0 800.0 600.0 600.0 600.0 213.0 225.0 208.0 210.0 213.0 224.0 226.0 225.0 219.0 221.0 224.0 218.0 208.0 222.0 205.0 221.0 218.0 210.0 216.0 220.0 218.0 213.0 219.0 230.0 201.0 
212.0 224.0 207.0 209.0 212.0 223.0 225.0 224.0 218.0 220.0 223.0 217.0 207.0 221.0 204.0 220.0 217.0 209.0 215.0 219.0 217.0 212.0 218.0 229.0 222.0 237.0 220.0 218.0 215.0 227.0 235.0 234.0 245.0 225.0 211.0 232.0 213.0 227.0 238.0 300.0 200.0 400.0 300.0 400.0 500.0 200.0 0 500.0 500.0 500.0 400.0 600.0 500.0 500.0 100.0 200.0 500.0 500.0 500.0 500.0 800.0 600.0 600.0 600.0 213.0 225.0 208.0 210.0 213.0 224.0 226.0 225.0 219.0 221.0 224.0 218.0 208.0 222.0 205.0 221.0 218.0 210.0 216.0 220.0 218.0 213.0 219.0 230.0 201.0 
312.0 324.0 307.0 309.0 312.0 323.0 325.0 324.0 318.0 320.0 323.0 317.0 307.0 321.0 304.0 320.0 317.0 309.0 315.0 319.0 317.0 312.0 318.0 329.0 322.0 337.0 320.0 318.0 315.0 327.0 335.0 334.0 345.0 325.0 311.0 332.0 313.0 327.0 338.0 400.0 400.0 300.0 200.0 500.0 600.0 500.0 500.0 0 200.0 600.0 500.0 700.0 600.0 600.0 600.0 700.0 200.0 200.0 600.0 600.0 900.0 700.0 700.0 700.0 313.0 325.0 308.0 310.0 313.0 324.0 326.0 325.0 319.0 321.0 324.0 318.0 308.0 322.0 305.0 321.0 318.0 310.0 316.0 320.0 318.0 313.0 319.0 330.0 301.0 
312.0 324.0 307.0 309.0 312.0 323.0 325.0 324.0 318.0 320.0 323.0 317.0 307.0 321.0 304.0 320.0 317.0 309.0 315.0 319.0 317.0 312.0 318.0 329.0 322.0 337.0 320.0 318.0 315.0 327.0 335.0 334.0 345.0 325.0 311.0 332.0 313.0 327.0 338.0 400.0 400.0 400.0 200.0 500.0 600.0 500.0 500.0 200.0 0 600.0 500.0 700.0 600.0 600.0 600.0 700.0 200.0 100.0 600.0 600.0 900.0 700.0 700.0 700.0 313.0 325.0 308.0 310.0 313.0 324.0 326.0 325.0 319.0 321.0 324.0 318.0 308.0 322.0 305.0 321.0 318.0 310.0 316.0 320.0 318.0 313.0 319.0 330.0 301.0 
312.0 324.0 307.0 309.0 312.0 323.0 325.0 324.0 318.0 320.0 323.0 317.0 307.0 321.0 304.0 320.0 317.0 309.0 315.0 319.0 317.0 312.0 318.0 329.0 322.0 337.0 320.0 318.0 315.0 327.0 335.0 334.0 345.0 325.0 311.0 332.0 313.0 327.0 338.0 400.0 400.0 500.0 400.0 300.0 600.0 500.0 500.0 600.0 600.0 0 200.0 500.0 600.0 600.0 600.0 700.0 600.0 600.0 200.0 200.0 700.0 500.0 700.0 700.0 313.0 325.0 308.0 310.0 313.0 324.0 326.0 325.0 319.0 321.0 324.0 318.0 308.0 322.0 305.0 321.0 318.0 310.0 316.0 320.0 318.0 313.0 319.0 330.0 301.0 
212.0 224.0 207.0 209.0 212.0 223.0 225.0 224.0 218.0 220.0 223.0 217.0 207.0 221.0 204.0 220.0 217.0 209.0 215.0 219.0 217.0 212.0 218.0 229.0 222.0 237.0 220.0 218.0 215.0 227.0 235.0 234.0 245.0 225.0 211.0 232.0 213.0 227.0 238.0 300.0 300.0 400.0 300.0 200.0 500.0 400.0 400.0 500.0 500.0 200.0 0 400.0 500.0 500.0 500.0 600.0 500.0 500.0 200.0 300.0 600.0 400.0 600.0 600.0 213.0 225.0 208.0 210.0 213.0 224.0 226.0 225.0 219.0 221.0 224.0 218.0 208.0 222.0 205.0 221.0 218.0 210.0 216.0 220.0 218.0 213.0 219.0 230.0 201.0 
412.0 424.0 407.0 409.0 412.0 423.0 425.0 424.0 418.0 420.0 423.0 417.0 407.0 421.0 404.0 420.0 417.0 409.0 415.0 419.0 417.0 412.0 418.0 429.0 422.0 437.0 420.0 418.0 415.0 427.0 435.0 434.0 445.0 425.0 411.0 432.0 413.0 427.0 438.0 500.0 500.0 600.0 500.0 200.0 700.0 600.0 600.0 700.0 700.0 500.0 400.0 0 700.0 700.0 700.0 800.0 700.0 700.0 500.0 400.0 200.0 100.0 800.0 800.0 413.0 425.0 408.0 410.0 413.0 424.0 426.0 425.0 419.0 421.0 424.0 418.0 408.0 422.0 405.0 421.0 418.0 410.0 416.0 420.0 418.0 413.0 419.0 430.0 401.0 
312.0 324.0 307.0 309.0 312.0 323.0 325.0 324.0 318.0 320.0 323.0 317.0 307.0 321.0 304.0 320.0 317.0 309.0 315.0 319.0 317.0 312.0 318.0 329.0 322.0 337.0 320.0 318.0 315.0 327.0 335.0 334.0 345.0 325.0 311.0 332.0 313.0 327.0 338.0 200.0 400.0 500.0 400.0 500.0 200.0 500.0 500.0 600.0 600.0 600.0 500.0 700.0 0 300.0 600.0 700.0 600.0 600.0 600.0 600.0 900.0 700.0 100.0 300.0 313.0 325.0 308.0 310.0 313.0 324.0 326.0 325.0 319.0 321.0 324.0 318.0 308.0 322.0 305.0 321.0 318.0 310.0 316.0 320.0 318.0 313.0 319.0 330.0 301.0 
312.0 324.0 307.0 309.0 312.0 323.0 325.0 324.0 318.0 320.0 323.0 317.0 307.0 321.0 304.0 320.0 317.0 309.0 315.0 319.0 317.0 312.0 318.0 329.0 322.0 337.0 320.0 318.0 315.0 327.0 335.0 334.0 345.0 325.0 311.0 332.0 313.0 327.0 338.0 200.0 400.0 500.0 400.0 500.0 100.0 500.0 500.0 600.0 600.0 600.0 500.0 700.0 300.0 0 600.0 700.0 600.0 600.0 600.0 600.0 900.0 700.0 300.0 200.0 313.0 325.0 308.0 310.0 313.0 324.0 326.0 325.0 319.0 321.0 324.0 318.0 308.0 322.0 305.0 321.0 318.0 310.0 316.0 320.0 318.0 313.0 319.0 330.0 301.0 
312.0 324.0 307.0 309.0 312.0 323.0 325.0 324.0 318.0 320.0 323.0 317.0 307.0 321.0 304.0 320.0 317.0 309.0 315.0 319.0 317.0 312.0 318.0 329.0 322.0 337.0 320.0 318.0 315.0 327.0 335.0 334.0 345.0 325.0 311.0 332.0 313.0 327.0 338.0 400.0 300.0 500.0 400.0 500.0 600.0 200.0 100.0 600.0 600.0 600.0 500.0 700.0 600.0 600.0 0 200.0 600.0 600.0 600.0 600.0 900.0 700.0 700.0 700.0 313.0 325.0 308.0 310.0 313.0 324.0 326.0 325.0 319.0 321.0 324.0 318.0 308.0 322.0 305.0 321.0 318.0 310.0 316.0 320.0 318.0 313.0 319.0 330.0 301.0 
412.0 424.0 407.0 409.0 412.0 423.0 425.0 424.0 418.0 420.0 423.0 417.0 407.0 421.0 404.0 420.0 417.0 409.0 415.0 419.0 417.0 412.0 418.0 429.0 422.0 437.0 420.0 418.0 415.0 427.0 435.0 434.0 445.0 425.0 411.0 432.0 413.0 427.0 438.0 500.0 400.0 600.0 500.0 600.0 700.0 300.0 200.0 700.0 700.0 700.0 600.0 800.0 700.0 700.0 200.0 0 700.0 700.0 700.0 700.0 1000.0 800.0 800.0 800.0 413.0 425.0 408.0 410.0 413.0 424.0 426.0 425.0 419.0 421.0 424.0 418.0 408.0 422.0 405.0 421.0 418.0 410.0 416.0 420.0 418.0 413.0 419.0 430.0 401.0 
312.0 324.0 307.0 309.0 312.0 323.0 325.0 324.0 318.0 320.0 323.0 317.0 307.0 321.0 304.0 320.0 317.0 309.0 315.0 319.0 317.0 312.0 318.0 329.0 322.0 337.0 320.0 318.0 315.0 327.0 335.0 334.0 345.0 325.0 311.0 332.0 313.0 327.0 338.0 400.0 400.0 400.0 200.0 500.0 600.0 500.0 500.0 200.0 200.0 600.0 500.0 700.0 600.0 600.0 600.0 700.0 0 200.0 600.0 600.0 900.0 700.0 700.0 700.0 313.0 325.0 308.0 310.0 313.0 324.0 326.0 325.0 319.0 321.0 324.0 318.0 308.0 322.0 305.0 321.0 318.0 310.0 316.0 320.0 318.0 313.0 319.0 330.0 301.0 
312.0 324.0 307.0 309.0 312.0 323.0 325.0 324.0 318.0 320.0 323.0 317.0 307.0 321.0 304.0 320.0 317.0 309.0 315.0 319.0 317.0 312.0 318.0 329.0 322.0 337.0 320.0 318.0 315.0 327.0 335.0 334.0 345.0 325.0 311.0 332.0 313.0 327.0 338.0 400.0 400.0 300.0 200.0 500.0 600.0 500.0 500.0 200.0 100.0 600.0 500.0 700.0 600.0 600.0 600.0 700.0 200.0 0 600.0 600.0 900.0 700.0 700.0 700.0 313.0 325.0 308.0 310.0 313.0 324.0 326.0 325.0 319.0 321.0 324.0 318.0 308.0 322.0 305.0 321.0 318.0 310.0 316.0 320.0 318.0 313.0 319.0 330.0 301.0 
312.0 324.0 307.0 309.0 312.0 323.0 325.0 324.0 318.0 320.0 323.0 317.0 307.0 321.0 304.0 320.0 317.0 309.0 315.0 319.0 317.0 312.0 318.0 329.0 322.0 337.0 320.0 318.0 315.0 327.0 335.0 334.0 345.0 325.0 311.0 332.0 313.0 327.0 338.0 400.0 400.0 500.0 400.0 300.0 600.0 500.0 500.0 600.0 600.0 200.0 200.0 500.0 600.0 600.0 600.0 700.0 600.0 600.0 0 200.0 700.0 500.0 700.0 700.0 313.0 325.0 308.0 310.0 313.0 324.0 326.0 325.0 319.0 321.0 324.0 318.0 308.0 322.0 305.0 321.0 318.0 310.0 316.0 320.0 318.0 313.0 319.0 330.0 301.0 
312.0 324.0 307.0 309.0 312.0 323.0 325.0 324.0 318.0 320.0 323.0 317.0 307.0 321.0 304.0 320.0 317.0 309.0 315.0 319.0 317.0 312.0 318.0 329.0 322.0 337.0 320.0 318.0 315.0 327.0 335.0 334.0 345.0 325.0 311.0 332.0 313.0 327.0 338.0 400.0 400.0 500.0 400.0 200.0 600.0 500.0 500.0 600.0 600.0 200.0 300.0 400.0 600.0 600.0 600.0 700.0 600.0 600.0 200.0 0 600.0 400.0 700.0 700.0 313.0 325.0 308.0 310.0 313.0 324.0 326.0 325.0 319.0 321.0 324.0 318.0 308.0 322.0 305.0 321.0 318.0 310.0 316.0 320.0 318.0 313.0 319.0 330.0 301.0 
612.0 624.0 607.0 609.0 612.0 623.0 625.0 624.0 618.0 620.0 623.0 617.0 607.0 621.0 604.0 620.0 617.0 609.0 615.0 619.0 617.0 612.0 618.0 629.0 622.0 637.0 620.0 618.0 615.0 627.0 635.0 634.0 645.0 625.0 611.0 632.0 613.0 627.0 638.0 700.0 700.0 800.0 700.0 400.0 900.0 800.0 800.0 900.0 900.0 700.0 600.0 200.0 900.0 900.0 900.0 1000.0 900.0 900.0 700.0 600.0 0 200.0 1000.0 1000.0 613.0 625.0 608.0 610.0 613.0 624.0 626.0 625.0 619.0 621.0 624.0 618.0 608.0 622.0 605.0 621.0 618.0 610.0 616.0 620.0 618.0 613.0 619.0 630.0 601.0 
412.0 424.0 407.0 409.0 412.0 423.0 425.0 424.0 418.0 420.0 423.0 417.0 407.0 421.0 404.0 420.0 417.0 409.0 415.0 419.0 417.0 412.0 418.0 429.0 422.0 437.0 420.0 418.0 415.0 427.0 435.0 434.0 445.0 425.0 411.0 432.0 413.0 427.0 438.0 500.0 500.0 600.0 500.0 200.0 700.0 600.0 600.0 700.0 700.0 500.0 400.0 100.0 700.0 700.0 700.0 800.0 700.0 700.0 500.0 400.0 200.0 0 800.0 800.0 413.0 425.0 408.0 410.0 413.0 424.0 426.0 425.0 419.0 421.0 424.0 418.0 408.0 422.0 405.0 421.0 418.0 410.0 416.0 420.0 418.0 413.0 419.0 430.0 401.0 
412.0 424.0 407.0 409.0 412.0 423.0 425.0 424.0 418.0 420.0 423.0 417.0 407.0 421.0 404.0 420.0 417.0 409.0 415.0 419.0 417.0 412.0 418.0 429.0 422.0 437.0 420.0 418.0 415.0 427.0 435.0 434.0 445.0 425.0 411.0 432.0 413.0 427.0 438.0 300.0 500.0 600.0 500.0 600.0 300.0 600.0 600.0 700.0 700.0 700.0 600.0 800.0 100.0 300.0 700.0 800.0 700.0 700.0 700.0 700.0 1000.0 800.0 0 200.0 413.0 425.0 408.0 410.0 413.0 424.0 426.0 425.0 419.0 421.0 424.0 418.0 408.0 422.0 405.0 421.0 418.0 410.0 416.0 420.0 418.0 413.0 419.0 430.0 401.0 
412.0 424.0 407.0 409.0 412.0 423.0 425.0 424.0 418.0 420.0 423.0 417.0 407.0 421.0 404.0 420.0 417.0 409.0 415.0 419.0 417.0 412.0 418.0 429.0 422.0 437.0 420.0 418.0 415.0 427.0 435.0 434.0 445.0 425.0 411.0 432.0 413.0 427.0 438.0 300.0 500.0 600.0 500.0 600.0 100.0 600.0 600.0 700.0 700.0 700.0 600.0 800.0 300.0 200.0 700.0 800.0 700.0 700.0 700.0 700.0 1000.0 800.0 200.0 0 413.0 425.0 408.0 410.0 413.0 424.0 426.0 425.0 419.0 421.0 424.0 418.0 408.0 422.0 405.0 421.0 418.0 410.0 416.0 420.0 418.0 413.0 419.0 430.0 401.0 
23.0 35.0 18.0 20.0 23.0 34.0 36.0 35.0 29.0 31.0 34.0 28.0 18.0 32.0 15.0 31.0 28.0 20.0 26.0 30.0 28.0 23.0 29.0 40.0 33.0 48.0 31.0 29.0 26.0 38.0 46.0 45.0 56.0 36.0 22.0 43.0 24.0 38.0 49.0 113.0 113.0 213.0 113.0 213.0 313.0 213.0 213.0 313.0 313.0 313.0 213.0 413.0 313.0 313.0 313.0 413.0 313.0 313.0 313.0 313.0 613.0 413.0 413.0 413.0 0 34.0 17.0 3.0 22.0 33.0 35.0 34.0 28.0 14.0 33.0 17.0 17.0 31.0 8.0 14.0 27.0 5.0 11.0 13.0 22.0 22.0 28.0 39.0 12.0 
35.0 47.0 30.0 32.0 35.0 46.0 48.0 47.0 41.0 43.0 46.0 40.0 30.0 44.0 27.0 43.0 40.0 32.0 38.0 42.0 40.0 35.0 41.0 52.0 45.0 60.0 43.0 41.0 38.0 50.0 58.0 57.0 68.0 48.0 34.0 55.0 36.0 50.0 61.0 125.0 125.0 225.0 125.0 225.0 325.0 225.0 225.0 325.0 325.0 325.0 225.0 425.0 325.0 325.0 325.0 425.0 325.0 325.0 325.0 325.0 625.0 425.0 425.0 425.0 34.0 0 17.0 31.0 12.0 45.0 47.0 11.0 14.0 42.0 15.0 39.0 29.0 43.0 26.0 42.0 21.0 31.0 37.0 41.0 39.0 34.0 40.0 51.0 24.0 
18.0 30.0 13.0 15.0 18.0 29.0 31.0 30.0 24.0 26.0 29.0 23.0 13.0 27.0 10.0 26.0 23.0 15.0 21.0 25.0 23.0 18.0 24.0 35.0 28.0 43.0 26.0 24.0 21.0 33.0 41.0 40.0 51.0 31.0 17.0 38.0 19.0 33.0 44.0 108.0 108.0 208.0 108.0 208.0 308.0 208.0 208.0 308.0 308.0 308.0 208.0 408.0 308.0 308.0 308.0 408.0 308.0 308.0 308.0 308.0 608.0 408.0 408.0 408.0 17.0 17.0 0 14.0 5.0 28.0 30.0 17.0 11.0 25.0 16.0 22.0 12.0 26.0 9.0 25.0 10.0 14.0 20.0 24.0 22.0 17.0 23.0 34.0 7.0 
20.0 32.0 15.0 17.0 20.0 31.0 33.0 32.0 26.0 28.0 31.0 25.0 15.0 29.0 12.0 28.0 25.0 17.0 23.0 27.0 25.0 20.0 26.0 37.0 30.0 45.0 28.0 26.0 23.0 35.0 43.0 42.0 53.0 33.0 19.0 40.0 21.0 35.0 46.0 110.0 110.0 210.0 110.0 210.0 310.0 210.0 210.0 310.0 310.0 310.0 210.0 410.0 310.0 310.0 310.0 410.0 310.0 310.0 310.0 310.0 610.0 410.0 410.0 410.0 3.0 31.0 14.0 0 19.0 30.0 32.0 31.0 25.0 11.0 30.0 19.0 14.0 28.0 5.0 11.0 24.0 8.0 14.0 10.0 24.0 19.0 25.0 36.0 9.0 
23.0 35.0 18.0 20.0 23.0 34.0 36.0 35.0 29.0 31.0 34.0 28.0 18.0 32.0 15.0 31.0 28.0 20.0 26.0 30.0 28.0 23.0 29.0 40.0 33.0 48.0 31.0 29.0 26.0 38.0 46.0 45.0 56.0 36.0 22.0 43.0 24.0 38.0 49.0 113.0 113.0 213.0 113.0 213.0 313.0 213.0 213.0 313.0 313.0 313.0 213.0 413.0 313.0 313.0 313.0 413.0 313.0 313.0 313.0 313.0 613.0 413.0 413.0 413.0 22.0 12.0 5.0 19.0 0 33.0 35.0 12.0 6.0 30.0 16.0 27.0 17.0 31.0 14.0 30.0 12.0 19.0 25.0 29.0 27.0 22.0 28.0 39.0 12.0 
34.0 46.0 29.0 31.0 34.0 45.0 47.0 46.0 40.0 42.0 45.0 39.0 29.0 43.0 26.0 42.0 39.0 31.0 37.0 41.0 39.0 34.0 40.0 51.0 44.0 59.0 42.0 40.0 37.0 49.0 57.0 56.0 67.0 47.0 33.0 54.0 35.0 49.0 60.0 124.0 124.0 224.0 124.0 224.0 324.0 224.0 224.0 324.0 324.0 324.0 224.0 424.0 324.0 324.0 324.0 424.0 324.0 324.0 324.0 324.0 624.0 424.0 424.0 424.0 33.0 45.0 28.0 30.0 33.0 0 12.0 45.0 39.0 41.0 44.0 38.0 16.0 18.0 25.0 41.0 38.0 30.0 36.0 40.0 38.0 17.0 5.0 7.0 23.0 
36.0 48.0 31.0 33.0 36.0 47.0 49.0 48.0 42.0 44.0 47.0 41.0 31.0 45.0 28.0 44.0 41.0 33.0 39.0 43.0 41.0 36.0 42.0 53.0 46.0 61.0 44.0 42.0 39.0 51.0 59.0 58.0 69.0 49.0 35.0 56.0 37.0 51.0 62.0 126.0 126.0 226.0 126.0 226.0 326.0 226.0 226.0 326.0 326.0 326.0 226.0 426.0 326.0 326.0 326.0 426.0 326.0 326.0 326.0 326.0 626.0 426.0 426.0 426.0 35.0 47.0 30.0 32.0 35.0 12.0 0 47.0 41.0 43.0 46.0 40.0 18.0 7.0 27.0 43.0 40.0 32.0 38.0 42.0 40.0 19.0 7.0 12.0 25.0 
35.0 47.0 30.0 32.0 35.0 46.0 48.0 47.0 41.0 43.0 46.0 40.0 30.0 44.0 27.0 43.0 40.0 32.0 38.0 42.0 40.0 35.0 41.0 52.0 45.0 60.0 43.0 41.0 38.0 50.0 58.0 57.0 68.0 48.0 34.0 55.0 36.0 50.0 61.0 125.0 125.0 225.0 125.0 225.0 325.0 225.0 225.0 325.0 325.0 325.0 225.0 425.0 325.0 325.0 325.0 425.0 325.0 325.0 325.0 325.0 625.0 425.0 425.0 425.0 34.0 11.0 17.0 31.0 12.0 45.0 47.0 0 6.0 42.0 4.0 39.0 29.0 43.0 26.0 42.0 10.0 31.0 37.0 41.0 39.0 34.0 40.0 51.0 24.0 
29.0 41.0 24.0 26.0 29.0 40.0 42.0 41.0 35.0 37.0 40.0 34.0 24.0 38.0 21.0 37.0 34.0 26.0 32.0 36.0 34.0 29.0 35.0 46.0 39.0 54.0 37.0 35.0 32.0 44.0 52.0 51.0 62.0 42.0 28.0 49.0 30.0 44.0 55.0 119.0 119.0 219.0 119.0 219.0 319.0 219.0 219.0 319.0 319.0 319.0 219.0 419.0 319.0 319.0 319.0 419.0 319.0 319.0 319.0 319.0 619.0 419.0 419.0 419.0 28.0 14.0 11.0 25.0 6.0 39.0 41.0 6.0 0 36.0 10.0 33.0 23.0 37.0 20.0 36.0 7.0 25.0 31.0 35.0 33.0 28.0 34.0 45.0 18.0 
31.0 43.0 26.0 28.0 31.0 42.0 44.0 43.0 37.0 39.0 42.0 36.0 26.0 40.0 23.0 39.0 36.0 28.0 34.0 38.0 36.0 31.0 37.0 48.0 41.0 56.0 39.0 37.0 34.0 46.0 54.0 53.0 64.0 44.0 30.0 51.0 32.0 46.0 57.0 121.0 121.0 221.0 121.0 221.0 321.0 221.0 221.0 321.0 321.0 321.0 221.0 421.0 321.0 321.0 321.0 421.0 321.0 321.0 321.0 321.0 621.0 421.0 421.0 421.0 14.0 42.0 25.0 11.0 30.0 41.0 43.0 42.0 36.0 0 41.0 13.0 25.0 39.0 16.0 8.0 35.0 19.0 16.0 3.0 20.0 30.0 36.0 47.0 20.0 
34.0 46.0 29.0 31.0 34.0 45.0 47.0 46.0 40.0 42.0 45.0 39.0 29.0 43.0 26.0 42.0 39.0 31.0 37.0 41.0 39.0 34.0 40.0 51.0 44.0 59.0 42.0 40.0 37.0 49.0 57.0 56.0 67.0 47.0 33.0 54.0 35.0 49.0 60.0 124.0 124.0 224.0 124.0 224.0 324.0 224.0 224.0 324.0 324.0 324.0 224.0 424.0 324.0 324.0 324.0 424.0 324.0 324.0 324.0 324.0 624.0 424.0 424.0 424.0 33.0 15.0 16.0 30.0 16.0 44.0 46.0 4.0 10.0 41.0 0 38.0 28.0 42.0 25.0 41.0 6.0 30.0 36.0 40.0 38.0 33.0 39.0 50.0 23.0 
28.0 40.0 23.0 25.0 28.0 39.0 41.0 40.0 34.0 36.0 39.0 33.0 23.0 37.0 20.0 36.0 33.0 25.0 31.0 35.0 33.0 28.0 34.0 45.0 38.0 53.0 36.0 34.0 31.0 43.0 51.0 50.0 61.0 41.0 27.0 48.0 29.0 43.0 54.0 118.0 118.0 218.0 118.0 218.0 318.0 218.0 218.0 318.0 318.0 318.0 218.0 418.0 318.0 318.0 318.0 418.0 318.0 318.0 318.0 318.0 618.0 418.0 418.0 418.0 17.0 39.0 22.0 19.0 27.0 38.0 40.0 39.0 33.0 13.0 38.0 0 22.0 36.0 17.0 21.0 32.0 12.0 6.0 16.0 7.0 27.0 33.0 44.0 17.0 
18.0 30.0 13.0 15.0 18.0 29.0 31.0 30.0 24.0 26.0 29.0 23.0 13.0 27.0 10.0 26.0 23.0 15.0 21.0 25.0 23.0 18.0 24.0 35.0 28.0 43.0 26.0 24.0 21.0 33.0 41.0 40.0 51.0 31.0 17.0 38.0 19.0 33.0 44.0 108.0 108.0 208.0 108.0 208.0 308.0 208.0 208.0 308.0 308.0 308.0 208.0 408.0 308.0 308.0 308.0 408.0 308.0 308.0 308.0 308.0 608.0 408.0 408.0 408.0 17.0 29.0 12.0 14.0 17.0 16.0 18.0 29.0 23.0 25.0 28.0 22.0 0 14.0 9.0 25.0 22.0 14.0 20.0 24.0 22.0 5.0 11.0 22.0 7.0 
32.0 44.0 27.0 29.0 32.0 43.0 45.0 44.0 38.0 40.0 43.0 37.0 27.0 41.0 24.0 40.0 37.0 29.0 35.0 39.0 37.0 32.0 38.0 49.0 42.0 57.0 40.0 38.0 35.0 47.0 55.0 54.0 65.0 45.0 31.0 52.0 33.0 47.0 58.0 122.0 122.0 222.0 122.0 222.0 322.0 222.0 222.0 322.0 322.0 322.0 222.0 422.0 322.0 322.0 322.0 422.0 322.0 322.0 322.0 322.0 622.0 422.0 422.0 422.0 31.0 43.0 26.0 28.0 31.0 18.0 7.0 43.0 37.0 39.0 42.0 36.0 14.0 0 23.0 39.0 36.0 28.0 34.0 38.0 36.0 15.0 13.0 19.0 21.0 
15.0 27.0 10.0 12.0 15.0 26.0 28.0 27.0 21.0 23.0 26.0 20.0 10.0 24.0 7.0 23.0 20.0 12.0 18.0 22.0 20.0 15.0 21.0 32.0 25.0 40.0 23.0 21.0 18.0 30.0 38.0 37.0 48.0 28.0 14.0 35.0 16.0 30.0 41.0 105.0 105.0 205.0 105.0 205.0 305.0 205.0 205.0 305.0 305.0 305.0 205.0 405.0 305.0 305.0 305.0 405.0 305.0 305.0 305.0 305.0 605.0 405.0 405.0 405.0 8.0 26.0 9.0 5.0 14.0 25.0 27.0 26.0 20.0 16.0 25.0 17.0 9.0 23.0 0 16.0 19.0 5.0 11.0 15.0 19.0 14.0 20.0 31.0 4.0 
31.0 43.0 26.0 28.0 31.0 42.0 44.0 43.0 37.0 39.0 42.0 36.0 26.0 40.0 23.0 39.0 36.0 28.0 34.0 38.0 36.0 31.0 37.0 48.0 41.0 56.0 39.0 37.0 34.0 46.0 54.0 53.0 64.0 44.0 30.0 51.0 32.0 46.0 57.0 121.0 121.0 221.0 121.0 221.0 321.0 221.0 221.0 321.0 321.0 321.0 221.0 421.0 321.0 321.0 321.0 421.0 321.0 321.0 321.0 321.0 621.0 421.0 421.0 421.0 14.0 42.0 25.0 11.0 30.0 41.0 43.0 42.0 36.0 8.0 41.0 21.0 25.0 39.0 16.0 0 35.0 19.0 24.0 5.0 28.0 30.0 36.0 47.0 20.0 
28.0 40.0 23.0 25.0 28.0 39.0 41.0 40.0 34.0 36.0 39.0 33.0 23.0 37.0 20.0 36.0 33.0 25.0 31.0 35.0 33.0 28.0 34.0 45.0 38.0 53.0 36.0 34.0 31.0 43.0 51.0 50.0 61.0 41.0 27.0 48.0 29.0 43.0 54.0 118.0 118.0 218.0 118.0 218.0 318.0 218.0 218.0 318.0 318.0 318.0 218.0 418.0 318.0 318.0 318.0 418.0 318.0 318.0 318.0 318.0 618.0 418.0 418.0 418.0 27.0 21.0 10.0 24.0 12.0 38.0 40.0 10.0 7.0 35.0 6.0 32.0 22.0 36.0 19.0 35.0 0 24.0 30.0 34.0 32.0 27.0 33.0 44.0 17.0 
20.0 32.0 15.0 17.0 20.0 31.0 33.0 32.0 26.0 28.0 31.0 25.0 15.0 29.0 12.0 28.0 25.0 17.0 23.0 27.0 25.0 20.0 26.0 37.0 30.0 45.0 28.0 26.0 23.0 35.0 43.0 42.0 53.0 33.0 19.0 40.0 21.0 35.0 46.0 110.0 110.0 210.0 110.0 210.0 310.0 210.0 210.0 310.0 310.0 310.0 210.0 410.0 310.0 310.0 310.0 410.0 310.0 310.0 310.0 310.0 610.0 410.0 410.0 410.0 5.0 31.0 14.0 8.0 19.0 30.0 32.0 31.0 25.0 19.0 30.0 12.0 14.0 28.0 5.0 19.0 24.0 0 6.0 18.0 17.0 19.0 25.0 36.0 9.0 
26.0 38.0 21.0 23.0 26.0 37.0 39.0 38.0 32.0 34.0 37.0 31.0 21.0 35.0 18.0 34.0 31.0 23.0 29.0 33.0 31.0 26.0 32.0 43.0 36.0 51.0 34.0 32.0 29.0 41.0 49.0 48.0 59.0 39.0 25.0 46.0 27.0 41.0 52.0 116.0 116.0 216.0 116.0 216.0 316.0 216.0 216.0 316.0 316.0 316.0 216.0 416.0 316.0 316.0 316.0 416.0 316.0 316.0 316.0 316.0 616.0 416.0 416.0 416.0 11.0 37.0 20.0 14.0 25.0 36.0 38.0 37.0 31.0 16.0 36.0 6.0 20.0 34.0 11.0 24.0 30.0 6.0 0 19.0 11.0 25.0 31.0 42.0 15.0 
30.0 42.0 25.0 27.0 30.0 41.0 43.0 42.0 36.0 38.0 41.0 35.0 25.0 39.0 22.0 38.0 35.0 27.0 33.0 37.0 35.0 30.0 36.0 47.0 40.0 55.0 38.0 36.0 33.0 45.0 53.0 52.0 63.0 43.0 29.0 50.0 31.0 45.0 56.0 120.0 120.0 220.0 120.0 220.0 320.0 220.0 220.0 320.0 320.0 320.0 220.0 420.0 320.0 320.0 320.0 420.0 320.0 320.0 320.0 320.0 620.0 420.0 420.0 420.0 13.0 41.0 24.0 10.0 29.0 40.0 42.0 41.0 35.0 3.0 40.0 16.0 24.0 38.0 15.0 5.0 34.0 18.0 19.0 0 23.0 29.0 35.0 46.0 19.0 
28.0 40.0 23.0 25.0 28.0 39.0 41.0 40.0 34.0 36.0 39.0 33.0 23.0 37.0 20.0 36.0 33.0 25.0 31.0 35.0 33.0 28.0 34.0 45.0 38.0 53.0 36.0 34.0 31.0 43.0 51.0 50.0 61.0 41.0 27.0 48.0 29.0 43.0 54.0 118.0 118.0 218.0 118.0 218.0 318.0 218.0 218.0 318.0 318.0 318.0 218.0 418.0 318.0 318.0 318.0 418.0 318.0 318.0 318.0 318.0 618.0 418.0 418.0 418.0 22.0 39.0 22.0 24.0 27.0 38.0 40.0 39.0 33.0 20.0 38.0 7.0 22.0 36.0 19.0 28.0 32.0 17.0 11.0 23.0 0 27.0 33.0 44.0 17.0 
23.0 35.0 18.0 20.0 23.0 34.0 36.0 35.0 29.0 31.0 34.0 28.0 18.0 32.0 15.0 31.0 28.0 20.0 26.0 30.0 28.0 23.0 29.0 40.0 33.0 48.0 31.0 29.0 26.0 38.0 46.0 45.0 56.0 36.0 22.0 43.0 24.0 38.0 49.0 113.0 113.0 213.0 113.0 213.0 313.0 213.0 213.0 313.0 313.0 313.0 213.0 413.0 313.0 313.0 313.0 413.0 313.0 313.0 313.0 313.0 613.0 413.0 413.0 413.0 22.0 34.0 17.0 19.0 22.0 17.0 19.0 34.0 28.0 30.0 33.0 27.0 5.0 15.0 14.0 30.0 27.0 19.0 25.0 29.0 27.0 0 12.0 22.0 12.0 
29.0 41.0 24.0 26.0 29.0 40.0 42.0 41.0 35.0 37.0 40.0 34.0 24.0 38.0 21.0 37.0 34.0 26.0 32.0 36.0 34.0 29.0 35.0 46.0 39.0 54.0 37.0 35.0 32.0 44.0 52.0 51.0 62.0 42.0 28.0 49.0 30.0 44.0 55.0 119.0 119.0 219.0 119.0 219.0 319.0 219.0 219.0 319.0 319.0 319.0 219.0 419.0 319.0 319.0 319.0 419.0 319.0 319.0 319.0 319.0 619.0 419.0 419.0 419.0 28.0 40.0 23.0 25.0 28.0 5.0 7.0 40.0 34.0 36.0 39.0 33.0 11.0 13.0 20.0 36.0 33.0 25.0 31.0 35.0 33.0 12.0 0 11.0 18.0 
40.0 52.0 35.0 37.0 40.0 51.0 53.0 52.0 46.0 48.0 51.0 45.0 35.0 49.0 32.0 48.0 45.0 37.0 43.0 47.0 45.0 40.0 46.0 57.0 50.0 65.0 48.0 46.0 43.0 55.0 63.0 62.0 73.0 53.0 39.0 60.0 41.0 55.0 66.0 130.0 130.0 230.0 130.0 230.0 330.0 230.0 230.0 330.0 330.0 330.0 230.0 430.0 330.0 330.0 330.0 430.0 330.0 330.0 330.0 330.0 630.0 430.0 430.0 430.0 39.0 51.0 34.0 36.0 39.0 7.0 12.0 51.0 45.0 47.0 50.0 44.0 22.0 19.0 31.0 47.0 44.0 36.0 42.0 46.0 44.0 22.0 11.0 0 29.0 
11.0 23.0 6.0 8.0 11.0 22.0 24.0 23.0 17.0 19.0 22.0 16.0 6.0 20.0 3.0 19.0 16.0 8.0 14.0 18.0 16.0 11.0 17.0 28.0 21.0 36.0 19.0 17.0 14.0 26.0 34.0 33.0 44.0 24.0 10.0 31.0 12.0 26.0 37.0 101.0 101.0 201.0 101.0 201.0 301.0 201.0 201.0 301.0 301.0 301.0 201.0 401.0 301.0 301.0 301.0 401.0 301.0 301.0 301.0 301.0 601.0 401.0 401.0 401.0 12.0 24.0 7.0 9.0 12.0 23.0 25.0 24.0 18.0 20.0 23.0 17.0 7.0 21.0 4.0 20.0 17.0 9.0 15.0 19.0 17.0 12.0 18.0 29.0 0 
