100
Derek Nathaniel Heather Gabriel Adam Misty Shannon Samantha Katelyn Adrian John Nicole Brad Claire David Lauren Joshua Mario Roy Kara Johnathan Dana Cristian Ricky Tristan Paul Laura Stacie Jose Melissa Kari Evan Carol Carrie Brian Andrew Jeffery Robert Mark Regina Kelsey Wayne Megan Jeffrey Shane Timothy Joseph Charles Crystal William Mary Cheryl Rebekah Shawn Dustin Jacqueline Logan Gregory Kimberly Amanda Christina Rebecca Scott Mercedes Dylan Wendy Kayla Edwin Michelle Stephen Kristen Brett Karen Ronnie Jill Sabrina Elizabeth Tommy James Juan Brittany Kathy Susan Monica Bryan Jane Alexandra Grace April Nicholas Jennifer Jeremy Kyle Tammy Ashley Jordan Melinda Rachel Robin Randy Jason
0 1 1 2 1 2 2 1 1 2 1 1 2 2 1 2 1 2 1 2 2 2 1 1 1 2 2 2 2 2 1 1 2 2 2 2 2 2 1 1 2 1 1 1 2 1 2 2 1 2 1 1 1 2 2 2 1 1 2 1 1 1 1 2 2 1 2 2 2 1 1 1 2 2 1 1 2 2 2 2 1 2 1 2 1 2 1 2 2 1 1 1 2 1 1 2 1 1 2 2 1 
1 0 1 2 1 2 1 2 2 1 2 2 2 2 1 2 2 1 1 2 2 1 2 1 2 2 1 1 2 1 2 2 1 1 2 1 2 1 1 1 1 1 2 1 2 2 2 2 2 2 2 2 1 2 2 2 1 1 2 2 2 2 2 1 1 2 2 1 1 1 1 2 2 2 1 1 1 2 1 2 2 2 1 2 1 2 2 1 1 2 1 1 2 2 1 1 2 2 2 1 2 
1 1 0 1 1 2 1 1 1 1 2 1 2 2 2 2 2 2 2 2 2 1 1 1 2 1 1 1 1 1 2 2 1 2 2 2 2 1 2 2 1 1 2 1 1 1 2 2 2 1 1 1 2 1 2 1 2 2 2 1 2 2 1 2 1 2 2 2 2 1 2 1 1 2 1 2 1 2 1 1 2 1 2 2 1 1 1 2 1 1 2 1 1 1 1 2 1 2 2 2 1 
2 2 1 0 2 1 1 1 2 2 1 2 1 2 2 1 1 1 1 2 2 2 2 1 2 2 1 2 1 2 2 2 2 2 1 2 2 2 1 2 1 1 1 1 2 1 1 2 2 1 2 1 1 2 2 2 2 2 1 1 1 2 1 2 2 2 1 1 2 1 2 1 2 2 2 2 1 2 1 1 2 1 1 2 2 2 1 2 1 1 2 1 1 1 1 1 1 1 2 2 2 
1 1 1 2 0 1 1 1 2 2 2 2 1 2 1 1 1 2 1 1 1 1 1 2 2 1 2 2 1 1 1 2 2 1 1 2 2 2 2 2 2 1 1 1 1 1 1 2 1 1 2 2 1 2 2 1 1 2 2 1 2 1 2 1 2 1 2 1 1 2 2 2 1 1 1 2 2 2 2 1 2 2 1 2 2 1 1 2 2 1 2 2 2 1 1 2 1 2 1 2 2 
2 2 2 1 1 0 1 1 1 1 2 2 2 2 2 2 2 2 2 1 2 1 1 1 2 1 1 2 2 2 2 2 2 1 2 2 1 1 2 2 2 1 1 2 1 1 2 2 1 1 1 2 2 2 1 2 2 2 2 1 1 2 1 1 1 1 2 1 2 1 1 1 2 2 1 2 2 2 1 2 2 1 2 1 2 2 2 2 2 2 2 1 2 2 2 1 2 2 1 2 1 
2 1 1 1 1 1 0 1 1 1 2 2 2 1 2 1 1 1 1 2 1 2 2 1 1 2 2 2 2 1 1 2 2 1 1 1 2 1 2 1 1 1 1 2 1 1 1 1 1 1 2 2 1 2 1 2 2 2 2 2 2 1 2 2 1 2 2 2 1 2 2 1 1 1 1 1 2 1 2 2 2 2 1 2 1 2 2 2 1 2 1 2 2 1 2 2 2 2 2 2 1 
1 2 1 1 1 1 1 0 1 2 2 1 1 2 1 1 2 1 2 2 2 1 2 1 2 1 2 2 2 2 1 2 1 2 2 2 2 1 1 1 1 1 1 2 2 2 2 2 2 1 1 1 1 1 1 1 2 2 1 1 1 1 1 1 1 2 2 1 2 2 2 2 2 1 2 1 1 1 2 2 1 1 1 2 2 2 2 1 1 1 2 2 2 1 1 2 2 2 2 1 2 
1 2 1 2 2 1 1 1 0 1 2 2 1 1 1 2 1 2 2 1 1 2 2 1 2 1 2 2 2 1 2 2 2 2 2 2 1 2 2 2 2 1 2 1 1 1 2 1 1 2 1 2 2 1 1 1 1 1 1 2 1 1 1 1 2 2 2 1 2 2 1 1 2 1 2 1 1 2 1 1 1 1 2 1 2 1 2 1 2 2 1 1 2 1 1 1 2 2 1 1 2 
2 1 1 2 2 1 1 2 1 0 2 2 2 2 1 2 1 2 2 1 2 1 1 2 2 2 1 2 2 2 2 1 1 2 2 1 1 2 2 2 2 2 1 1 1 1 1 2 1 2 1 1 1 2 2 1 2 2 1 2 2 1 2 1 1 2 2 2 1 2 1 1 2 1 2 2 1 1 2 2 1 1 2 1 1 1 2 1 1 2 2 1 1 2 1 1 1 1 2 2 1 
1 2 2 1 2 2 2 2 2 2 0 1 1 2 2 1 2 1 1 2 2 1 1 2 2 1 2 2 1 1 1 2 2 1 2 2 2 2 2 2 1 2 2 2 1 2 2 1 1 2 1 2 1 1 2 2 1 1 1 1 2 1 2 1 1 2 1 2 1 1 2 1 1 2 1 2 1 2 2 2 2 1 2 1 2 2 2 2 1 1 1 1 1 2 1 1 1 1 1 1 1 
1 2 1 2 2 2 2 1 2 2 1 0 2 1 1 1 2 2 1 2 2 2 2 1 2 2 1 2 1 2 1 1 2 2 1 1 2 1 2 2 1 1 2 2 2 2 2 1 1 2 1 2 2 2 2 1 1 1 1 2 1 1 2 2 2 1 2 1 1 2 1 2 2 2 2 1 2 2 2 1 2 1 1 2 1 2 2 2 1 2 2 2 2 1 1 1 2 2 2 1 2 
2 2 2 1 1 2 2 1 1 2 1 2 0 1 1 1 2 1 2 1 1 1 2 1 1 2 1 1 1 2 2 1 2 1 1 1 2 2 2 1 2 2 2 1 2 1 1 1 2 2 1 1 1 2 1 1 2 1 2 1 2 2 2 2 1 2 2 2 1 1 2 1 1 1 2 1 1 1 1 2 1 1 2 1 2 1 2 1 2 1 2 2 1 2 1 1 1 2 1 1 2 
2 2 2 2 2 2 1 2 1 2 2 1 1 0 1 1 1 1 1 2 1 1 2 2 1 2 1 1 2 1 1 2 2 1 1 2 2 2 1 2 2 2 2 1 2 2 1 2 1 1 2 1 1 1 1 1 2 1 2 2 2 1 2 2 2 1 1 2 1 2 1 2 2 1 2 2 1 1 2 1 2 2 1 2 2 2 1 1 2 1 2 2 2 2 1 2 2 2 2 1 1 
1 1 2 2 1 2 2 1 1 1 2 1 1 1 0 1 1 1 2 2 2 2 1 2 1 1 2 1 2 1 1 2 2 2 2 2 1 2 1 1 1 2 2 2 1 2 1 1 1 1 1 2 1 2 2 1 2 2 2 1 2 1 1 1 1 1 2 2 1 2 1 1 2 2 2 1 2 2 1 1 1 1 2 2 1 2 2 1 2 1 1 1 1 2 2 2 1 2 2 1 2 
2 2 2 1 1 2 1 1 2 2 1 1 1 1 1 0 2 2 1 2 1 1 1 1 1 2 1 2 2 1 1 2 1 1 2 2 1 2 2 2 1 2 1 2 2 2 1 1 1 2 1 2 2 2 2 1 2 1 1 1 2 2 2 1 2 2 1 2 2 1 1 1 1 1 1 2 1 1 2 2 1 2 1 2 1 1 1 2 2 1 2 1 2 1 2 1 2 1 2 1 2 
1 2 2 1 1 2 1 2 1 1 2 2 2 1 1 2 0 1 1 1 2 1 2 2 1 2 1 2 1 1 2 1 2 2 2 2 1 1 2 1 2 2 2 1 1 2 1 1 1 2 1 1 1 1 2 2 2 1 2 1 1 1 2 1 1 1 2 1 2 1 1 2 1 1 1 1 1 1 1 1 1 2 2 1 1 1 1 2 2 2 1 2 1 1 2 2 2 2 2 1 1 
2 1 2 1 2 2 1 1 2 2 1 2 1 1 1 2 1 0 2 2 1 2 2 1 1 1 1 1 2 2 2 1 1 1 1 2 2 2 2 1 2 1 2 2 2 2 2 1 1 1 1 2 1 1 1 1 1 2 1 2 1 1 1 2 2 1 1 2 2 1 1 2 2 1 1 1 2 2 1 2 2 1 1 2 2 1 1 2 2 1 1 2 1 2 2 1 1 2 1 2 2 
1 1 2 1 1 2 1 2 2 2 1 1 2 1 2 1 1 2 0 1 1 1 2 1 2 2 2 2 2 2 2 2 1 1 1 1 2 2 2 2 1 1 1 1 1 1 2 2 2 1 2 2 1 2 2 1 2 1 1 2 1 2 1 2 1 1 2 1 1 1 2 1 1 2 2 1 2 2 2 2 2 2 2 2 1 2 2 1 2 1 1 1 1 2 1 2 1 2 2 1 2 
2 2 2 2 1 1 2 2 1 1 2 2 1 2 2 2 1 2 1 0 1 1 2 1 2 2 1 1 2 2 2 1 2 2 2 2 2 2 1 1 1 2 2 2 2 2 1 2 1 2 1 1 1 2 1 1 2 2 2 2 2 2 2 2 2 2 1 2 1 2 2 1 1 2 1 2 2 1 2 1 1 2 2 1 2 2 1 2 1 2 1 2 1 1 1 1 2 1 1 2 2 
2 2 2 2 1 2 1 2 1 2 2 2 1 1 2 1 2 1 1 1 0 2 2 1 2 2 1 2 1 1 1 1 2 1 2 1 2 1 2 1 1 1 1 2 2 1 2 2 1 2 2 1 2 2 2 1 2 2 2 2 1 1 1 1 1 1 2 2 1 1 2 2 2 1 2 2 2 1 1 1 1 2 2 2 2 2 1 2 1 2 2 2 1 2 1 2 2 1 1 2 1 
2 1 1 2 1 1 2 1 2 1 1 2 1 1 2 1 1 2 1 1 2 0 1 2 1 1 1 2 2 1 2 1 2 1 2 2 1 1 1 1 2 1 2 2 1 1 1 2 2 2 1 1 2 2 1 2 2 1 1 2 2 2 1 1 1 1 2 1 2 2 1 1 1 2 2 1 1 1 1 2 2 2 1 2 1 1 1 2 1 2 1 1 2 1 1 1 2 1 2 1 2 
1 2 1 2 1 1 2 2 2 1 1 2 2 2 1 1 2 2 2 2 2 1 0 2 1 2 2 1 1 2 1 1 2 2 2 2 2 1 1 2 1 1 1 2 1 2 1 2 2 1 2 1 1 2 2 1 1 1 2 1 1 2 1 1 2 1 1 1 1 2 2 1 2 1 1 1 2 1 2 2 2 1 2 1 1 1 1 2 1 1 2 2 2 2 1 1 2 1 1 1 2 
1 1 1 1 2 1 1 1 1 2 2 1 1 2 2 1 2 1 1 1 1 2 2 0 1 1 1 1 2 1 1 2 2 2 1 1 1 1 2 1 1 1 1 1 1 1 2 2 2 1 2 2 2 1 1 1 2 2 2 2 2 1 1 1 1 1 2 1 2 2 2 1 2 2 2 2 2 2 1 1 1 1 1 1 2 2 1 2 1 1 2 1 2 1 1 2 1 1 2 2 2 
1 2 2 2 2 2 1 2 2 2 2 2 1 1 1 1 1 1 2 2 2 1 1 1 0 1 2 1 2 2 1 1 1 1 1 1 2 1 1 2 1 2 2 2 1 1 1 1 2 2 1 1 2 1 1 2 1 2 2 2 2 2 1 1 2 2 2 1 1 2 2 1 1 2 1 1 2 2 2 1 2 1 1 2 2 1 2 2 2 2 1 2 1 1 1 1 2 2 2 2 1 
2 2 1 2 1 1 2 1 1 2 1 2 2 2 1 2 2 1 2 2 2 1 2 1 1 0 1 1 2 2 2 1 1 2 1 2 1 2 1 2 1 2 2 1 1 2 1 2 2 1 2 2 2 2 2 2 2 1 2 2 2 1 1 2 2 1 1 1 1 2 1 2 1 1 1 1 1 2 1 1 1 2 1 1 2 1 1 1 1 2 1 2 2 2 1 1 2 2 2 1 1 
2 1 1 1 2 1 2 2 2 1 2 1 1 1 2 1 1 1 2 1 1 1 2 1 2 1 0 1 1 1 1 1 1 2 2 2 1 2 2 1 1 1 2 1 2 1 1 1 2 1 2 1 2 2 2 1 1 1 2 1 1 2 2 2 2 1 2 1 1 1 1 2 1 2 2 2 2 2 2 2 2 1 2 2 2 1 2 2 2 1 1 1 2 2 1 1 1 1 2 1 2 
2 1 1 2 2 2 2 2 2 2 2 2 1 1 1 2 2 1 2 1 2 2 1 1 1 1 1 0 2 2 2 2 1 1 2 1 1 1 1 2 2 2 1 1 2 2 1 1 2 1 2 2 2 1 2 2 2 1 2 1 2 1 2 1 2 1 2 1 1 2 2 2 1 1 2 1 2 1 1 2 1 2 1 2 1 1 2 2 1 2 1 2 1 1 2 2 1 2 1 2 1 
2 2 1 1 1 2 2 2 2 2 1 1 1 2 2 2 1 2 2 2 1 2 1 2 2 2 1 2 0 1 1 1 2 1 2 2 1 2 1 1 1 2 2 1 2 2 1 1 2 1 2 2 1 1 2 2 1 1 2 2 2 1 1 2 2 2 1 2 1 2 2 2 2 1 2 1 2 1 1 2 2 1 1 1 1 2 2 2 1 1 1 2 1 1 1 1 2 1 1 1 2 
2 1 1 2 1 2 1 2 1 2 1 2 2 1 1 1 1 2 2 2 1 1 2 1 2 2 1 2 1 0 1 2 2 2 2 1 1 2 2 2 2 1 2 2 1 1 1 2 2 1 2 2 1 1 2 2 2 2 2 1 2 2 1 1 2 2 1 2 1 1 1 2 2 2 1 2 2 1 1 1 2 2 2 1 2 1 2 1 1 1 2 2 1 2 1 1 1 2 2 2 2 
1 2 2 2 1 2 1 1 2 2 1 1 2 1 1 1 2 2 2 2 1 2 1 1 1 2 1 2 1 1 0 2 2 1 2 2 2 2 2 2 2 2 2 1 2 1 2 2 1 2 2 1 2 2 2 1 2 1 1 1 2 1 1 1 2 1 1 2 2 2 1 2 1 1 2 2 2 1 2 1 1 2 2 2 2 1 1 1 2 1 2 2 1 1 2 1 2 2 2 2 1 
1 2 2 2 2 2 2 2 2 1 2 1 1 2 2 2 1 1 2 1 1 1 1 2 1 1 1 2 1 2 2 0 1 1 2 2 2 2 1 2 2 1 1 2 2 1 2 2 2 1 2 2 2 1 2 1 2 1 1 1 1 2 1 1 1 1 2 1 1 2 1 1 2 2 1 2 1 2 1 2 1 1 2 1 1 2 1 2 1 1 2 2 1 2 1 2 2 1 2 1 2 
2 1 1 2 2 2 2 1 2 1 2 2 2 2 2 1 2 1 1 2 2 2 2 2 1 1 1 1 2 2 2 1 0 1 2 1 1 1 2 2 1 1 1 2 2 1 2 1 1 2 1 1 2 2 1 1 1 1 1 1 2 1 2 1 2 1 2 2 1 1 2 2 2 2 1 2 2 2 2 2 2 1 2 1 2 2 1 1 2 1 2 2 2 1 2 1 2 2 1 2 1 
2 1 2 2 1 1 1 2 2 2 1 2 1 1 2 1 2 1 1 2 1 1 2 2 1 2 2 1 1 2 1 1 1 0 1 1 2 2 1 2 2 1 1 2 1 1 2 2 2 2 2 2 1 2 1 2 2 1 1 1 1 1 1 2 2 1 2 1 2 2 2 1 1 2 2 1 1 2 1 1 2 1 2 2 2 2 1 1 1 1 1 1 2 2 1 2 2 2 1 1 1 
2 2 2 1 1 2 1 2 2 2 2 1 1 1 2 2 2 1 1 2 2 2 2 1 1 1 2 2 2 2 2 2 2 1 0 2 1 2 1 2 1 2 1 2 2 1 1 2 1 2 1 1 1 1 2 2 1 2 1 2 1 2 2 2 2 1 2 2 1 2 1 2 2 2 2 1 1 2 1 1 1 2 1 2 1 1 1 1 1 1 2 2 2 2 1 2 2 2 1 1 2 
2 1 2 2 2 2 1 2 2 1 2 1 1 2 2 2 2 2 1 2 1 2 2 1 1 2 2 1 2 1 2 2 1 1 2 0 1 1 1 1 2 2 1 1 2 2 2 2 1 1 2 2 2 2 2 1 2 1 2 1 1 2 2 2 1 1 1 1 1 2 2 2 2 2 1 2 1 1 2 1 1 1 2 1 2 2 1 2 2 2 2 2 1 2 2 1 2 1 2 1 2 
2 2 2 2 2 1 2 2 1 1 2 2 2 2 1 1 1 2 2 2 2 1 2 1 2 1 1 1 1 1 2 2 1 2 1 1 0 1 1 1 1 1 2 2 2 2 2 1 1 2 1 2 2 2 2 1 2 1 2 1 1 2 2 2 2 2 1 1 2 2 1 1 2 1 2 2 2 1 2 1 2 1 2 1 2 2 2 1 1 1 2 1 2 1 1 1 2 1 2 2 1 
2 1 1 2 2 1 1 1 2 2 2 1 2 2 2 2 1 2 2 2 1 1 1 1 1 2 2 1 2 2 2 2 1 2 2 1 1 0 1 2 2 2 2 1 2 2 2 1 1 2 1 2 1 2 1 2 2 2 2 1 2 2 2 1 2 1 2 1 1 1 2 2 1 2 1 2 1 2 1 2 1 2 2 2 2 1 2 2 2 2 1 2 1 1 2 1 1 2 2 2 2 
1 1 2 1 2 2 2 1 2 2 2 2 2 1 1 2 2 2 2 1 2 1 1 2 1 1 2 1 1 2 2 1 2 1 1 1 1 1 0 1 1 1 1 2 1 2 1 2 1 2 2 2 1 1 2 2 2 1 2 2 1 1 1 1 1 2 2 1 1 2 1 1 1 2 1 1 1 2 1 2 1 1 1 2 2 1 2 2 1 2 1 1 1 2 2 1 1 2 1 1 2 
1 1 2 2 2 2 1 1 2 2 2 2 1 2 1 2 1 1 2 1 1 1 2 1 2 2 1 2 1 2 2 2 2 2 2 1 1 2 1 0 1 1 2 2 1 1 1 2 2 2 2 2 2 2 2 2 2 1 2 1 1 1 2 1 2 1 1 1 1 1 1 2 2 2 1 1 2 1 2 2 1 1 1 1 1 2 2 1 1 2 1 2 1 2 1 2 2 2 2 1 1 
2 1 1 1 2 2 1 1 2 2 1 1 2 2 1 1 2 2 1 1 1 2 1 1 1 1 1 2 1 2 2 2 1 2 1 2 1 2 1 1 0 2 2 2 1 2 1 2 2 1 1 2 2 1 1 2 2 2 2 1 1 1 1 2 1 1 1 2 1 1 1 2 2 2 1 1 2 1 2 2 2 2 2 2 2 1 2 2 2 1 1 2 2 1 2 2 2 2 2 1 1 
1 1 1 1 1 1 1 1 1 2 2 1 2 2 2 2 2 1 1 2 1 1 1 1 2 2 1 2 2 1 2 1 1 1 2 2 1 2 1 1 2 0 1 1 1 2 2 2 2 2 1 1 2 2 1 2 2 2 1 2 2 2 1 1 1 1 1 2 2 2 2 2 1 1 1 2 1 1 2 2 1 2 1 2 2 2 1 1 2 1 1 1 2 2 2 1 1 2 2 1 1 
1 2 2 1 1 1 1 1 2 1 2 2 2 2 2 1 2 2 1 2 1 2 1 1 2 2 2 1 2 2 2 1 1 1 1 1 2 2 1 2 2 1 0 1 2 2 1 2 2 1 2 1 2 2 1 1 2 2 2 2 2 2 1 1 2 1 1 2 2 2 2 1 1 2 2 2 1 2 1 2 1 1 1 2 1 1 2 2 2 1 1 2 2 1 1 1 2 2 2 1 2 
1 1 1 1 1 2 2 2 1 1 2 2 1 1 2 2 1 2 1 2 2 2 2 1 2 1 1 1 1 2 1 2 2 2 2 1 2 1 2 2 2 1 1 0 1 2 1 2 2 1 1 2 2 1 2 1 2 1 2 2 1 1 2 1 1 1 2 2 2 2 1 2 2 2 1 2 2 1 1 2 1 1 1 1 2 1 1 1 1 2 1 2 1 1 2 1 2 1 2 1 2 
2 2 1 2 1 1 1 2 1 1 1 2 2 2 1 2 1 2 1 2 2 1 1 1 1 1 2 2 2 1 2 2 2 1 2 2 2 2 1 1 1 1 2 1 0 1 1 1 1 2 2 1 2 1 2 2 1 2 1 2 2 2 1 1 1 2 1 1 1 1 2 1 1 1 2 1 1 1 1 2 1 2 2 1 1 1 1 2 1 2 2 2 1 2 1 1 1 1 2 2 2 
1 2 1 1 1 1 1 2 1 1 2 2 1 2 2 2 2 2 1 2 1 1 2 1 1 2 1 2 2 1 1 1 1 1 1 2 2 2 2 1 2 2 2 2 1 0 2 2 2 2 2 1 1 2 1 1 1 2 1 2 2 1 1 2 2 1 1 2 1 2 1 1 1 1 1 1 2 1 2 2 1 2 1 2 2 1 2 1 2 1 1 1 1 2 1 1 2 1 1 2 1 
2 2 2 1 1 2 1 2 2 1 2 2 1 1 1 1 1 2 2 1 2 1 1 2 1 1 1 1 1 1 2 2 2 2 1 2 2 2 1 1 1 2 1 1 1 2 0 2 1 1 2 2 1 1 2 1 1 2 1 1 1 2 1 1 2 1 1 2 1 1 1 2 2 1 1 1 2 2 2 2 1 1 2 2 2 1 2 1 2 1 1 1 1 2 1 1 1 2 2 1 1 
2 2 2 2 2 2 1 2 1 2 1 1 1 2 1 1 1 1 2 2 2 2 2 2 1 2 1 1 1 2 2 2 1 2 2 2 1 1 2 2 2 2 2 2 1 2 2 0 1 2 1 1 1 2 2 1 1 2 1 2 2 2 1 2 2 1 1 2 1 1 2 2 1 2 1 1 2 2 1 2 1 2 1 1 1 2 1 1 1 1 2 2 1 2 1 1 2 1 1 1 1 
1 2 2 2 1 1 1 2 1 1 1 1 2 1 1 1 1 1 2 1 1 2 2 2 2 2 2 2 2 2 1 2 1 2 1 1 1 1 1 2 2 2 2 2 1 2 1 1 0 2 1 2 1 2 2 2 2 2 2 2 1 2 1 2 2 1 2 2 2 2 2 2 2 2 2 2 1 2 1 2 2 1 2 1 1 1 1 1 2 2 2 1 1 1 2 1 1 1 1 1 2 
2 2 1 1 1 1 1 1 2 2 2 2 2 1 1 2 2 1 1 2 2 2 1 1 2 1 1 1 1 1 2 1 2 2 2 1 2 2 2 2 1 2 1 1 2 2 1 2 2 0 1 2 2 2 2 2 1 2 2 2 1 1 1 1 2 1 1 1 2 1 1 1 2 2 2 2 1 1 2 2 1 2 2 2 2 1 1 2 2 1 2 1 1 1 2 1 1 2 1 1 2 
1 2 1 2 2 1 2 1 1 1 1 1 1 2 1 1 1 1 2 1 2 1 2 2 1 2 2 2 2 2 2 2 1 2 1 2 1 1 2 2 1 1 2 1 2 2 2 1 1 1 0 2 1 2 1 1 2 2 1 2 1 2 2 1 1 1 2 1 2 1 1 1 1 1 2 2 2 1 2 1 2 1 2 2 1 1 1 2 1 1 2 1 1 1 2 1 2 2 2 2 1 
1 2 1 1 2 2 2 1 2 1 2 2 1 1 2 2 1 2 2 1 1 1 1 2 1 2 1 2 2 2 1 2 1 2 1 2 2 2 2 2 2 1 1 2 1 1 2 1 2 2 2 0 1 2 1 2 2 2 1 1 1 1 1 2 1 1 1 2 1 2 2 2 2 2 2 2 2 2 2 2 2 2 1 2 1 2 1 2 1 2 1 2 1 2 2 1 1 2 1 1 2 
1 1 2 1 1 2 1 1 2 1 1 2 1 1 1 2 1 1 1 1 2 2 1 2 2 2 2 2 1 1 2 2 2 1 1 2 2 1 1 2 2 2 2 2 2 1 1 1 1 2 1 1 0 1 1 1 1 2 2 2 1 1 1 1 2 1 2 1 1 2 2 1 1 2 2 2 1 2 1 1 1 1 2 1 2 1 2 1 1 1 2 2 2 2 1 2 1 2 2 2 1 
2 2 1 2 2 2 2 1 1 2 1 2 2 1 2 2 1 1 2 2 2 2 2 1 1 2 2 1 1 1 2 1 2 2 1 2 2 2 1 2 1 2 2 1 1 2 1 2 2 2 2 2 1 0 1 2 2 1 2 2 2 2 2 1 2 2 1 1 1 1 1 1 2 2 1 1 2 1 2 2 1 1 2 1 2 2 2 1 1 1 1 2 2 2 2 1 2 2 2 1 1 
2 2 2 2 2 1 1 1 1 2 2 2 1 1 2 2 2 1 2 1 2 1 2 1 1 2 2 2 2 2 2 2 1 1 2 2 2 1 2 2 1 1 1 2 2 1 2 2 2 2 1 1 1 1 0 1 1 2 2 2 2 1 1 1 2 2 2 1 1 2 2 2 2 2 1 2 1 2 2 2 1 1 2 2 1 2 2 2 1 1 1 2 1 1 1 1 1 1 2 2 1 
2 2 1 2 1 2 2 1 1 1 2 1 1 1 1 1 2 1 1 1 1 2 1 1 2 2 1 2 2 2 1 1 1 2 2 1 1 2 2 2 2 2 1 1 2 1 1 1 2 2 1 2 1 2 1 0 2 2 1 2 2 1 1 2 2 1 2 1 1 2 2 1 2 1 2 2 2 1 1 2 2 2 1 1 1 2 2 1 1 2 2 1 1 1 2 1 1 2 1 1 2 
1 1 2 2 1 2 2 2 1 2 1 1 2 2 2 2 2 1 2 2 2 2 1 2 1 2 1 2 1 2 2 2 1 2 1 2 2 2 2 2 2 2 2 2 1 1 1 1 2 1 2 2 1 2 1 2 0 2 2 2 2 1 1 1 1 2 2 2 2 2 2 1 1 2 1 2 1 1 1 2 2 1 1 1 1 2 1 2 1 1 1 1 1 1 2 1 2 1 1 2 1 
1 1 2 2 2 2 2 2 1 2 1 1 1 1 2 1 1 2 1 2 2 1 1 2 2 1 1 1 1 2 1 1 1 1 2 1 1 2 1 1 2 2 2 1 2 2 2 2 2 2 2 2 2 1 2 2 2 0 1 1 2 1 1 2 2 1 1 1 2 2 2 2 2 2 1 2 2 1 2 2 2 2 1 2 2 2 2 1 1 1 2 2 1 2 1 2 2 2 1 1 2 
2 2 2 1 2 2 2 1 1 1 1 1 2 2 2 1 2 1 1 2 2 1 2 2 2 2 2 2 2 2 1 1 1 1 1 2 2 2 2 2 2 1 2 2 1 1 1 1 2 2 1 1 2 2 2 1 2 1 0 2 2 2 1 1 2 1 1 2 1 2 1 2 1 2 1 1 1 1 2 1 1 1 1 1 2 1 1 2 1 1 2 1 2 1 1 2 2 2 2 1 2 
1 2 1 1 1 1 2 1 2 2 1 2 1 2 1 1 1 2 2 2 2 2 1 2 2 2 1 1 2 1 1 1 1 1 2 1 1 1 2 1 1 2 2 2 2 2 1 2 2 2 2 1 2 2 2 2 2 1 2 0 1 2 2 2 2 1 2 1 2 2 1 2 1 2 1 1 2 2 1 1 1 2 1 1 2 1 1 2 2 2 1 1 2 2 2 2 2 2 1 1 2 
1 2 2 1 2 1 2 1 1 2 2 1 2 2 2 2 1 1 1 2 1 2 1 2 2 2 1 2 2 2 2 1 2 1 1 1 1 2 1 1 1 2 2 1 2 2 1 2 1 1 1 1 1 2 2 2 2 2 2 1 0 1 1 1 2 2 1 1 1 2 2 1 2 2 1 2 2 1 2 2 1 2 2 1 2 1 2 1 2 1 2 1 1 1 1 2 1 2 1 2 1 
1 2 2 2 1 2 1 1 1 1 1 1 2 1 1 2 1 1 2 2 1 2 2 1 2 1 2 1 1 2 1 2 1 1 2 2 2 2 1 1 1 2 2 1 2 1 2 2 2 1 2 1 1 2 1 1 1 1 2 2 1 0 2 2 1 2 2 2 2 2 1 1 1 2 1 1 2 1 2 1 1 2 2 2 2 2 2 1 1 1 2 1 1 2 2 2 1 1 2 2 2 
1 2 1 1 2 1 2 1 1 2 2 2 2 2 1 2 2 1 1 2 1 1 1 1 1 1 2 2 1 1 1 1 2 1 2 2 2 2 1 2 1 1 1 2 1 1 1 1 1 1 2 1 1 2 1 1 1 1 1 2 1 2 0 1 1 1 2 2 1 2 2 2 1 2 1 2 2 2 1 1 1 2 1 2 2 1 2 1 2 1 1 1 1 1 1 2 2 1 2 2 2 
2 1 2 2 1 1 2 1 1 1 1 2 2 2 1 1 1 2 2 2 1 1 1 1 1 2 2 1 2 1 1 1 1 2 2 2 2 1 1 1 2 1 1 1 1 2 1 2 2 1 1 2 1 1 1 2 1 2 1 2 1 2 1 0 1 2 2 2 2 2 2 2 1 1 1 2 2 2 2 2 2 2 2 1 1 2 2 1 1 1 1 1 1 1 2 2 2 1 2 1 1 
2 1 1 2 2 1 1 1 2 1 1 2 1 2 1 2 1 2 1 2 1 1 2 1 2 2 2 2 2 2 2 1 2 2 2 1 2 2 1 2 1 1 2 1 1 2 2 2 2 2 1 1 2 2 2 2 1 2 2 2 2 1 1 1 0 1 2 1 1 1 2 2 2 1 2 2 2 1 2 2 2 1 1 1 2 2 2 1 1 2 2 2 2 1 2 2 1 2 2 2 1 
1 2 2 2 1 1 2 2 2 2 2 1 2 1 1 2 1 1 1 2 1 1 1 1 2 1 1 1 2 2 1 1 1 1 1 1 2 1 2 1 1 1 1 1 2 1 1 1 1 1 1 1 1 2 2 1 2 1 1 1 2 2 1 2 1 0 2 2 1 2 1 1 1 2 1 1 2 2 2 1 1 2 1 2 2 1 1 2 2 1 2 1 2 2 1 1 2 1 2 2 2 
2 2 2 1 2 2 2 2 2 2 1 2 2 1 2 1 2 1 2 1 2 2 1 2 2 1 2 2 1 1 1 2 2 2 2 1 1 2 2 1 1 1 1 2 1 1 1 1 2 1 2 1 2 1 2 2 2 1 1 2 1 2 2 2 2 2 0 1 1 1 1 2 2 1 1 2 2 2 1 2 1 2 1 1 1 2 2 2 2 1 1 1 2 1 1 1 1 2 1 1 1 
2 1 2 1 1 1 2 1 1 2 2 1 2 2 2 2 1 2 1 2 2 1 1 1 1 1 1 1 2 2 2 1 2 1 2 1 1 1 1 1 2 2 2 2 1 2 2 2 2 1 1 2 1 1 1 1 2 1 2 1 1 2 2 2 1 2 1 0 1 2 1 1 2 1 1 2 2 2 2 2 2 2 1 2 2 2 1 1 1 1 2 1 2 1 2 2 1 1 1 1 2 
2 1 2 2 1 2 1 2 2 1 1 1 1 1 1 2 2 2 1 1 1 2 1 2 1 1 1 1 1 1 2 1 1 2 1 1 2 1 1 1 1 2 2 2 1 1 1 1 2 2 2 1 1 1 1 1 2 2 1 2 1 2 1 2 1 1 1 1 0 1 1 2 2 1 2 1 2 2 1 2 2 2 2 2 2 1 1 1 1 1 1 1 1 2 1 1 1 1 2 2 1 
1 1 1 1 2 1 2 2 2 2 1 2 1 2 2 1 1 1 1 2 1 2 2 2 2 2 1 2 2 1 2 2 1 2 2 2 2 1 2 1 1 2 2 2 1 2 1 1 2 1 1 2 2 1 2 2 2 2 2 2 2 2 2 2 1 2 1 2 1 0 1 1 2 2 1 2 1 1 2 2 2 2 2 2 2 1 2 1 2 1 1 2 1 2 1 1 2 1 2 1 2 
1 1 2 2 2 1 2 2 1 1 2 1 2 1 1 1 1 1 2 2 2 1 2 2 2 1 1 2 2 1 1 1 2 2 1 2 1 2 1 1 1 2 2 1 2 1 1 2 2 1 1 2 2 1 2 2 2 2 1 1 2 1 2 2 2 1 1 1 1 1 0 1 2 1 1 2 2 2 1 1 2 2 1 2 1 2 1 2 2 1 2 2 2 1 2 1 2 2 2 2 2 
1 2 1 1 2 1 1 2 1 1 1 2 1 2 1 1 2 2 1 1 2 1 1 1 1 2 2 2 2 2 2 1 2 1 2 2 1 2 1 2 2 2 1 2 1 1 2 2 2 1 1 2 1 1 2 1 1 2 2 2 1 1 2 2 2 1 2 1 2 1 1 0 2 2 1 2 2 1 2 2 2 1 2 1 2 2 2 2 2 1 1 1 1 1 1 1 1 1 1 1 2 
2 2 1 2 1 2 1 2 2 2 1 2 1 2 2 1 1 2 1 1 2 1 2 2 1 1 1 1 2 2 1 2 2 1 2 2 2 1 1 2 2 1 1 2 1 1 2 1 2 2 1 2 1 2 2 2 1 2 1 1 2 1 1 1 2 1 2 2 2 2 2 2 0 1 1 1 2 2 2 1 1 2 1 2 2 2 2 2 2 2 2 2 2 1 2 2 1 1 1 1 1 
2 2 2 2 1 2 1 1 1 1 2 2 1 1 2 1 1 1 2 2 1 2 1 2 2 1 2 1 1 2 1 2 2 2 2 2 1 2 2 2 2 1 2 2 1 1 1 2 2 2 1 2 2 2 2 1 2 2 2 2 2 2 2 1 1 2 1 1 1 2 1 2 1 0 2 1 1 1 1 2 1 1 2 1 1 1 2 1 2 1 1 1 2 2 1 2 1 2 2 1 1 
1 1 1 2 1 1 1 2 2 2 1 2 2 2 2 1 1 1 2 1 2 2 1 2 1 1 2 2 2 1 2 1 1 2 2 1 2 1 1 1 1 1 2 1 2 1 1 1 2 2 2 2 2 1 1 2 1 1 1 1 1 1 1 1 2 1 1 1 2 1 1 1 1 2 0 1 2 1 1 2 2 1 2 1 2 2 2 2 1 1 2 2 2 1 1 2 1 2 2 2 2 
1 1 2 2 2 2 1 1 1 2 2 1 1 2 1 2 1 1 1 2 2 1 1 2 1 1 2 1 1 2 2 2 2 1 1 2 2 2 1 1 1 2 2 2 1 1 1 1 2 2 2 2 2 1 2 2 2 2 1 1 2 1 2 2 2 1 2 2 1 2 2 2 1 1 1 0 1 2 2 2 1 2 1 1 2 1 2 2 2 1 2 2 1 1 2 2 1 2 1 2 2 
2 1 1 1 2 2 2 1 1 1 1 2 1 1 2 1 1 2 2 2 2 1 2 2 2 1 2 2 2 2 2 1 2 1 1 1 2 1 1 2 2 1 1 2 1 2 2 2 1 1 2 2 1 2 1 2 1 2 1 2 2 2 2 2 2 2 2 2 2 1 2 2 2 1 2 1 0 2 2 1 1 1 2 1 1 1 1 1 2 1 1 2 1 2 1 1 1 2 1 2 2 
2 2 2 2 2 2 1 1 2 1 2 2 1 1 2 1 1 2 2 1 1 1 1 2 2 2 2 1 1 1 1 2 2 2 2 1 1 2 2 1 1 1 2 1 1 1 2 2 2 1 1 2 2 1 2 1 1 1 1 2 1 1 2 2 1 2 2 2 2 1 2 1 2 1 1 2 2 0 2 1 1 1 2 1 2 1 2 2 1 1 2 1 2 2 2 1 1 1 2 2 2 
2 1 1 1 2 1 2 2 1 2 2 2 1 2 1 2 1 1 2 2 1 1 2 1 2 1 2 1 1 1 2 1 2 1 1 2 2 1 1 2 2 2 1 1 1 2 2 1 1 2 2 2 1 2 2 1 1 2 2 1 2 2 1 2 2 2 1 2 1 2 1 2 2 1 1 2 2 2 0 2 2 2 1 2 1 1 2 1 2 2 2 1 1 2 2 1 1 1 1 1 1 
2 2 1 1 1 2 2 2 1 2 2 1 2 1 1 2 1 2 2 1 1 2 2 1 1 1 2 2 2 1 1 2 2 1 1 1 1 2 2 2 2 2 2 2 2 2 2 2 2 2 1 2 1 2 2 2 2 2 1 1 2 1 1 2 2 1 2 2 2 2 1 2 1 2 2 2 1 1 2 0 1 2 1 2 2 2 2 2 2 2 1 1 1 2 2 2 2 2 1 1 2 
1 2 2 2 2 2 2 1 1 1 2 2 1 2 1 1 1 2 2 1 1 2 2 1 2 1 2 1 2 2 1 1 2 2 1 1 2 1 1 1 2 1 1 1 1 1 1 1 2 1 2 2 1 1 1 2 2 2 1 1 1 1 1 2 2 1 1 2 2 2 2 2 1 1 2 1 1 1 2 1 0 1 2 2 1 2 1 2 1 2 1 2 1 2 2 2 2 2 1 1 1 
2 2 1 1 2 1 2 1 1 1 1 1 1 2 1 2 2 1 2 2 2 2 1 1 1 2 1 2 1 2 2 1 1 1 2 1 1 2 1 1 2 2 1 1 2 2 1 2 1 2 1 2 1 1 1 2 1 2 1 2 2 2 2 2 1 2 2 2 2 2 2 1 2 1 1 2 1 1 2 2 1 0 1 2 2 2 2 1 2 2 1 2 1 1 1 2 2 2 2 2 1 
1 1 2 1 1 2 1 1 2 2 2 1 2 1 2 1 2 1 2 2 2 1 2 1 1 1 2 1 1 2 2 2 2 2 1 2 2 2 1 1 2 1 1 1 2 1 2 1 2 2 2 1 2 2 2 1 1 1 1 1 2 2 1 2 1 1 1 1 2 2 1 2 1 2 2 1 2 2 1 1 2 1 0 1 1 2 1 2 1 2 1 2 2 2 1 2 1 2 1 1 1 
2 2 2 2 2 1 2 2 1 1 1 2 1 2 2 2 1 2 2 1 2 2 1 1 2 1 2 2 1 1 2 1 1 2 2 1 1 2 2 1 2 2 2 1 1 2 2 1 1 2 2 2 1 1 2 1 1 2 1 1 1 2 2 1 1 2 1 2 2 2 2 1 2 1 1 1 1 1 2 2 2 2 1 0 2 2 1 2 1 2 1 1 2 1 2 2 2 1 1 2 2 
1 1 1 2 2 2 1 2 2 1 2 1 2 2 1 1 1 2 1 2 2 1 1 2 2 2 2 1 1 2 2 1 2 2 1 2 2 2 2 1 2 2 1 2 1 2 2 1 1 2 1 1 2 2 1 1 1 2 2 2 2 2 2 1 2 2 1 2 2 2 1 2 2 1 2 2 1 2 1 2 1 2 1 2 0 1 2 2 1 2 2 1 1 2 1 1 1 2 1 2 1 
2 2 1 2 1 2 2 2 1 1 2 2 1 2 2 1 1 1 2 2 2 1 1 2 1 1 1 1 2 1 1 2 2 2 1 2 2 1 1 2 1 2 1 1 1 1 1 2 1 1 1 2 1 2 2 2 2 2 1 1 1 2 1 2 2 1 2 2 1 1 2 2 2 1 2 1 1 1 1 2 2 2 2 2 1 0 1 2 1 2 1 2 1 1 2 2 2 1 2 1 2 
1 2 1 1 1 2 2 2 2 2 2 2 2 1 2 1 1 1 2 1 1 1 1 1 2 1 2 2 2 2 1 1 1 1 1 1 2 2 2 2 2 1 2 1 1 2 2 1 1 1 1 1 2 2 2 2 1 2 1 1 2 2 2 2 2 1 2 1 1 2 1 2 2 2 2 2 1 2 2 2 1 2 1 1 2 1 0 1 2 1 1 2 2 1 2 1 2 2 1 1 1 
2 1 2 2 2 2 2 1 1 1 2 2 1 1 1 2 2 2 1 2 2 2 2 2 2 1 2 2 2 1 1 2 1 1 1 2 1 2 2 1 2 1 2 1 2 1 1 1 1 2 2 2 1 1 2 1 2 1 2 2 1 1 1 1 1 2 2 1 1 1 2 2 2 1 2 2 1 2 1 2 2 1 2 2 2 2 1 0 2 2 2 1 1 2 1 1 1 2 2 1 1 
2 1 1 1 2 2 1 1 2 1 1 1 2 2 2 2 2 2 2 1 1 1 1 1 2 1 2 1 1 1 2 1 2 1 1 2 1 2 1 1 2 2 2 1 1 2 2 1 2 2 1 1 1 1 1 1 1 1 1 2 2 1 2 1 1 2 2 1 1 2 2 2 2 2 1 2 2 1 2 2 1 2 1 1 1 1 2 2 0 1 2 2 1 2 2 1 2 1 1 1 1 
1 2 1 1 1 2 2 1 2 2 1 2 1 1 1 1 2 1 1 2 2 2 1 1 2 2 1 2 1 1 1 1 1 1 1 2 1 2 2 2 1 1 1 2 2 1 1 1 2 1 1 2 1 1 1 2 1 1 1 2 1 1 1 1 2 1 1 1 1 1 1 1 2 1 1 1 1 1 2 2 2 2 2 2 2 2 1 2 1 0 1 1 1 2 2 1 2 1 2 1 1 
1 1 2 2 2 2 1 2 1 2 1 2 2 2 1 2 1 1 1 1 2 1 2 2 1 1 1 1 1 2 2 2 2 1 2 2 2 1 1 1 1 1 1 1 2 1 1 2 2 2 2 1 2 1 1 2 1 2 2 1 2 2 1 1 2 2 1 2 1 1 2 1 2 1 2 2 1 2 2 1 1 1 1 1 2 1 1 2 2 1 0 2 2 2 1 1 2 1 2 1 1 
1 1 1 1 2 1 2 2 1 1 1 2 2 2 1 1 2 2 1 2 2 1 2 1 2 2 1 2 2 2 2 2 2 1 2 2 1 2 1 2 2 1 2 2 2 1 1 2 1 1 1 2 2 2 2 1 1 2 1 1 1 1 1 1 2 1 1 1 1 2 2 1 2 1 2 2 2 1 1 1 2 2 2 1 1 2 2 1 2 1 2 0 1 2 1 2 2 2 1 1 1 
2 2 1 1 2 2 2 2 2 1 1 2 1 2 1 2 1 1 1 1 1 2 2 2 1 2 2 1 1 1 1 1 2 2 2 1 2 1 1 1 2 2 2 1 1 1 1 1 1 1 1 1 2 2 1 1 1 1 2 2 1 1 1 1 2 2 2 2 1 1 2 1 2 2 2 1 1 2 1 1 1 1 2 2 1 1 2 1 1 1 2 1 0 1 1 1 2 2 1 2 2 
1 2 1 1 1 2 1 1 1 2 2 1 2 2 2 1 1 2 2 1 2 1 2 1 1 2 2 1 1 2 1 2 1 2 2 2 1 1 2 2 1 2 1 1 2 2 2 2 1 1 1 2 2 2 1 1 1 2 1 2 1 2 1 1 1 2 1 1 2 2 1 1 1 2 1 1 2 2 2 2 2 1 2 1 2 1 1 2 2 2 2 2 1 0 1 2 1 1 2 2 1 
1 1 1 1 1 2 2 1 1 1 1 1 1 1 2 2 2 2 1 1 1 1 1 1 1 1 1 2 1 1 2 1 2 1 1 2 1 2 2 1 2 2 1 2 1 1 1 1 2 2 2 2 1 2 1 2 2 1 1 2 1 2 1 2 2 1 1 2 1 1 2 1 2 1 1 2 1 2 2 2 2 1 1 2 1 2 2 1 2 2 1 1 1 1 0 1 1 1 1 2 1 
2 1 2 1 2 1 2 2 1 1 1 1 1 2 2 1 2 1 2 1 2 1 1 2 1 1 1 2 1 1 1 2 1 2 2 1 1 1 1 2 2 1 1 1 1 1 1 1 1 1 1 1 2 1 1 1 1 2 2 2 2 2 2 2 2 1 1 2 1 1 1 1 2 2 2 2 1 1 1 2 2 2 2 2 1 2 1 1 1 1 1 2 1 2 1 0 1 1 2 1 2 
1 2 1 1 1 2 2 2 2 1 1 2 1 2 1 2 2 1 1 2 2 2 2 1 2 2 1 1 2 1 2 2 2 2 2 2 2 1 1 2 2 1 2 2 1 2 1 2 1 1 2 1 1 2 1 1 2 2 2 2 1 1 2 2 1 2 1 1 1 2 2 1 1 1 1 1 1 1 1 2 2 2 1 2 1 2 2 1 2 2 2 2 2 1 1 1 0 1 2 1 2 
1 2 2 1 2 2 2 2 2 1 1 2 2 2 2 1 2 2 2 1 1 1 1 1 2 2 1 2 1 2 2 1 2 2 2 1 1 2 2 2 2 2 2 1 1 1 2 1 1 2 2 2 2 2 1 2 1 2 2 2 2 1 1 1 2 1 2 1 1 1 2 1 1 2 2 2 2 1 1 2 2 2 2 1 2 1 2 2 1 1 1 2 2 1 1 1 1 0 2 2 1 
2 2 2 2 1 1 2 2 1 2 1 2 1 2 2 2 2 1 2 1 1 2 1 2 2 2 2 1 1 2 2 2 1 1 1 2 2 2 1 2 2 2 2 2 2 1 2 1 1 1 2 1 2 2 2 1 1 1 2 1 1 2 2 2 2 2 1 1 2 2 2 1 1 2 2 1 1 2 1 1 1 2 1 1 1 2 1 2 1 2 2 1 1 2 1 2 2 2 0 1 1 
2 1 2 2 2 2 2 1 1 2 1 1 1 1 1 1 1 2 1 2 2 1 1 2 2 1 1 2 1 2 2 1 2 1 1 1 2 2 1 1 1 1 1 1 2 2 1 1 1 1 2 1 2 1 2 1 2 1 1 1 2 2 2 1 2 2 1 1 2 1 2 1 1 1 2 2 2 2 1 1 1 2 1 2 2 1 1 1 1 1 1 1 2 2 2 1 1 2 1 0 1 
1 2 1 2 2 1 1 2 2 1 1 2 2 1 2 2 1 2 2 2 1 2 2 2 1 1 2 1 2 2 1 2 1 1 2 2 1 2 2 1 1 1 2 2 2 1 1 1 2 2 1 2 1 1 1 2 1 2 2 2 1 2 2 1 1 2 1 2 1 2 2 2 1 1 2 2 2 2 1 2 1 1 1 2 1 2 1 1 1 1 1 1 2 1 1 2 2 1 1 1 0 
