24
loc4 loc8 loc12 loc16 loc20 loc24 loc28 loc32 loc36 loc40 loc44 loc48 loc52 loc56 loc60 loc64 loc68 loc72 loc76 loc80 loc84 loc88 loc92 loc96 loc0
0 3 4 5 6 6 6 6 6 6 6 6 6 6 6 6 6 6 6 6 6 5 4 3 3 
3 0 3 4 5 6 6 6 6 6 6 6 6 6 6 6 6 6 6 6 6 6 5 4 3 
4 3 0 3 4 5 6 6 6 6 6 6 6 6 6 6 6 6 6 6 6 6 6 5 3 
5 4 3 0 3 4 5 6 6 6 6 6 6 6 6 6 6 6 6 6 6 6 6 6 3 
6 5 4 3 0 3 4 5 6 6 6 6 6 6 6 6 6 6 6 6 6 6 6 6 3 
6 6 5 4 3 0 3 4 5 6 6 6 6 6 6 6 6 6 6 6 6 6 6 6 3 
6 6 6 5 4 3 0 3 4 5 6 6 6 6 6 6 6 6 6 6 6 6 6 6 3 
6 6 6 6 5 4 3 0 3 4 5 6 6 6 6 6 6 6 6 6 6 6 6 6 3 
6 6 6 6 6 5 4 3 0 3 4 5 6 6 6 6 6 6 6 6 6 6 6 6 3 
6 6 6 6 6 6 5 4 3 0 3 4 5 6 6 6 6 6 6 6 6 6 6 6 3 
6 6 6 6 6 6 6 5 4 3 0 3 4 5 6 6 6 6 6 6 6 6 6 6 3 
6 6 6 6 6 6 6 6 5 4 3 0 3 4 5 6 6 6 6 6 6 6 6 6 3 
6 6 6 6 6 6 6 6 6 5 4 3 0 3 4 5 6 6 6 6 6 6 6 6 3 
6 6 6 6 6 6 6 6 6 6 5 4 3 0 3 4 5 6 6 6 6 6 6 6 3 
6 6 6 6 6 6 6 6 6 6 6 5 4 3 0 3 4 5 6 6 6 6 6 6 3 
6 6 6 6 6 6 6 6 6 6 6 6 5 4 3 0 3 4 5 6 6 6 6 6 3 
6 6 6 6 6 6 6 6 6 6 6 6 6 5 4 3 0 3 4 5 6 6 6 6 3 
6 6 6 6 6 6 6 6 6 6 6 6 6 6 5 4 3 0 3 4 5 6 6 6 3 
6 6 6 6 6 6 6 6 6 6 6 6 6 6 6 5 4 3 0 3 4 5 6 6 3 
6 6 6 6 6 6 6 6 6 6 6 6 6 6 6 6 5 4 3 0 3 4 5 6 3 
6 6 6 6 6 6 6 6 6 6 6 6 6 6 6 6 6 5 4 3 0 3 4 5 3 
5 6 6 6 6 6 6 6 6 6 6 6 6 6 6 6 6 6 5 4 3 0 3 4 3 
4 5 6 6 6 6 6 6 6 6 6 6 6 6 6 6 6 6 6 5 4 3 0 3 3 
3 4 5 6 6 6 6 6 6 6 6 6 6 6 6 6 6 6 6 6 5 4 3 0 3 
3 3 3 3 3 3 3 3 3 3 3 3 3 3 3 3 3 3 3 3 3 3 3 3 0 
