51
Cherrim Zapdos Zubat Delibird Ralts Togetic Manectric Lillipup Dialga Dusknoir Persian Weepinbell Volbeat Carracosta Shaymin Tentacruel Moltres Yanmega Wailmer Piloswine Bidoof Aurorus Purrloin Gastrodon Timburr Poliwag Machoke Poliwrath Sentret Cascoon Bayleef Scolipede Regice Buzzwole Celesteela Infernape Kricketot Hitmonlee Bouffalant Wormadam Hakamoo Omastar Girafarig Pichu Primarina Bergmite Bisharp Celebi Tsareena Stufful Florges
0 112.16567 122.39803 84.09445 104.01729 102.08724000000001 128.25446 47.51842 92.11191 170.11732 115.95174 108.51926 141.16931 139.38749 125.02091999999999 104.71027000000001 99.96504999999999 111.12164999999999 119.49219 91.50283999999999 74.35641 112.66922 110.17363 121.90987 106.68797 109.44142 54.56312 131.56229 76.99231 51.32251 89.2338 130.75764 159.85546 100.27921 117.20911000000001 78.01432 137.89096 114.55739 91.05272 152.44162999999998 67.56836 140.8394 107.02533 104.39042 133.87351999999998 134.89118 82.31646 69.78016 101.49266 110.74816 93.55573 
112.16567 0 148.72752 119.00527 216.18296 131.94033 118.67952 114.95124000000001 85.71958000000001 183.13066 180.48837 169.29071 127.80315 153.75081 118.62859 98.31794 104.00418 171.83259 130.52479 98.80457 97.14467 164.72591 137.99111 143.86801 157.50914 158.96291000000002 105.38429 68.0588 111.90362 86.23333 149.58928 191.11312 90.68874 127.61215000000001 172.83717000000001 111.90398 152.97608 156.68085000000002 98.86558000000001 193.02279 94.9013 116.51966 80.75763 106.40302 164.55419 168.87005 142.67194 133.49023 193.43921 115.51254 155.84863 
122.39803 148.72752 0 144.86453 163.53768 136.00399 39.45884 109.64675 63.00794 160.62666000000002 97.60861 99.0286 117.50565 139.24813 136.67365999999998 127.29369 123.68144000000001 182.70596 147.05291 110.50331999999999 93.35688999999999 142.01427 159.51351999999997 175.9117 175.21295 161.21415000000002 139.98306 173.30743999999999 152.49577 129.18750999999997 131.80085 163.8989 70.35624 105.505 96.3591 125.35067000000001 161.5426 171.75423 136.35734 191.60421000000002 129.69669 174.71804000000003 119.11981 100.39778 113.02350999999999 117.35463000000001 141.98633 129.30055 138.18458 105.71957 65.38348 
84.09445 119.00527 144.86453 0 161.03691 76.66159 147.58648 98.84576000000001 89.33721 132.79692 106.95211 98.17521 68.22023 107.63235 131.86052 57.14893 103.20629 115.94412 35.39774 76.542 93.68843 135.4937 27.5318 133.13733000000002 106.83273 61.325289999999995 115.53347 97.86373 60.71312 32.77194 120.48838 131.07057 114.08637999999999 46.84015 94.26638 88.0635 117.13886 103.20024000000001 101.1019 97.89573999999999 78.79582 143.89265 112.49601999999999 119.63495 69.42714000000001 139.80449 104.80399 101.35792000000001 156.71173000000002 62.6578 87.83333999999999 
104.01729 216.18296 163.53768 161.03691 0 170.67549 189.28814 151.53571 187.83651 203.46145 150.64029 141.86339 200.07998 123.27266 212.15921 208.72755999999998 132.47395 186.23491 125.63917000000001 152.53652 135.39009 141.93358999999998 149.07773 184.70421 206.01384000000002 182.87122 158.58041 188.10516 139.68932999999998 155.3398 185.85462 206.73369000000002 224.21173000000002 174.16442999999998 166.12022000000002 182.03161 208.34858 118.84055000000001 178.39054 188.13717 171.58565 229.49775 153.05379 158.96018999999998 159.66857000000002 152.02613 176.65783 99.04453 136.45487 140.39107 100.05498 
102.08724000000001 131.94033 136.00399 76.66159 170.67549 0 175.46283 86.95898000000001 161.73123999999999 120.07869 121.20582 112.42892 144.88182 103.45423 93.91371000000001 133.81052 144.01638 130.72253 112.05933 135.19024000000002 125.62072 160.06757 86.18004 147.13698 175.00488 119.78731 143.50965 132.82757999999998 96.59318999999999 109.43353 103.27555000000001 177.29922 88.97009 123.50174000000001 54.07869 92.23411 145.11504 82.34285 105.27251 106.98999 92.79547 166.06651 121.46193 124.3414 146.08873 79.7308 87.59116 105.36472 121.09353999999999 110.9566 70.62051 
128.25446 118.67952 39.45884 147.58648 189.28814 175.46283 0 133.69078000000002 102.46678 197.15328999999997 137.06745 138.48744 146.54269 172.49035 157.21872 98.15804 129.30766 192.61996000000002 154.98712 71.04448 53.89805 181.47311000000002 120.05467999999999 162.60755 152.64907 153.84816999999998 100.52422 186.73832 130.88841 168.64634999999998 171.25969 203.35773999999998 109.81508 144.96384 135.81794 109.9369 171.71562 135.02084 96.8985 217.48512 113.64084000000001 135.25920000000002 119.59804 139.85662 152.48235 156.81347 175.70445 90.24360999999999 177.64342 137.36061999999998 104.84232 
47.51842 114.95123999999998 109.64675 98.84576000000001 151.53571 86.95898000000001 133.69078 0 95.25784999999999 144.99597999999997 68.43332000000001 121.32944 93.65089 101.31048000000001 83.27064 152.22869 71.27085 125.6215 80.07425 97.20749 86.53475 141.53846000000001 71.31396000000001 74.39144999999999 113.26667 70.0 86.45752999999999 130.38299999999998 69.92138 98.84093 102.62556000000001 152.29047000000003 116.56573999999999 52.76079 97.98580999999999 30.4959 127.98428 114.69861 43.5343 142.57225 20.04994 93.32097999999999 59.50691 132.64768999999998 114.10365000000002 87.37276 118.30995000000001 110.3349 147.468 63.22974 80.80445 
92.11191 85.71958000000001 63.00794 89.33721 187.83650999999998 161.73123999999999 102.46678 95.25784999999999 0 162.82307 120.43647 137.41984 54.49771 140.00633 98.57482999999999 78.26418 83.95042000000001 143.09329 124.73495 94.70674 111.18786 79.00633 116.86901 129.54942 137.45538 150.6625 85.33053 129.58492999999999 91.84986 66.17957 133.05178 178.4741 133.36418 42.49706 124.99009000000001 101.8799 98.53466 133.56921 114.9183 157.40005 75.20791 147.83823 114.66488000000001 37.38984 122.86358 83.15047 117.36739 88.79198 141.27175 95.45877999999999 101.33671 
170.11732 183.13066 160.62666000000002 132.79692 203.46145 120.07869000000001 197.15328999999997 144.99598 162.82307 0 93.33623 69.01449 184.20628 143.93493999999998 134.92404 169.61766999999998 79.12648 180.51663 146.93502999999998 126.10880999999999 143.25524 171.79629 105.26512 70.60453 199.86441 139.05861 162.63353 157.13689 134.26144 163.59064999999998 127.52847 176.02640000000002 182.29059999999998 147.88367 66.0 117.09364 64.28841 129.08855 130.13204 200.3105 124.94604 172.92279 115.8614 176.38286 158.12869999999998 155.37762 143.21286 118.19053 139.76758 143.74256000000003 103.40647000000001 
115.95174 180.48837 97.60861 106.95211 150.64029 121.20581999999999 137.06745 68.43332000000001 120.43646999999999 93.33623 0 52.89612 105.66456 99.87334 67.42502999999999 153.4993 79.81228 145.93144999999998 135.86260000000001 117.56194 100.41551000000001 118.13343 134.48391 131.74453999999997 150.65775 132.06988 142.26247999999998 148.75224 104.71475000000001 117.70849 41.12044 90.78535000000001 133.74245 108.74943 92.41969 98.92922000000002 157.62464 108.84718000000001 111.96762000000001 176.80604 88.48326 161.7543 106.86885 83.04663 101.8332 102.55646 56.80483 64.06995 123.38641000000001 90.9214 50.58531 
108.51926 169.29071000000002 99.0286 98.17521 141.86338999999998 112.42891999999998 138.48744 121.32944 137.41984 69.01449 52.89612 0 141.83341000000001 77.15773999999999 120.32115 100.60318 132.7084 137.15454999999997 133.57295 144.18639 127.03996 105.01909 102.96280999999999 139.61901999999998 173.37898 123.29298 121.25413 110.57206 103.02520999999999 130.94715000000002 94.01656 114.42834 157.54063 145.01536000000002 107.87364999999998 99.21691 122.85952 72.72563 112.25531 168.02913999999998 141.37938 163.47713 149.04605 131.84915 115.56448 93.77956 109.70095 110.40163999999999 70.75309 82.1445 41.808409999999995 
141.16931 127.80314999999999 117.50565 68.22023 200.07998 144.88182 146.54269 93.65089 54.49771 184.20628 105.66456 141.83341000000001 0 143.40404 153.07254 125.36916 124.82185999999999 163.53365 103.61797 135.11964 138.33988 133.50404 95.75203 127.94246 175.05295999999998 129.54552 139.82824 166.08396 128.93335000000002 100.99217 134.38378 179.94485 129.41764999999998 40.8901 151.53681999999998 111.18726000000001 153.03237 160.78723 124.22566 166.11597 73.60095 106.17289 97.41906 91.88755 137.64737 137.64818 150.06817 116.00999999999999 172.8261 130.87803 100.025 
139.38749 153.75081 139.24813 107.63235 123.27266 103.45423 172.49035 101.31048000000001 140.00633 143.93493999999998 99.87334 77.15773999999999 143.40404 0 128.6216 164.78128 132.48145 117.25773000000001 143.03009 129.11075 130.98616 61.0 80.10055 135.60205000000002 155.37551000000002 113.89403999999999 122.92949 154.67299 94.6406 140.40429 125.12096 155.96674000000002 155.36531 113.97139000000001 88.78658 126.94200000000001 155.23577 49.86337 127.84203 186.96600999999998 81.26054 132.12054999999998 120.71751 135.45609 157.10288 112.71643 109.43656999999999 94.6406 110.63631000000001 123.6829 83.34681 
125.02091999999999 118.62859 136.67365999999998 131.86052 212.15920999999997 93.91371000000001 157.21872 83.27064 98.57482999999999 134.92404 67.42502999999999 120.32114999999999 153.07254 128.6216 0 111.17318999999999 116.54977 191.53582 163.34489000000002 86.17424 103.32066999999999 177.58116 135.18444 64.31951 170.36439 153.27064000000001 118.23953999999999 175.99612 124.75887 99.08858 101.61726999999999 151.28218 66.31742 136.03143 71.39448 109.54990000000001 188.28358 149.49838 122.5883 174.14552 103.32058 176.59161999999998 142.77755000000002 119.25827 169.25823 169.98148999999998 117.30166 131.49498 171.65913 128.36778999999999 118.01033999999999 
104.71027000000001 98.31794 127.29369 57.14893 208.72756 133.81052 98.15804 152.22869 78.26418 169.61766999999998 153.4993 100.60318 125.36916 164.78127999999998 111.17318999999999 0 96.54878 173.09305 92.54667 133.69092999999998 144.55506 105.84895 84.68073 148.77904 150.05374 118.47422 97.92889 155.01266 104.44821999999999 78.77793 152.04453999999998 188.21949999999998 56.93745 103.98908 151.41530999999998 145.21242999999998 167.97293 149.22545 158.25082999999998 155.04467 135.94475 175.07161 128.85266 98.94762 126.57607000000002 161.41465 161.95292 135.61283 171.35627 106.75811 142.41159 
99.96504999999999 104.00418 123.68144000000001 103.20629 132.47395 144.01638 129.30766 71.27085 83.95042000000001 79.12648 79.81228 132.7084 124.82185999999999 132.48145 116.54977 96.54878 0 151.23564000000002 67.80855 92.55604 75.40961 103.65809 102.48492999999999 52.23026 135.10183 132.31965 83.50704999999999 130.27454 72.37403 84.46417 90.07774 166.05822999999998 147.73671 83.93176 129.15678 101.76675 122.44013 83.84128000000001 100.4805 130.30655 51.220909999999996 124.49194999999999 90.22531 98.97971000000001 101.83795 91.53688 105.76213000000001 39.06405 135.64715999999999 113.74338 130.39759 
111.12164999999999 171.83259 182.70596 115.94412 186.23491 130.72253 192.61996 125.6215 143.09329000000002 180.51663 145.93144999999998 137.15455 163.53365 117.25773000000001 191.53582 173.09305 151.23564000000002 0 129.43561 141.49805 139.7052 145.11908 138.80892 159.91307 208.73633 138.07671 157.61307000000002 103.77379 105.6276 148.71606 179.84511999999998 176.64425 175.49491999999998 138.28241 177.05772 128.32653 116.22822 67.39436 141.36493 118.49034 105.57156 152.25016 103.79747 172.08725 163.46501 175.67868 172.92777999999998 112.17159000000001 130.12795 169.74101000000002 129.40492 
119.49219 130.52479 147.05291 35.39774 125.63917000000001 112.05933 154.98712 80.07425 124.73495 146.93502999999998 135.86260000000001 133.57295 103.61797 143.03009 163.34489000000002 92.54667 67.80855 129.43561 0 111.93974 101.08907 170.89144 62.92954 120.03881 142.23047 96.72303 147.71524 62.46599 96.11086 68.16968 149.23246 98.24968 149.48412000000002 82.23789 121.84088 110.57015000000001 127.86968999999999 138.59798 109.33394000000001 62.498 100.12419 173.39523 109.88684 155.03269 34.0294 136.74758 140.20173 106.8726 179.95435 98.05554000000001 114.86484999999999 
91.50283999999999 98.80457 110.50332 76.542 152.53652 135.19024000000002 71.04448 97.20749 94.70674 126.10880999999999 117.56193999999999 144.18639 135.11964 129.11075 86.17424 133.69093 92.55604 141.49805 111.93974 0 17.14643 134.97311000000002 49.0102 131.49906 115.89744999999999 82.80368999999999 63.7726 149.58515 82.19152 109.31394 122.34504000000001 187.39400999999998 104.24074999999999 109.86840000000001 142.90016 73.18527999999999 137.40964 98.26922 60.146879999999996 166.75749 77.15755 123.83615 75.38346 113.40764999999999 145.96914 177.85721 106.66065 53.49199 155.70973 100.609 140.94509 
74.35641 97.14467 93.35688999999999 93.68843 135.39009 125.62072 53.89805 86.53475 111.18786 143.25524 100.41551 127.03996 138.33988 130.98616 103.32066999999999 144.55506 75.40961 139.7052 101.08907 17.14643 0 144.04201999999998 66.15662999999999 127.63987 98.75102000000001 99.95012 46.62617 134.89758 76.99036 125.67892 128.72374 170.24758 91.83681 111.46546000000001 125.75372999999999 56.03885 141.22625 81.12279000000001 43.00045 163.58707 86.20088 106.97632 65.69999 96.26122000000001 135.11847 166.94648999999998 121.8064 36.34556 138.5633 83.46257 123.79866 
112.66922 164.72591 142.01427 135.4937 141.93358999999998 160.06757 181.47311000000002 141.53846000000001 79.00633 171.79629 118.13343 105.01909 133.50404 61.0 177.58116 105.84895 103.65809 145.11908 170.89144 134.97311000000002 144.04202 0 107.9619 155.88835 215.28232000000003 141.75539 163.15747000000002 208.53685000000002 122.50195000000001 145.1859 77.01299 201.99058000000002 162.78640000000001 121.50339 149.78658 142.14627000000002 177.54099 77.72472 155.18467 214.82736 121.48852000000001 186.34116 160.94549 116.39617000000001 200.60445 140.57778000000002 92.69738000000001 107.69646 145.10680000000002 174.46511 144.34681 
110.17363 137.99111 159.51352 27.5318 149.07773 86.18004 120.05467999999999 71.31396000000001 116.86901 105.26512 134.48391 102.96280999999999 95.75203 80.10055 135.18444 84.68073 102.48492999999999 138.80892 62.92954 49.0102 66.15662999999999 107.9619 0 105.60553 134.36453 33.79349 112.7828 100.57495 33.18132 60.303740000000005 107.39884 148.92268 139.60561 74.37195 120.72460000000001 60.5317 144.67066 75.66844 73.5701 125.42754 51.26402 116.36085 90.72099 122.55546 96.95894000000001 138.5215 100.4815 73.82612 129.17993 90.1896 107.06797 
121.90986999999998 143.86801 175.9117 133.13733 184.70421 147.13698 162.60755 74.39144999999999 129.54942 70.60453 131.74454 139.61901999999998 127.94245999999998 135.60205000000002 64.31951 148.77904 52.23026 159.91307 120.03881 131.49906000000001 127.63987 155.88835 105.60553 0 172.87395 139.39902 120.7491 182.5048 124.60429 136.69443 142.308 215.60169000000002 130.63693 87.05236 132.27738 104.88735 134.89294 136.07154 117.92575 182.53681 54.34151 122.23774999999999 93.79848000000001 149.77253000000002 154.06821 143.76713999999998 157.99239 91.29431 187.87742 137.62118999999998 155.1959 
106.68797 157.50914 175.21295 106.83273 206.01384000000002 175.00487999999999 152.64907 113.26667 137.45538 199.86441 150.65775 173.37898 175.05295999999998 155.37551000000002 170.36439 150.05374 135.10183 208.73633 142.23047 115.89745 98.75102000000001 215.28232000000003 134.36453 172.87395 0 168.15802 52.12485 167.22914 150.86902 74.06079 146.6424 202.57914 157.48613 151.24329 152.48565 82.77077 173.55781000000002 179.87381000000002 95.80917 204.72847 118.53244000000001 169.25303 142.84444 158.13882 165.49154 200.63943 130.95801 135.09658000000002 188.90338 163.17869000000002 174.23805000000002 
109.44142 158.96291 161.21415000000002 61.325289999999995 182.87122 119.78731 153.84816999999998 70.0 150.6625 139.05861 132.06988 123.29298 129.54552 113.89403999999999 153.27064000000001 118.47422 132.31965 138.07671 96.72303 82.80368999999999 99.95011999999998 141.75538999999998 33.79349 139.39902 168.15802 0 146.57628999999997 134.36844 66.97480999999999 94.09723 141.19233 182.71616999999998 164.39909 108.16543999999999 126.43782999999999 94.32518999999999 178.46415 109.46193 105.97557 159.22102999999998 85.05751000000001 150.15434 78.20528 156.34895 130.75243 157.37276 134.27499 107.61961 128.44772 123.98309 115.54335 
54.56312 105.38429 139.98306 115.53347 158.58041 143.50965 100.52422 86.45752999999999 85.33053 162.63353 142.26247999999998 121.25413 139.82824 122.92949 118.23953999999999 97.92889 83.50704999999999 157.61307000000002 147.71524 63.7726 46.62617 163.15747 112.7828 120.7491 52.12485 146.57629 0 115.10428999999999 98.74417 85.84428 108.93045000000001 150.45429000000001 138.46298000000002 99.11843999999999 138.95438000000001 102.66502 121.43296000000001 127.74896000000001 89.62662 182.87251 66.40759 139.67863 102.56825 106.01397 141.64149 157.41595999999998 97.16481 82.97173000000001 156.05578 115.12349 132.52134 
131.56229 68.0588 173.30743999999999 97.86373 188.10516 132.82757999999998 186.73832000000002 130.383 129.58492999999999 157.13689 148.75224 110.57206 166.08396 154.67299 175.99612 155.01266 130.27454 103.77379 62.46599 149.58515 134.89758 208.53685000000002 100.57495 182.5048 167.22914 134.36844 115.10428999999999 0 124.47451999999998 130.63567 154.49430999999998 160.71567 158.74754000000001 143.1935 128.27231 99.8871 116.70967999999999 147.34396 112.9255 124.96399 135.70892999999998 157.32729 105.60776 162.48239 96.49539 173.81042 138.80991999999998 102.56673 155.04649999999998 150.6759 121.83927 
76.99231 111.90362 152.49577 60.71312 139.68932999999998 96.59318999999999 130.88841 69.92138 91.84986 134.26144 104.71475 103.02521 128.93335000000002 94.6406 124.75887 104.44821999999999 72.37403 105.6276 96.11086 82.19152 76.99036 122.50195000000001 33.18132 124.60429 150.86902 66.97480999999999 98.74417 124.47451999999998 0 92.36361 74.21752000000001 115.74136 144.83918 107.55327 141.45425 89.52802 136.76198 44.77723 102.56642 158.60886 84.44534 137.96542 94.65405999999999 89.37414 78.1025 147.24672999999999 67.30018 40.6448 95.99861 121.64282 95.27557999999999 
51.32251 86.23333 129.18751 32.77194 155.3398 109.43353 168.64635 98.84093 66.17957 163.59064999999998 117.70849 130.94715 100.99217 140.40429 99.08858 78.77793 84.46417 148.71606 68.16968 109.31394 125.67891999999999 145.1859 60.303740000000005 136.69443 74.06079 94.09723 85.84428 130.63567 92.36361 0 140.55631 163.84251 135.71537999999998 79.61209 127.03832 120.83544 149.31013 135.97218 133.87384 130.66768 93.51739 166.78843 132.52179 86.86301 102.19908000000001 149.33004 133.63897 94.57751999999999 152.81517 89.1179 120.60528 
89.2338 149.58928 131.80085 120.48838 185.85462 103.27555 171.25969 102.62556000000001 133.05178 127.52847 41.12044 94.01656 134.38378 125.12096 101.61726999999999 152.04453999999998 90.07774 179.84512 149.23246 122.34504000000001 128.72374000000002 77.01299 107.39884 142.308 146.6424 141.19233 108.93045000000001 154.49430999999998 74.21752000000001 140.55631 0 124.97759 114.80854 142.94167 87.09191 115.10519 166.78177 118.99475000000001 102.06679 210.26554 122.6755 175.47653000000003 114.4453 99.56042 142.95364 143.6769 15.68439 105.19039000000001 164.50685 132.04183999999998 91.70575 
130.75764 191.11312 163.8989 131.07057 206.73369 177.29922 203.35774 152.29047000000003 178.4741 176.02640000000002 90.78535000000001 114.42834 179.94485 155.96674000000002 151.28218 188.2195 166.05822999999998 176.64425 98.24968 187.39400999999998 170.24757999999997 201.99058000000002 148.92268 215.60169000000002 202.57914 182.71617 150.45429 160.71567 115.74136 163.84251 124.97759 0 196.54930000000002 177.91072 172.74394999999998 164.08721 226.11937 160.51859000000002 177.12561 160.74768 172.34041000000002 236.12147999999996 185.49334000000002 141.08426 132.27908 158.64986 114.1972 154.8553 179.47981 147.01479999999998 106.67871 
159.85546 90.68874 70.35624 114.08637999999999 224.21173 88.97009 109.81508 116.56574 133.36418 182.29059999999998 133.74245 157.54063 129.41764999999998 155.36531 66.31742 56.93745 147.73671 175.49492 149.48412 104.24074999999999 91.83681 162.78640000000001 139.60561 130.63693 157.48613 164.39909 138.46298000000002 158.74754000000001 144.83918 135.71537999999998 114.80854 196.54930000000002 0 129.22665 116.2906 133.90939 171.81443 144.55476 134.83726 169.2019 96.5158 118.13416 86.19381 114.87158000000001 183.37975 168.70089000000002 130.49293 128.18237 196.95785 83.82066 124.15675 
100.27921 127.61214999999999 105.505 46.84015 174.16442999999998 123.50174000000001 144.96384 52.76079 42.49706 147.88367 108.74943 145.01536000000002 40.8901 113.97139000000001 136.03143 103.98908 83.93176 138.28241 82.23789 109.86840000000001 111.46546000000001 121.50339 74.37195 87.05236 151.24329 108.16543999999999 99.11843999999999 143.1935 107.55327 79.61209 142.94167 177.91072000000003 129.22665 0 110.64671999999999 83.25668999999999 140.64519 119.89713 96.29508999999999 144.73588999999998 32.71085 105.98188999999999 72.16782 79.8869 116.26729 125.64752999999999 151.64414 75.1199 176.50439 109.49795 133.56524000000002 
117.20911000000001 172.83717 96.3591 94.26638 166.12022 54.07869 135.81794 97.98580999999999 124.99009 66.0 92.41969 107.87365 151.53681999999998 88.78658 71.39448 151.41531 129.15678 177.05772000000002 121.84088 142.90016 125.75372999999999 149.78658000000001 120.72460000000001 132.27738 152.48565 126.43782999999999 138.95438000000001 128.27231 141.45425 127.03832 87.09191 172.74394999999998 116.2906 110.64671999999999 0 69.71488 130.28841 109.66336 82.75327999999999 134.3105 77.93587 151.20691 117.39284 119.78612999999999 107.83458999999999 118.03638999999998 83.03589 100.80945 100.26465 106.40132999999999 66.06523999999999 
78.01432 111.90398 125.35067000000001 88.0635 182.03161 92.23411 109.9369 30.4959 101.8799 117.09364 98.92922000000002 99.21691 111.18726000000001 126.94200000000001 109.54990000000001 145.21243 101.76675 128.32653000000002 110.57015000000001 73.18527999999999 56.03885 142.14627000000002 60.5317 104.88735 82.77077 94.32518999999999 102.66502 99.8871 89.52802 120.83544 115.10519 164.08721 133.90939 83.25668999999999 69.71488 0 112.17456 126.77368999999999 13.0384 153.58597 50.54584 86.48226 62.21194 139.26974 144.59955000000002 117.86866 99.42079999999999 92.38441 164.26837999999998 93.72564 91.46727999999999 
137.89096 152.97608 161.5426 117.13886 208.34858 145.11504 171.71562 127.98427999999998 98.53466 64.28841 157.62464 122.85952 153.03237000000001 155.23577 188.28358 167.97293000000002 122.44013 116.22822 127.86968999999999 137.40964 141.22625 177.54099000000002 144.67066 134.89294 173.55781000000002 178.46415 121.43296000000001 116.70967999999999 136.76198 149.31013000000002 166.78177 226.11937 171.81443000000002 140.64518999999999 130.28841 112.17456 0 140.38938000000002 125.21296 179.37331999999998 107.93433999999999 169.55576000000002 137.79713 135.9245 93.84029 105.12374 151.09738 146.78560000000002 175.96381000000002 162.96336 134.12673 
114.55739 156.68085000000002 171.75423 103.20024000000001 118.84055000000001 82.34285 135.02084000000002 114.69861 133.56921 129.08855 108.84718000000001 72.72563 160.78723 49.86337 149.49838 149.22545000000002 83.84128000000001 67.39436 138.59798 98.26922 81.12279000000001 77.72472 75.66844 136.07154000000003 179.87381000000002 109.46193 127.74896000000001 147.34395999999998 44.77723 135.97218 118.99475000000001 160.51859000000002 144.55476 119.89713 109.66336 126.77368999999999 140.38938 0 124.12324000000001 149.90693 126.93246 181.98392 98.78649 104.69289 122.87973000000001 108.28432000000001 112.07741 44.77723 140.77584000000002 154.87013000000002 114.53404 
91.05272 98.86558000000001 136.35734 101.1019 178.39054 105.27251000000001 96.8985 43.5343 114.91830000000002 130.13204 111.96762000000001 112.25531 124.22566 127.84203 122.5883 158.25083 100.4805 141.36493000000002 109.33394000000001 60.146879999999996 43.00045 155.18467 73.5701 117.92575 95.80917 105.97557 89.62662 112.9255 102.56642 133.87384 102.06679 177.12561 134.83726000000001 96.29509 82.75328 13.0384 125.21296 124.12324000000001 0 166.62437 63.58424 73.44386 63.88123 139.26167 143.36334000000002 130.90706 86.38239999999999 79.34601 164.48601 92.76296 95.00831 
152.44162999999998 193.02279 191.60421000000002 97.89573999999999 188.13717 106.98999 217.48512 142.57225 157.40005 200.3105 176.80604 168.02914 166.11597 186.96600999999998 174.14552 155.04467 130.30655 118.49034 62.498 166.75749 163.58707 214.82736 125.42754 182.53681 204.72847 159.22102999999998 182.87251 124.96399 158.60886 130.66768 210.26554 160.74768 169.2019 144.73588999999998 134.3105 153.58597 179.37331999999998 149.90693 166.62437 0 130.831 177.50959999999998 129.05691 194.78988999999999 96.5274 74.24958 194.58114999999998 169.3706 199.02183000000002 160.55354 126.22073 
67.56836 94.90129999999999 129.69669 78.79582 171.58565 92.79547 113.64084 20.04994 75.20791 124.94604 88.48326 141.37938 73.60095 81.26054 103.32058 135.94475 51.220909999999996 105.57156 100.12419 77.15755 86.20088 121.48852000000001 51.26402 54.34151 118.53244000000001 85.05751000000001 66.40759 135.70893 84.44534 93.51739 122.6755 172.34041000000002 96.5158 32.71085 77.93587 50.54584 107.93433999999999 126.93246 63.584239999999994 130.831 0 73.27104 39.45697 112.59774999999999 134.15359 107.42269999999999 128.09324999999998 90.28496 143.79354 83.27968 100.85439 
140.83939999999998 116.51965999999999 174.71804 143.89265 229.49775 166.06651 135.2592 93.32097999999999 147.83823 172.92279 161.7543 163.47713 106.17289 132.12054999999998 176.59161999999998 175.07161000000002 124.49195 152.25016 173.39523 123.83615 106.97632 186.34116 116.36085 122.23774999999999 169.25303 150.15434 139.67863 157.32729 137.96542 166.78843 175.47653000000003 236.12148000000002 118.13416 105.98188999999999 151.20691 86.48226 169.55576 181.98391999999998 73.44386 177.50959999999998 73.27104 0 86.13557 168.71913 203.16483 152.27312999999998 159.79214000000002 140.14483 190.47214 89.10668 129.44277 
107.02533 80.75763 119.11981 112.49601999999999 153.05379 121.46193 119.59804 59.50691 114.66488000000001 115.8614 106.86885 149.04605 97.41906 120.71751 142.77755 128.85266000000001 90.22531 103.79747 109.88684 75.38346 65.69999 160.94549 90.72099 93.79848 142.84444 78.20528 102.56825 105.60776 94.65405999999999 132.52179 114.4453 185.49334 86.19381 72.16782 117.39283999999999 62.21194 137.79713 98.78649 63.88123 129.05691 39.45697 86.13557 0 113.92491999999999 143.91624000000002 143.5193 130.12969 54.00926 142.01945 111.05597 132.0774 
104.39042 106.40302 100.39778 119.63495 158.96019 124.3414 139.85662 132.64768999999998 37.38984 176.38286 83.04663 131.84915 91.88755 135.45609 119.25827 98.94762 98.97971000000001 172.08725 155.03269 113.40765 96.26122000000001 116.39617000000001 122.55546 149.77253000000002 158.13882 156.34895 106.01397 162.48239 89.37414 86.86301 99.56042 141.08426 114.87158000000001 79.8869 119.78613 139.26974 135.9245 104.69289 139.26167 194.78989 112.59774999999999 168.71913 113.92492 0 160.25342 120.54031 92.64308 59.91566 162.1334 116.14222000000001 113.35309000000001 
133.87351999999998 164.55419 113.02350999999999 69.42714000000001 159.66857 146.08873 152.48235 114.10365 122.86358 158.12869999999998 101.8332 115.56448 137.64737000000002 157.10288 169.25823 126.57607000000002 101.83795 163.46501 34.0294 145.96914 135.11847 200.60444999999999 96.95894000000001 154.06821000000002 165.49154 130.75243 141.64149 96.49539 78.1025 102.19908000000001 142.95364 132.27908 183.37975 116.26729 107.83458999999999 144.59955 93.84029 122.87973000000001 143.36334 96.5274 134.15359 203.16483 143.91624000000002 160.25342 0 136.15236 141.45432 118.7473 156.98230999999998 124.51729999999999 84.18121 
134.89118 168.87005 117.35463000000001 139.80449 152.02613 79.7308 156.81347000000002 87.37276 83.15047 155.37762 102.55646 93.77956 137.64818 112.71643 169.98149 161.41465 91.53688 175.67868 136.74758 177.85721 166.94649 140.57778000000002 138.5215 143.76713999999998 200.63943 157.37276 157.41596 173.81042 147.24673 149.33004 143.6769 158.64986 168.70089000000002 125.64752999999999 118.03639 117.86866 105.12374 108.28432000000001 130.90706 74.24958 107.42269999999999 152.27312999999998 143.5193 120.54031 136.15236 0 128.574 130.60093 124.77225000000001 92.30724000000001 51.97115 
82.31646 142.67194 141.98633 104.80399 176.65783 87.59116 175.70445 118.30995000000001 117.36739 143.21286 56.80483 109.70095 150.06817 109.43656999999999 117.30166 161.95292 105.76213000000001 172.92777999999998 140.20173 106.66065 121.8064 92.69738000000001 100.4815 157.99239 130.95801 134.27499 97.16481 138.80992 67.30018 133.63897 15.68439 114.1972 130.49293 151.64414 83.03589 99.42079999999999 151.09738 112.07741 86.38239999999999 194.58115 128.09324999999998 159.79214000000002 130.12968999999998 92.64308 141.45432 128.57399999999998 0 107.94497999999999 149.40395 116.93893999999999 76.60284999999999 
69.78016 133.49023 129.30055 101.35792000000001 99.04453 105.36472 90.24360999999999 110.3349 88.79198 118.19053 64.06995 110.40164 116.00999999999999 94.6406 131.49498 135.61283 39.06405 112.17159000000001 106.8726 53.49199 36.34556 107.69646 73.82612 91.29431 135.09658000000002 107.61961 82.97173000000001 102.56673 40.6448 94.57751999999999 105.19039000000001 154.8553 128.18237 75.1199 100.80945 92.38440999999999 146.78560000000002 44.77723 79.34600999999999 169.3706 90.28496000000001 140.14482999999998 54.00926 59.91566 118.7473 130.60093 107.94497999999999 0 102.21774 119.80813 94.37640999999999 
101.49266 193.43921 138.18458 156.71173000000002 136.45487 121.09353999999999 177.64342000000002 147.46800000000002 141.27175 139.76758 123.38641 70.75309 172.8261 110.63631000000001 171.65913 171.35627 135.64715999999999 130.12795 179.95435 155.70973 138.5633 145.10680000000002 129.17993 187.87741999999997 188.90338 128.44772 156.05578 155.04649999999998 95.99861 152.81517 164.50685 179.47981 196.95785 176.50439 100.26465 164.26837999999998 175.96381 140.77584000000002 164.48601 199.02183000000002 143.79354 190.47214000000002 142.01945 162.1334 156.98230999999998 124.77225000000001 149.40395 102.21774 0 113.13719 72.8011 
110.74816 115.51254 105.71957 62.6578 140.39107 110.95659999999998 137.36061999999998 63.22974 95.45877999999999 143.74256 90.9214 82.1445 130.87803 123.68289999999999 128.36778999999999 106.75811 113.74338 169.74101 98.05554000000001 100.609 83.46257 174.46510999999998 90.1896 137.62119 163.17869000000002 123.98309 115.12349 150.67589999999998 121.64282 89.1179 132.04184 147.0148 83.82066 109.49795 106.40132999999999 93.72564 162.96336 154.87013 92.76296 160.55354 83.27968 89.10668 111.05597 116.14222000000001 124.51729999999999 92.30724000000001 116.93893999999999 119.80813 113.13719 0 40.33609 
93.55573 155.84863 65.38348 87.83333999999999 100.05498 70.62051 104.84232 80.80445 101.33671 103.40647000000001 50.58531 41.808409999999995 100.025 83.34681 118.01034 142.41159 130.39759 129.40492 114.86484999999999 140.94509 123.79866 144.34681 107.06797 155.1959 174.23805 115.54335 132.52134 121.83927 95.27557999999999 120.60528 91.70575 106.67871 124.15675 133.56524 66.06523999999999 91.46727999999999 134.12673 114.53404 95.00831 126.22073 100.85439 129.44277 132.0774 113.35309000000001 84.18121 51.97115 76.60284999999999 94.37640999999999 72.8011 40.33609 0 
