70
l101 l102 l109 l110 l113 l114 l115 l116 l12 l122 l124 l127 l128 l130 l132 l136 l138 l14 l141 l142 l148 l15 l155 l160 l161 l162 l163 l168 l169 l171 l172 l177 l180 l181 l184 l186 l189 l192 l199 l2 l20 l200 l21 l24 l25 l26 l27 l33 l35 l37 l39 l40 l41 l44 l46 l49 l53 l54 l58 l59 l6 l63 l67 l72 l74 l77 l83 l90 l94 l7
0 8.0 7.0 4.0 7.0 6.0 6.0 7.0 5.0 8.0 9.0 7.0 7.0 3.0 8.0 7.0 4.0 5.0 5.0 7.0 5.0 8.0 6.0 6.0 6.0 7.0 7.0 7.0 3.0 6.0 7.0 5.0 7.0 6.0 6.0 4.0 7.0 8.0 8.0 7.0 6.0 5.0 4.0 6.0 7.0 5.0 7.0 8.0 7.0 6.0 6.0 6.0 6.0 5.0 2.0 7.0 5.0 4.0 7.0 4.0 4.0 3.0 6.0 4.0 8.0 8.0 7.0 5.0 5.0 6.0 
8.0 0 5.0 7.0 5.0 5.0 7.0 7.0 6.0 9.0 7.0 8.0 8.0 5.0 7.0 6.0 6.0 6.0 5.0 5.0 3.0 4.0 2.0 4.0 4.0 6.0 6.0 7.0 5.0 6.0 5.0 6.0 8.0 6.0 8.0 4.0 6.0 6.0 5.0 7.0 2.0 5.0 8.0 4.0 9.0 5.0 6.0 7.0 7.0 5.0 4.0 5.0 4.0 7.0 8.0 7.0 5.0 6.0 6.0 8.0 5.0 7.0 3.0 6.0 6.0 8.0 6.0 6.0 7.0 6.0 
7.0 5.0 0 8.0 6.0 6.0 6.0 9.0 4.0 8.0 9.0 7.0 7.0 6.0 8.0 4.0 6.0 7.0 8.0 6.0 7.0 7.0 6.0 6.0 6.0 6.0 8.0 10.0 6.0 7.0 6.0 7.0 9.0 6.0 8.0 5.0 7.0 8.0 4.0 6.0 3.0 6.0 8.0 7.0 8.0 4.0 9.0 7.0 6.0 9.0 5.0 4.0 7.0 5.0 7.0 8.0 4.0 6.0 7.0 7.0 5.0 7.0 6.0 6.0 9.0 8.0 7.0 8.0 6.0 5.0 
4.0 7.0 8.0 0 8.0 8.0 5.0 9.0 7.0 8.0 9.0 8.0 9.0 5.0 8.0 8.0 6.0 7.0 7.0 7.0 7.0 9.0 6.0 7.0 8.0 6.0 7.0 9.0 5.0 6.0 8.0 7.0 9.0 8.0 6.0 6.0 8.0 8.0 7.0 6.0 7.0 7.0 6.0 6.0 6.0 5.0 9.0 7.0 9.0 7.0 8.0 7.0 6.0 7.0 4.0 7.0 7.0 6.0 7.0 6.0 6.0 5.0 8.0 5.0 9.0 4.0 6.0 7.0 7.0 8.0 
7.0 5.0 6.0 8.0 0 9.0 6.0 9.0 5.0 8.0 7.0 5.0 7.0 6.0 7.0 4.0 6.0 9.0 6.0 6.0 3.0 7.0 4.0 7.0 7.0 2.0 6.0 10.0 4.0 6.0 8.0 7.0 7.0 8.0 8.0 5.0 10.0 9.0 5.0 6.0 3.0 6.0 8.0 4.0 9.0 7.0 10.0 6.0 10.0 7.0 7.0 8.0 6.0 8.0 6.0 8.0 7.0 7.0 5.0 7.0 7.0 7.0 7.0 7.0 8.0 8.0 7.0 6.0 7.0 9.0 
6.0 5.0 6.0 8.0 9.0 0 4.0 6.0 5.0 8.0 4.0 5.0 7.0 5.0 5.0 6.0 6.0 1.0 7.0 6.0 6.0 2.0 6.0 3.0 2.0 8.0 4.0 8.0 6.0 5.0 1.0 4.0 7.0 6.0 3.0 7.0 5.0 5.0 7.0 7.0 6.0 3.0 5.0 5.0 4.0 4.0 6.0 6.0 5.0 8.0 4.0 3.0 7.0 7.0 6.0 2.0 4.0 4.0 6.0 6.0 2.0 4.0 3.0 5.0 5.0 5.0 5.0 5.0 6.0 4.0 
6.0 7.0 6.0 5.0 6.0 4.0 0 7.0 3.0 5.0 6.0 3.0 6.0 6.0 3.0 5.0 4.0 5.0 7.0 3.0 5.0 4.0 6.0 5.0 5.0 5.0 2.0 10.0 5.0 5.0 3.0 5.0 8.0 4.0 7.0 6.0 8.0 7.0 6.0 7.0 5.0 4.0 7.0 4.0 8.0 6.0 9.0 6.0 9.0 8.0 7.0 7.0 5.0 8.0 6.0 6.0 6.0 6.0 7.0 6.0 6.0 6.0 6.0 5.0 7.0 5.0 5.0 6.0 4.0 8.0 
7.0 7.0 9.0 9.0 9.0 6.0 7.0 0 8.0 8.0 8.0 9.0 6.0 4.0 8.0 8.0 7.0 7.0 8.0 6.0 8.0 8.0 8.0 7.0 4.0 7.0 7.0 10.0 6.0 7.0 7.0 2.0 5.0 6.0 9.0 7.0 9.0 10.0 9.0 9.0 9.0 3.0 8.0 7.0 10.0 8.0 8.0 8.0 9.0 9.0 6.0 7.0 3.0 8.0 7.0 8.0 8.0 8.0 10.0 8.0 6.0 7.0 5.0 7.0 7.0 9.0 8.0 4.0 6.0 8.0 
5.0 6.0 4.0 7.0 5.0 5.0 3.0 8.0 0 8.0 7.0 6.0 6.0 6.0 6.0 4.0 3.0 6.0 7.0 6.0 4.0 7.0 5.0 2.0 5.0 6.0 5.0 7.0 5.0 5.0 6.0 6.0 10.0 3.0 6.0 6.0 7.0 4.0 4.0 6.0 5.0 5.0 6.0 5.0 7.0 5.0 7.0 7.0 8.0 7.0 5.0 6.0 8.0 5.0 5.0 7.0 5.0 5.0 6.0 6.0 7.0 5.0 4.0 4.0 7.0 6.0 4.0 7.0 4.0 7.0 
8.0 9.0 8.0 8.0 8.0 8.0 5.0 8.0 8.0 0 9.0 8.0 7.0 7.0 8.0 7.0 8.0 9.0 8.0 8.0 7.0 9.0 8.0 9.0 7.0 7.0 7.0 13.0 6.0 6.0 8.0 6.0 9.0 8.0 6.0 7.0 9.0 8.0 7.0 4.0 8.0 6.0 7.0 6.0 7.0 6.0 11.0 3.0 9.0 9.0 8.0 9.0 8.0 9.0 7.0 7.0 4.0 8.0 5.0 5.0 6.0 7.0 8.0 7.0 6.0 8.0 8.0 4.0 9.0 10.0 
9.0 7.0 9.0 9.0 7.0 4.0 6.0 8.0 7.0 9.0 0 7.0 8.0 8.0 6.0 5.0 5.0 5.0 8.0 7.0 4.0 4.0 5.0 5.0 6.0 7.0 5.0 10.0 8.0 5.0 3.0 8.0 9.0 7.0 4.0 9.0 9.0 6.0 5.0 7.0 8.0 7.0 8.0 3.0 5.0 8.0 10.0 6.0 7.0 7.0 6.0 5.0 7.0 8.0 7.0 5.0 6.0 6.0 8.0 5.0 6.0 8.0 7.0 7.0 7.0 6.0 7.0 8.0 7.0 6.0 
7.0 8.0 7.0 8.0 5.0 5.0 3.0 9.0 6.0 8.0 7.0 0 8.0 6.0 6.0 6.0 5.0 6.0 8.0 4.0 7.0 7.0 8.0 8.0 7.0 6.0 5.0 10.0 6.0 6.0 6.0 8.0 10.0 6.0 4.0 7.0 7.0 6.0 7.0 7.0 6.0 7.0 8.0 6.0 5.0 6.0 6.0 7.0 8.0 7.0 8.0 8.0 6.0 5.0 7.0 3.0 8.0 6.0 8.0 6.0 7.0 7.0 7.0 6.0 9.0 4.0 4.0 8.0 6.0 7.0 
7.0 8.0 7.0 9.0 7.0 7.0 6.0 6.0 6.0 7.0 8.0 8.0 0 4.0 5.0 4.0 7.0 7.0 9.0 6.0 6.0 7.0 6.0 5.0 6.0 6.0 4.0 10.0 8.0 5.0 7.0 4.0 9.0 7.0 7.0 8.0 7.0 9.0 3.0 3.0 6.0 5.0 8.0 5.0 8.0 6.0 8.0 4.0 8.0 4.0 5.0 6.0 7.0 8.0 7.0 8.0 8.0 7.0 4.0 6.0 7.0 7.0 5.0 6.0 6.0 8.0 7.0 6.0 2.0 7.0 
3.0 5.0 6.0 5.0 6.0 5.0 6.0 4.0 6.0 7.0 8.0 6.0 4.0 0 5.0 5.0 3.0 6.0 6.0 4.0 6.0 7.0 6.0 7.0 4.0 5.0 4.0 6.0 4.0 5.0 6.0 2.0 8.0 5.0 5.0 5.0 6.0 6.0 6.0 6.0 5.0 3.0 5.0 5.0 6.0 6.0 6.0 6.0 6.0 5.0 6.0 5.0 3.0 4.0 3.0 6.0 6.0 5.0 7.0 5.0 3.0 4.0 5.0 3.0 6.0 7.0 7.0 3.0 2.0 6.0 
8.0 7.0 8.0 8.0 7.0 5.0 3.0 8.0 6.0 8.0 6.0 6.0 5.0 5.0 0 6.0 6.0 6.0 8.0 6.0 4.0 5.0 5.0 5.0 6.0 7.0 1.0 10.0 8.0 5.0 4.0 6.0 10.0 7.0 7.0 9.0 9.0 9.0 7.0 7.0 8.0 5.0 8.0 3.0 8.0 6.0 10.0 6.0 9.0 8.0 8.0 8.0 7.0 9.0 8.0 7.0 6.0 6.0 8.0 9.0 7.0 9.0 7.0 8.0 7.0 6.0 8.0 7.0 3.0 9.0 
7.0 6.0 4.0 8.0 4.0 6.0 5.0 8.0 4.0 7.0 5.0 6.0 4.0 5.0 6.0 0 5.0 5.0 8.0 2.0 7.0 7.0 8.0 6.0 7.0 2.0 5.0 11.0 7.0 5.0 6.0 7.0 7.0 5.0 7.0 6.0 8.0 8.0 1.0 5.0 4.0 7.0 7.0 6.0 8.0 7.0 10.0 4.0 9.0 8.0 6.0 7.0 5.0 5.0 7.0 7.0 7.0 7.0 6.0 5.0 7.0 6.0 7.0 5.0 7.0 8.0 8.0 7.0 3.0 8.0 
4.0 6.0 6.0 6.0 6.0 6.0 4.0 7.0 3.0 8.0 5.0 5.0 7.0 3.0 6.0 5.0 0 7.0 6.0 7.0 3.0 6.0 4.0 5.0 6.0 6.0 6.0 7.0 4.0 2.0 7.0 5.0 9.0 2.0 4.0 5.0 7.0 6.0 5.0 6.0 6.0 5.0 6.0 4.0 5.0 4.0 5.0 5.0 7.0 4.0 5.0 6.0 6.0 5.0 4.0 5.0 4.0 4.0 7.0 5.0 4.0 5.0 5.0 4.0 6.0 6.0 5.0 6.0 5.0 7.0 
5.0 6.0 7.0 7.0 9.0 1.0 5.0 7.0 6.0 9.0 5.0 6.0 7.0 6.0 6.0 5.0 7.0 0 8.0 7.0 6.0 3.0 7.0 4.0 3.0 7.0 5.0 9.0 6.0 5.0 2.0 5.0 6.0 7.0 4.0 7.0 6.0 6.0 6.0 6.0 6.0 4.0 6.0 5.0 5.0 5.0 7.0 6.0 6.0 9.0 5.0 4.0 7.0 8.0 5.0 3.0 5.0 5.0 7.0 5.0 3.0 5.0 4.0 6.0 6.0 6.0 6.0 6.0 7.0 5.0 
5.0 5.0 8.0 7.0 6.0 7.0 7.0 8.0 7.0 8.0 8.0 8.0 9.0 6.0 8.0 8.0 6.0 8.0 0 8.0 4.0 7.0 3.0 6.0 7.0 8.0 7.0 9.0 2.0 5.0 6.0 6.0 7.0 6.0 9.0 3.0 9.0 8.0 8.0 8.0 5.0 6.0 6.0 5.0 9.0 6.0 9.0 8.0 8.0 6.0 5.0 6.0 8.0 8.0 5.0 9.0 6.0 6.0 7.0 5.0 7.0 5.0 6.0 6.0 8.0 9.0 7.0 4.0 8.0 7.0 
7.0 5.0 6.0 7.0 6.0 6.0 3.0 6.0 6.0 8.0 7.0 4.0 6.0 4.0 6.0 2.0 7.0 7.0 8.0 0 6.0 7.0 6.0 7.0 7.0 4.0 5.0 10.0 6.0 5.0 6.0 6.0 9.0 7.0 7.0 7.0 8.0 8.0 3.0 7.0 6.0 7.0 7.0 5.0 8.0 6.0 10.0 6.0 9.0 8.0 8.0 7.0 3.0 7.0 7.0 7.0 8.0 6.0 8.0 7.0 7.0 6.0 7.0 5.0 8.0 7.0 7.0 5.0 5.0 8.0 
5.0 3.0 7.0 7.0 3.0 6.0 5.0 8.0 4.0 7.0 4.0 7.0 6.0 6.0 4.0 7.0 3.0 6.0 4.0 6.0 0 6.0 1.0 4.0 7.0 5.0 3.0 7.0 5.0 3.0 5.0 7.0 8.0 5.0 5.0 6.0 8.0 6.0 6.0 5.0 4.0 7.0 6.0 1.0 6.0 6.0 8.0 4.0 7.0 4.0 7.0 8.0 5.0 8.0 5.0 6.0 6.0 6.0 6.0 7.0 7.0 6.0 6.0 6.0 6.0 7.0 6.0 7.0 5.0 7.0 
8.0 4.0 7.0 9.0 7.0 2.0 4.0 8.0 7.0 9.0 4.0 7.0 7.0 7.0 5.0 7.0 6.0 3.0 7.0 7.0 6.0 0 6.0 5.0 4.0 9.0 4.0 10.0 7.0 7.0 1.0 6.0 5.0 8.0 5.0 6.0 7.0 7.0 7.0 7.0 4.0 5.0 7.0 5.0 6.0 4.0 7.0 8.0 7.0 8.0 6.0 5.0 8.0 8.0 8.0 4.0 6.0 4.0 8.0 5.0 4.0 6.0 5.0 7.0 5.0 7.0 7.0 7.0 6.0 6.0 
6.0 2.0 6.0 6.0 4.0 6.0 6.0 8.0 5.0 8.0 5.0 8.0 6.0 6.0 5.0 8.0 4.0 7.0 3.0 6.0 1.0 6.0 0 3.0 6.0 6.0 4.0 6.0 5.0 4.0 6.0 6.0 9.0 4.0 6.0 6.0 7.0 5.0 7.0 6.0 4.0 7.0 7.0 2.0 7.0 6.0 8.0 5.0 8.0 3.0 6.0 7.0 5.0 7.0 6.0 6.0 6.0 7.0 7.0 8.0 6.0 7.0 5.0 6.0 5.0 8.0 7.0 7.0 6.0 7.0 
6.0 4.0 6.0 7.0 7.0 3.0 5.0 7.0 2.0 9.0 5.0 8.0 5.0 7.0 5.0 6.0 5.0 4.0 6.0 7.0 4.0 5.0 3.0 0 3.0 8.0 6.0 5.0 7.0 6.0 4.0 5.0 10.0 5.0 6.0 6.0 8.0 6.0 6.0 5.0 6.0 4.0 7.0 5.0 7.0 6.0 5.0 6.0 6.0 6.0 3.0 4.0 6.0 6.0 6.0 5.0 7.0 5.0 4.0 7.0 5.0 6.0 2.0 6.0 6.0 8.0 6.0 6.0 6.0 5.0 
6.0 4.0 6.0 8.0 7.0 2.0 5.0 4.0 5.0 7.0 6.0 7.0 6.0 4.0 6.0 7.0 6.0 3.0 7.0 7.0 7.0 4.0 6.0 3.0 0 6.0 5.0 8.0 5.0 6.0 3.0 2.0 7.0 6.0 5.0 5.0 5.0 7.0 6.0 7.0 5.0 1.0 6.0 7.0 6.0 4.0 4.0 8.0 5.0 8.0 2.0 3.0 7.0 5.0 6.0 4.0 4.0 4.0 7.0 4.0 2.0 5.0 1.0 5.0 7.0 7.0 6.0 3.0 6.0 4.0 
7.0 6.0 6.0 6.0 2.0 8.0 5.0 7.0 6.0 7.0 7.0 6.0 6.0 5.0 7.0 2.0 6.0 7.0 8.0 4.0 5.0 9.0 6.0 8.0 6.0 0 6.0 11.0 6.0 4.0 8.0 6.0 9.0 6.0 6.0 7.0 8.0 8.0 3.0 5.0 5.0 5.0 6.0 4.0 7.0 5.0 10.0 4.0 9.0 8.0 8.0 7.0 4.0 7.0 5.0 7.0 7.0 7.0 6.0 7.0 6.0 5.0 7.0 5.0 8.0 6.0 6.0 6.0 5.0 8.0 
7.0 6.0 8.0 7.0 6.0 4.0 2.0 7.0 5.0 7.0 5.0 5.0 4.0 4.0 1.0 5.0 6.0 5.0 7.0 5.0 3.0 4.0 4.0 6.0 5.0 6.0 0 10.0 7.0 4.0 3.0 5.0 9.0 6.0 6.0 8.0 9.0 8.0 6.0 6.0 7.0 4.0 7.0 2.0 7.0 7.0 9.0 5.0 8.0 7.0 7.0 7.0 6.0 8.0 7.0 6.0 7.0 6.0 7.0 8.0 6.0 8.0 6.0 7.0 6.0 5.0 7.0 6.0 2.0 8.0 
7.0 7.0 10.0 9.0 10.0 8.0 10.0 10.0 7.0 13.0 10.0 10.0 10.0 6.0 10.0 11.0 7.0 9.0 9.0 10.0 7.0 10.0 6.0 5.0 8.0 11.0 10.0 0 8.0 9.0 9.0 8.0 12.0 9.0 9.0 9.0 11.0 9.0 10.0 10.0 9.0 9.0 9.0 8.0 10.0 10.0 10.0 11.0 10.0 9.0 8.0 9.0 9.0 8.0 7.0 10.0 10.0 9.0 9.0 9.0 7.0 8.0 7.0 9.0 9.0 11.0 11.0 9.0 8.0 10.0 
3.0 5.0 6.0 5.0 4.0 6.0 5.0 6.0 5.0 6.0 8.0 6.0 8.0 4.0 8.0 7.0 4.0 6.0 2.0 6.0 5.0 7.0 5.0 7.0 5.0 6.0 7.0 8.0 0 6.0 7.0 4.0 5.0 6.0 7.0 1.0 7.0 9.0 6.0 6.0 3.0 4.0 5.0 6.0 7.0 4.0 8.0 7.0 8.0 7.0 5.0 6.0 6.0 6.0 3.0 8.0 4.0 4.0 5.0 3.0 5.0 4.0 5.0 5.0 9.0 8.0 5.0 2.0 6.0 7.0 
6.0 6.0 7.0 6.0 6.0 5.0 5.0 7.0 5.0 6.0 5.0 6.0 5.0 5.0 5.0 5.0 2.0 5.0 5.0 5.0 3.0 7.0 4.0 6.0 6.0 4.0 4.0 9.0 6.0 0 6.0 6.0 9.0 2.0 4.0 7.0 7.0 6.0 6.0 4.0 6.0 5.0 5.0 2.0 5.0 5.0 7.0 3.0 7.0 6.0 4.0 5.0 4.0 7.0 6.0 4.0 6.0 5.0 5.0 6.0 4.0 5.0 5.0 4.0 7.0 6.0 6.0 4.0 6.0 6.0 
7.0 5.0 6.0 8.0 8.0 1.0 3.0 7.0 6.0 8.0 3.0 6.0 7.0 6.0 4.0 6.0 7.0 2.0 6.0 6.0 5.0 1.0 6.0 4.0 3.0 8.0 3.0 9.0 7.0 6.0 0 5.0 6.0 7.0 4.0 7.0 6.0 6.0 7.0 8.0 5.0 4.0 6.0 4.0 5.0 5.0 7.0 7.0 6.0 9.0 5.0 4.0 8.0 7.0 7.0 3.0 5.0 3.0 7.0 6.0 3.0 5.0 4.0 6.0 4.0 6.0 6.0 6.0 5.0 5.0 
5.0 6.0 7.0 7.0 7.0 4.0 5.0 2.0 6.0 6.0 8.0 8.0 4.0 2.0 6.0 7.0 5.0 5.0 6.0 6.0 7.0 6.0 6.0 5.0 2.0 6.0 5.0 8.0 4.0 6.0 5.0 0 7.0 4.0 7.0 5.0 7.0 8.0 7.0 7.0 7.0 1.0 6.0 6.0 8.0 6.0 6.0 8.0 7.0 7.0 4.0 5.0 5.0 6.0 5.0 6.0 6.0 6.0 8.0 6.0 4.0 5.0 3.0 5.0 8.0 8.0 6.0 2.0 4.0 6.0 
7.0 8.0 9.0 9.0 7.0 7.0 8.0 5.0 10.0 9.0 9.0 10.0 9.0 8.0 10.0 7.0 9.0 6.0 7.0 9.0 8.0 5.0 9.0 10.0 7.0 9.0 9.0 12.0 5.0 9.0 6.0 7.0 0 9.0 8.0 4.0 10.0 10.0 6.0 8.0 6.0 8.0 9.0 9.0 9.0 7.0 11.0 9.0 12.0 11.0 9.0 10.0 8.0 6.0 7.0 9.0 9.0 9.0 9.0 7.0 9.0 8.0 8.0 9.0 10.0 9.0 8.0 7.0 10.0 11.0 
6.0 6.0 6.0 8.0 8.0 6.0 4.0 6.0 3.0 8.0 7.0 6.0 7.0 5.0 7.0 5.0 2.0 7.0 6.0 7.0 5.0 8.0 4.0 5.0 6.0 6.0 6.0 9.0 6.0 2.0 7.0 4.0 9.0 0 6.0 7.0 7.0 7.0 6.0 6.0 6.0 5.0 6.0 4.0 7.0 6.0 7.0 5.0 7.0 6.0 5.0 6.0 6.0 7.0 6.0 6.0 6.0 6.0 7.0 7.0 4.0 5.0 5.0 4.0 7.0 7.0 5.0 5.0 6.0 7.0 
6.0 8.0 8.0 6.0 8.0 3.0 7.0 9.0 6.0 6.0 4.0 4.0 7.0 5.0 7.0 7.0 4.0 4.0 9.0 7.0 5.0 5.0 6.0 6.0 5.0 6.0 6.0 9.0 7.0 4.0 4.0 7.0 8.0 6.0 0 8.0 7.0 2.0 7.0 4.0 6.0 6.0 5.0 4.0 1.0 4.0 7.0 3.0 6.0 6.0 7.0 6.0 6.0 7.0 6.0 1.0 6.0 6.0 5.0 7.0 5.0 5.0 6.0 4.0 6.0 2.0 6.0 8.0 7.0 5.0 
4.0 4.0 5.0 6.0 5.0 7.0 6.0 7.0 6.0 7.0 9.0 7.0 8.0 5.0 9.0 6.0 5.0 7.0 3.0 7.0 6.0 6.0 6.0 6.0 5.0 7.0 8.0 9.0 1.0 7.0 7.0 5.0 4.0 7.0 8.0 0 8.0 10.0 5.0 7.0 2.0 5.0 6.0 7.0 8.0 5.0 7.0 8.0 8.0 8.0 5.0 6.0 7.0 7.0 4.0 7.0 5.0 5.0 6.0 4.0 6.0 5.0 4.0 6.0 10.0 9.0 4.0 3.0 7.0 7.0 
7.0 6.0 7.0 8.0 10.0 5.0 8.0 9.0 7.0 9.0 9.0 7.0 7.0 6.0 9.0 8.0 7.0 6.0 9.0 8.0 8.0 7.0 7.0 8.0 5.0 8.0 9.0 11.0 7.0 7.0 6.0 7.0 10.0 7.0 7.0 8.0 0 9.0 9.0 8.0 8.0 6.0 5.0 8.0 8.0 5.0 9.0 9.0 7.0 6.0 6.0 5.0 7.0 4.0 5.0 7.0 5.0 7.0 8.0 8.0 5.0 4.0 6.0 3.0 10.0 7.0 7.0 7.0 8.0 6.0 
8.0 6.0 8.0 8.0 9.0 5.0 7.0 10.0 4.0 8.0 6.0 6.0 9.0 6.0 9.0 8.0 6.0 6.0 8.0 8.0 6.0 7.0 5.0 6.0 7.0 8.0 8.0 9.0 9.0 6.0 6.0 8.0 10.0 7.0 2.0 10.0 9.0 0 8.0 6.0 8.0 8.0 7.0 6.0 3.0 6.0 9.0 5.0 8.0 8.0 9.0 8.0 7.0 9.0 8.0 3.0 8.0 8.0 7.0 9.0 7.0 7.0 8.0 6.0 4.0 4.0 8.0 7.0 8.0 7.0 
8.0 5.0 4.0 7.0 5.0 7.0 6.0 9.0 4.0 7.0 5.0 7.0 3.0 6.0 7.0 1.0 5.0 6.0 8.0 3.0 6.0 7.0 7.0 6.0 6.0 3.0 6.0 10.0 6.0 6.0 7.0 7.0 6.0 6.0 7.0 5.0 9.0 8.0 0 6.0 3.0 7.0 8.0 7.0 8.0 7.0 9.0 5.0 8.0 7.0 5.0 6.0 6.0 6.0 7.0 8.0 7.0 7.0 7.0 6.0 8.0 7.0 6.0 6.0 8.0 9.0 7.0 8.0 4.0 7.0 
7.0 7.0 6.0 6.0 6.0 7.0 7.0 9.0 6.0 4.0 7.0 7.0 3.0 6.0 7.0 5.0 6.0 6.0 8.0 7.0 5.0 7.0 6.0 5.0 7.0 5.0 6.0 10.0 6.0 4.0 8.0 7.0 8.0 6.0 4.0 7.0 8.0 6.0 6.0 0 5.0 7.0 5.0 4.0 5.0 3.0 10.0 1.0 8.0 7.0 6.0 6.0 6.0 5.0 7.0 5.0 5.0 7.0 1.0 6.0 7.0 6.0 7.0 5.0 9.0 5.0 6.0 8.0 5.0 7.0 
6.0 2.0 3.0 7.0 3.0 6.0 5.0 9.0 5.0 8.0 8.0 6.0 6.0 5.0 8.0 4.0 6.0 6.0 5.0 6.0 4.0 4.0 4.0 6.0 5.0 5.0 7.0 9.0 3.0 6.0 5.0 7.0 6.0 6.0 6.0 2.0 8.0 8.0 3.0 5.0 0 6.0 7.0 5.0 7.0 6.0 7.0 6.0 8.0 7.0 5.0 6.0 6.0 5.0 6.0 5.0 6.0 4.0 4.0 6.0 7.0 6.0 4.0 6.0 8.0 8.0 4.0 5.0 7.0 7.0 
5.0 5.0 6.0 7.0 6.0 3.0 4.0 3.0 5.0 6.0 7.0 7.0 5.0 3.0 5.0 7.0 5.0 4.0 6.0 7.0 7.0 5.0 7.0 4.0 1.0 5.0 4.0 9.0 4.0 5.0 4.0 1.0 8.0 5.0 6.0 5.0 6.0 8.0 7.0 7.0 6.0 0 5.0 6.0 7.0 5.0 5.0 8.0 6.0 8.0 3.0 4.0 6.0 6.0 5.0 5.0 5.0 5.0 7.0 5.0 3.0 4.0 2.0 5.0 7.0 7.0 5.0 2.0 5.0 5.0 
4.0 8.0 8.0 6.0 8.0 5.0 7.0 8.0 6.0 7.0 8.0 8.0 8.0 5.0 8.0 7.0 6.0 6.0 6.0 7.0 6.0 7.0 7.0 7.0 6.0 6.0 7.0 9.0 5.0 5.0 6.0 6.0 9.0 6.0 5.0 6.0 5.0 7.0 8.0 5.0 7.0 5.0 0 5.0 5.0 6.0 9.0 4.0 6.0 5.0 5.0 4.0 6.0 5.0 4.0 6.0 7.0 6.0 6.0 6.0 6.0 1.0 6.0 2.0 8.0 6.0 6.0 6.0 7.0 5.0 
6.0 4.0 7.0 6.0 4.0 5.0 4.0 7.0 5.0 6.0 3.0 6.0 5.0 5.0 3.0 6.0 4.0 5.0 5.0 5.0 1.0 5.0 2.0 5.0 7.0 4.0 2.0 8.0 6.0 2.0 4.0 6.0 9.0 4.0 4.0 7.0 8.0 6.0 7.0 4.0 5.0 6.0 5.0 0 5.0 5.0 7.0 3.0 6.0 5.0 6.0 7.0 4.0 8.0 6.0 5.0 7.0 5.0 5.0 7.0 6.0 6.0 6.0 5.0 7.0 6.0 6.0 6.0 4.0 6.0 
7.0 9.0 8.0 6.0 9.0 4.0 8.0 10.0 7.0 7.0 5.0 5.0 8.0 6.0 8.0 8.0 5.0 5.0 9.0 8.0 6.0 6.0 7.0 7.0 6.0 7.0 7.0 10.0 7.0 5.0 5.0 8.0 9.0 7.0 1.0 8.0 8.0 3.0 8.0 5.0 7.0 7.0 5.0 5.0 0 5.0 8.0 4.0 5.0 7.0 6.0 5.0 7.0 8.0 7.0 2.0 7.0 5.0 6.0 8.0 6.0 4.0 6.0 5.0 7.0 3.0 7.0 9.0 8.0 4.0 
5.0 5.0 4.0 5.0 7.0 4.0 6.0 8.0 5.0 6.0 8.0 6.0 6.0 6.0 6.0 7.0 4.0 5.0 6.0 6.0 6.0 4.0 6.0 6.0 4.0 5.0 7.0 10.0 4.0 5.0 5.0 6.0 7.0 6.0 4.0 5.0 5.0 6.0 7.0 3.0 6.0 5.0 6.0 5.0 5.0 0 7.0 4.0 6.0 7.0 3.0 4.0 5.0 7.0 5.0 5.0 2.0 4.0 4.0 5.0 4.0 5.0 4.0 4.0 9.0 4.0 5.0 6.0 7.0 5.0 
7.0 6.0 9.0 9.0 10.0 6.0 9.0 8.0 7.0 11.0 10.0 6.0 8.0 6.0 10.0 10.0 5.0 7.0 9.0 10.0 8.0 7.0 8.0 5.0 4.0 10.0 9.0 10.0 8.0 7.0 7.0 6.0 11.0 7.0 7.0 7.0 9.0 9.0 9.0 10.0 7.0 5.0 9.0 7.0 8.0 7.0 0 10.0 7.0 7.0 4.0 5.0 9.0 7.0 7.0 7.0 8.0 6.0 9.0 6.0 6.0 8.0 3.0 7.0 9.0 9.0 8.0 7.0 8.0 6.0 
8.0 7.0 7.0 7.0 6.0 6.0 6.0 8.0 7.0 3.0 6.0 7.0 4.0 6.0 6.0 4.0 5.0 6.0 8.0 6.0 4.0 8.0 5.0 6.0 8.0 4.0 5.0 11.0 7.0 3.0 7.0 8.0 9.0 5.0 3.0 8.0 9.0 5.0 5.0 1.0 6.0 8.0 4.0 3.0 4.0 4.0 10.0 0 9.0 8.0 7.0 7.0 5.0 6.0 7.0 4.0 6.0 6.0 2.0 7.0 7.0 5.0 8.0 6.0 8.0 5.0 7.0 7.0 6.0 8.0 
7.0 7.0 6.0 9.0 10.0 5.0 9.0 9.0 8.0 9.0 7.0 8.0 8.0 6.0 9.0 9.0 7.0 6.0 8.0 9.0 7.0 7.0 8.0 6.0 5.0 9.0 8.0 10.0 8.0 7.0 6.0 7.0 12.0 7.0 6.0 8.0 7.0 8.0 8.0 8.0 8.0 6.0 6.0 6.0 5.0 6.0 7.0 9.0 0 7.0 3.0 2.0 8.0 7.0 6.0 5.0 7.0 7.0 9.0 9.0 3.0 5.0 4.0 4.0 9.0 8.0 8.0 7.0 8.0 1.0 
6.0 5.0 9.0 7.0 7.0 8.0 8.0 9.0 7.0 9.0 7.0 7.0 4.0 5.0 8.0 8.0 4.0 9.0 6.0 8.0 4.0 8.0 3.0 6.0 8.0 8.0 7.0 9.0 7.0 6.0 9.0 7.0 11.0 6.0 6.0 8.0 6.0 8.0 7.0 7.0 7.0 8.0 5.0 5.0 7.0 7.0 7.0 8.0 7.0 0 6.0 5.0 7.0 6.0 5.0 7.0 8.0 8.0 8.0 7.0 6.0 4.0 7.0 3.0 8.0 7.0 7.0 7.0 6.0 6.0 
6.0 4.0 5.0 8.0 7.0 4.0 7.0 6.0 5.0 8.0 6.0 8.0 5.0 6.0 8.0 6.0 5.0 5.0 5.0 8.0 7.0 6.0 6.0 3.0 2.0 8.0 7.0 8.0 5.0 4.0 5.0 4.0 9.0 5.0 7.0 5.0 6.0 9.0 5.0 6.0 5.0 3.0 5.0 6.0 6.0 3.0 4.0 7.0 3.0 6.0 0 1.0 7.0 5.0 5.0 6.0 5.0 4.0 7.0 6.0 4.0 4.0 1.0 3.0 7.0 7.0 7.0 4.0 7.0 2.0 
6.0 5.0 4.0 7.0 8.0 3.0 7.0 7.0 6.0 9.0 5.0 8.0 6.0 5.0 8.0 7.0 6.0 4.0 6.0 7.0 8.0 5.0 7.0 4.0 3.0 7.0 7.0 9.0 6.0 5.0 4.0 5.0 10.0 6.0 6.0 6.0 5.0 8.0 6.0 6.0 6.0 4.0 4.0 7.0 5.0 4.0 5.0 7.0 2.0 5.0 1.0 0 6.0 5.0 4.0 5.0 6.0 5.0 7.0 7.0 5.0 3.0 2.0 2.0 7.0 6.0 6.0 5.0 7.0 1.0 
6.0 4.0 7.0 6.0 6.0 7.0 5.0 3.0 8.0 8.0 7.0 6.0 7.0 3.0 7.0 5.0 6.0 7.0 8.0 3.0 5.0 8.0 5.0 6.0 7.0 4.0 6.0 9.0 6.0 4.0 8.0 5.0 8.0 6.0 6.0 7.0 7.0 7.0 6.0 6.0 6.0 6.0 6.0 4.0 7.0 5.0 9.0 5.0 8.0 7.0 7.0 6.0 0 7.0 5.0 6.0 7.0 7.0 7.0 7.0 6.0 5.0 7.0 4.0 7.0 6.0 6.0 4.0 5.0 7.0 
5.0 7.0 5.0 7.0 8.0 7.0 8.0 8.0 5.0 9.0 8.0 5.0 8.0 4.0 9.0 5.0 5.0 8.0 8.0 7.0 8.0 8.0 7.0 6.0 5.0 7.0 8.0 8.0 6.0 7.0 7.0 6.0 6.0 7.0 7.0 7.0 4.0 9.0 6.0 5.0 5.0 6.0 5.0 8.0 8.0 7.0 7.0 6.0 7.0 6.0 5.0 5.0 7.0 0 5.0 6.0 8.0 7.0 4.0 7.0 5.0 4.0 4.0 3.0 10.0 7.0 7.0 7.0 6.0 6.0 
2.0 8.0 7.0 4.0 6.0 6.0 6.0 7.0 5.0 7.0 7.0 7.0 7.0 3.0 8.0 7.0 4.0 5.0 5.0 7.0 5.0 8.0 6.0 6.0 6.0 5.0 7.0 7.0 3.0 6.0 7.0 5.0 7.0 6.0 6.0 4.0 5.0 8.0 7.0 7.0 6.0 5.0 4.0 6.0 7.0 5.0 7.0 7.0 6.0 5.0 5.0 4.0 5.0 5.0 0 7.0 5.0 4.0 6.0 4.0 4.0 3.0 6.0 2.0 8.0 6.0 6.0 3.0 5.0 5.0 
7.0 7.0 8.0 7.0 8.0 2.0 6.0 8.0 7.0 7.0 5.0 3.0 8.0 6.0 7.0 7.0 5.0 3.0 9.0 7.0 6.0 4.0 6.0 5.0 4.0 7.0 6.0 10.0 8.0 4.0 3.0 6.0 9.0 6.0 1.0 7.0 7.0 3.0 8.0 5.0 5.0 5.0 6.0 5.0 2.0 5.0 7.0 4.0 5.0 7.0 6.0 5.0 6.0 6.0 7.0 0 6.0 6.0 6.0 7.0 4.0 6.0 5.0 5.0 7.0 3.0 5.0 7.0 8.0 4.0 
5.0 5.0 4.0 7.0 7.0 4.0 6.0 8.0 5.0 4.0 6.0 8.0 8.0 6.0 6.0 7.0 4.0 5.0 6.0 8.0 6.0 6.0 6.0 7.0 4.0 7.0 7.0 10.0 4.0 6.0 5.0 6.0 9.0 6.0 6.0 5.0 5.0 8.0 7.0 5.0 6.0 5.0 7.0 7.0 7.0 2.0 8.0 6.0 7.0 8.0 5.0 6.0 7.0 8.0 5.0 6.0 0 4.0 6.0 5.0 4.0 6.0 5.0 6.0 8.0 6.0 7.0 6.0 7.0 7.0 
4.0 6.0 6.0 6.0 7.0 4.0 6.0 8.0 5.0 8.0 6.0 6.0 7.0 5.0 6.0 7.0 4.0 5.0 6.0 6.0 6.0 4.0 7.0 5.0 4.0 7.0 6.0 9.0 4.0 5.0 3.0 6.0 9.0 6.0 6.0 5.0 7.0 8.0 7.0 7.0 4.0 5.0 6.0 5.0 5.0 4.0 6.0 6.0 7.0 8.0 4.0 5.0 7.0 7.0 4.0 6.0 4.0 0 8.0 5.0 6.0 5.0 3.0 6.0 7.0 8.0 7.0 6.0 5.0 6.0 
7.0 6.0 7.0 7.0 5.0 6.0 7.0 10.0 6.0 5.0 8.0 8.0 4.0 7.0 8.0 6.0 7.0 7.0 7.0 8.0 6.0 8.0 7.0 4.0 7.0 6.0 7.0 9.0 5.0 5.0 7.0 8.0 9.0 7.0 5.0 6.0 8.0 7.0 7.0 1.0 4.0 7.0 6.0 5.0 6.0 4.0 9.0 2.0 9.0 8.0 7.0 7.0 7.0 4.0 6.0 6.0 6.0 8.0 0 7.0 7.0 7.0 6.0 6.0 8.0 6.0 7.0 7.0 6.0 8.0 
4.0 8.0 7.0 6.0 7.0 6.0 6.0 8.0 6.0 5.0 5.0 6.0 6.0 5.0 9.0 5.0 5.0 5.0 5.0 7.0 7.0 5.0 8.0 7.0 4.0 7.0 8.0 9.0 3.0 6.0 6.0 6.0 7.0 7.0 7.0 4.0 8.0 9.0 6.0 6.0 6.0 5.0 6.0 7.0 8.0 5.0 6.0 7.0 9.0 7.0 6.0 7.0 7.0 7.0 4.0 7.0 5.0 5.0 7.0 0 6.0 5.0 5.0 6.0 10.0 9.0 8.0 4.0 7.0 8.0 
4.0 5.0 5.0 6.0 7.0 2.0 6.0 6.0 7.0 6.0 6.0 7.0 7.0 3.0 7.0 7.0 4.0 3.0 7.0 7.0 7.0 4.0 6.0 5.0 2.0 6.0 6.0 7.0 5.0 4.0 3.0 4.0 9.0 4.0 5.0 6.0 5.0 7.0 8.0 7.0 7.0 3.0 6.0 6.0 6.0 4.0 6.0 7.0 3.0 6.0 4.0 5.0 6.0 5.0 4.0 4.0 4.0 6.0 7.0 6.0 0 5.0 3.0 6.0 6.0 7.0 7.0 5.0 5.0 4.0 
3.0 7.0 7.0 5.0 7.0 4.0 6.0 7.0 5.0 7.0 8.0 7.0 7.0 4.0 9.0 6.0 5.0 5.0 5.0 6.0 6.0 6.0 7.0 6.0 5.0 5.0 8.0 8.0 4.0 5.0 5.0 5.0 8.0 5.0 5.0 5.0 4.0 7.0 7.0 6.0 6.0 4.0 1.0 6.0 4.0 5.0 8.0 5.0 5.0 4.0 4.0 3.0 5.0 4.0 3.0 6.0 6.0 5.0 7.0 5.0 5.0 0 5.0 1.0 7.0 5.0 5.0 5.0 6.0 4.0 
6.0 3.0 6.0 8.0 7.0 3.0 6.0 5.0 4.0 8.0 7.0 7.0 5.0 5.0 7.0 7.0 5.0 4.0 6.0 7.0 6.0 5.0 5.0 2.0 1.0 7.0 6.0 7.0 5.0 5.0 4.0 3.0 8.0 5.0 6.0 4.0 6.0 8.0 6.0 7.0 4.0 2.0 6.0 6.0 6.0 4.0 3.0 8.0 4.0 7.0 1.0 2.0 7.0 4.0 6.0 5.0 5.0 3.0 6.0 5.0 3.0 5.0 0 4.0 6.0 8.0 6.0 4.0 6.0 3.0 
4.0 6.0 6.0 5.0 7.0 5.0 5.0 7.0 4.0 7.0 7.0 6.0 6.0 3.0 8.0 5.0 4.0 6.0 6.0 5.0 6.0 7.0 6.0 6.0 5.0 5.0 7.0 9.0 5.0 4.0 6.0 5.0 9.0 4.0 4.0 6.0 3.0 6.0 6.0 5.0 6.0 5.0 2.0 5.0 5.0 4.0 7.0 6.0 4.0 3.0 3.0 2.0 4.0 3.0 2.0 5.0 6.0 6.0 6.0 6.0 6.0 1.0 4.0 0 7.0 4.0 4.0 4.0 5.0 3.0 
8.0 6.0 9.0 9.0 8.0 5.0 7.0 7.0 7.0 6.0 7.0 9.0 6.0 6.0 7.0 7.0 6.0 6.0 8.0 8.0 6.0 5.0 5.0 6.0 7.0 8.0 6.0 9.0 9.0 7.0 4.0 8.0 10.0 7.0 6.0 10.0 10.0 4.0 8.0 9.0 8.0 7.0 8.0 7.0 7.0 9.0 9.0 8.0 9.0 8.0 7.0 7.0 7.0 10.0 8.0 7.0 8.0 7.0 8.0 10.0 6.0 7.0 6.0 7.0 0 8.0 8.0 7.0 4.0 8.0 
8.0 8.0 8.0 4.0 8.0 5.0 5.0 9.0 6.0 8.0 6.0 4.0 8.0 7.0 6.0 8.0 6.0 6.0 9.0 7.0 7.0 7.0 8.0 8.0 7.0 6.0 5.0 11.0 8.0 6.0 6.0 8.0 9.0 7.0 2.0 9.0 7.0 4.0 9.0 5.0 8.0 7.0 6.0 6.0 3.0 4.0 9.0 5.0 8.0 7.0 7.0 6.0 6.0 7.0 6.0 3.0 6.0 8.0 6.0 9.0 7.0 5.0 8.0 4.0 8.0 0 6.0 8.0 7.0 7.0 
7.0 6.0 7.0 6.0 7.0 5.0 5.0 8.0 4.0 8.0 7.0 4.0 7.0 7.0 8.0 8.0 5.0 6.0 7.0 7.0 6.0 7.0 7.0 6.0 6.0 6.0 7.0 11.0 5.0 6.0 6.0 6.0 8.0 5.0 6.0 4.0 7.0 8.0 7.0 6.0 4.0 5.0 6.0 6.0 7.0 5.0 8.0 7.0 8.0 7.0 7.0 6.0 6.0 7.0 6.0 5.0 7.0 7.0 7.0 8.0 7.0 5.0 6.0 4.0 8.0 6.0 0 7.0 5.0 7.0 
5.0 6.0 8.0 7.0 6.0 5.0 6.0 4.0 7.0 4.0 8.0 8.0 6.0 3.0 7.0 7.0 6.0 6.0 4.0 5.0 7.0 7.0 7.0 6.0 3.0 6.0 6.0 9.0 2.0 4.0 6.0 2.0 7.0 5.0 8.0 3.0 7.0 7.0 8.0 8.0 5.0 2.0 6.0 6.0 9.0 6.0 7.0 7.0 7.0 7.0 4.0 5.0 4.0 7.0 3.0 7.0 6.0 6.0 7.0 4.0 5.0 5.0 4.0 4.0 7.0 8.0 7.0 0 5.0 6.0 
5.0 7.0 6.0 7.0 7.0 6.0 4.0 6.0 4.0 9.0 7.0 6.0 2.0 2.0 3.0 3.0 5.0 7.0 8.0 5.0 5.0 6.0 6.0 6.0 6.0 5.0 2.0 8.0 6.0 6.0 5.0 4.0 10.0 6.0 7.0 7.0 8.0 8.0 4.0 5.0 7.0 5.0 7.0 4.0 8.0 7.0 8.0 6.0 8.0 6.0 7.0 7.0 5.0 6.0 5.0 8.0 7.0 5.0 6.0 7.0 5.0 6.0 6.0 5.0 4.0 7.0 5.0 5.0 0 8.0 
6.0 6.0 5.0 8.0 9.0 4.0 8.0 8.0 7.0 10.0 6.0 7.0 7.0 6.0 9.0 8.0 7.0 5.0 7.0 8.0 7.0 6.0 7.0 5.0 4.0 8.0 8.0 10.0 7.0 6.0 5.0 6.0 11.0 7.0 5.0 7.0 6.0 7.0 7.0 7.0 7.0 5.0 5.0 6.0 4.0 5.0 6.0 8.0 1.0 6.0 2.0 1.0 7.0 6.0 5.0 4.0 7.0 6.0 8.0 8.0 4.0 4.0 3.0 3.0 8.0 7.0 7.0 6.0 8.0 0 
