70
102 103 105 106 109 111 112 113 114 115 116 122 123 126 131 147 15 150 152 153 154 158 16 17 170 172 173 175 178 2 22 24 25 26 27 29 32 34 35 4 44 47 49 53 54 55 58 61 62 63 69 7 70 72 73 77 80 81 83 84 86 87 9 90 93 94 95 96 98 99 0
0 10 13 12 5 3 2 1 10 9 8 8 7 6 21 6 3 9 10 12 11 8 12 11 27 9 8 4 8 7 10 8 26 25 24 22 24 10 4 8 11 4 23 8 7 8 10 27 26 25 11 9 10 18 6 3 11 10 8 29 8 5 11 16 13 12 12 25 26 25 6 
10 0 3 2 13 11 10 9 18 17 16 14 13 6 29 4 7 17 16 10 9 14 18 17 35 17 8 12 16 13 8 6 34 33 32 30 32 16 12 14 19 6 31 6 5 8 18 35 34 33 19 17 18 26 12 9 17 16 14 37 14 13 3 24 21 20 20 33 34 33 14 
13 3 0 1 16 14 13 12 21 20 19 17 16 9 32 7 10 20 19 13 12 17 21 20 38 20 11 15 19 16 11 9 37 36 35 33 35 19 15 17 22 9 34 9 8 11 21 38 37 36 22 20 21 29 15 12 20 19 17 40 17 16 6 27 24 23 23 36 37 36 17 
12 2 1 0 15 13 12 11 20 19 18 16 15 8 31 6 9 19 18 12 11 16 20 19 37 19 10 14 18 15 10 8 36 35 34 32 34 18 14 16 21 8 33 8 7 10 20 37 36 35 21 19 20 28 14 11 19 18 16 39 16 15 5 26 23 22 22 35 36 35 16 
5 13 16 15 0 2 3 4 9 8 7 11 10 9 18 9 6 8 13 15 14 11 15 14 24 6 11 3 7 10 13 11 23 22 21 19 21 13 7 11 10 7 20 11 10 11 7 24 23 22 10 6 9 15 9 6 14 13 11 26 11 8 14 13 10 9 9 22 23 22 5 
3 11 14 13 2 0 1 2 7 6 5 9 8 7 18 7 4 6 11 13 12 9 13 12 24 6 9 1 5 8 11 9 23 22 21 19 21 11 5 9 8 5 20 9 8 9 7 24 23 22 8 6 7 15 7 4 12 11 9 26 9 6 12 13 10 9 9 22 23 22 3 
2 10 13 12 3 1 0 1 8 7 6 8 7 6 19 6 3 7 10 12 11 8 12 11 25 7 8 2 6 7 10 8 24 23 22 20 22 10 4 8 9 4 21 8 7 8 8 25 24 23 9 7 8 16 6 3 11 10 8 27 8 5 11 14 11 10 10 23 24 23 4 
1 9 12 11 4 2 1 0 9 8 7 7 6 5 20 5 2 8 9 11 10 7 11 10 26 8 7 3 7 6 9 7 25 24 23 21 23 9 3 7 10 3 22 7 6 7 9 26 25 24 10 8 9 17 5 2 10 9 7 28 7 4 10 15 12 11 11 24 25 24 5 
10 18 21 20 9 7 8 9 0 1 2 16 15 14 25 14 11 9 18 20 19 16 20 19 31 13 16 6 8 15 18 16 30 29 28 26 28 18 12 16 11 12 27 16 15 16 14 31 30 29 11 13 10 22 14 11 19 18 16 33 16 13 19 20 17 16 16 29 30 29 6 
9 17 20 19 8 6 7 8 1 0 1 15 14 13 24 13 10 8 17 19 18 15 19 18 30 12 15 5 7 14 17 15 29 28 27 25 27 17 11 15 10 11 26 15 14 15 13 30 29 28 10 12 9 21 13 10 18 17 15 32 15 12 18 19 16 15 15 28 29 28 5 
8 16 19 18 7 5 6 7 2 1 0 14 13 12 23 12 9 7 16 18 17 14 18 17 29 11 14 4 6 13 16 14 28 27 26 24 26 16 10 14 9 10 25 14 13 14 12 29 28 27 9 11 8 20 12 9 17 16 14 31 14 11 17 18 15 14 14 27 28 27 4 
8 14 17 16 11 9 8 7 16 15 14 0 1 10 27 10 7 15 10 16 15 8 6 5 33 15 12 10 14 7 14 12 32 31 30 28 30 10 10 8 17 8 29 12 11 12 16 33 32 31 17 15 16 24 6 7 5 4 2 35 8 11 15 22 19 18 18 31 32 31 12 
7 13 16 15 10 8 7 6 15 14 13 1 0 9 26 9 6 14 9 15 14 7 5 4 32 14 11 9 13 6 13 11 31 30 29 27 29 9 9 7 16 7 28 11 10 11 15 32 31 30 16 14 15 23 5 6 4 3 1 34 7 10 14 21 18 17 17 30 31 30 11 
6 6 9 8 9 7 6 5 14 13 12 10 9 0 25 2 3 13 12 8 7 10 14 13 31 13 2 8 12 9 6 4 30 29 28 26 28 12 8 10 15 2 27 4 3 2 14 31 30 29 15 13 14 22 8 5 13 12 10 33 10 9 7 20 17 16 16 29 30 29 10 
21 29 32 31 18 18 19 20 25 24 23 27 26 25 0 25 22 24 29 31 30 27 31 30 8 14 27 19 23 26 29 27 7 6 5 3 5 29 23 27 26 23 8 27 26 27 13 8 7 6 26 14 25 9 25 22 30 29 27 10 27 24 30 7 12 11 9 6 7 6 21 
6 4 7 6 9 7 6 5 14 13 12 10 9 2 25 0 3 13 12 6 5 10 14 13 31 13 4 8 12 9 4 2 30 29 28 26 28 12 8 10 15 2 27 2 1 4 14 31 30 29 15 13 14 22 8 5 13 12 10 33 10 9 5 20 17 16 16 29 30 29 10 
3 7 10 9 6 4 3 2 11 10 9 7 6 3 22 3 0 10 9 9 8 7 11 10 28 10 5 5 9 6 7 5 27 26 25 23 25 9 5 7 12 1 24 5 4 5 11 28 27 26 12 10 11 19 5 2 10 9 7 30 7 6 8 17 14 13 13 26 27 26 7 
9 17 20 19 8 6 7 8 9 8 7 15 14 13 24 13 10 0 17 19 18 15 19 18 30 12 15 5 1 14 17 15 29 28 27 25 27 17 11 15 4 11 26 15 14 15 13 30 29 28 2 12 1 21 13 10 18 17 15 32 15 12 18 19 16 15 15 28 29 28 3 
10 16 19 18 13 11 10 9 18 17 16 10 9 12 29 12 9 17 0 18 17 6 14 13 35 17 14 12 16 5 16 14 34 33 32 30 32 2 12 2 19 10 31 14 13 14 18 35 34 33 19 17 18 26 6 9 13 12 10 37 4 13 17 24 21 20 20 33 34 33 14 
12 10 13 12 15 13 12 11 20 19 18 16 15 8 31 6 9 19 18 0 1 16 20 19 37 19 10 14 18 15 2 4 36 35 34 32 34 18 14 16 21 8 33 6 5 10 20 37 36 35 21 19 20 28 14 11 19 18 16 39 16 15 11 26 23 22 22 35 36 35 16 
11 9 12 11 14 12 11 10 19 18 17 15 14 7 30 5 8 18 17 1 0 15 19 18 36 18 9 13 17 14 1 3 35 34 33 31 33 17 13 15 20 7 32 5 4 9 19 36 35 34 20 18 19 27 13 10 18 17 15 38 15 14 10 25 22 21 21 34 35 34 15 
8 14 17 16 11 9 8 7 16 15 14 8 7 10 27 10 7 15 6 16 15 0 12 11 33 15 12 10 14 1 14 12 32 31 30 28 30 8 10 4 17 8 29 12 11 12 16 33 32 31 17 15 16 24 4 7 11 10 8 35 8 11 15 22 19 18 18 31 32 31 12 
12 18 21 20 15 13 12 11 20 19 18 6 5 14 31 14 11 19 14 20 19 12 0 1 37 19 16 14 18 11 18 16 36 35 34 32 34 14 14 12 21 12 33 16 15 16 20 37 36 35 21 19 20 28 10 11 3 2 4 39 12 15 19 26 23 22 22 35 36 35 16 
11 17 20 19 14 12 11 10 19 18 17 5 4 13 30 13 10 18 13 19 18 11 1 0 36 18 15 13 17 10 17 15 35 34 33 31 33 13 13 11 20 11 32 15 14 15 19 36 35 34 20 18 19 27 9 10 2 1 3 38 11 14 18 25 22 21 21 34 35 34 15 
27 35 38 37 24 24 25 26 31 30 29 33 32 31 8 31 28 30 35 37 36 33 37 36 0 20 33 25 29 32 35 33 9 8 7 5 3 35 29 33 32 29 14 33 32 33 19 2 1 2 32 20 31 15 31 28 36 35 33 2 33 30 36 13 18 17 15 8 7 6 27 
9 17 20 19 6 6 7 8 13 12 11 15 14 13 14 13 10 12 17 19 18 15 19 18 20 0 15 7 11 14 17 15 19 18 17 15 17 17 11 15 14 11 16 15 14 15 3 20 19 18 14 2 13 11 13 10 18 17 15 22 15 12 18 9 6 5 5 18 19 18 9 
8 8 11 10 11 9 8 7 16 15 14 12 11 2 27 4 5 15 14 10 9 12 16 15 33 15 0 10 14 11 8 6 32 31 30 28 30 14 10 12 17 4 29 6 5 2 16 33 32 31 17 15 16 24 10 7 15 14 12 35 12 11 9 22 19 18 18 31 32 31 12 
4 12 15 14 3 1 2 3 6 5 4 10 9 8 19 8 5 5 12 14 13 10 14 13 25 7 10 0 4 9 12 10 24 23 22 20 22 12 6 10 7 6 21 10 9 10 8 25 24 23 7 7 6 16 8 5 13 12 10 27 10 7 13 14 11 10 10 23 24 23 2 
8 16 19 18 7 5 6 7 8 7 6 14 13 12 23 12 9 1 16 18 17 14 18 17 29 11 14 4 0 13 16 14 28 27 26 24 26 16 10 14 3 10 25 14 13 14 12 29 28 27 3 11 2 20 12 9 17 16 14 31 14 11 17 18 15 14 14 27 28 27 2 
7 13 16 15 10 8 7 6 15 14 13 7 6 9 26 9 6 14 5 15 14 1 11 10 32 14 11 9 13 0 13 11 31 30 29 27 29 7 9 3 16 7 28 11 10 11 15 32 31 30 16 14 15 23 3 6 10 9 7 34 7 10 14 21 18 17 17 30 31 30 11 
10 8 11 10 13 11 10 9 18 17 16 14 13 6 29 4 7 17 16 2 1 14 18 17 35 17 8 12 16 13 0 2 34 33 32 30 32 16 12 14 19 6 31 4 3 8 18 35 34 33 19 17 18 26 12 9 17 16 14 37 14 13 9 24 21 20 20 33 34 33 14 
8 6 9 8 11 9 8 7 16 15 14 12 11 4 27 2 5 15 14 4 3 12 16 15 33 15 6 10 14 11 2 0 32 31 30 28 30 14 10 12 17 4 29 2 1 6 16 33 32 31 17 15 16 24 10 7 15 14 12 35 12 11 7 22 19 18 18 31 32 31 12 
26 34 37 36 23 23 24 25 30 29 28 32 31 30 7 30 27 29 34 36 35 32 36 35 9 19 32 24 28 31 34 32 0 1 2 4 6 34 28 32 31 28 13 32 31 32 18 9 8 7 31 19 30 14 30 27 35 34 32 11 32 29 35 12 17 16 14 5 8 7 26 
25 33 36 35 22 22 23 24 29 28 27 31 30 29 6 29 26 28 33 35 34 31 35 34 8 18 31 23 27 30 33 31 1 0 1 3 5 33 27 31 30 27 12 31 30 31 17 8 7 6 30 18 29 13 29 26 34 33 31 10 31 28 34 11 16 15 13 4 7 6 25 
24 32 35 34 21 21 22 23 28 27 26 30 29 28 5 28 25 27 32 34 33 30 34 33 7 17 30 22 26 29 32 30 2 1 0 2 4 32 26 30 29 26 11 30 29 30 16 7 6 5 29 17 28 12 28 25 33 32 30 9 30 27 33 10 15 14 12 3 6 5 24 
22 30 33 32 19 19 20 21 26 25 24 28 27 26 3 26 23 25 30 32 31 28 32 31 5 15 28 20 24 27 30 28 4 3 2 0 2 30 24 28 27 24 9 28 27 28 14 5 4 3 27 15 26 10 26 23 31 30 28 7 28 25 31 8 13 12 10 3 4 3 22 
24 32 35 34 21 21 22 23 28 27 26 30 29 28 5 28 25 27 32 34 33 30 34 33 3 17 30 22 26 29 32 30 6 5 4 2 0 32 26 30 29 26 11 30 29 30 16 3 2 1 29 17 28 12 28 25 33 32 30 5 30 27 33 10 15 14 12 5 4 3 24 
10 16 19 18 13 11 10 9 18 17 16 10 9 12 29 12 9 17 2 18 17 8 14 13 35 17 14 12 16 7 16 14 34 33 32 30 32 0 12 4 19 10 31 14 13 14 18 35 34 33 19 17 18 26 8 9 13 12 10 37 4 13 17 24 21 20 20 33 34 33 14 
4 12 15 14 7 5 4 3 12 11 10 10 9 8 23 8 5 11 12 14 13 10 14 13 29 11 10 6 10 9 12 10 28 27 26 24 26 12 0 10 13 6 25 10 9 10 12 29 28 27 13 11 12 20 8 5 13 12 10 31 10 3 13 18 15 14 14 27 28 27 8 
8 14 17 16 11 9 8 7 16 15 14 8 7 10 27 10 7 15 2 16 15 4 12 11 33 15 12 10 14 3 14 12 32 31 30 28 30 4 10 0 17 8 29 12 11 12 16 33 32 31 17 15 16 24 4 7 11 10 8 35 6 11 15 22 19 18 18 31 32 31 12 
11 19 22 21 10 8 9 10 11 10 9 17 16 15 26 15 12 4 19 21 20 17 21 20 32 14 17 7 3 16 19 17 31 30 29 27 29 19 13 17 0 13 28 17 16 17 15 32 31 30 6 14 5 23 15 12 20 19 17 34 17 14 20 21 18 17 17 30 31 30 5 
4 6 9 8 7 5 4 3 12 11 10 8 7 2 23 2 1 11 10 8 7 8 12 11 29 11 4 6 10 7 6 4 28 27 26 24 26 10 6 8 13 0 25 4 3 4 12 29 28 27 13 11 12 20 6 3 11 10 8 31 8 7 7 18 15 14 14 27 28 27 8 
23 31 34 33 20 20 21 22 27 26 25 29 28 27 8 27 24 26 31 33 32 29 33 32 14 16 29 21 25 28 31 29 13 12 11 9 11 31 25 29 28 25 0 29 28 29 15 14 13 12 28 16 27 11 27 24 32 31 29 16 29 26 32 9 14 13 11 12 13 12 23 
8 6 9 8 11 9 8 7 16 15 14 12 11 4 27 2 5 15 14 6 5 12 16 15 33 15 6 10 14 11 4 2 32 31 30 28 30 14 10 12 17 4 29 0 1 6 16 33 32 31 17 15 16 24 10 7 15 14 12 35 12 11 7 22 19 18 18 31 32 31 12 
7 5 8 7 10 8 7 6 15 14 13 11 10 3 26 1 4 14 13 5 4 11 15 14 32 14 5 9 13 10 3 1 31 30 29 27 29 13 9 11 16 3 28 1 0 5 15 32 31 30 16 14 15 23 9 6 14 13 11 34 11 10 6 21 18 17 17 30 31 30 11 
8 8 11 10 11 9 8 7 16 15 14 12 11 2 27 4 5 15 14 10 9 12 16 15 33 15 2 10 14 11 8 6 32 31 30 28 30 14 10 12 17 4 29 6 5 0 16 33 32 31 17 15 16 24 10 7 15 14 12 35 12 11 9 22 19 18 18 31 32 31 12 
10 18 21 20 7 7 8 9 14 13 12 16 15 14 13 14 11 13 18 20 19 16 20 19 19 3 16 8 12 15 18 16 18 17 16 14 16 18 12 16 15 12 15 16 15 16 0 19 18 17 15 3 14 10 14 11 19 18 16 21 16 13 19 8 5 4 4 17 18 17 10 
27 35 38 37 24 24 25 26 31 30 29 33 32 31 8 31 28 30 35 37 36 33 37 36 2 20 33 25 29 32 35 33 9 8 7 5 3 35 29 33 32 29 14 33 32 33 19 0 1 2 32 20 31 15 31 28 36 35 33 4 33 30 36 13 18 17 15 8 7 6 27 
26 34 37 36 23 23 24 25 30 29 28 32 31 30 7 30 27 29 34 36 35 32 36 35 1 19 32 24 28 31 34 32 8 7 6 4 2 34 28 32 31 28 13 32 31 32 18 1 0 1 31 19 30 14 30 27 35 34 32 3 32 29 35 12 17 16 14 7 6 5 26 
25 33 36 35 22 22 23 24 29 28 27 31 30 29 6 29 26 28 33 35 34 31 35 34 2 18 31 23 27 30 33 31 7 6 5 3 1 33 27 31 30 27 12 31 30 31 17 2 1 0 30 18 29 13 29 26 34 33 31 4 31 28 34 11 16 15 13 6 5 4 25 
11 19 22 21 10 8 9 10 11 10 9 17 16 15 26 15 12 2 19 21 20 17 21 20 32 14 17 7 3 16 19 17 31 30 29 27 29 19 13 17 6 13 28 17 16 17 15 32 31 30 0 14 1 23 15 12 20 19 17 34 17 14 20 21 18 17 17 30 31 30 5 
9 17 20 19 6 6 7 8 13 12 11 15 14 13 14 13 10 12 17 19 18 15 19 18 20 2 15 7 11 14 17 15 19 18 17 15 17 17 11 15 14 11 16 15 14 15 3 20 19 18 14 0 13 11 13 10 18 17 15 22 15 12 18 9 6 5 5 18 19 18 9 
10 18 21 20 9 7 8 9 10 9 8 16 15 14 25 14 11 1 18 20 19 16 20 19 31 13 16 6 2 15 18 16 30 29 28 26 28 18 12 16 5 12 27 16 15 16 14 31 30 29 1 13 0 22 14 11 19 18 16 33 16 13 19 20 17 16 16 29 30 29 4 
18 26 29 28 15 15 16 17 22 21 20 24 23 22 9 22 19 21 26 28 27 24 28 27 15 11 24 16 20 23 26 24 14 13 12 10 12 26 20 24 23 20 11 24 23 24 10 15 14 13 23 11 22 0 22 19 27 26 24 17 24 21 27 4 9 8 6 13 14 13 18 
6 12 15 14 9 7 6 5 14 13 12 6 5 8 25 8 5 13 6 14 13 4 10 9 31 13 10 8 12 3 12 10 30 29 28 26 28 8 8 4 15 6 27 10 9 10 14 31 30 29 15 13 14 22 0 5 9 8 6 33 6 9 13 20 17 16 16 29 30 29 10 
3 9 12 11 6 4 3 2 11 10 9 7 6 5 22 5 2 10 9 11 10 7 11 10 28 10 7 5 9 6 9 7 27 26 25 23 25 9 5 7 12 3 24 7 6 7 11 28 27 26 12 10 11 19 5 0 10 9 7 30 7 6 10 17 14 13 13 26 27 26 7 
11 17 20 19 14 12 11 10 19 18 17 5 4 13 30 13 10 18 13 19 18 11 3 2 36 18 15 13 17 10 17 15 35 34 33 31 33 13 13 11 20 11 32 15 14 15 19 36 35 34 20 18 19 27 9 10 0 1 3 38 11 14 18 25 22 21 21 34 35 34 15 
10 16 19 18 13 11 10 9 18 17 16 4 3 12 29 12 9 17 12 18 17 10 2 1 35 17 14 12 16 9 16 14 34 33 32 30 32 12 12 10 19 10 31 14 13 14 18 35 34 33 19 17 18 26 8 9 1 0 2 37 10 13 17 24 21 20 20 33 34 33 14 
8 14 17 16 11 9 8 7 16 15 14 2 1 10 27 10 7 15 10 16 15 8 4 3 33 15 12 10 14 7 14 12 32 31 30 28 30 10 10 8 17 8 29 12 11 12 16 33 32 31 17 15 16 24 6 7 3 2 0 35 8 11 15 22 19 18 18 31 32 31 12 
29 37 40 39 26 26 27 28 33 32 31 35 34 33 10 33 30 32 37 39 38 35 39 38 2 22 35 27 31 34 37 35 11 10 9 7 5 37 31 35 34 31 16 35 34 35 21 4 3 4 34 22 33 17 33 30 38 37 35 0 35 32 38 15 20 19 17 10 9 8 29 
8 14 17 16 11 9 8 7 16 15 14 8 7 10 27 10 7 15 4 16 15 8 12 11 33 15 12 10 14 7 14 12 32 31 30 28 30 4 10 6 17 8 29 12 11 12 16 33 32 31 17 15 16 24 6 7 11 10 8 35 0 11 15 22 19 18 18 31 32 31 12 
5 13 16 15 8 6 5 4 13 12 11 11 10 9 24 9 6 12 13 15 14 11 15 14 30 12 11 7 11 10 13 11 29 28 27 25 27 13 3 11 14 7 26 11 10 11 13 30 29 28 14 12 13 21 9 6 14 13 11 32 11 0 14 19 16 15 15 28 29 28 9 
11 3 6 5 14 12 11 10 19 18 17 15 14 7 30 5 8 18 17 11 10 15 19 18 36 18 9 13 17 14 9 7 35 34 33 31 33 17 13 15 20 7 32 7 6 9 19 36 35 34 20 18 19 27 13 10 18 17 15 38 15 14 0 25 22 21 21 34 35 34 15 
16 24 27 26 13 13 14 15 20 19 18 22 21 20 7 20 17 19 24 26 25 22 26 25 13 9 22 14 18 21 24 22 12 11 10 8 10 24 18 22 21 18 9 22 21 22 8 13 12 11 21 9 20 4 20 17 25 24 22 15 22 19 25 0 7 6 4 11 12 11 16 
13 21 24 23 10 10 11 12 17 16 15 19 18 17 12 17 14 16 21 23 22 19 23 22 18 6 19 11 15 18 21 19 17 16 15 13 15 21 15 19 18 15 14 19 18 19 5 18 17 16 18 6 17 9 17 14 22 21 19 20 19 16 22 7 0 1 3 16 17 16 13 
12 20 23 22 9 9 10 11 16 15 14 18 17 16 11 16 13 15 20 22 21 18 22 21 17 5 18 10 14 17 20 18 16 15 14 12 14 20 14 18 17 14 13 18 17 18 4 17 16 15 17 5 16 8 16 13 21 20 18 19 18 15 21 6 1 0 2 15 16 15 12 
12 20 23 22 9 9 10 11 16 15 14 18 17 16 9 16 13 15 20 22 21 18 22 21 15 5 18 10 14 17 20 18 14 13 12 10 12 20 14 18 17 14 11 18 17 18 4 15 14 13 17 5 16 6 16 13 21 20 18 17 18 15 21 4 3 2 0 13 14 13 12 
25 33 36 35 22 22 23 24 29 28 27 31 30 29 6 29 26 28 33 35 34 31 35 34 8 18 31 23 27 30 33 31 5 4 3 3 5 33 27 31 30 27 12 31 30 31 17 8 7 6 30 18 29 13 29 26 34 33 31 10 31 28 34 11 16 15 13 0 7 6 25 
26 34 37 36 23 23 24 25 30 29 28 32 31 30 7 30 27 29 34 36 35 32 36 35 7 19 32 24 28 31 34 32 8 7 6 4 4 34 28 32 31 28 13 32 31 32 18 7 6 5 31 19 30 14 30 27 35 34 32 9 32 29 35 12 17 16 14 7 0 1 26 
25 33 36 35 22 22 23 24 29 28 27 31 30 29 6 29 26 28 33 35 34 31 35 34 6 18 31 23 27 30 33 31 7 6 5 3 3 33 27 31 30 27 12 31 30 31 17 6 5 4 30 18 29 13 29 26 34 33 31 8 31 28 34 11 16 15 13 6 1 0 25 
6 14 17 16 5 3 4 5 6 5 4 12 11 10 21 10 7 3 14 16 15 12 16 15 27 9 12 2 2 11 14 12 26 25 24 22 24 14 8 12 5 8 23 12 11 12 10 27 26 25 5 9 4 18 10 7 15 14 12 29 12 9 15 16 13 12 12 25 26 25 0 
