26
h25 h26 h27 h28 h29 h30 h31 h32 h33 h34 h35 h36 h37 h38 h39 h40 h41 h42 h43 h44 h45 h46 h47 h48 h49 s
0 76.0 158.0 126.0 132.0 106.0 114.0 75.0 114.0 105.0 106.0 64.0 123.0 130.0 100.0 52.0 127.0 69.0 122.0 117.0 121.0 98.0 129.0 69.0 107.0 91.0 
76.0 0 160.0 148.0 129.0 124.0 64.0 115.0 129.0 116.0 124.0 139.0 138.0 159.0 99.0 86.0 132.0 124.0 129.0 63.0 80.0 138.0 140.0 145.0 78.0 124.0 
158.0 160.0 0 94.0 53.0 128.0 119.0 87.0 161.0 68.0 109.0 94.0 172.0 73.0 126.0 121.0 112.0 121.0 117.0 152.0 80.0 138.0 128.0 145.0 169.0 144.0 
126.0 148.0 94.0 0 59.0 135.0 126.0 133.0 132.0 83.0 115.0 73.0 111.0 108.0 128.0 132.0 131.0 80.0 51.0 130.0 111.0 132.0 53.0 57.0 120.0 116.0 
132.0 129.0 53.0 59.0 0 127.0 113.0 125.0 110.0 115.0 56.0 71.0 122.0 126.0 104.0 100.0 107.0 115.0 64.0 111.0 52.0 97.0 112.0 116.0 116.0 136.0 
106.0 124.0 128.0 135.0 127.0 0 111.0 142.0 116.0 102.0 104.0 68.0 136.0 157.0 131.0 54.0 92.0 138.0 96.0 110.0 75.0 129.0 133.0 82.0 91.0 136.0 
114.0 64.0 119.0 126.0 113.0 111.0 0 51.0 116.0 115.0 124.0 134.0 120.0 122.0 118.0 131.0 103.0 124.0 114.0 127.0 61.0 79.0 140.0 147.0 142.0 107.0 
75.0 115.0 87.0 133.0 125.0 142.0 51.0 0 121.0 112.0 99.0 139.0 120.0 132.0 110.0 127.0 52.0 105.0 165.0 121.0 112.0 121.0 124.0 129.0 134.0 142.0 
114.0 129.0 161.0 132.0 110.0 116.0 116.0 121.0 0 113.0 116.0 67.0 117.0 132.0 106.0 62.0 117.0 113.0 124.0 85.0 123.0 84.0 119.0 82.0 120.0 141.0 
105.0 116.0 68.0 83.0 115.0 102.0 115.0 112.0 113.0 0 102.0 74.0 114.0 132.0 72.0 53.0 60.0 117.0 123.0 87.0 100.0 107.0 116.0 116.0 111.0 140.0 
106.0 124.0 109.0 115.0 56.0 104.0 124.0 99.0 116.0 102.0 0 127.0 88.0 114.0 54.0 54.0 51.0 121.0 120.0 110.0 108.0 130.0 99.0 136.0 94.0 133.0 
64.0 139.0 94.0 73.0 71.0 68.0 134.0 139.0 67.0 74.0 127.0 0 98.0 120.0 130.0 116.0 134.0 133.0 124.0 146.0 73.0 131.0 65.0 94.0 159.0 153.0 
123.0 138.0 172.0 111.0 122.0 136.0 120.0 120.0 117.0 114.0 88.0 98.0 0 99.0 88.0 130.0 137.0 121.0 111.0 137.0 145.0 129.0 120.0 54.0 112.0 76.0 
130.0 159.0 73.0 108.0 126.0 157.0 122.0 132.0 132.0 132.0 114.0 120.0 99.0 0 60.0 129.0 133.0 99.0 82.0 159.0 97.0 136.0 55.0 139.0 139.0 98.0 
100.0 99.0 126.0 128.0 104.0 131.0 118.0 110.0 106.0 72.0 54.0 130.0 88.0 60.0 0 108.0 105.0 113.0 139.0 140.0 57.0 76.0 76.0 82.0 141.0 79.0 
52.0 86.0 121.0 132.0 100.0 54.0 131.0 127.0 62.0 53.0 54.0 116.0 130.0 129.0 108.0 0 105.0 121.0 81.0 140.0 89.0 111.0 88.0 84.0 58.0 139.0 
127.0 132.0 112.0 131.0 107.0 92.0 103.0 52.0 117.0 60.0 51.0 134.0 137.0 133.0 105.0 105.0 0 70.0 150.0 69.0 95.0 142.0 78.0 139.0 145.0 130.0 
69.0 124.0 121.0 80.0 115.0 138.0 124.0 105.0 113.0 117.0 121.0 133.0 121.0 99.0 113.0 121.0 70.0 0 81.0 139.0 63.0 113.0 76.0 132.0 150.0 150.0 
122.0 129.0 117.0 51.0 64.0 96.0 114.0 165.0 124.0 123.0 120.0 124.0 111.0 82.0 139.0 81.0 150.0 81.0 0 81.0 116.0 132.0 104.0 57.0 69.0 91.0 
117.0 63.0 152.0 130.0 111.0 110.0 127.0 121.0 85.0 87.0 110.0 146.0 137.0 159.0 140.0 140.0 69.0 139.0 81.0 0 138.0 140.0 147.0 120.0 121.0 61.0 
121.0 80.0 80.0 111.0 52.0 75.0 61.0 112.0 123.0 100.0 108.0 73.0 145.0 97.0 57.0 89.0 95.0 63.0 116.0 138.0 0 58.0 92.0 131.0 145.0 136.0 
98.0 138.0 138.0 132.0 97.0 129.0 79.0 121.0 84.0 107.0 130.0 131.0 129.0 136.0 76.0 111.0 142.0 113.0 132.0 140.0 58.0 0 150.0 75.0 145.0 81.0 
129.0 140.0 128.0 53.0 112.0 133.0 140.0 124.0 119.0 116.0 99.0 65.0 120.0 55.0 76.0 88.0 78.0 76.0 104.0 147.0 92.0 150.0 0 110.0 146.0 153.0 
69.0 145.0 145.0 57.0 116.0 82.0 147.0 129.0 82.0 116.0 136.0 94.0 54.0 139.0 82.0 84.0 139.0 132.0 57.0 120.0 131.0 75.0 110.0 0 75.0 59.0 
107.0 78.0 169.0 120.0 116.0 91.0 142.0 134.0 120.0 111.0 94.0 159.0 112.0 139.0 141.0 58.0 145.0 150.0 69.0 121.0 145.0 145.0 146.0 75.0 0 134.0 
91.0 124.0 144.0 116.0 136.0 136.0 107.0 142.0 141.0 140.0 133.0 153.0 76.0 98.0 79.0 139.0 130.0 150.0 91.0 61.0 136.0 81.0 153.0 59.0 134.0 0 
