51
61 46 23 65 57 95 87 63 13 2 54 37 73 72 12 93 18 11 50 29 5 21 94 85 78 32 97 1 45 86 90 14 0 20 55 3 74 16 19 47 70 24 64 17 33 59 68 44 35 10 92
0 305838.41315000004 423482.91868 431642.53514 411747.88623 382605.73217 592420.61687 249719.7011 396865.32162 398078.93055 330246.84337 333815.35231 378460.25561000005 640070.6181000001 365364.89558 338996.88214 355637.94337 509730.59964000003 462793.80609 423489.33718000003 371051.00575 349470.16601000004 465004.05606 413243.5768200001 471190.50992 281203.88132000004 396415.08981000003 445607.39926 430873.97807 223879.69773 198935.83248 448882.91605 328843.7048 443566.78125999996 165669.98811 402784.87378 379099.26821999997 395105.91248 554705.7084 308135.91554 439930.47372 532484.55065 155072.76946 280929.99769 472611.55209 445739.36251999997 275102.32289 445854.41112000006 236752.68762 485167.88367999997 418903.221 
305838.41315000004 0 309731.54788 272712.43509 183671.69081 303722.2258 326532.21715 179970.07399 218195.19438000003 174041.66806000003 241596.64318 313809.99510000006 247518.54080999998 445968.26758000004 229358.22350999998 300305.68536999996 411228.39452000003 325491.72044 369873.497 153140.07649 176948.65523000003 279904.71087 216658.57140000002 343678.12168 255519.25192 253159.05124 282810.15789000003 284111.49997 218927.78814000002 350094.00801 254526.28363000002 143044.5029 141785.7669 321131.78761999996 229618.72557 261570.98118 351688.63013 254695.85373000003 296007.4392 265407.30261 224425.38124000002 430632.33492 416770.71709000005 291190.60092 257106.45961000002 407048.1657499999 87898.79966 140015.99797 216709.42849000002 215974.75446 230488.95242000002 
423482.91868 309731.54788 0 286595.86208 189651.80307 359931.70841 444546.54836 241638.18532999998 179843.40614 135689.87982 193933.29356 328843.95324 153996.64760999999 502634.68804000004 227696.1296 239222.0375 234046.8296 536568.66614 276351.60380000004 237402.86500999998 233615.07569000003 331369.29821000004 273324.99186 395142.70902000007 368118.68650999997 308041.94782 302994.10385 336575.98213 289342.61542 203989.57023 291078.77494 452776.05078000005 319994.78266 227609.89442 257812.93057 175434.04586 374127.86915 292034.08907 542534.53834 380680.86608999997 212579.6458 295611.31252 369107.36747 252838.81268 245260.72417 345964.51788 273401.16198 233307.49591 263590.75412 300237.54297999997 281459.71988999995 
431642.53514000005 272712.43509 286595.86208 0 302679.93495 176140.67301 440357.04983000003 232221.87632 182731.71174 226885.23806 306961.42544 299787.00741 172814.44125000003 581053.02165 246513.92324000003 270692.7479 375609.89857 356305.34731 295169.39744000003 297719.78785 312033.4093 238411.94773 171491.31008999998 174638.53692 351220.09487 368358.8706600001 305882.40945 350772.90119 310903.56302 490585.43231 333162.14698 399274.3528 130926.66819 246427.68806000001 299896.30261 206904.75626 254503.0915 275135.49743 356788.67179 287421.11465999996 169759.15632 355928.23536000005 440484.26073999994 344034.17092 202440.23469 377435.22828000004 184813.63543 346335.62779000006 323907.67696000007 279522.06932 341776.64273 
411747.88623 183671.69081 189651.80307 302679.93495 0 297870.12438 443559.03596999997 164984.09331 195927.47901 151773.95269 210017.36643 264618.17283 170080.72048000002 484775.13435 243780.20247000002 255306.11036999998 372876.1778 509163.41125 292435.67667 234338.52195999998 215755.522 320335.93897 255465.43816999998 384109.34978000005 381927.63403 324126.02069 319078.17672 234919.6777 282098.62598 267161.62112 257380.07953 326716.19371 234625.40893 243693.96729 280001.6537 191518.11873 309902.08874 305843.03659000003 460487.41253 351369.90817 228663.71866999997 311695.38538999995 385191.44034 268922.88555 261344.79703999998 362048.59075 180738.44169 43655.69284 279674.82699 297173.19993 273043.20463 
382605.73217 303722.2258 359931.70841 176140.67301 297870.12438 0 448486.47291 132886.03107 330078.82996999996 285925.30364999996 298559.25656999997 348090.75808 261779.91692 457019.72013 335479.39891 248285.65419 440827.4549 387315.13802 424350.09989 308053.00403 188000.10778 348669.2093 202501.10080000001 350779.20993 354356.83989 366393.39285 293861.61043999996 340718.67195 314040.30804000003 499713.40288999997 284125.34401 413562.64532 161936.4589 375608.39051 250859.49964 184497.66255 393374.67399 278272.24245 387798.4625 318430.90537 200768.94702999998 465949.9229 471494.05145 366119.50922 233450.02539999998 355028.13457 215823.42614 258937.95524 321942.19915 370887.68200000003 380570.48046 
592420.61687 326532.21715 444546.54835999996 440357.04983000003 443559.03597 448486.47291 0 384387.48696999997 348205.23811 392358.76443 435494.71158999996 488731.78972 330765.12753 708888.7512400001 300609.07398 510200.85566 533560.58485 554190.87368 382268.77713 209220.51400999998 439869.13889000006 337320.91489 479579.05506000004 401094.32570000004 471324.21287 400119.12295 471355.93581999996 314445.82358 431738.29761 648536.11859 393484.78439 469576.72005 458739.02582 380326.84972 426750.62876 446412.86402 480958.88028000004 395970.23202 622539.6563500001 559635.11009 483558.46395999996 282119.4516 610668.7855 475478.9496 516239.54232999997 616943.33604 404852.05858 466548.21511999995 355667.92925 272055.19198 497156.82152 
249719.7011 179970.07399 241638.18533 232221.87631999998 164984.09331 132886.03107 384387.48697 0 247913.86127000002 203760.33495000002 165673.2255 215204.72701 128893.88585 440649.95928 202593.36784000002 307292.49263000005 307941.42383 462034.0801 291464.06882000004 175166.97296 171630.34693 215783.17823000002 249030.39872 279556.58904 221470.80881999998 233507.36178 277491.84959 230590.57795 181154.27697 366827.37182 151239.31294 280676.61425 245892.47166999997 242722.35944 117973.46857 243504.50099000003 260488.64292 145386.21138 471754.47526999994 189341.72304 274499.31075 333063.89183 340847.29941 233233.47815 307180.38912 400431.49988 192005.50442999997 208639.78615 189056.16808 238001.65093 251584.67142 
396865.32162 218195.19438 179843.40613999998 182731.71174 195927.47901 330078.82996999996 348205.23811 247913.86127000002 0 44153.52632 200208.9695 302174.8149 160272.32355000003 411098.33454 161713.42107 245497.71344 354631.60003 383721.71626 282627.27974 234055.7078 142078.72219 300754.16578000004 181788.63835999998 357370.24866000004 333159.17655 204563.8277 123150.69771 272476.31977 292842.6447 383832.97637 197929.48914 361239.69727999996 272182.051 233885.57036 231195.33351 181709.7218 347458.73081 257074.57911 498044.0546 211429.87198 189555.44819999998 301886.98846 364493.01806000003 161302.45918 222236.52657 352240.19382 218295.08376 239583.17185 160112.634 171221.02983 221324.26628 
398078.93055000005 174041.66806000003 135689.87982 226885.23806 151773.95269 285925.30365 392358.76443 203760.33495000002 44153.52632 0 156055.44318 258021.28858000002 116118.79723 366944.80822 189818.27922 201344.18712 318914.25454999995 427875.24257999996 238473.75342000002 199525.01463 97925.19587 293491.44783 137635.11204 357264.85864 317363.89682 230085.6588 167304.22402999998 228322.79345 251464.76504 339679.45005 199143.09807 317086.17096 228028.52468 189732.04404 232408.94244 137556.19548 303305.20449000003 241279.29938 453890.52827999997 255583.3983 145401.92188 257733.46214 331229.51709 117148.93286 178083.00025 308086.6675 174141.55744 195429.64553 185634.4651 215374.55615000002 177170.73996 
330246.84337 241596.64318 193933.29356 306961.42544 210017.36643 298559.25656999997 435494.71159 165673.2255 200208.9695 156055.44318 0 349209.5166 174362.21097000001 523000.2514 135970.29385 259587.60085999998 377157.66829 556934.2294999999 296717.16716 257768.42836999998 253980.63905 275011.03856 293690.55522 338784.44937000005 387144.03432 328407.51118 323359.66721 356941.54549000005 309708.17877999996 397922.86379 316912.53844 384641.14608 340360.34602 247975.45778 283646.69406999997 195799.60921999998 394493.43250999996 311059.43688 537604.08238 328237.21999 232945.20915999997 315976.87587999995 175174.07391 273204.37604 265626.28753 366330.08123999997 293766.72534 253673.05927 283956.31747999997 320603.10634 301825.28325 
333815.35231 313809.9951 328843.95324 299787.00741 264618.17283 348090.75808 488731.78972 215204.72701 302174.8149 258021.28858000002 349209.5166 0 277855.97217 529947.8881000001 327962.62601 380585.43700000003 444505.87238 569967.0921400001 431627.82684 279511.27571 260928.27575000003 188921.8813 300638.19192 125148.47049 427100.38778000005 333438.80287 366789.77841 280092.43145000003 327271.37973000004 531779.7939500001 331216.92998 456854.498 279798.16268 382886.11746 309898.4772 330710.2689 45283.91591 351015.79034000007 505660.16628 381079.09608 308405.00176 450887.53556 488888.12176999997 375170.22144 341086.08013 487327.91738 225911.19544 308273.86566999997 296989.18012000003 342345.95368000004 318215.95838 
378460.25561 247518.54081000003 153996.64760999999 172814.44125 170080.72048 261779.91692 330765.12753 128893.88585 160272.32355 116118.79723 174362.21097 277855.97217 0 483063.60545000003 73699.48199 219650.95491 202795.45732 464286.37451 162570.18297000002 165120.57338 214043.99310000002 212740.2267 253753.90927 276513.63751000003 254337.26567999995 235759.65619 283423.02126 297590.62166000006 214020.73382999998 357986.21784 229125.31763 390563.04371 213506.70839 113828.47359 246714.02308 155862.96327 323139.88808 178252.66823999997 439368.71199 302210.61018 193008.56321 223329.02088999999 349536.28488 233267.73009 225689.64158 326393.43529 159619.74115000002 213736.41332 191308.46249 226339.78979 209177.42826 
640070.6181 445968.26758000004 502634.68804 581053.02165 484775.13435 457019.72013000003 708888.7512399999 440649.95928 411098.33454 366944.80822 523000.25139999995 529947.8881 483063.60545 0 556763.0874399999 518262.11298000003 561528.71319 635452.13356 605418.56164 499668.23722999997 269019.61235 585665.65424 409561.71156 559749.5162899999 348792.10718 502012.25832 374881.11501 421738.17652 460644.77021 706624.25827 493876.84763 589012.7704800001 459798.1692100001 556676.85226 508324.38557 454474.12134 575231.80401 424876.70462 465921.33055 463160.28928 417328.5214 624678.27036 585554.40495 484093.74108 450009.59977000003 499335.28488000005 405911.20197000005 518839.78 457561.06462 562502.9151999999 321723.95341 
365364.89558 229358.22350999998 227696.1296 246513.92323999997 243780.20247 335479.39891 300609.07398 202593.36784000002 161713.42107 189818.27922 135970.29385 327962.62601 73699.48199 556763.08744 0 293350.43690000003 276494.93931 511903.34881 234434.30709 238820.05537 287743.47509 139040.74471 313122.60232 202814.15552 285563.01242 309459.13818 284864.11878 371290.10365 244764.64270000003 431685.69983 302824.79962 372402.72641 287206.19038 187527.95558 289145.208 229562.44526 282678.7101 209478.41498 451649.94216000004 373143.29305000004 266708.0452 297028.50288 311144.36776 306967.21207999997 299389.12357 400092.91728000005 233319.22314 287435.89531 265007.94448 300039.27177999995 282876.91024999996 
338996.88214 300305.68536999996 239222.0375 270692.74789999996 255306.11037 248285.65419 510200.85566 307292.49263000005 245497.71344000002 201344.18712000002 259587.60086 380585.43700000003 219650.95491000003 518262.11298000003 293350.43690000003 0 422446.41223 449429.50854 342005.9111 303057.17231 249242.50063000002 343937.43823 288952.4168 407710.84904 433772.99380999996 286317.52023 355104.00329 379640.09821 354996.92272000003 443211.60773000005 287684.75262 443350.1882699999 205465.79386 293264.20172 262777.19456 63787.99164 425869.35291 357688.39637 431327.79746000003 352331.87956 100933.59158000001 361265.61982 434761.67477000004 318493.11998 133614.66995 106742.48038 259352.7611 298961.80321000004 249867.89747999999 365891.85028 284353.81185 
355637.94337 411228.39452000003 234046.8296 375609.89857 372876.17780000006 440827.4549 533560.58485 307941.42383000004 354631.60003 318914.25455 377157.66829000006 444505.87237999996 202795.45732 561528.71319 276494.93931 422446.4122300001 0 467496.87805 365365.64029 342431.31364 381559.34617000003 255583.99108 422770.33447 319357.40189 457132.72299999994 238970.15973 477782.29773999995 458220.54574000003 416816.19114999997 438036.39983 156702.11089 524520.61915 416302.1657100001 316623.93091 189967.95526000002 358658.42059000005 399221.95647 381048.12555999996 642164.16931 446984.10459 395804.02053000004 426124.47821 503635.21132 238696.27610000002 428485.09890000004 417416.09125 362415.19847000006 416531.8706400001 194518.96603 279596.63567 239804.75978 
509730.59964000003 325491.72044 536568.66614 356305.34731 509163.41125 387315.13802 554190.87368 462034.0801 383721.71626 427875.24258 556934.2295 569967.0921400001 464286.37451 635452.13356 511903.34881 449429.50854 467496.87805 0 330354.69771 435685.20179 366432.52121000004 533319.09337 382665.7751 530943.88423 538064.37722 317429.10572 260571.01855 519151.08538000006 519344.66011 623088.78368 310794.76716 468536.22334 342101.13320000004 537899.6213199999 344060.61153 385641.5169 586469.8951300001 486309.96244000003 567963.1368 348850.19282 348495.91696 605901.03942 501913.3389 392788.93237 315814.83859 556171.98892 395988.10044000007 465507.71841 272977.91202 481390.25134 555980.67286 
462793.80608999997 369873.49700000003 276351.60380000004 295169.39744000003 292435.67667 424350.09989000007 382268.77713 291464.06882000004 282627.27974 238473.75342000002 296717.16716 431627.82684 162570.18297000002 605418.56164 234434.30709 342005.9111 365365.64029 330354.69771 0 287475.52957 336398.94929 339942.83357 376108.86546 403716.24438000005 376692.22186999995 346126.02245 405777.97745 419945.57785 336375.69002 480341.17403000005 263857.97361 512917.99990000005 335861.66458 236183.42978 297123.81798 278217.91946 476911.74275 300607.62442999997 561723.66818 440437.23374 315363.5194 345683.97708 471891.24107 345852.13882 348044.59777 448748.39148 281974.69734 336091.36951 301674.82875 348694.74598 331532.38445 
423489.33718000003 153140.07649 237402.86500999998 297719.78785 234338.52195999998 308053.00403 209220.51400999998 175166.97296 234055.7078 199525.01463 257768.42836999998 279511.27571 165120.57338000002 499668.23723 238820.05537000002 303057.17231 342431.31364 435685.20179 287475.52957 0 230648.62488000002 335229.04185000004 270358.54105 399002.45266000007 262103.69886 282334.06183 283653.91076 249812.78058000002 249679.77523 441392.43524 275699.72326999996 296184.57938999997 249518.51181 238733.82019 291743.10465 239269.18066999997 324795.19162 266372.88132 449147.51569000003 363111.35912 276414.78060999996 306735.23829 432942.50228 316673.94749 309095.85897999996 409799.65269 195631.54457 277994.21479999996 237882.86813 62834.67797 287936.30751 
371051.00575 176948.65523000003 233615.07569 312033.40930000006 215755.522 188000.10778 439869.13889 171630.34693 142078.72219 97925.19587 253980.63905 260928.27575000003 214043.99310000002 269019.61235 287743.47509 249242.50063 381559.34617000003 366432.52121000004 336398.94929 230648.62488000002 0 316646.04189 140542.09921000001 380419.4527 320270.88399 232992.64597 105861.50266 152718.56417 220911.68503 437604.64592000004 224857.23528000002 319993.15813 190778.55686 287657.23991 239304.77322 185454.50899 306212.19166 244186.28655000002 416640.56046 194140.67693000002 148308.90905000002 355658.65801 347203.82301000005 215074.12873 180989.98742000002 355984.98101 136891.58962 249820.16765000002 188541.45227 293483.30285000004 192570.37268 
349470.16601000004 279904.71087 331369.29821000004 238411.94773 320335.93897 348669.2093 337320.91489 215783.17823000002 300754.16578 293491.44783 275011.03856 188921.8813 212740.2267 585665.6542400001 139040.74471 343937.43822999997 255583.99108 533319.09337 339942.83357 335229.04185000004 316646.04189 0 353955.8056 63773.41081 340722.57616 296790.8041 278927.54154999997 335810.19759 228869.91313 535358.8684400001 298158.03649 422949.21377000003 333784.26089000003 291201.12419 273250.47843 333235.61387 143637.96539 264637.97872 511312.15809 270452.13889 364122.7679 400701.67149 423515.28497000004 380152.20170000003 396803.84627 450679.91860999994 281628.96158 363991.63181000005 260341.18135000003 398063.71982000006 373933.72452000005 
465004.05606 216658.57140000002 273324.99186 171491.31008999998 255465.43816999998 202501.10080000001 479579.05506 249030.39872 181788.63836 137635.11204 293690.55522 300638.19192 253753.90927 409561.71156 313122.60232 288952.4168 422770.33447 382665.7751 376108.86546 270358.54105 140542.09921000001 353955.8056 0 346129.84701 179728.78478 272702.56214 246403.60187 270939.69679 139412.25293000002 477314.56209 266068.22358 359703.0743 157287.09597999998 327367.15608 299334.06795 225164.42515999998 294942.88443 103644.18734 383149.09958 313781.54244999995 188018.82522 395368.57418 466844.6885299999 254784.0449 220699.90359 395694.89717999997 211174.06321999998 299121.13101 228251.36844 333193.21902 264340.03339999996 
413243.57682 343678.12168 395142.70901999995 174638.53692 384109.34978 350779.20993 401094.3257 279556.58904 357370.24866000004 357264.85863999993 338784.44937 125148.47049 276513.63751000003 559749.51629 202814.15552 407710.84904 319357.40189 530943.88423 403716.24438 399002.45265999995 380419.4527 63773.41081 346129.84701 0 404495.98697 360564.21491 342700.95236 399583.60839999997 292643.32394000003 599132.2792499999 361931.4473 486722.62457999995 305565.20511 354974.535 337023.88924 381543.29318 79864.55458 328411.38953000004 447538.74728 334225.5497 344397.69324 464475.08229999995 487288.69577999995 443925.61251 377078.77161 514453.32941999997 345402.37239 427765.04261999996 324114.59216 454160.60624 437707.13532999996 
471190.50992 255519.25192 368118.68651 351220.09487000003 381927.63403 354356.83988999994 471324.21287 221470.80881999998 333159.17655 317363.89681999997 387144.03432 427100.38778 254337.26568 348792.10718 285563.01242 433772.9938100001 457132.723 538064.37722 376692.22187 262103.69886 320270.88399 340722.57616000006 179728.78478 404495.9869700001 0 427051.51577 426132.38665 261889.19678 111852.66303 572108.2567400001 372710.12175999995 398563.75482000003 314186.72527 327950.51249 339444.27738999994 369985.00217000005 472384.30369 76084.59744 325061.59845000005 410812.53185999993 367747.61 437451.05978999997 562318.10823 434512.82967999997 400428.68837 540515.4741900001 343220.65664 338698.30971 382600.32207 324938.37683 423299.46716 
281203.88132000004 253159.05124 308041.94782 368358.87066 324126.02069000003 366393.39285 400119.12295 233507.36178 204563.8277 230085.6588 328407.51118000003 333438.80287 235759.65619 502012.25832 309459.13818 286317.52023 238970.15973 317429.10572 346126.02245 282334.06183 232992.64597 296790.8041 272702.56214 360564.21491 427051.51577 0 327714.52541 338843.30457000004 334273.81224 505083.57905000006 82268.04884 396203.55414 276164.34288999997 309372.90300000005 115533.89321000001 309908.26348 372861.1289 350966.91833 502026.34648999997 372550.04254 280469.37198 377374.3211 436276.65078 164262.21405 313150.45035 393060.00061 309209.00754 367781.71353000007 44451.1937 345168.73980000004 356747.7218 
396415.08981000003 282810.15789000003 302994.10384999996 305882.40945 319078.17672 293861.61043999996 471355.93581999996 277491.84959 123150.69771 167304.22402999998 323359.66721 366789.77841 283423.02126 374881.11501 284864.11878 355104.00329 477782.29774 260571.01855 405777.97745 283653.91076 105861.50266 278927.54154999997 246403.60187 342700.95236 426132.38665 327714.52541 0 258580.06683 326773.18769 362517.76512999996 321080.18685 425854.66079 244773.62073999998 357036.26807 345166.27588 291316.01165 412073.69432 350047.78921 470635.62434 88279.17427 254170.41171000001 425037.68617 241342.32035 284453.15689 286851.49008 461846.48367 242753.09228 355681.67030999996 283263.33171 220819.23279 298431.87534 
445607.39926 284111.49997 336575.98213 350772.90119 234919.6777 340718.67195 314445.82358 230590.57795 272476.31977 228322.79345000003 356941.54549000005 280092.43145000003 297590.62166 421738.17652 371290.10365 379640.09821 458220.54574000003 519151.08538 419945.57785 249812.78058000002 152718.56417 335810.19759 270939.69679 399583.6084 261889.19678 338843.30457 258580.06683 0 150036.53375 502081.29882 301518.43485 427156.00286999997 250099.66754999998 371203.86847 313861.16673 315852.10657 325376.34736 185804.59934000002 475961.67114999995 346859.2411 278706.50663 458619.56445 499922.38717999996 345471.72631000006 311387.585 456767.54984 196212.70031 278575.37054000003 294392.11087 312647.45855000004 288517.46325000003 
430873.97807 218927.78814000002 289342.61542 310903.56302 282098.62598 314040.30804000003 431738.29761 181154.27697 292842.6447 251464.76504 309708.17877999996 327271.37973000004 214020.73382999998 460644.77021 244764.64270000003 354996.92272000003 416816.19114999997 519344.66011 336375.69002 249679.77523 220911.68503 228869.91313 139412.25293000002 292643.32394000003 111852.66303 334273.81224 326773.18769 150036.53375 0 493332.18565 280800.73679 361972.29104000004 273870.19342 287633.98063999997 299127.74554000003 291208.93108 372507.87852 35768.06559 436914.26148 370496.00001 325885.45491 358674.9887 484882.25269 362794.902 358566.53328 432967.60916999995 243391.64859 259640.99972 289822.61854 312514.4532 335696.41153000004 
223879.69773 350094.00801 203989.57023 490585.43231 267161.62112 499713.40289 648536.11859 366827.37182 383832.97637 339679.45005 397922.86379 531779.7939500001 357986.21784 706624.25827 431685.69983 443211.60773000005 438036.39983 623088.78368 480341.17403 441392.43524 437604.64592 535358.86844 477314.56208999996 599132.27925 572108.25674 505083.57905000006 362517.76513 502081.29882 493332.18565 0 422815.53021000006 493138.51090999995 367622.64362 431599.46465 389549.68584000005 379423.61609 546923.37732 496023.65929999994 593484.6472199999 274238.59086 416569.21603 499600.88275 378952.46719 456828.38291 449250.2944 549954.08811 421509.61086 310817.31396000006 460632.38535000006 504227.11321000004 485449.29012 
198935.83248 254526.28363000002 291078.77494000003 333162.14698 257380.07953 284125.34401 393484.78439 151239.31294 197929.48914 199143.09807 316912.53844000003 331216.92998 229125.31763 493876.84763000003 302824.79962 287684.75262 156702.11089 310794.76716 263857.97361 275699.72326999996 224857.23528000002 298158.03649 266068.22358 361931.4473 372710.12175999995 82268.04884 321080.18685 301518.43485 280800.73679 422815.53021 0 367818.50826000003 277531.57528 302738.56444 33265.84437 303273.92492 366226.79034 296625.52431999997 503393.57888 290281.9937 273835.03342 370739.98254 354008.60194 81994.16521 301851.12758 315723.87568 247337.19884000003 301035.77237 37816.85514 338534.40124 339641.96178 
448882.91605 143044.5029 452776.05077999993 399274.3528 326716.19371 413562.64532 469576.72004999995 280676.61425 361239.69727999996 317086.17095999996 384641.14608 456854.498 390563.04371000006 589012.77048 372402.72641 443350.18827000004 524520.61915 468536.22334 512917.99990000005 296184.57938999997 319993.15813 422949.21377000003 359703.0743 486722.62458000006 398563.75482000003 396203.55414 425854.66079 427156.00286999997 361972.29104000004 493138.51090999995 367818.50826000003 0 284830.2698 464176.29052000004 348351.04053999996 404615.48407999997 463082.64372 397740.35663000005 439051.9421 408451.80551 367469.88414 563441.4638 559815.21999 285824.34305 400150.96251 550092.66865 230943.30255999998 283060.50087 359753.93139000004 359019.25736 373533.45532 
328843.7048 141785.7669 319994.78266 130926.66819 234625.40892999998 161936.4589 458739.02582 245892.47166999997 272182.051 228028.52468 340360.34602000006 279798.16268 213506.70838999999 459798.16921 287206.19038 205465.79386 416302.16571 342101.13320000004 335861.66458 249518.51181 190778.55686 333784.26089000003 157287.09597999998 305565.20511 314186.72527 276164.34288999997 244773.62073999998 250099.66755 273870.19342 367622.64362 277531.57528 284830.2698 0 287119.95519999997 252624.01721999998 144560.7368 325082.07859 238102.12783 225862.0036 156494.44647 155554.94221 396620.5025 309557.59255 345177.45754 188236.02058 312208.27424 53886.96724 278281.10176999995 239714.72014 312353.18978 288223.19448 
443566.78125999996 321131.78762 227609.89442 246427.68806000001 243693.96729 375608.39051 380326.84972 242722.35944 233885.57036 189732.04404 247975.45778 382886.11746 113828.47359 556676.8522600001 187527.95558 293264.20172 316623.93091 537899.6213199999 236183.42978 238733.82019 287657.23991 291201.12419 327367.15608 354974.53500000003 327950.51249 309372.903 357036.26807 371203.86847 287633.98063999997 431599.46465 302738.56444 464176.29052000004 287119.95519999997 0 277896.79315 229476.21008 428170.03336999996 251865.91504999998 512981.95879999996 375175.98676999996 266621.81002 296942.26769999997 423149.53169 306880.9769 299302.88839 400006.6821 233232.98796 287349.66013 264921.7093 299953.0366 282790.67507 
165669.98811 229618.72557 257812.93057 299896.30261 280001.6537 250859.49964 426750.62876 117973.46857 231195.33351 232408.94244 283646.69406999997 309898.4772 246714.02308 508324.38557 289145.208 262777.19456 189967.95526000002 344060.61153 297123.81798 291743.10465 239304.77322 273250.47843 299334.06795 337023.88924000005 339444.27739 115533.89321000001 345166.27588 313861.16673 299127.74554000003 389549.68584000005 33265.84437 348351.04053999996 252624.01721999998 277896.79315 0 311178.92728 355182.39311 263359.67995 478486.02082 257016.14933000001 307100.87779 400738.31811999995 320742.75757 115260.00958000001 335116.97195000004 282458.03131 259679.93072 323657.34654000006 71082.69951 353421.65115 351984.69366 
402784.87378 261570.98118 175434.04586 206904.75626 191518.11873 184497.66255 446412.86402000004 243504.50099 181709.7218 137556.19548 195799.60921999998 330710.2689 155862.96327 454474.12134 229562.44526 63787.99164 358658.42059 385641.5169 278217.91946 239269.18067 185454.50899 333235.61387000006 225164.42515999998 381543.29318000004 369985.00217 309908.26348 291316.01165 315852.10657 291208.93108 379423.61609 303273.92492 404615.48407999997 144560.7368 229476.21008000002 311178.92728 0 375994.18481 293900.40473 370422.7404 288543.88792 37145.59994 297477.62818 370973.68313 254705.12834 69826.67831 170530.47202 198447.70404 235173.81157 265457.06978 302103.85864 283326.03555000003 
379099.26821999997 351688.63013 374127.86915 254503.0915 309902.08874000004 393374.67399000004 480958.88028 260488.64292 347458.73081000004 303305.20449000003 394493.43250999996 45283.91591 323139.88808 575231.8040100001 282678.71009999997 425869.35291 399221.95647 586469.8951300001 476911.74275 324795.19162000006 306212.19166 143637.96539 294942.88443 79864.55458 472384.30369000003 372861.1289 412073.69432 325376.34736 372507.87852 546923.37732 366226.79034 463082.64372 325082.07859000005 428170.03336999996 355182.39311 375994.18481 0 396299.70625000005 527403.30186 335795.18017 353688.91767 496171.45146999997 488858.32625000004 420454.13735000003 386369.99604 532611.83329 271195.11135 353557.78158000007 328409.9352 387629.8695900001 363499.87429000007 
395105.91248 254695.85373000003 292034.08907 275135.49743 305843.03659000003 278272.24245 395970.23202 145386.21138 257074.57911 241279.29938 311059.43688 351015.79034000007 178252.66823999997 424876.70462 209478.41498 357688.39637000003 381048.12555999996 486309.96244000003 300607.62442999997 266372.88132 244186.28655000002 264637.97872 103644.18734 328411.38953000004 76084.59744 350966.91832999996 350047.78921 185804.59934000002 35768.06559 496023.6593 296625.52432 397740.35663000005 238102.12783 251865.91504999998 263359.67995 293900.40473 396299.70625000005 0 401146.19589 334727.93442 291663.01256 361366.46235 486233.51079 358428.23224000004 324344.09093 464430.87675000005 267136.0592 262613.71227 306515.72462999995 329207.55929 347214.86971999996 
554705.7084 296007.4392 542534.53834 356788.67178999993 460487.41253 387798.46249999997 622539.6563500001 471754.47527 498044.0545999999 453890.5282799999 537604.08238 505660.16628 439368.71199000004 465921.33055 451649.94216000004 431327.79746000003 642164.16931 567963.1368 561723.66818 449147.51569000003 416640.56045999995 511312.15809000004 383149.09958 447538.74728 325061.59845 502026.34649 470635.62434 475961.67114999995 436914.26148 593484.6472199999 503393.57888000004 439051.9421 225862.0036 512981.9588 478486.02082000003 370422.7404 527403.30186 401146.19589 0 382356.45006999996 381416.94580999995 622482.5061 535419.59615 571039.4611399999 414098.02417999995 538070.27784 279748.97083999997 436023.43717000005 465576.72374000004 511982.19366000005 514085.19808 
308135.91554 265407.30261 380680.86608999997 287421.11465999996 351369.90817 318430.90537 559635.11009 189341.72304 211429.87198 255583.3983 328237.21999 381079.09608 302210.61018 463160.28928 373143.29305 352331.87956000003 446984.10459 348850.19282 440437.23374000005 363111.35912000004 194140.67693000002 270452.13889 313781.54245 334225.5497 410812.53186 372550.04254 88279.17427 346859.2411 370496.00001 274238.59086 290281.9937 408451.80551 156494.44647 375175.98676999996 257016.14933000001 288543.88792 335795.18017 334727.93442 382356.45007 0 312049.38868 472106.57259 153063.14608 372276.15891 344730.46705 459074.35994 210381.41371 395025.60101 328098.84884 309098.40706 386711.04961000005 
439930.47372 224425.38124000002 212579.6458 169759.15632 228663.71867 200768.94702999998 483558.46396 274499.31075 189555.4482 145401.92188 232945.20916 308405.00176 193008.56321 417328.5214 266708.0452 100933.59158000001 395804.02053 348495.91696 315363.5194 276414.78061 148308.90905000002 364122.76790000004 188018.82522 344397.69324000005 367747.61 280469.37198 254170.41171000001 278706.50663 325885.45491000003 416569.21603 273835.03342 367469.88414 155554.94221 266621.81002 307100.87779 37145.59994 353688.91767 291663.01256 381416.94581 312049.38868 0 334623.22812 408119.28307 252538.04074 32681.07837 207676.07196 209441.90945 272319.41151 236018.17828 339249.45858000003 272106.84323999996 
532484.55065 430632.33492000005 295611.31252 355928.23536 311695.38538999995 465949.9229 282119.4516 333063.89183000004 301886.98845999996 257733.46214 315976.87587999995 450887.53556 223329.02088999999 624678.27036 297028.50288 361265.61982 426124.47821 605901.03942 345683.97708 306735.23829 355658.65801 400701.67149000004 395368.57418 464475.0823 437451.05978999997 377374.3211 425037.68616999994 458619.56444999995 358674.9887 499600.88275 370739.98254 563441.4638 396620.50250000006 296942.26769999997 400738.31812 297477.62818 496171.45146999997 361366.46235 622482.5061000001 472106.57259 334623.22812 0 491150.94979 374882.395 367304.30649 468008.1002 342733.53526000003 355351.07823 332923.1274 369569.91626 350792.09317 
155072.76946 416770.71709000005 369107.36747 440484.26073999994 385191.44034 471494.05144999997 610668.7855 340847.29941000004 364493.01806 331229.51709 175174.07391 488888.12176999997 349536.28488 585554.40495 311144.36776 434761.67477000004 503635.21132 501913.3389 471891.24107 432942.50228 347203.82301 423515.28497000004 466844.68853 487288.69578000007 562318.10823 436276.65078 241342.32035 499922.38717999996 484882.25269 378952.46719 354008.60194 559815.21999 309557.59255 423149.53169 320742.75757 370973.68313 488858.32625000004 486233.51079000003 535419.59615 153063.14608 408119.28307 491150.94979 0 436002.76715 440800.36144 441441.78301 363444.55978999997 428847.13318 391825.45708 462161.55314 263830.45154 
280929.99769 291190.60092 252838.81268 344034.17092 268922.88555 366119.50922 475478.9496 233233.47815 161302.45918 117148.93286 273204.37604 375170.22144 233267.73009000003 484093.74108 306967.21208 318493.11998 238696.27610000002 392788.93237 345852.13882 316673.94749 215074.12873 380152.20170000003 254784.0449 443925.61251 434512.82968 164262.21405 284453.15689 345471.72631 362794.902 456828.38291000004 81994.16521 285824.34305 345177.45754 306880.9769 115260.00958000001 254705.12834 420454.13735 358428.23224000004 571039.46114 372276.15891 252538.04074 374882.395 436002.76714999997 0 219856.96237 397718.04089 291290.4903 312578.57839000004 119811.02035 332523.48901 294319.67282 
472611.55209 257106.45961000002 245260.72417 202440.23469 261344.79704 233450.02539999998 516239.54233 307180.38912 222236.52657000002 178083.00025 265626.28753 341086.08013 225689.64158 450009.59977000003 299389.12357 133614.66995 428485.0989 315814.83859 348044.59777 309095.85898 180989.98742000002 396803.84627000004 220699.90359 377078.77161000005 400428.68837 313150.45035 286851.49008 311387.585 358566.53328000003 449250.2944 301851.12758 400150.96251 188236.02058 299302.88839 335116.97195 69826.67831 386369.99604 324344.09093 414098.02418 344730.46705 32681.07837 367304.30649 440800.36144 219856.96237 0 240357.15033 242122.98782 305000.48988 268699.25665 371930.53695000004 304787.92160999996 
445739.36251999997 407048.16575 345964.51788 377435.2282799999 362048.59075 355028.13457 616943.33604 400431.49988 352240.19382 308086.6675 366330.08123999997 487327.91738 326393.43529 499335.28488 400092.91728 106742.48038 417416.09125 556171.9889199999 448748.39148 409799.65269 355984.98101 450679.91861 395694.89717999997 514453.32941999997 540515.47419 393060.00061 461846.48367 456767.54984 432967.60917 549954.08811 315723.87568 550092.66865 312208.27424 400006.6821 282458.03131 170530.47202 532611.83329 464430.87674999994 538070.27784 459074.35993999994 207676.07195999997 468008.1002 441441.78301 397718.04089 240357.15032999997 0 366095.24147999997 405704.28359 353540.73082 472634.33066000004 177611.33147 
275102.32289 87898.79966 273401.16198 184813.63543 180738.44169 215823.42614 404852.05858 192005.50443 218295.08376 174141.55744 293766.72534 225911.19544 159619.74115000002 405911.20197 233319.22314000002 259352.7611 362415.19847 395988.10044 281974.69734 195631.54457 136891.58962 281628.96158 211174.06322 345402.37239000003 343220.65664 309209.00753999996 242753.09228 196212.70031 243391.64859 421509.61086 247337.19884000003 230943.30255999998 53886.96724 233232.98796 259679.93072 198447.70404 271195.11135 267136.0592 279748.97083999997 210381.41371000002 209441.90944999998 342733.53526000003 363444.55979 291290.4903 242122.98781999998 366095.24147999997 0 224394.13453 264757.81383999996 258466.22254 234336.22724 
445854.41111999995 140015.99797 233307.49591 346335.62779 43655.69284 258937.95524 466548.21512 208639.78615 239583.17185 195429.64553 253673.05927 308273.86566999997 213736.41332 518839.78 287435.89531 298961.80321000004 416531.87064 465507.71841 336091.36951 277994.21479999996 249820.16765000002 363991.63181 299121.13101 427765.04261999996 338698.30971 367781.71353 355681.67031 278575.37054 259640.99972 310817.31396000006 301035.77237 283060.50087 278281.10176999995 287349.66013 323657.34654 235173.81157000002 353557.78157999995 262613.71227 436023.43717000005 395025.60101 272319.41151 355351.07823 428847.13318 312578.57839000004 305000.48988 405704.28359 224394.13452999998 0 323330.51983 340828.89277 316698.89746999997 
236752.68762 216709.42849000002 263590.75412 323907.67696 279674.82699 321942.19915 355667.92925 189056.16808 160112.634 185634.4651 283956.31747999997 296989.18012000003 191308.46249 457561.06462 265007.94448 249867.89747999999 194518.96603 272977.91202 301674.82875 237882.86813 188541.45227 260341.18135000003 228251.36844 324114.59216 382600.32206999994 44451.1937 283263.33171 294392.11087 289822.61854 460632.38535 37816.85514 359753.93139000004 239714.72014 264921.7093 71082.69951 265457.06978 328409.9352 306515.72462999995 465576.72374 328098.84884 236018.17828 332923.1274 391825.45708 119811.02035 268699.25665 353540.73082 264757.81383999996 323330.51983 0 300717.5461 312296.5281 
485167.88367999997 215974.75446 300237.54297999997 279522.06932 297173.19993 370887.68200000003 272055.19198 238001.65093 171221.02983 215374.55615000002 320603.10633999994 342345.95368000004 226339.78979 562502.9151999999 300039.27178 365891.85028 279596.63567 481390.25134 348694.74598 62834.67797 293483.30285 398063.71982 333193.21901999996 454160.60624 324938.37683 345168.7398 220819.23279 312647.45855 312514.4532 504227.11321 338534.40124 359019.25736 312353.18978 299953.0366 353421.65115 302103.85864 387629.86959 329207.55929 511982.19366 309098.40706 339249.45858 369569.91625999997 462161.55314 332523.48901 371930.53695 472634.33066 258466.22254 340828.89277000003 300717.5461 0 350770.98548000003 
418903.221 230488.95242000002 281459.71988999995 341776.64273 273043.20463 380570.48046 497156.82152 251584.67142 221324.26628 177170.73996 301825.28325 318215.95838 209177.42826000002 321723.95341 282876.91025 284353.81185 239804.75978 555980.67286 331532.38445 287936.30751 192570.37268 373933.72452000005 264340.03339999996 437707.1353300001 423299.46715999994 356747.7218 298431.87534 288517.46325000003 335696.41153000004 485449.29011999996 339641.96178 373533.45532 288223.19448 282790.67507 351984.69366 283326.03555 363499.87429 347214.86971999996 514085.19808 386711.04961000005 272106.84323999996 350792.09317 263830.45154 294319.67282 304787.92160999996 177611.33147 234336.22724 316698.89746999997 312296.5281 350770.98548000003 0 
