25
19 47 29 6 15 7 37 20 39 31 28 25 14 41 12 21 11 38 46 34 4 30 2 22 27 44
0 3 4 4 3 3 1 4 4 3 4 4 3 5 3 3 2 3 3 3 4 3 4 3 3 3 
3 0 3 1 2 3 2 3 3 1 3 3 2 4 4 1 2 2 2 3 3 2 3 2 2 2 
4 3 0 4 3 3 3 4 2 3 2 1 1 2 3 2 2 3 1 3 2 2 3 2 2 3 
4 1 4 0 3 3 3 4 4 2 4 4 3 5 3 2 3 3 3 3 4 3 4 3 3 3 
3 2 3 3 0 3 2 3 3 2 3 3 2 4 4 1 2 3 3 1 3 3 2 3 2 2 
3 3 3 3 3 0 2 3 2 3 4 3 3 5 3 2 2 2 2 2 3 3 2 2 3 2 
1 2 3 3 2 2 0 3 3 3 4 4 3 5 2 3 2 2 2 2 3 2 3 2 3 3 
4 3 4 4 3 3 3 0 2 2 5 3 4 5 1 3 3 3 3 3 4 3 3 3 4 3 
4 3 2 4 3 2 3 2 0 2 3 1 2 3 3 3 3 4 3 3 4 3 3 3 4 2 
3 1 3 2 2 3 3 2 2 0 3 3 3 4 3 2 2 3 2 3 3 1 3 2 2 1 
4 3 2 4 3 4 4 5 3 3 0 2 1 4 4 2 2 2 2 3 3 3 2 2 1 3 
4 3 1 4 3 3 4 3 1 3 2 0 1 2 4 2 2 4 2 4 3 3 4 2 3 3 
3 2 1 3 2 3 3 4 2 3 1 1 0 3 4 1 1 3 2 3 3 2 3 1 2 3 
5 4 2 5 4 5 5 5 3 4 4 2 3 0 5 3 4 5 3 5 4 4 5 4 4 4 
3 4 3 3 4 3 2 1 3 3 4 4 4 5 0 4 4 4 2 4 3 2 4 3 3 3 
3 1 2 2 1 2 3 3 3 2 2 2 1 3 4 0 1 3 2 2 2 3 2 2 3 3 
2 2 2 3 2 2 2 3 3 2 2 2 1 4 4 1 0 2 2 2 3 3 3 2 2 2 
3 2 3 3 3 2 2 3 4 3 2 4 3 5 4 3 2 0 2 2 3 3 2 3 1 3 
3 2 1 3 3 2 2 3 3 2 2 2 2 3 2 2 2 2 0 2 1 1 2 1 1 3 
3 3 3 3 1 2 2 3 3 3 3 4 3 5 4 2 2 2 2 0 2 3 1 3 2 3 
4 3 2 4 3 3 3 4 4 3 3 3 3 4 3 2 3 3 1 2 0 2 3 2 2 4 
3 2 2 3 3 3 2 3 3 1 3 3 2 4 2 3 3 3 1 3 2 0 3 1 2 2 
4 3 3 4 2 2 3 3 3 3 2 4 3 5 4 2 3 2 2 1 3 3 0 3 1 3 
3 2 2 3 3 2 2 3 3 2 2 2 1 4 3 2 2 3 1 3 2 1 3 0 2 3 
3 2 2 3 2 3 3 4 4 2 1 3 2 4 3 3 2 1 1 2 2 2 1 2 0 2 
3 2 3 3 2 2 3 3 2 1 3 3 3 4 3 3 2 3 3 3 4 2 3 3 2 0 
