23
a7 a47 a3 a13 a18 a26 a39 a43 a32 a37 a38 a20 a29 a46 a1 a30 a11 a33 a19 a24 a35 a40 a44 a0
0 2 1 1 1 1 1 2 1 1 2 1 1 1 1 1 1 1 1 1 2 1 1 1 
2 0 1 1 1 1 1 1 1 1 1 1 1 1 1 1 1 1 1 1 1 1 1 2 
1 1 0 1 1 1 2 1 1 2 1 1 1 1 1 1 1 1 1 1 2 1 1 1 
1 1 1 0 1 1 2 1 1 1 1 1 1 1 1 1 1 1 1 1 1 1 1 1 
1 1 1 1 0 1 1 1 1 1 1 1 2 2 1 1 1 1 2 1 1 1 1 1 
1 1 1 1 1 0 1 1 1 2 1 1 1 1 2 1 1 1 1 1 1 1 1 1 
1 1 2 2 1 1 0 1 1 2 1 1 1 1 2 1 1 1 1 1 1 2 1 1 
2 1 1 1 1 1 1 0 1 1 1 1 1 1 1 1 1 2 1 1 1 1 1 1 
1 1 1 1 1 1 1 1 0 1 1 1 1 1 1 1 1 1 1 1 1 1 1 1 
1 1 2 1 1 2 2 1 1 0 1 1 1 1 1 1 1 1 1 1 1 1 1 1 
2 1 1 1 1 1 1 1 1 1 0 2 1 1 1 1 1 2 2 2 1 1 1 1 
1 1 1 1 1 1 1 1 1 1 2 0 1 1 1 1 1 1 1 1 1 1 1 1 
1 1 1 1 2 1 1 1 1 1 1 1 0 1 1 1 1 1 1 1 1 1 1 1 
1 1 1 1 2 1 1 1 1 1 1 1 1 0 1 1 1 1 2 1 1 1 1 1 
1 1 1 1 1 2 2 1 1 1 1 1 1 1 0 1 1 2 1 1 1 1 1 1 
1 1 1 1 1 1 1 1 1 1 1 1 1 1 1 0 1 1 1 1 1 1 1 1 
1 1 1 1 1 1 1 1 1 1 1 1 1 1 1 1 0 1 2 1 1 1 1 1 
1 1 1 1 1 1 1 2 1 1 2 1 1 1 2 1 1 0 1 1 1 1 2 1 
1 1 1 1 2 1 1 1 1 1 2 1 1 2 1 1 2 1 0 1 1 1 1 1 
1 1 1 1 1 1 1 1 1 1 2 1 1 1 1 1 1 1 1 0 1 1 1 1 
2 1 2 1 1 1 1 1 1 1 1 1 1 1 1 1 1 1 1 1 0 1 1 1 
1 1 1 1 1 1 2 1 1 1 1 1 1 1 1 1 1 1 1 1 1 0 1 1 
1 1 1 1 1 1 1 1 1 1 1 1 1 1 1 1 1 2 1 1 1 1 0 1 
1 2 1 1 1 1 1 1 1 1 1 1 1 1 1 1 1 1 1 1 1 1 1 0 
