26
TA29 TA7 TA32 TA35 TA26 TA43 TA4 TA1 TA5 TA31 TA46 TA17 TA41 TA37 TA45 TA22 TA33 TA9 TA18 TA42 TA25 TA3 TA8 TA28 TA2 TA0
0 3.0 3.0 4.0 3.0 4.0 3.0 3.0 2.0 2.0 3.0 1.0 2.0 3.0 3.0 3.0 2.0 3.0 2.0 3.0 3.0 3.0 4.0 1.0 2.0 3.0 
3.0 0 2.0 2.0 3.0 3.0 2.0 3.0 2.0 3.0 4.0 2.0 1.0 4.0 3.0 4.0 1.0 2.0 2.0 2.0 4.0 3.0 1.0 3.0 3.0 2.0 
3.0 2.0 0 3.0 3.0 4.0 4.0 2.0 4.0 1.0 5.0 4.0 3.0 4.0 4.0 3.0 1.0 2.0 4.0 4.0 3.0 4.0 3.0 4.0 3.0 2.0 
4.0 2.0 3.0 0 2.0 5.0 2.0 4.0 3.0 3.0 4.0 4.0 3.0 2.0 4.0 5.0 2.0 2.0 4.0 4.0 3.0 3.0 1.0 4.0 3.0 4.0 
3.0 3.0 3.0 2.0 0 4.0 4.0 2.0 3.0 3.0 3.0 3.0 3.0 3.0 4.0 4.0 2.0 3.0 4.0 4.0 1.0 4.0 3.0 2.0 3.0 3.0 
4.0 3.0 4.0 5.0 4.0 0 4.0 5.0 4.0 5.0 3.0 3.0 2.0 4.0 2.0 4.0 3.0 4.0 3.0 1.0 5.0 3.0 4.0 5.0 4.0 5.0 
3.0 2.0 4.0 2.0 4.0 4.0 0 3.0 1.0 4.0 3.0 3.0 3.0 3.0 2.0 5.0 3.0 2.0 2.0 3.0 4.0 1.0 1.0 2.0 2.0 3.0 
3.0 3.0 2.0 4.0 2.0 5.0 3.0 0 3.0 1.0 4.0 2.0 3.0 2.0 3.0 3.0 3.0 3.0 3.0 4.0 1.0 2.0 4.0 3.0 1.0 1.0 
2.0 2.0 4.0 3.0 3.0 4.0 1.0 3.0 0 3.0 3.0 2.0 2.0 3.0 2.0 4.0 3.0 3.0 1.0 3.0 4.0 2.0 2.0 1.0 3.0 2.0 
2.0 3.0 1.0 3.0 3.0 5.0 4.0 1.0 3.0 0 5.0 3.0 4.0 3.0 4.0 2.0 2.0 2.0 4.0 5.0 2.0 3.0 3.0 3.0 2.0 1.0 
3.0 4.0 5.0 4.0 3.0 3.0 3.0 4.0 3.0 5.0 0 2.0 3.0 2.0 1.0 5.0 4.0 5.0 2.0 2.0 4.0 2.0 4.0 4.0 3.0 4.0 
1.0 2.0 4.0 4.0 3.0 3.0 3.0 2.0 2.0 3.0 2.0 0 1.0 2.0 2.0 4.0 3.0 4.0 1.0 2.0 2.0 2.0 3.0 2.0 1.0 3.0 
2.0 1.0 3.0 3.0 3.0 2.0 3.0 3.0 2.0 4.0 3.0 1.0 0 3.0 2.0 5.0 2.0 3.0 1.0 1.0 3.0 3.0 2.0 3.0 2.0 3.0 
3.0 4.0 4.0 2.0 3.0 4.0 3.0 2.0 3.0 3.0 2.0 2.0 3.0 0 3.0 4.0 3.0 3.0 2.0 4.0 3.0 2.0 3.0 4.0 1.0 3.0 
3.0 3.0 4.0 4.0 4.0 2.0 2.0 3.0 2.0 4.0 1.0 2.0 2.0 3.0 0 4.0 3.0 4.0 1.0 1.0 4.0 1.0 3.0 3.0 2.0 4.0 
3.0 4.0 3.0 5.0 4.0 4.0 5.0 3.0 4.0 2.0 5.0 4.0 5.0 4.0 4.0 0 3.0 4.0 4.0 5.0 3.0 5.0 5.0 4.0 4.0 3.0 
2.0 1.0 1.0 2.0 2.0 3.0 3.0 3.0 3.0 2.0 4.0 3.0 2.0 3.0 3.0 3.0 0 1.0 3.0 3.0 3.0 4.0 2.0 3.0 4.0 3.0 
3.0 2.0 2.0 2.0 3.0 4.0 2.0 3.0 3.0 2.0 5.0 4.0 3.0 3.0 4.0 4.0 1.0 0 4.0 4.0 4.0 3.0 1.0 4.0 4.0 3.0 
2.0 2.0 4.0 4.0 4.0 3.0 2.0 3.0 1.0 4.0 2.0 1.0 1.0 2.0 1.0 4.0 3.0 4.0 0 2.0 3.0 2.0 3.0 2.0 2.0 3.0 
3.0 2.0 4.0 4.0 4.0 1.0 3.0 4.0 3.0 5.0 2.0 2.0 1.0 4.0 1.0 5.0 3.0 4.0 2.0 0 4.0 2.0 3.0 4.0 3.0 4.0 
3.0 4.0 3.0 3.0 1.0 5.0 4.0 1.0 4.0 2.0 4.0 2.0 3.0 3.0 4.0 3.0 3.0 4.0 3.0 4.0 0 3.0 4.0 3.0 2.0 2.0 
3.0 3.0 4.0 3.0 4.0 3.0 1.0 2.0 2.0 3.0 2.0 2.0 3.0 2.0 1.0 5.0 4.0 3.0 2.0 2.0 3.0 0 2.0 3.0 1.0 3.0 
4.0 1.0 3.0 1.0 3.0 4.0 1.0 4.0 2.0 3.0 4.0 3.0 2.0 3.0 3.0 5.0 2.0 1.0 3.0 3.0 4.0 2.0 0 3.0 3.0 3.0 
1.0 3.0 4.0 4.0 2.0 5.0 2.0 3.0 1.0 3.0 4.0 2.0 3.0 4.0 3.0 4.0 3.0 4.0 2.0 4.0 3.0 3.0 3.0 0 3.0 2.0 
2.0 3.0 3.0 3.0 3.0 4.0 2.0 1.0 3.0 2.0 3.0 1.0 2.0 1.0 2.0 4.0 4.0 4.0 2.0 3.0 2.0 1.0 3.0 3.0 0 2.0 
3.0 2.0 2.0 4.0 3.0 5.0 3.0 1.0 2.0 1.0 4.0 3.0 3.0 3.0 4.0 3.0 3.0 3.0 3.0 4.0 2.0 3.0 3.0 2.0 2.0 0 
