36
AAD ABB ABC ACB ACD ADD BAD BBB BBC BCB BCD BDD CAD CBB CBC CCB CCD CDD DAD DBB DBC DCB DCD DDD EAD EBB EBC ECB ECD EDD FAD FBB FBC FCB FCD FDD AAA
0 3 2 4 2 3 10 9 10 10 12 13 14 13 14 14 16 17 18 17 18 18 20 21 22 21 22 22 24 25 26 25 26 26 28 29 3 
3 0 1 1 3 4 7 6 7 7 9 10 11 10 11 11 13 14 15 14 15 15 17 18 19 18 19 19 21 22 23 22 23 23 25 26 2 
2 1 0 2 2 3 8 7 8 8 10 11 12 11 12 12 14 15 16 15 16 16 18 19 20 19 20 20 22 23 24 23 24 24 26 27 3 
4 1 2 0 2 3 6 5 6 6 8 9 10 9 10 10 12 13 14 13 14 14 16 17 18 17 18 18 20 21 22 21 22 22 24 25 3 
2 3 2 2 0 1 8 7 8 8 10 11 12 11 12 12 14 15 16 15 16 16 18 19 20 19 20 20 22 23 24 23 24 24 26 27 5 
3 4 3 3 1 0 7 6 7 7 9 10 11 10 11 11 13 14 15 14 15 15 17 18 19 18 19 19 21 22 23 22 23 23 25 26 6 
10 7 8 6 8 7 0 3 2 4 2 3 10 9 10 10 12 13 14 13 14 14 16 17 18 17 18 18 20 21 22 21 22 22 24 25 7 
9 6 7 5 7 6 3 0 1 1 3 4 7 6 7 7 9 10 11 10 11 11 13 14 15 14 15 15 17 18 19 18 19 19 21 22 6 
10 7 8 6 8 7 2 1 0 2 2 3 8 7 8 8 10 11 12 11 12 12 14 15 16 15 16 16 18 19 20 19 20 20 22 23 7 
10 7 8 6 8 7 4 1 2 0 2 3 6 5 6 6 8 9 10 9 10 10 12 13 14 13 14 14 16 17 18 17 18 18 20 21 7 
12 9 10 8 10 9 2 3 2 2 0 1 8 7 8 8 10 11 12 11 12 12 14 15 16 15 16 16 18 19 20 19 20 20 22 23 9 
13 10 11 9 11 10 3 4 3 3 1 0 7 6 7 7 9 10 11 10 11 11 13 14 15 14 15 15 17 18 19 18 19 19 21 22 10 
14 11 12 10 12 11 10 7 8 6 8 7 0 3 2 4 2 3 10 9 10 10 12 13 14 13 14 14 16 17 18 17 18 18 20 21 11 
13 10 11 9 11 10 9 6 7 5 7 6 3 0 1 1 3 4 7 6 7 7 9 10 11 10 11 11 13 14 15 14 15 15 17 18 10 
14 11 12 10 12 11 10 7 8 6 8 7 2 1 0 2 2 3 8 7 8 8 10 11 12 11 12 12 14 15 16 15 16 16 18 19 11 
14 11 12 10 12 11 10 7 8 6 8 7 4 1 2 0 2 3 6 5 6 6 8 9 10 9 10 10 12 13 14 13 14 14 16 17 11 
16 13 14 12 14 13 12 9 10 8 10 9 2 3 2 2 0 1 8 7 8 8 10 11 12 11 12 12 14 15 16 15 16 16 18 19 13 
17 14 15 13 15 14 13 10 11 9 11 10 3 4 3 3 1 0 7 6 7 7 9 10 11 10 11 11 13 14 15 14 15 15 17 18 14 
18 15 16 14 16 15 14 11 12 10 12 11 10 7 8 6 8 7 0 3 2 4 2 3 10 9 10 10 12 13 14 13 14 14 16 17 15 
17 14 15 13 15 14 13 10 11 9 11 10 9 6 7 5 7 6 3 0 1 1 3 4 7 6 7 7 9 10 11 10 11 11 13 14 14 
18 15 16 14 16 15 14 11 12 10 12 11 10 7 8 6 8 7 2 1 0 2 2 3 8 7 8 8 10 11 12 11 12 12 14 15 15 
18 15 16 14 16 15 14 11 12 10 12 11 10 7 8 6 8 7 4 1 2 0 2 3 6 5 6 6 8 9 10 9 10 10 12 13 15 
20 17 18 16 18 17 16 13 14 12 14 13 12 9 10 8 10 9 2 3 2 2 0 1 8 7 8 8 10 11 12 11 12 12 14 15 17 
21 18 19 17 19 18 17 14 15 13 15 14 13 10 11 9 11 10 3 4 3 3 1 0 7 6 7 7 9 10 11 10 11 11 13 14 18 
22 19 20 18 20 19 18 15 16 14 16 15 14 11 12 10 12 11 10 7 8 6 8 7 0 3 2 4 2 3 10 9 10 10 12 13 19 
21 18 19 17 19 18 17 14 15 13 15 14 13 10 11 9 11 10 9 6 7 5 7 6 3 0 1 1 3 4 7 6 7 7 9 10 18 
22 19 20 18 20 19 18 15 16 14 16 15 14 11 12 10 12 11 10 7 8 6 8 7 2 1 0 2 2 3 8 7 8 8 10 11 19 
22 19 20 18 20 19 18 15 16 14 16 15 14 11 12 10 12 11 10 7 8 6 8 7 4 1 2 0 2 3 6 5 6 6 8 9 19 
24 21 22 20 22 21 20 17 18 16 18 17 16 13 14 12 14 13 12 9 10 8 10 9 2 3 2 2 0 1 8 7 8 8 10 11 21 
25 22 23 21 23 22 21 18 19 17 19 18 17 14 15 13 15 14 13 10 11 9 11 10 3 4 3 3 1 0 7 6 7 7 9 10 22 
26 23 24 22 24 23 22 19 20 18 20 19 18 15 16 14 16 15 14 11 12 10 12 11 10 7 8 6 8 7 0 3 2 4 2 3 23 
25 22 23 21 23 22 21 18 19 17 19 18 17 14 15 13 15 14 13 10 11 9 11 10 9 6 7 5 7 6 3 0 1 1 3 4 22 
26 23 24 22 24 23 22 19 20 18 20 19 18 15 16 14 16 15 14 11 12 10 12 11 10 7 8 6 8 7 2 1 0 2 2 3 23 
26 23 24 22 24 23 22 19 20 18 20 19 18 15 16 14 16 15 14 11 12 10 12 11 10 7 8 6 8 7 4 1 2 0 2 3 23 
28 25 26 24 26 25 24 21 22 20 22 21 20 17 18 16 18 17 16 13 14 12 14 13 12 9 10 8 10 9 2 3 2 2 0 1 25 
29 26 27 25 27 26 25 22 23 21 23 22 21 18 19 17 19 18 17 14 15 13 15 14 13 10 11 9 11 10 3 4 3 3 1 0 26 
3 2 3 3 5 6 7 6 7 7 9 10 11 10 11 11 13 14 15 14 15 15 17 18 19 18 19 19 21 22 23 22 23 23 25 26 0 
