43
41 14 11 8 23 36 9 29 32 19 15 42 2 25 33 3 10 27 24 28 17 37 18 43 40 22 30 1 5 26 4 21 39 20 7 35 31 6 13 16 12 38 0
0 2705.0 1006.0 2506.0 2517.0 2642.0 2311.0 2701.0 2106.0 2753.0 2064.0 2292.0 1001.0 2488.0 2303.0 1128.0 2718.0 1158.0 2508.0 2912.0 2880.0 2832.0 3061.0 2427.0 1742.0 2184.0 2425.0 1404.0 1259.0 2887.0 1844.0 2322.0 2529.0 2980.0 3352.0 2325.0 2605.0 2461.0 2779.0 2569.0 2801.0 2296.0 1250.0 
2705.0 0 3220.0 2310.0 1008.0 2436.0 2829.0 2755.0 2511.0 3227.0 2162.0 3318.0 2524.0 2955.0 2770.0 2976.0 2765.0 2853.0 1465.0 2462.0 2401.0 1423.0 1918.0 2775.0 2357.0 2284.0 1622.0 1955.0 2546.0 2496.0 2748.0 2284.0 1605.0 2075.0 2308.0 3226.0 2452.0 1669.0 2145.0 1648.0 1004.0 2333.0 2880.0 
1006.0 3220.0 0 2447.0 2382.0 2741.0 3059.0 2521.0 2687.0 3014.0 1058.0 2095.0 2007.0 2938.0 2424.0 1438.0 3342.0 2164.0 2693.0 2669.0 2904.0 2628.0 2178.0 2133.0 2748.0 1757.0 3094.0 2137.0 2265.0 2978.0 2728.0 2369.0 2735.0 2973.0 2799.0 2804.0 3168.0 2844.0 2406.0 2300.0 2619.0 1290.0 2256.0 
2506.0 2310.0 2447.0 0 2911.0 1102.0 2365.0 2864.0 2439.0 2615.0 1389.0 2648.0 2537.0 2186.0 3278.0 2855.0 2688.0 2757.0 2968.0 2340.0 2582.0 2959.0 2509.0 2706.0 1312.0 2283.0 2638.0 1102.0 2656.0 2232.0 1504.0 2538.0 2647.0 2342.0 2522.0 2333.0 2260.0 2315.0 3139.0 2487.0 2259.0 2203.0 2494.0 
2517.0 1008.0 2382.0 2911.0 0 2307.0 2704.0 3665.0 2744.0 2219.0 2518.0 2477.0 1516.0 2900.0 2363.0 2353.0 3538.0 2677.0 2473.0 2770.0 1393.0 2431.0 2416.0 2872.0 1925.0 1651.0 2475.0 2832.0 2445.0 2840.0 2484.0 2459.0 2613.0 1067.0 1300.0 2756.0 2915.0 2677.0 2424.0 2256.0 1700.0 2855.0 2818.0 
2642.0 2436.0 2741.0 1102.0 2307.0 0 2442.0 2323.0 1337.0 2625.0 1683.0 2743.0 2766.0 1487.0 2641.0 2954.0 2232.0 2525.0 2614.0 2881.0 1480.0 2719.0 2578.0 3163.0 2414.0 1499.0 1765.0 2204.0 3355.0 2502.0 1603.0 1436.0 2351.0 1240.0 2773.0 2580.0 1158.0 2518.0 2399.0 2199.0 2779.0 2515.0 1392.0 
2311.0 2829.0 3059.0 2365.0 2704.0 2442.0 0 2628.0 1105.0 2434.0 3091.0 1370.0 2993.0 2451.0 2582.0 2423.0 2901.0 2525.0 2489.0 2581.0 2750.0 3259.0 3466.0 2644.0 2392.0 2463.0 2715.0 3467.0 3070.0 2427.0 1581.0 2659.0 2119.0 2998.0 3033.0 1358.0 2306.0 2288.0 1058.0 2172.0 3027.0 2714.0 2824.0 
2701.0 2755.0 2521.0 2864.0 3665.0 2323.0 2628.0 0 2599.0 3026.0 2422.0 3033.0 2933.0 1841.0 2657.0 2767.0 1482.0 1543.0 2782.0 2696.0 2815.0 2183.0 3074.0 2565.0 2955.0 2569.0 2118.0 2925.0 2450.0 2554.0 2706.0 2168.0 2542.0 3026.0 2786.0 2696.0 2472.0 1086.0 2887.0 1985.0 2560.0 1231.0 2297.0 
2106.0 2511.0 2687.0 2439.0 2744.0 1337.0 1105.0 2599.0 0 2536.0 2491.0 2360.0 2106.0 2255.0 2614.0 2420.0 2881.0 1807.0 2721.0 2679.0 2817.0 2654.0 2755.0 2259.0 1313.0 2094.0 2493.0 2509.0 2516.0 1690.0 2157.0 2773.0 1014.0 2247.0 2116.0 1460.0 2495.0 2170.0 2163.0 2065.0 3234.0 2456.0 2346.0 
2753.0 3227.0 3014.0 2615.0 2219.0 2625.0 2434.0 3026.0 2536.0 0 2164.0 1791.0 2568.0 1418.0 2300.0 2902.0 2541.0 2243.0 2962.0 2887.0 1828.0 3357.0 3113.0 1804.0 2768.0 2181.0 3287.0 2502.0 2532.0 2927.0 2498.0 2316.0 2348.0 1987.0 2759.0 1076.0 1467.0 2686.0 2947.0 1833.0 3435.0 2790.0 2710.0 
2064.0 2162.0 1058.0 1389.0 2518.0 1683.0 3091.0 2422.0 2491.0 2164.0 0 2171.0 3008.0 2404.0 2621.0 2491.0 2845.0 2821.0 2592.0 2743.0 2426.0 1570.0 1120.0 1720.0 2701.0 2199.0 2142.0 2111.0 2961.0 1944.0 2364.0 2172.0 2126.0 2923.0 2236.0 2499.0 2110.0 2785.0 2125.0 2069.0 2520.0 1191.0 2325.0 
2292.0 3318.0 2095.0 2648.0 2477.0 2743.0 1370.0 3033.0 2360.0 1791.0 2171.0 0 2292.0 2224.0 2726.0 1714.0 3266.0 2270.0 2636.0 2894.0 2963.0 3016.0 2323.0 2569.0 2301.0 1244.0 1696.0 2425.0 3171.0 2330.0 1144.0 1773.0 2287.0 2561.0 1663.0 2349.0 2364.0 2855.0 2428.0 2433.0 2524.0 2779.0 2832.0 
1001.0 2524.0 2007.0 2537.0 1516.0 2766.0 2993.0 2933.0 2106.0 2568.0 3008.0 2292.0 0 2773.0 2623.0 2129.0 2723.0 2159.0 1507.0 2372.0 2641.0 2674.0 2614.0 2710.0 2743.0 2882.0 2425.0 2405.0 2260.0 2538.0 2845.0 2446.0 2482.0 2192.0 2816.0 3326.0 2497.0 1847.0 2464.0 2934.0 2352.0 3162.0 1374.0 
2488.0 2955.0 2938.0 2186.0 2900.0 1487.0 2451.0 1841.0 2255.0 1418.0 2404.0 2224.0 2773.0 0 2317.0 2294.0 1482.0 2260.0 2782.0 2638.0 2967.0 1939.0 2682.0 2510.0 2237.0 2198.0 2214.0 1084.0 1868.0 2266.0 1080.0 2756.0 2069.0 1833.0 2367.0 1093.0 2300.0 2692.0 3017.0 2369.0 2495.0 2034.0 2879.0 
2303.0 2770.0 2424.0 3278.0 2363.0 2641.0 2582.0 2657.0 2614.0 2300.0 2621.0 2726.0 2623.0 2317.0 0 1175.0 1175.0 2391.0 2475.0 2820.0 1684.0 1347.0 2179.0 2764.0 2735.0 2329.0 2583.0 3132.0 2634.0 1588.0 2526.0 1351.0 2581.0 2812.0 1063.0 1224.0 2249.0 2433.0 1848.0 2440.0 2759.0 1430.0 1249.0 
1128.0 2976.0 1438.0 2855.0 2353.0 2954.0 2423.0 2767.0 2420.0 2902.0 2491.0 1714.0 2129.0 2294.0 1175.0 0 2350.0 1787.0 2557.0 3195.0 2751.0 2522.0 2582.0 2167.0 2508.0 1789.0 2485.0 2532.0 2387.0 2537.0 1351.0 2470.0 1406.0 2768.0 2238.0 2399.0 2352.0 2721.0 2265.0 2267.0 1972.0 2288.0 2310.0 
2718.0 2765.0 3342.0 2688.0 3538.0 2232.0 2901.0 1482.0 2881.0 2541.0 2845.0 3266.0 2723.0 1482.0 1175.0 2350.0 0 3025.0 1300.0 1852.0 2434.0 2522.0 2772.0 3029.0 3451.0 3504.0 2645.0 2566.0 1459.0 2331.0 2294.0 2526.0 2706.0 3315.0 2238.0 2399.0 1074.0 2568.0 2537.0 3057.0 3001.0 2605.0 2424.0 
1158.0 2853.0 2164.0 2757.0 2677.0 2525.0 2525.0 1543.0 1807.0 2243.0 2821.0 2270.0 2159.0 2260.0 2391.0 1787.0 3025.0 0 2644.0 2282.0 3052.0 2730.0 1903.0 1269.0 2203.0 1026.0 2387.0 2207.0 2203.0 2439.0 1253.0 2634.0 1371.0 1840.0 2194.0 1167.0 2473.0 2629.0 2734.0 2396.0 1851.0 2561.0 2408.0 
2508.0 1465.0 2693.0 2968.0 2473.0 2614.0 2489.0 2782.0 2721.0 2962.0 2592.0 2636.0 1507.0 2782.0 2475.0 2557.0 1300.0 2644.0 0 1489.0 1134.0 2794.0 1472.0 2781.0 3311.0 2551.0 2494.0 2823.0 2687.0 1031.0 2217.0 2395.0 2257.0 3540.0 1797.0 3091.0 2374.0 2499.0 1431.0 1757.0 2469.0 2767.0 2881.0 
2912.0 2462.0 2669.0 2340.0 2770.0 2881.0 2581.0 2696.0 2679.0 2887.0 2743.0 2894.0 2372.0 2638.0 2820.0 3195.0 1852.0 2282.0 1489.0 0 2623.0 2803.0 2873.0 2922.0 2518.0 3308.0 2688.0 2995.0 2101.0 2448.0 2833.0 2692.0 2290.0 2684.0 1757.0 3220.0 2926.0 1610.0 1738.0 2639.0 2447.0 2515.0 2523.0 
2880.0 2401.0 2904.0 2582.0 1393.0 1480.0 2750.0 2815.0 2817.0 1828.0 2426.0 2963.0 2641.0 2967.0 1684.0 2751.0 2434.0 3052.0 1134.0 2623.0 0 1660.0 1306.0 2615.0 3318.0 2385.0 2174.0 3330.0 2623.0 1956.0 2389.0 2803.0 2852.0 2460.0 2422.0 2904.0 2638.0 3120.0 2565.0 2291.0 1607.0 2706.0 1909.0 
2832.0 1423.0 2628.0 2959.0 2431.0 2719.0 3259.0 2183.0 2654.0 3357.0 1570.0 3016.0 2674.0 1939.0 1347.0 2522.0 2522.0 2730.0 2794.0 2803.0 1660.0 0 2469.0 1801.0 2977.0 2860.0 2173.0 2461.0 1573.0 1802.0 2988.0 2497.0 2601.0 3498.0 1353.0 2571.0 2376.0 3044.0 2488.0 2928.0 2427.0 2510.0 2596.0 
3061.0 1918.0 2178.0 2509.0 2416.0 2578.0 3466.0 3074.0 2755.0 3113.0 1120.0 2323.0 2614.0 2682.0 2179.0 2582.0 2772.0 1903.0 1472.0 2873.0 1306.0 2469.0 0 1309.0 2492.0 1079.0 1022.0 2260.0 2510.0 1065.0 2156.0 2420.0 2159.0 3142.0 1116.0 2184.0 2731.0 2533.0 2702.0 2436.0 2359.0 2311.0 3065.0 
2427.0 2775.0 2133.0 2706.0 2872.0 3163.0 2644.0 2565.0 2259.0 1804.0 1720.0 2569.0 2710.0 2510.0 2764.0 2167.0 3029.0 1269.0 2781.0 2922.0 2615.0 1801.0 1309.0 0 2380.0 2295.0 2331.0 2146.0 2771.0 2374.0 2416.0 2413.0 1366.0 2770.0 2371.0 2436.0 3002.0 2416.0 2198.0 1127.0 2663.0 1334.0 2698.0 
1742.0 2357.0 2748.0 1312.0 1925.0 2414.0 2392.0 2955.0 1313.0 2768.0 2701.0 2301.0 2743.0 2237.0 2735.0 2508.0 3451.0 2203.0 3311.0 2518.0 3318.0 2977.0 2492.0 2380.0 0 2641.0 1470.0 2414.0 2637.0 2343.0 1157.0 2187.0 2267.0 2574.0 2237.0 2773.0 2377.0 2164.0 3270.0 2446.0 2935.0 2381.0 2992.0 
2184.0 2284.0 1757.0 2283.0 1651.0 1499.0 2463.0 2569.0 2094.0 2181.0 2199.0 1244.0 2882.0 2198.0 2329.0 1789.0 3504.0 1026.0 2551.0 3308.0 2385.0 2860.0 1079.0 2295.0 2641.0 0 1526.0 1181.0 2822.0 2144.0 1752.0 2614.0 1080.0 2718.0 2195.0 1105.0 2657.0 2537.0 1802.0 2131.0 1280.0 1535.0 2412.0 
2425.0 1622.0 3094.0 2638.0 2475.0 1765.0 2715.0 2118.0 2493.0 3287.0 2142.0 1696.0 2425.0 2214.0 2583.0 2485.0 2645.0 2387.0 2494.0 2688.0 2174.0 2173.0 1022.0 2331.0 1470.0 1526.0 0 2707.0 2440.0 2087.0 1134.0 2592.0 2277.0 2551.0 2138.0 2631.0 2354.0 2697.0 2386.0 1454.0 2626.0 2464.0 2043.0 
1404.0 1955.0 2137.0 1102.0 2832.0 2204.0 3467.0 2925.0 2509.0 2502.0 2111.0 2425.0 2405.0 1084.0 3132.0 2532.0 2566.0 2207.0 2823.0 2995.0 3330.0 2461.0 2260.0 2146.0 2414.0 1181.0 2707.0 0 2663.0 3056.0 2164.0 2579.0 2139.0 2917.0 3376.0 2177.0 2123.0 2958.0 2983.0 2082.0 2461.0 2645.0 2338.0 
1259.0 2546.0 2265.0 2656.0 2445.0 3355.0 3070.0 2450.0 2516.0 2532.0 2961.0 3171.0 2260.0 1868.0 2634.0 2387.0 1459.0 2203.0 2687.0 2101.0 2623.0 1573.0 2510.0 2771.0 2637.0 2822.0 2440.0 2663.0 0 2240.0 2948.0 2764.0 2211.0 2995.0 2628.0 2874.0 2533.0 1682.0 2768.0 2632.0 1542.0 2404.0 2444.0 
2887.0 2496.0 2978.0 2232.0 2840.0 2502.0 2427.0 2554.0 1690.0 2927.0 1944.0 2330.0 2538.0 2266.0 1588.0 2537.0 2331.0 2439.0 1031.0 2448.0 1956.0 1802.0 1065.0 2374.0 2343.0 2144.0 2087.0 3056.0 2240.0 0 1186.0 2550.0 2068.0 2603.0 2181.0 2656.0 2406.0 1468.0 2462.0 2365.0 2297.0 2274.0 2679.0 
1844.0 2748.0 2728.0 1504.0 2484.0 1603.0 1581.0 2706.0 2157.0 2498.0 2364.0 1144.0 2845.0 1080.0 2526.0 1351.0 2294.0 1253.0 2217.0 2833.0 2389.0 2988.0 2156.0 2416.0 1157.0 1752.0 1134.0 2164.0 2948.0 1186.0 0 2625.0 1143.0 1417.0 2557.0 2173.0 1220.0 2654.0 2403.0 1289.0 1778.0 2299.0 2475.0 
2322.0 2284.0 2369.0 2538.0 2459.0 1436.0 2659.0 2168.0 2773.0 2316.0 2172.0 1773.0 2446.0 2756.0 1351.0 2470.0 2526.0 2634.0 2395.0 2692.0 2803.0 2497.0 2420.0 2413.0 2187.0 2614.0 2592.0 2579.0 2764.0 2550.0 2625.0 0 2194.0 1461.0 1379.0 2575.0 2424.0 1082.0 2735.0 2089.0 2408.0 1079.0 1072.0 
2529.0 1605.0 2735.0 2647.0 2613.0 2351.0 2119.0 2542.0 1014.0 2348.0 2126.0 2287.0 2482.0 2069.0 2581.0 1406.0 2706.0 1371.0 2257.0 2290.0 2852.0 2601.0 2159.0 1366.0 2267.0 1080.0 2277.0 2139.0 2211.0 2068.0 1143.0 2194.0 0 2560.0 2955.0 2185.0 1791.0 1980.0 2165.0 1051.0 2256.0 1623.0 1332.0 
2980.0 2075.0 2973.0 2342.0 1067.0 1240.0 2998.0 3026.0 2247.0 1987.0 2923.0 2561.0 2192.0 1833.0 2812.0 2768.0 3315.0 1840.0 3540.0 2684.0 2460.0 3498.0 3142.0 2770.0 2574.0 2718.0 2551.0 2917.0 2995.0 2603.0 1417.0 1461.0 2560.0 0 2367.0 2926.0 2398.0 2175.0 3080.0 2706.0 1588.0 2540.0 2533.0 
3352.0 2308.0 2799.0 2522.0 1300.0 2773.0 3033.0 2786.0 2116.0 2759.0 2236.0 1663.0 2816.0 2367.0 1063.0 2238.0 2238.0 2194.0 1797.0 1757.0 2422.0 1353.0 1116.0 2371.0 2237.0 2195.0 2138.0 3376.0 2628.0 2181.0 2557.0 1379.0 2955.0 2367.0 0 2287.0 1615.0 2461.0 2911.0 2384.0 2808.0 1555.0 2312.0 
2325.0 3226.0 2804.0 2333.0 2756.0 2580.0 1358.0 2696.0 1460.0 1076.0 2499.0 2349.0 3326.0 1093.0 1224.0 2399.0 2399.0 1167.0 3091.0 3220.0 2904.0 2571.0 2184.0 2436.0 2773.0 1105.0 2631.0 2177.0 2874.0 2656.0 2173.0 2575.0 2185.0 2926.0 2287.0 0 1946.0 1610.0 2416.0 1578.0 2385.0 1804.0 2473.0 
2605.0 2452.0 3168.0 2260.0 2915.0 1158.0 2306.0 2472.0 2495.0 1467.0 2110.0 2364.0 2497.0 2300.0 2249.0 2352.0 1074.0 2473.0 2374.0 2926.0 2638.0 2376.0 2731.0 3002.0 2377.0 2657.0 2354.0 2123.0 2533.0 2406.0 1220.0 2424.0 1791.0 2398.0 1615.0 1946.0 0 2480.0 2743.0 2081.0 2750.0 2560.0 2337.0 
2461.0 1669.0 2844.0 2315.0 2677.0 2518.0 2288.0 1086.0 2170.0 2686.0 2785.0 2855.0 1847.0 2692.0 2433.0 2721.0 2568.0 2629.0 2499.0 1610.0 3120.0 3044.0 2533.0 2416.0 2164.0 2537.0 2697.0 2958.0 1682.0 1468.0 2654.0 1082.0 1980.0 2175.0 2461.0 1610.0 2480.0 0 2551.0 2442.0 2673.0 1594.0 1211.0 
2779.0 2145.0 2406.0 3139.0 2424.0 2399.0 1058.0 2887.0 2163.0 2947.0 2125.0 2428.0 2464.0 3017.0 1848.0 2265.0 2537.0 2734.0 1431.0 1738.0 2565.0 2488.0 2702.0 2198.0 3270.0 1802.0 2386.0 2983.0 2768.0 2462.0 2403.0 2735.0 2165.0 3080.0 2911.0 2416.0 2743.0 2551.0 0 1114.0 2596.0 1656.0 3097.0 
2569.0 1648.0 2300.0 2487.0 2256.0 2199.0 2172.0 1985.0 2065.0 1833.0 2069.0 2433.0 2934.0 2369.0 2440.0 2267.0 3057.0 2396.0 1757.0 2639.0 2291.0 2928.0 2436.0 1127.0 2446.0 2131.0 1454.0 2082.0 2632.0 2365.0 1289.0 2089.0 1051.0 2706.0 2384.0 1578.0 2081.0 2442.0 1114.0 0 2339.0 1010.0 2296.0 
2801.0 1004.0 2619.0 2259.0 1700.0 2779.0 3027.0 2560.0 3234.0 3435.0 2520.0 2524.0 2352.0 2495.0 2759.0 1972.0 3001.0 1851.0 2469.0 2447.0 1607.0 2427.0 2359.0 2663.0 2935.0 1280.0 2626.0 2461.0 1542.0 2297.0 1778.0 2408.0 2256.0 1588.0 2808.0 2385.0 2750.0 2673.0 2596.0 2339.0 0 1329.0 2790.0 
2296.0 2333.0 1290.0 2203.0 2855.0 2515.0 2714.0 1231.0 2456.0 2790.0 1191.0 2779.0 3162.0 2034.0 1430.0 2288.0 2605.0 2561.0 2767.0 2515.0 2706.0 2510.0 2311.0 1334.0 2381.0 1535.0 2464.0 2645.0 2404.0 2274.0 2299.0 1079.0 1623.0 2540.0 1555.0 1804.0 2560.0 1594.0 1656.0 1010.0 1329.0 0 2151.0 
1250.0 2880.0 2256.0 2494.0 2818.0 1392.0 2824.0 2297.0 2346.0 2710.0 2325.0 2832.0 1374.0 2879.0 1249.0 2310.0 2424.0 2408.0 2881.0 2523.0 1909.0 2596.0 3065.0 2698.0 2992.0 2412.0 2043.0 2338.0 2444.0 2679.0 2475.0 1072.0 1332.0 2533.0 2312.0 2473.0 2337.0 1211.0 3097.0 2296.0 2790.0 2151.0 0 
