51
a0 a2 a5 a6 a7 a8 b1 b2 b3 b5 b7 b8 c0 c1 c2 c6 c7 c8 d1 d2 d3 d5 d7 d8 d9 e0 e1 e2 f0 f2 f3 f5 g0 g4 g5 g7 h0 h3 h4 h5 h7 h8 h9 j0 j3 j5 j6 j7 k0 k2 d6
0 2.27 2.13 2.3600000000000003 2.18 1.74 2.3 1.95 2.45 1.57 1.85 1.02 1.43 2.55 1.7 2.35 2.5 2.31 1.46 2.3 2.33 2.5999999999999996 1.58 2.24 1.1 2.5 2.0700000000000003 2.4000000000000004 2.08 2.61 2.38 2.2800000000000002 1.84 2.63 2.19 2.29 2.25 1.72 1.05 1.35 2.25 2.5300000000000002 2.18 1.75 2.51 2.2199999999999998 1.26 1.89 2.12 2.13 1.24 
2.27 0 1.08 2.29 2.3600000000000003 2.27 2.3200000000000003 2.25 2.35 1.6 2.1799999999999997 2.54 2.39 2.36 2.18 2.1500000000000004 2.1100000000000003 1.99 2.09 1.35 2.29 2.48 1.89 2.2800000000000002 1.28 1.42 2.35 2.14 2.23 2.1100000000000003 1.06 2.39 1.88 1.12 1.62 1.65 2.5700000000000003 1.17 2.3600000000000003 1.18 1.39 2.17 1.02 2.1100000000000003 2.12 2.05 2.08 1.65 1.09 1.16 1.03 
2.13 1.08 0 1.46 2.19 1.19 2.1 2.56 2.41 1.16 1.85 2.3 1.34 1.95 1.41 1.39 2.65 1.96 1.04 1.45 1.28 2.2199999999999998 2.17 1.96 2.33 1.14 1.7 1.06 2.16 2.19 1.32 1.97 1.06 2.14 1.72 2.4 2.36 2.21 2.4299999999999997 2.26 2.27 2.1100000000000003 2.1 1.89 2.27 1.27 2.2 2.1799999999999997 2.17 2.24 1.83 
2.3600000000000003 2.29 1.46 0 1.9 2.58 2.12 2.2 1.57 2.25 2.46 1.4 2.4400000000000004 1.03 2.29 1.13 1.65 1.16 1.27 1.41 2.46 2.17 2.37 1.17 2.3899999999999997 2.21 2.44 1.76 2.2800000000000002 2.15 1.98 2.44 2.2199999999999998 2.16 2.41 2.6399999999999997 1.4 2.83 1.31 2.48 1.9 1.81 2.34 1.31 1.64 2.13 1.9 2.41 1.2 2.1799999999999997 2.63 
2.18 2.3600000000000003 2.19 1.9 0 2.13 2.3 1.37 1.83 2.0300000000000002 1.15 2.09 1.18 2.24 2.27 1.71 2.48 2.41 1.86 2.1 2.21 2.08 2.19 1.51 1.08 2.4699999999999998 1.26 1.13 2.49 2.09 2.34 2.28 2.28 2.5 2.3 1.52 2.21 2.04 2.26 1.8 1.35 2.41 2.1500000000000004 2.1399999999999997 1.05 2.18 2.12 2.21 1.86 2.58 1.33 
1.74 2.27 1.19 2.58 2.13 0 2.58 2.21 1.29 2.3499999999999996 1.47 1.27 2.26 2.15 2.05 2.5 1.46 2.5 2.23 2.13 2.4699999999999998 1.22 2.2699999999999996 1.68 2.34 1.59 1.14 1.49 2.41 2.3 1.64 2.2 1.69 2.52 1.47 2.32 1.18 2.87 1.33 2.3899999999999997 2.23 2.34 1.65 2.3899999999999997 1.08 1.23 2.35 2.29 1.88 1.82 1.69 
2.3 2.3200000000000003 2.1 2.12 2.3 2.58 0 1.36 2.0700000000000003 2.21 2.23 2.44 2.3 1.09 1.67 2.05 2.23 1.35 2.1799999999999997 2.2 1.02 2.2199999999999998 2.3600000000000003 2.39 1.44 2.24 2.3499999999999996 1.76 1.22 1.03 1.92 1.72 2.2199999999999998 1.26 2.14 2.54 2.33 2.21 1.25 1.15 1.79 1.5 1.31 2.4000000000000004 2.23 1.5 2.09 2.21 2.3600000000000003 1.69 1.49 
1.95 2.25 2.56 2.2 1.37 2.21 1.36 0 2.13 2.12 1.34 2.49 1.59 2.34 2.26 2.16 1.52 1.79 2.1100000000000003 2.33 1.37 1.25 2.1799999999999997 1.03 1.63 2.17 1.44 2.3099999999999996 1.15 2.33 2.27 1.23 2.1799999999999997 1.13 2.34 2.2 1.03 1.22 1.82 1.85 2.26 1.04 2.16 2.1799999999999997 2.3 2.26 1.04 2.3899999999999997 1.39 2.05 1.95 
2.45 2.35 2.41 1.57 1.83 1.29 2.0700000000000003 2.13 0 1.25 2.09 1.89 1.66 2.4699999999999998 2.4 2.06 2.37 1.22 1.89 1.82 1.31 2.29 2.26 1.1 1.35 2.2800000000000002 2.4299999999999997 1.92 2.5300000000000002 1.04 2.09 1.82 2.23 1.23 2.1500000000000004 1.07 2.34 2.2199999999999998 2.56 1.86 2.26 1.21 1.95 1.24 1.84 1.49 1.21 1.48 2.37 2.2199999999999998 2.26 
1.57 1.6 1.16 2.25 2.0300000000000002 2.3499999999999996 2.21 2.12 1.25 0 1.74 2.46 1.28 2.29 1.48 2.1100000000000003 2.14 2.19 1.15 2.38 2.44 2.17 1.01 2.17 1.91 1.03 2.1399999999999997 2.2 1.92 1.18 2.19 2.12 1.34 1.81 2.2199999999999998 1.25 2.1799999999999997 1.14 2.45 1.58 2.4 2.04 2.2199999999999998 1.25 1.96 1.85 1.86 2.14 2.08 1.09 2.5 
1.85 2.1799999999999997 1.85 2.46 1.15 1.47 2.23 1.34 2.09 1.74 0 1.49 2.28 1.79 2.76 1.93 2.4699999999999998 1.75 2.2 1.25 1.6 2.24 2.3200000000000003 2.37 2.23 2.2199999999999998 2.1 2.28 2.49 1.61 2.24 1.13 1.16 1.88 1.43 1.65 1.06 2.48 1.39 2.67 2.5 2.17 1.38 1.49 1.61 2.12 2.2 1.06 2.48 2.39 1.15 
1.02 2.54 2.3 1.4 2.09 1.27 2.44 2.49 1.89 2.46 1.49 0 2.29 1.53 2.24 2.53 1.99 2.41 1.42 1.28 1.49 2.49 1.45 2.46 2.12 2.49 1.05 2.3200000000000003 1.91 1.95 1.63 1.52 1.84 2.46 1.17 1.82 2.09 2.74 2.0700000000000003 1.77 1.37 2.3899999999999997 1.59 2.0 1.58 2.1500000000000004 2.2800000000000002 2.44 1.7 1.38 2.26 
1.43 2.39 1.34 2.4400000000000004 1.18 2.26 2.3 1.59 1.66 1.28 2.28 2.29 0 2.13 2.24 2.3 2.46 2.4299999999999997 2.1399999999999997 1.77 1.28 1.17 1.01 1.7 2.26 1.47 1.94 1.55 2.4699999999999998 2.29 1.79 1.15 1.22 2.63 2.2 2.38 2.41 1.53 2.4299999999999997 2.19 1.12 1.6 1.37 2.29 1.39 1.03 2.27 1.23 2.46 2.37 2.05 
2.55 2.36 1.95 1.03 2.24 2.15 1.09 2.34 2.4699999999999998 2.29 1.79 1.53 2.13 0 2.63 2.16 2.43 1.5 1.75 1.12 1.43 1.87 2.4699999999999998 2.08 2.21 1.83 2.21 2.09 2.2800000000000002 1.67 2.6500000000000004 2.0700000000000003 2.24 1.51 2.34 2.19 2.3099999999999996 1.8 1.93 1.59 1.73 1.58 1.92 2.26 1.58 1.1 1.88 2.16 2.23 1.2 2.12 
1.7 2.18 1.41 2.29 2.27 2.05 1.67 2.26 2.4 1.48 2.76 2.24 2.24 2.63 0 2.2800000000000002 2.49 2.54 1.76 1.77 2.35 1.07 2.23 1.86 2.4699999999999998 2.3200000000000003 1.4 1.27 1.3 2.24 2.3200000000000003 1.85 2.23 1.59 1.68 2.67 1.76 2.6100000000000003 2.41 2.39 1.85 1.61 1.92 2.2 2.12 2.33 1.6 2.2800000000000002 1.09 2.49 2.23 
2.35 2.1500000000000004 1.39 1.13 1.71 2.5 2.05 2.16 2.06 2.1100000000000003 1.93 2.53 2.3 2.16 2.2800000000000002 0 2.5 2.29 1.62 2.4299999999999997 2.09 2.27 2.35 2.3 2.31 1.08 2.2 1.01 1.87 1.02 2.0700000000000003 1.67 2.16 1.03 1.72 2.48 2.3200000000000003 1.77 1.68 2.33 2.24 1.32 2.26 1.36 2.12 2.51 1.74 1.51 2.33 1.35 2.43 
2.5 2.1100000000000003 2.65 1.65 2.48 1.46 2.23 1.52 2.37 2.14 2.4699999999999998 1.99 2.46 2.43 2.49 2.5 0 1.69 2.16 1.86 2.3600000000000003 1.45 2.29 2.23 1.4 1.93 2.5999999999999996 2.3499999999999996 2.5700000000000003 1.48 2.34 2.2 2.19 2.65 1.32 2.41 2.34 2.3600000000000003 2.21 1.49 2.24 2.1 1.09 2.18 2.1900000000000004 2.3 2.2 2.06 2.23 1.74 2.6500000000000004 
2.31 1.99 1.96 1.16 2.41 2.5 1.35 1.79 1.22 2.19 1.75 2.41 2.4299999999999997 1.5 2.54 2.29 1.69 0 1.49 2.45 2.3600000000000003 1.75 2.26 2.3200000000000003 1.64 1.47 1.36 1.28 1.77 2.26 2.7800000000000002 1.28 2.4299999999999997 2.14 2.48 1.48 2.38 1.86 2.4699999999999998 1.32 1.4 1.68 2.3499999999999996 2.29 2.6399999999999997 2.3499999999999996 2.27 2.34 1.75 2.26 1.47 
1.46 2.09 1.04 1.27 1.86 2.23 2.1799999999999997 2.1100000000000003 1.89 1.15 2.2 1.42 2.1399999999999997 1.75 1.76 1.62 2.16 1.49 0 2.3200000000000003 1.7 1.43 1.13 2.24 2.1500000000000004 1.57 2.26 2.1 2.2199999999999998 1.15 1.35 2.23 1.83 1.63 2.26 2.23 2.45 2.2300000000000004 1.39 2.51 2.2199999999999998 1.07 1.07 2.16 2.17 2.17 2.38 1.14 2.24 1.2 2.3499999999999996 
2.3 1.35 1.45 1.41 2.1 2.13 2.2 2.33 1.82 2.38 1.25 1.28 1.77 1.12 1.77 2.4299999999999997 1.86 2.45 2.3200000000000003 0 1.18 1.65 1.55 1.63 2.52 2.48 2.33 1.69 1.63 1.5 1.7 2.19 2.41 2.04 2.21 1.87 1.44 2.35 2.2800000000000002 2.5300000000000002 2.2199999999999998 1.98 2.13 1.72 1.05 2.22 1.94 1.38 2.1799999999999997 1.72 2.38 
2.33 2.29 1.28 2.46 2.21 2.4699999999999998 1.02 1.37 1.31 2.44 1.6 1.49 1.28 1.43 2.35 2.09 2.3600000000000003 2.3600000000000003 1.7 1.18 0 1.52 2.29 2.4000000000000004 2.21 2.42 2.43 1.08 1.94 1.71 2.6 1.49 2.21 2.2800000000000002 2.3200000000000003 1.96 1.58 2.08 2.27 2.17 1.58 2.3899999999999997 1.27 2.09 2.23 1.71 1.07 1.73 1.98 1.57 2.12 
2.5999999999999996 2.48 2.2199999999999998 2.17 2.08 1.22 2.2199999999999998 1.25 2.29 2.17 2.24 2.49 1.17 1.87 1.07 2.27 1.45 1.75 1.43 1.65 1.52 0 2.17 1.83 1.56 2.5300000000000002 2.26 1.52 2.37 1.25 2.24 1.91 1.16 2.3 2.3600000000000003 1.71 1.24 1.65 2.25 1.32 2.29 2.13 1.65 2.3200000000000003 1.05 2.2 1.41 1.21 2.16 2.05 1.75 
1.58 1.89 2.17 2.37 2.19 2.2699999999999996 2.3600000000000003 2.1799999999999997 2.26 1.01 2.3200000000000003 1.45 1.01 2.4699999999999998 2.23 2.35 2.29 2.26 1.13 1.55 2.29 2.17 0 2.14 2.4 1.52 1.13 2.27 2.23 1.33 2.34 1.82 2.23 1.62 1.29 2.24 2.17 2.15 2.35 2.3200000000000003 1.54 2.17 1.81 1.28 2.4 2.04 1.26 1.26 1.6 2.1 2.31 
2.24 2.2800000000000002 1.96 1.17 1.51 1.68 2.39 1.03 1.1 2.17 2.37 2.46 1.7 2.08 1.86 2.3 2.23 2.3200000000000003 2.24 1.63 2.4000000000000004 1.83 2.14 0 1.35 2.31 1.87 1.46 2.1799999999999997 2.14 2.32 2.13 2.61 2.16 2.41 2.17 2.06 1.83 2.27 1.34 1.33 1.54 1.69 1.5 1.72 2.2199999999999998 2.0700000000000003 2.48 1.81 1.12 2.55 
1.1 1.28 2.33 2.3899999999999997 1.08 2.34 1.44 1.63 1.35 1.91 2.23 2.12 2.26 2.21 2.4699999999999998 2.31 1.4 1.64 2.1500000000000004 2.52 2.21 1.56 2.4 1.35 0 1.4 2.34 1.3 1.47 2.2800000000000002 2.34 2.26 2.28 1.56 2.36 1.26 1.78 2.15 2.1500000000000004 1.63 2.23 2.42 1.08 1.62 1.47 2.49 1.14 2.09 2.25 2.41 2.19 
2.5 1.42 1.14 2.21 2.4699999999999998 1.59 2.24 2.17 2.2800000000000002 1.03 2.2199999999999998 2.49 1.47 1.83 2.3200000000000003 1.08 1.93 1.47 1.57 2.48 2.42 2.5300000000000002 1.52 2.31 1.4 0 1.6 2.09 1.02 2.1 2.4299999999999997 1.09 2.2 2.1100000000000003 2.57 2.2800000000000002 1.33 2.17 1.45 1.25 2.44 2.34 2.33 2.2800000000000002 1.55 1.86 2.54 1.32 2.3200000000000003 1.64 2.45 
2.0700000000000003 2.35 1.7 2.44 1.26 1.14 2.3499999999999996 1.44 2.4299999999999997 2.1399999999999997 2.1 1.05 1.94 2.21 1.4 2.2 2.5999999999999996 1.36 2.26 2.33 2.43 2.26 1.13 1.87 2.34 1.6 0 2.25 2.31 1.5 2.18 1.86 1.1 2.57 2.2199999999999998 1.54 1.04 2.37 2.33 2.5999999999999996 1.25 2.46 2.4 2.41 2.2199999999999998 1.67 1.36 1.49 1.26 2.3600000000000003 1.51 
2.4000000000000004 2.14 1.06 1.76 1.13 1.49 1.76 2.3099999999999996 1.92 2.2 2.28 2.3200000000000003 1.55 2.09 1.27 1.01 2.3499999999999996 1.28 2.1 1.69 1.08 1.52 2.27 1.46 1.3 2.09 2.25 0 2.13 2.0300000000000002 2.23 1.37 1.15 2.04 1.24 1.5 2.3499999999999996 2.24 2.49 2.6 1.97 2.1 2.1 1.01 2.1799999999999997 2.3099999999999996 2.1500000000000004 2.52 1.43 2.23 1.5 
2.08 2.23 2.16 2.2800000000000002 2.49 2.41 1.22 1.15 2.5300000000000002 1.92 2.49 1.91 2.4699999999999998 2.2800000000000002 1.3 1.87 2.5700000000000003 1.77 2.2199999999999998 1.63 1.94 2.37 2.23 2.1799999999999997 1.47 1.02 2.31 2.13 0 2.25 2.4000000000000004 2.1100000000000003 1.54 2.1500000000000004 2.3600000000000003 2.45 2.1799999999999997 2.32 2.4699999999999998 1.78 1.78 1.32 2.43 2.52 2.49 2.59 1.86 2.33 2.14 1.74 2.4000000000000004 
2.61 2.1100000000000003 2.19 2.15 2.09 2.3 1.03 2.33 1.04 1.18 1.61 1.95 2.29 1.67 2.24 1.02 1.48 2.26 1.15 1.5 1.71 1.25 1.33 2.14 2.2800000000000002 2.1 1.5 2.0300000000000002 2.25 0 1.05 1.83 1.19 1.86 1.11 2.1100000000000003 1.3 1.25 2.23 2.1799999999999997 1.22 2.16 2.2199999999999998 2.25 1.22 2.1500000000000004 2.1399999999999997 2.29 1.33 1.39 2.52 
2.38 1.06 1.32 1.98 2.34 1.64 1.92 2.27 2.09 2.19 2.24 1.63 1.79 2.6500000000000004 2.3200000000000003 2.0700000000000003 2.34 2.7800000000000002 1.35 1.7 2.6 2.24 2.34 2.32 2.34 2.4299999999999997 2.18 2.23 2.4000000000000004 1.05 0 2.3499999999999996 1.08 1.2 1.05 1.98 1.51 2.23 2.4699999999999998 1.5 1.4 1.39 2.08 2.2199999999999998 1.51 2.29 2.2199999999999998 2.49 1.23 2.2199999999999998 2.09 
2.2800000000000002 2.39 1.97 2.44 2.28 2.2 1.72 1.23 1.82 2.12 1.13 1.52 1.15 2.0700000000000003 1.85 1.67 2.2 1.28 2.23 2.19 1.49 1.91 1.82 2.13 2.26 1.09 1.86 1.37 2.1100000000000003 1.83 2.3499999999999996 0 2.29 1.53 2.5599999999999996 1.57 2.19 2.45 1.37 1.54 2.26 2.21 2.43 2.23 2.5300000000000002 1.85 2.27 2.19 1.95 2.23 2.28 
1.84 1.88 1.06 2.2199999999999998 2.28 1.69 2.2199999999999998 2.1799999999999997 2.23 1.34 1.16 1.84 1.22 2.24 2.23 2.16 2.19 2.4299999999999997 1.83 2.41 2.21 1.16 2.23 2.61 2.28 2.2 1.1 1.15 1.54 1.19 1.08 2.29 0 2.09 1.84 1.7 1.82 2.15 2.32 2.48 2.34 2.4699999999999998 1.99 1.84 2.21 1.78 1.14 2.17 1.43 2.43 2.19 
2.63 1.12 2.14 2.16 2.5 2.52 1.26 1.13 1.23 1.81 1.88 2.46 2.63 1.51 1.59 1.03 2.65 2.14 1.63 2.04 2.2800000000000002 2.3 1.62 2.16 1.56 2.1100000000000003 2.57 2.04 2.1500000000000004 1.86 1.2 1.53 2.09 0 1.75 2.3 1.67 1.63 1.58 2.3 2.2 2.09 2.1100000000000003 2.39 2.44 1.82 1.44 1.63 1.39 1.08 2.1500000000000004 
2.19 1.62 1.72 2.41 2.3 1.47 2.14 2.34 2.1500000000000004 2.2199999999999998 1.43 1.17 2.2 2.34 1.68 1.72 1.32 2.48 2.26 2.21 2.3200000000000003 2.3600000000000003 1.29 2.41 2.36 2.57 2.2199999999999998 1.24 2.3600000000000003 1.11 1.05 2.5599999999999996 1.84 1.75 0 1.23 1.96 2.3600000000000003 2.58 2.4 1.08 2.3899999999999997 2.23 2.25 2.33 1.24 2.2 2.3 1.43 2.5 2.26 
2.29 1.65 2.4 2.6399999999999997 1.52 2.32 2.54 2.2 1.07 1.25 1.65 1.82 2.38 2.19 2.67 2.48 2.41 1.48 2.23 1.87 1.96 1.71 2.24 2.17 1.26 2.2800000000000002 1.54 1.5 2.45 2.1100000000000003 1.98 1.57 1.7 2.3 1.23 0 2.36 2.3899999999999997 2.63 1.51 2.31 1.16 1.93 1.85 1.98 2.33 2.25 1.37 2.44 2.17 2.6799999999999997 
2.25 2.5700000000000003 2.36 1.4 2.21 1.18 2.33 1.03 2.34 2.1799999999999997 1.06 2.09 2.41 2.3099999999999996 1.76 2.3200000000000003 2.34 2.38 2.45 1.44 1.58 1.24 2.17 2.06 1.78 1.33 1.04 2.3499999999999996 2.1799999999999997 1.3 1.51 2.19 1.82 1.67 1.96 2.36 0 2.25 1.91 2.56 2.29 1.68 1.77 2.2199999999999998 2.26 2.29 2.0700000000000003 2.12 2.23 1.98 2.21 
1.72 1.17 2.21 2.83 2.04 2.87 2.21 1.22 2.2199999999999998 1.14 2.48 2.74 1.53 1.8 2.6100000000000003 1.77 2.3600000000000003 1.86 2.2300000000000004 2.35 2.08 1.65 2.15 1.83 2.15 2.17 2.37 2.24 2.32 1.25 2.23 2.45 2.15 1.63 2.3600000000000003 2.3899999999999997 2.25 0 2.3600000000000003 2.31 2.4699999999999998 1.28 2.18 2.3600000000000003 2.4699999999999998 1.66 1.01 1.74 2.25 1.79 2.06 
1.05 2.3600000000000003 2.4299999999999997 1.31 2.26 1.33 1.25 1.82 2.56 2.45 1.39 2.0700000000000003 2.4299999999999997 1.93 2.41 1.68 2.21 2.4699999999999998 1.39 2.2800000000000002 2.27 2.25 2.35 2.27 2.1500000000000004 1.45 2.33 2.49 2.4699999999999998 2.23 2.4699999999999998 1.37 2.32 1.58 2.58 2.63 1.91 2.3600000000000003 0 1.52 1.87 2.4299999999999997 1.51 2.42 1.69 1.52 1.35 1.26 1.71 2.26 1.33 
1.35 1.18 2.26 2.48 1.8 2.3899999999999997 1.15 1.85 1.86 1.58 2.67 1.77 2.19 1.59 2.39 2.33 1.49 1.32 2.51 2.5300000000000002 2.17 1.32 2.3200000000000003 1.34 1.63 1.25 2.5999999999999996 2.6 1.78 2.1799999999999997 1.5 1.54 2.48 2.3 2.4 1.51 2.56 2.31 1.52 0 1.43 1.57 1.44 2.5300000000000002 2.37 1.16 1.85 2.2199999999999998 1.86 2.34 2.1799999999999997 
2.25 1.39 2.27 1.9 1.35 2.23 1.79 2.26 2.26 2.4 2.5 1.37 1.12 1.73 1.85 2.24 2.24 1.4 2.2199999999999998 2.2199999999999998 1.58 2.29 1.54 1.33 2.23 2.44 1.25 1.97 1.78 1.22 1.4 2.26 2.34 2.2 1.08 2.31 2.29 2.4699999999999998 1.87 1.43 0 2.52 1.15 2.24 2.25 1.0 2.41 1.97 2.32 2.45 2.02 
2.5300000000000002 2.17 2.1100000000000003 1.81 2.41 2.34 1.5 1.04 1.21 2.04 2.17 2.3899999999999997 1.6 1.58 1.61 1.32 2.1 1.68 1.07 1.98 2.3899999999999997 2.13 2.17 1.54 2.42 2.34 2.46 2.1 1.32 2.16 1.39 2.21 2.4699999999999998 2.09 2.3899999999999997 1.16 1.68 1.28 2.4299999999999997 1.57 2.52 0 2.14 2.42 1.59 2.5 2.08 2.21 2.4299999999999997 1.01 1.73 
2.18 1.02 2.1 2.34 2.1500000000000004 1.65 1.31 2.16 1.95 2.2199999999999998 1.38 1.59 1.37 1.92 1.92 2.26 1.09 2.3499999999999996 1.07 2.13 1.27 1.65 1.81 1.69 1.08 2.33 2.4 2.1 2.43 2.2199999999999998 2.08 2.43 1.99 2.1100000000000003 2.23 1.93 1.77 2.18 1.51 1.44 1.15 2.14 0 1.09 1.1 2.0700000000000003 1.98 1.01 1.17 2.1799999999999997 2.05 
1.75 2.1100000000000003 1.89 1.31 2.1399999999999997 2.3899999999999997 2.4000000000000004 2.1799999999999997 1.24 1.25 1.49 2.0 2.29 2.26 2.2 1.36 2.18 2.29 2.16 1.72 2.09 2.3200000000000003 1.28 1.5 1.62 2.2800000000000002 2.41 1.01 2.52 2.25 2.2199999999999998 2.23 1.84 2.39 2.25 1.85 2.2199999999999998 2.3600000000000003 2.42 2.5300000000000002 2.24 2.42 1.09 0 1.7 2.1799999999999997 2.39 2.1 1.51 2.1 2.51 
2.51 2.12 2.27 1.64 1.05 1.08 2.23 2.3 1.84 1.96 1.61 1.58 1.39 1.58 2.12 2.12 2.1900000000000004 2.6399999999999997 2.17 1.05 2.23 1.05 2.4 1.72 1.47 1.55 2.2199999999999998 2.1799999999999997 2.49 1.22 1.51 2.5300000000000002 2.21 2.44 2.33 1.98 2.26 2.4699999999999998 1.69 2.37 2.25 1.59 1.1 1.7 0 2.31 2.2 2.1100000000000003 1.13 2.5700000000000003 2.0700000000000003 
2.2199999999999998 2.05 1.27 2.13 2.18 1.23 1.5 2.26 1.49 1.85 2.12 2.1500000000000004 1.03 1.1 2.33 2.51 2.3 2.3499999999999996 2.17 2.22 1.71 2.2 2.04 2.2199999999999998 2.49 1.86 1.67 2.3099999999999996 2.59 2.1500000000000004 2.29 1.85 1.78 1.82 1.24 2.33 2.29 1.66 1.52 1.16 1.0 2.5 2.0700000000000003 2.1799999999999997 2.31 0 2.0700000000000003 1.06 2.19 2.1799999999999997 1.02 
1.26 2.08 2.2 1.9 2.12 2.35 2.09 1.04 1.21 1.86 2.2 2.2800000000000002 2.27 1.88 1.6 1.74 2.2 2.27 2.38 1.94 1.07 1.41 1.26 2.0700000000000003 1.14 2.54 1.36 2.1500000000000004 1.86 2.1399999999999997 2.2199999999999998 2.27 1.14 1.44 2.2 2.25 2.0700000000000003 1.01 1.35 1.85 2.41 2.08 1.98 2.39 2.2 2.0700000000000003 0 2.17 1.24 2.2699999999999996 1.05 
1.89 1.65 2.1799999999999997 2.41 2.21 2.29 2.21 2.3899999999999997 1.48 2.14 1.06 2.44 1.23 2.16 2.2800000000000002 1.51 2.06 2.34 1.14 1.38 1.73 1.21 1.26 2.48 2.09 1.32 1.49 2.52 2.33 2.29 2.49 2.19 2.17 1.63 2.3 1.37 2.12 1.74 1.26 2.2199999999999998 1.97 2.21 1.01 2.1 2.1100000000000003 1.06 2.17 0 2.1799999999999997 2.34 2.08 
2.12 1.09 2.17 1.2 1.86 1.88 2.3600000000000003 1.39 2.37 2.08 2.48 1.7 2.46 2.23 1.09 2.33 2.23 1.75 2.24 2.1799999999999997 1.98 2.16 1.6 1.81 2.25 2.3200000000000003 1.26 1.43 2.14 1.33 1.23 1.95 1.43 1.39 1.43 2.44 2.23 2.25 1.71 1.86 2.32 2.4299999999999997 1.17 1.51 1.13 2.19 1.24 2.1799999999999997 0 2.1100000000000003 1.74 
2.13 1.16 2.24 2.1799999999999997 2.58 1.82 1.69 2.05 2.2199999999999998 1.09 2.39 1.38 2.37 1.2 2.49 1.35 1.74 2.26 1.2 1.72 1.57 2.05 2.1 1.12 2.41 1.64 2.3600000000000003 2.23 1.74 1.39 2.2199999999999998 2.23 2.43 1.08 2.5 2.17 1.98 1.79 2.26 2.34 2.45 1.01 2.1799999999999997 2.1 2.5700000000000003 2.1799999999999997 2.2699999999999996 2.34 2.1100000000000003 0 2.19 
1.24 1.03 1.83 2.63 1.33 1.69 1.49 1.95 2.26 2.5 1.15 2.26 2.05 2.12 2.23 2.43 2.6500000000000004 1.47 2.3499999999999996 2.38 2.12 1.75 2.31 2.55 2.19 2.45 1.51 1.5 2.4000000000000004 2.52 2.09 2.28 2.19 2.1500000000000004 2.26 2.6799999999999997 2.21 2.06 1.33 2.1799999999999997 2.02 1.73 2.05 2.51 2.0700000000000003 1.02 1.05 2.08 1.74 2.19 0 
