99
a0 a1 a5 a6 a8 a9 b0 b3 b8 b9 c0 c2 c3 c5 c9 d0 d3 d4 d5 e1 e2 e3 e6 e9 f1 f4 f5 f6 f7 g0 g2 g6 g8 g9 h1 h4 h7 h8 h9 j0 j1 j2 j3 j4 j5 j8 j9 k0 k2 k4 k7 k8 k9 z3 z8 z9 x1 x5 x7 x9 v0 v1 v4 v6 n2 n3 n5 n6 n7 n8 m4 m8 l0 l2 l4 l5 l6 l7 l8 q0 q1 q3 q4 q6 q7 q8 w1 w2 w3 w8 w9 r1 r2 r3 r4 r7 r8 y0 m6
0 1.9 1.46 1.94 1.42 2.35 2.12 1.44 1.12 2.1 1.1 2.3099999999999996 1.21 1.75 1.52 1.27 1.77 2.32 2.15 2.19 2.06 2.16 1.54 1.81 2.1799999999999997 1.67 2.17 2.25 1.09 2.41 2.09 1.68 2.28 2.2 1.32 1.76 1.52 2.14 1.34 1.71 2.08 1.52 1.97 1.13 1.25 1.79 2.1799999999999997 2.14 2.09 2.1 1.28 1.72 2.0 1.9 2.23 1.73 1.31 1.24 2.13 1.84 2.06 1.62 1.29 1.83 2.0700000000000003 1.85 1.84 1.58 1.06 2.1500000000000004 1.91 1.19 1.9 1.75 1.42 2.18 1.63 2.26 1.91 1.23 1.17 2.15 2.1 1.68 2.12 1.24 2.16 1.89 2.43 1.65 2.1399999999999997 1.14 1.3 1.38 2.1399999999999997 1.27 1.12 1.06 1.85 
1.9 0 2.12 1.62 2.09 1.25 2.1500000000000004 2.15 2.37 2.12 2.09 1.44 2.1500000000000004 1.15 2.33 1.54 1.72 2.2199999999999998 2.16 2.25 1.86 1.05 2.2199999999999998 1.13 1.12 2.12 2.19 1.43 2.12 1.92 2.1 1.3 1.82 2.21 2.3200000000000003 1.88 1.03 2.24 1.18 2.16 1.65 1.41 2.26 2.13 2.1 2.1900000000000004 1.57 2.04 2.12 1.47 1.72 1.88 1.39 1.13 1.24 1.47 2.0700000000000003 2.0300000000000002 2.23 2.06 2.04 2.29 1.28 1.78 2.1 1.11 2.27 2.25 1.09 1.95 1.56 2.08 2.02 1.77 1.35 1.61 1.21 1.42 1.3 1.02 1.41 1.52 2.04 1.22 1.48 2.2199999999999998 1.98 2.01 1.27 1.43 1.12 1.19 1.8 2.19 2.19 2.12 2.25 1.95 1.56 
1.46 2.12 0 2.02 2.0700000000000003 2.17 2.29 1.21 1.61 2.1500000000000004 1.28 2.06 1.19 1.41 2.08 2.08 1.44 1.03 2.12 2.14 1.85 2.2800000000000002 2.15 1.44 1.79 2.23 1.01 1.35 1.69 1.03 2.16 2.06 2.2199999999999998 2.09 1.74 1.81 1.43 1.76 1.69 2.12 1.01 2.12 2.1399999999999997 1.97 2.1500000000000004 2.22 1.86 2.06 2.12 2.01 1.63 1.22 2.38 2.27 2.1100000000000003 1.01 1.85 2.3 1.08 2.06 1.52 1.63 2.04 1.66 2.2 1.11 2.2 1.79 1.76 1.36 1.65 2.08 2.08 1.29 1.68 1.0 1.7 2.19 1.21 2.1799999999999997 2.0 1.18 1.25 2.1 2.1100000000000003 1.35 2.05 2.18 1.28 1.36 1.68 1.32 1.08 2.12 2.18 1.49 2.12 1.39 1.64 
1.94 1.62 2.02 0 2.0700000000000003 1.21 1.66 2.1100000000000003 2.34 2.12 2.1500000000000004 2.35 1.95 2.13 1.21 1.52 1.81 2.25 1.82 1.94 2.13 2.24 2.18 1.54 1.79 2.12 2.24 2.23 2.06 1.47 1.71 2.21 2.23 2.27 2.17 1.34 2.16 2.25 2.35 1.33 1.24 2.12 1.61 1.76 1.81 1.91 2.02 1.49 2.2 1.32 1.83 1.79 2.38 1.9 1.83 1.85 2.26 2.0300000000000002 1.02 2.16 1.47 2.1 1.4 1.47 1.72 2.16 2.21 1.17 2.01 1.77 1.77 2.32 1.54 1.39 2.21 1.76 2.26 2.13 1.83 2.23 1.82 2.23 2.31 1.26 1.55 2.25 1.32 1.61 1.46 1.44 2.1500000000000004 1.44 2.27 1.91 1.44 1.62 1.28 1.04 1.08 
1.42 2.09 2.0700000000000003 2.0700000000000003 0 2.41 1.22 2.1500000000000004 2.29 1.87 1.54 2.19 1.11 2.19 2.13 1.74 2.12 1.92 2.14 1.77 2.04 1.84 1.23 2.08 1.25 2.13 1.13 2.13 2.13 1.38 2.0300000000000002 2.23 2.13 2.08 2.2800000000000002 2.2 2.1 2.05 1.57 2.1100000000000003 2.24 1.18 2.2800000000000002 1.15 2.3099999999999996 1.52 1.31 2.31 1.51 2.12 1.48 1.26 1.65 1.8 1.91 2.08 1.63 1.95 2.25 1.91 1.14 1.25 1.54 1.57 2.01 1.61 2.2 1.47 1.0 1.51 1.63 1.17 2.27 1.36 1.85 2.08 1.2 2.15 2.28 1.22 1.49 1.53 2.04 1.67 1.69 2.1399999999999997 2.04 2.16 2.37 1.46 1.71 1.02 2.1799999999999997 1.56 1.97 1.71 2.12 2.1799999999999997 2.13 
2.35 1.25 2.17 1.21 2.41 0 1.28 1.27 2.09 1.46 1.61 1.97 2.1 2.4 2.2 1.39 2.26 1.53 1.48 2.25 1.96 1.03 1.37 2.18 2.1500000000000004 2.2800000000000002 1.48 1.81 2.1 2.23 1.16 2.16 1.95 1.88 1.29 1.42 2.06 2.29 1.82 1.78 1.38 2.06 1.61 2.3 2.17 2.21 1.59 2.3600000000000003 1.97 2.25 2.0700000000000003 1.2 2.16 1.79 1.6 2.24 2.1799999999999997 1.84 1.67 1.39 1.81 2.1799999999999997 1.3 2.08 1.98 2.29 2.37 1.69 1.93 2.25 1.12 2.2 1.84 2.39 1.29 2.09 1.92 1.48 2.25 1.58 2.08 1.81 1.95 2.12 1.68 1.58 1.96 1.41 1.53 1.85 1.64 2.2 2.23 2.05 2.05 1.55 2.3 1.81 2.29 
2.12 2.1500000000000004 2.29 1.66 1.22 1.28 0 2.3 1.14 2.43 2.05 2.33 1.14 2.42 2.08 2.0 2.46 1.72 1.89 1.51 2.12 1.9 2.05 1.82 2.06 1.05 1.76 1.1 1.28 1.36 2.09 2.06 2.17 2.33 1.94 2.2800000000000002 1.46 1.2 1.27 1.5 1.54 1.77 2.34 1.66 1.47 1.96 1.47 2.09 1.75 2.21 1.64 1.85 1.75 2.34 1.0 1.37 1.04 1.39 2.3200000000000003 1.71 1.67 1.27 1.3 1.91 2.0700000000000003 2.1799999999999997 2.29 1.53 1.06 2.22 1.88 2.04 2.13 1.76 1.47 1.32 1.69 1.28 2.24 2.09 2.23 1.51 2.1 2.09 2.2 1.55 1.02 1.84 1.64 1.68 2.19 2.0700000000000003 1.52 2.12 2.16 2.2699999999999996 2.28 2.21 1.15 
1.44 2.15 1.21 2.1100000000000003 2.1500000000000004 1.27 2.3 0 1.67 1.82 1.11 1.23 2.23 2.0300000000000002 2.13 2.2800000000000002 1.37 1.08 2.05 1.93 1.04 2.14 2.1 2.2199999999999998 1.19 2.2199999999999998 1.79 1.27 1.07 2.21 1.61 2.19 1.01 1.52 1.73 1.44 1.44 2.1500000000000004 2.14 1.02 1.7 2.13 1.81 1.75 1.2 1.28 2.24 1.83 1.56 2.08 1.56 2.14 1.9 2.35 2.16 2.05 1.83 1.34 2.06 1.56 2.14 2.2800000000000002 2.23 2.1799999999999997 2.25 1.19 1.16 2.08 2.13 1.77 1.8 2.05 1.42 2.12 1.81 1.13 1.53 2.06 1.07 1.13 1.76 2.24 1.86 1.49 1.4 2.17 1.87 1.24 1.26 1.49 2.13 1.37 2.06 2.2199999999999998 2.13 1.74 1.21 2.22 2.16 
1.12 2.37 1.61 2.34 2.29 2.09 1.14 1.67 0 2.06 2.1100000000000003 1.36 2.2199999999999998 1.67 1.23 1.41 1.85 1.43 2.09 1.59 1.78 2.1 1.35 2.0 2.26 1.05 1.25 1.96 2.21 1.65 1.12 1.87 1.4 2.09 1.83 2.27 1.94 2.15 2.09 1.51 1.2 1.49 1.2 1.72 1.75 2.0700000000000003 1.06 2.21 2.17 1.71 1.98 1.2 1.85 1.88 2.1399999999999997 2.23 1.76 1.03 2.2199999999999998 1.5 2.21 1.06 2.1100000000000003 2.0700000000000003 1.05 2.2 2.14 2.29 2.06 1.36 1.32 1.6 2.13 2.25 2.23 1.97 2.1100000000000003 1.17 2.41 1.63 1.26 2.19 2.23 2.1 1.34 1.14 2.0700000000000003 1.89 2.2199999999999998 2.09 1.52 2.08 2.25 1.29 2.13 1.99 2.06 2.12 1.75 
2.1 2.12 2.1500000000000004 2.12 1.87 1.46 2.43 1.82 2.06 0 2.13 2.1100000000000003 2.1 2.15 1.12 2.12 1.65 2.17 1.46 1.97 2.09 1.6 1.03 1.79 1.72 2.1500000000000004 2.12 1.66 2.0700000000000003 2.08 2.31 1.47 2.06 1.58 1.69 2.2 2.0300000000000002 2.35 2.0300000000000002 1.39 2.12 1.17 1.73 1.56 1.76 2.15 1.0 1.24 2.1100000000000003 2.3600000000000003 2.15 2.04 2.3200000000000003 2.09 2.16 1.2 2.0 2.13 2.1399999999999997 1.33 1.95 2.26 2.1 2.13 2.17 1.06 1.62 1.12 2.1100000000000003 2.0 1.7 1.57 1.23 2.1399999999999997 2.06 1.8 2.19 2.17 2.25 1.13 2.21 2.1799999999999997 2.1100000000000003 2.25 2.13 2.24 2.17 1.96 1.0 1.41 1.83 1.49 1.07 2.42 1.42 2.26 2.19 1.22 1.33 
1.1 2.09 1.28 2.1500000000000004 1.54 1.61 2.05 1.11 2.1100000000000003 2.13 0 2.17 1.88 2.13 2.01 1.19 1.98 1.63 2.05 2.08 2.12 2.02 1.98 2.05 2.01 1.8 1.07 1.94 2.16 1.53 1.87 2.2 1.59 1.2 1.32 1.52 1.88 1.04 2.26 2.0700000000000003 1.06 1.92 2.26 2.18 2.2 2.1100000000000003 1.37 2.0700000000000003 1.89 2.05 2.17 2.0700000000000003 2.2800000000000002 1.32 2.04 2.1900000000000004 2.3200000000000003 2.13 1.15 1.96 1.03 1.46 1.33 1.41 2.27 1.99 2.13 1.2 1.37 2.14 2.1799999999999997 1.55 1.24 1.97 1.01 2.09 1.07 1.61 1.92 1.07 2.23 1.13 2.23 1.41 1.75 1.16 2.15 1.61 1.91 2.1 1.46 2.24 2.1100000000000003 2.09 2.1500000000000004 1.45 1.08 1.11 1.69 
2.3099999999999996 1.44 2.06 2.35 2.19 1.97 2.33 1.23 1.36 2.1100000000000003 2.17 0 2.2 2.12 2.19 1.88 2.29 1.24 1.17 1.42 2.0 2.31 1.47 1.13 2.13 1.35 1.27 1.73 1.24 1.97 1.5 1.79 2.1900000000000004 2.09 2.19 2.16 2.32 1.55 1.42 2.15 2.21 1.66 2.32 1.21 1.88 2.24 1.11 2.0 2.22 2.2199999999999998 1.69 2.3600000000000003 1.96 1.48 1.96 1.22 2.0 2.25 1.87 2.0 1.2 1.66 1.42 2.31 2.34 2.25 1.0 2.04 1.96 1.13 2.19 1.31 1.71 1.09 1.45 2.15 2.1100000000000003 2.13 1.31 1.14 1.84 1.97 1.73 2.04 1.34 2.29 2.2199999999999998 2.12 1.78 2.24 2.1100000000000003 1.17 2.18 1.6 2.1399999999999997 1.49 1.72 1.42 2.17 
1.21 2.1500000000000004 1.19 1.95 1.11 2.1 1.14 2.23 2.2199999999999998 2.1 1.88 2.2 0 1.6 1.65 1.79 1.32 1.69 1.38 2.42 1.34 1.15 2.2800000000000002 1.72 2.23 2.19 2.2 2.14 1.43 1.85 1.91 2.13 1.67 1.71 2.14 2.27 2.0700000000000003 2.3 1.94 2.4 2.09 1.79 1.35 2.08 1.69 1.93 2.05 1.26 1.72 2.13 2.12 1.66 1.99 1.62 2.1399999999999997 2.12 2.08 1.35 1.76 2.27 2.25 2.1500000000000004 1.93 1.2 1.42 1.04 2.1100000000000003 1.77 1.34 1.77 2.1100000000000003 1.56 2.08 1.35 2.04 1.23 1.47 1.05 2.28 2.21 2.19 1.59 2.17 1.59 2.08 1.88 2.08 1.29 2.42 1.16 1.26 1.03 1.49 1.22 2.09 1.13 1.61 1.09 1.36 
1.75 1.15 1.41 2.13 2.19 2.4 2.42 2.0300000000000002 1.67 2.15 2.13 2.12 1.6 0 2.19 1.18 2.12 1.94 2.26 2.2199999999999998 1.74 2.2 1.66 1.57 2.17 2.21 1.06 2.23 1.4 1.7 2.39 2.2199999999999998 2.16 2.1799999999999997 2.23 1.91 2.1799999999999997 1.22 2.1799999999999997 1.01 2.2199999999999998 1.38 2.24 2.17 2.18 2.2800000000000002 1.15 1.95 1.24 1.94 1.23 1.39 1.62 2.26 2.2199999999999998 1.11 2.26 1.87 2.21 2.0300000000000002 1.78 2.1500000000000004 2.14 2.21 1.23 2.19 1.12 2.16 2.12 2.0300000000000002 1.59 1.75 2.12 2.16 1.19 2.41 1.25 2.17 1.33 2.17 1.08 1.15 2.19 1.66 2.1500000000000004 1.82 1.71 1.84 2.38 2.1100000000000003 2.2 2.3200000000000003 1.88 2.24 1.17 2.17 2.22 1.09 2.21 
1.52 2.33 2.08 1.21 2.13 2.2 2.08 2.13 1.23 1.12 2.01 2.19 1.65 2.19 0 1.79 1.34 1.05 1.48 2.34 1.81 2.21 1.62 2.02 1.27 1.03 2.0300000000000002 1.49 2.12 1.16 2.1100000000000003 2.1 2.1 1.89 2.06 2.1500000000000004 2.05 1.56 2.1399999999999997 1.77 2.26 1.23 2.25 1.65 1.45 2.1 1.93 2.2800000000000002 2.19 1.72 2.2199999999999998 2.21 2.08 1.84 2.23 2.23 2.16 1.83 2.18 2.05 2.16 2.13 1.95 2.4299999999999997 1.56 2.0 1.23 2.14 2.29 1.41 2.13 1.19 2.1 2.21 1.0 2.2199999999999998 1.6 1.05 1.68 1.89 1.7 1.57 1.6 2.1500000000000004 1.01 2.16 1.21 1.09 1.23 1.62 1.65 2.06 2.1900000000000004 1.67 1.48 1.14 1.57 1.91 2.05 
1.27 1.54 2.08 1.52 1.74 1.39 2.0 2.2800000000000002 1.41 2.12 1.19 1.88 1.79 1.18 1.79 0 1.14 2.13 1.48 1.23 2.0700000000000003 2.05 1.21 2.17 2.3 2.1500000000000004 1.34 2.1100000000000003 1.74 1.27 2.3 2.17 1.94 1.86 1.43 1.44 1.56 1.61 1.07 2.09 2.1 2.26 1.11 1.4 1.19 2.27 2.05 1.62 2.23 2.27 1.9 1.27 2.2199999999999998 2.1500000000000004 2.1500000000000004 1.9 1.93 1.63 1.13 1.74 1.28 1.35 1.26 2.1100000000000003 1.89 1.49 1.52 1.92 2.04 1.07 1.81 1.13 1.08 1.8 2.2 2.0700000000000003 2.06 1.82 1.64 1.28 2.2 1.82 1.91 1.92 1.91 2.2199999999999998 2.12 1.34 1.57 1.39 1.36 1.53 1.05 1.22 2.08 1.61 2.2 1.47 2.2199999999999998 
1.77 1.72 1.44 1.81 2.12 2.26 2.46 1.37 1.85 1.65 1.98 2.29 1.32 2.12 1.34 1.14 0 1.36 2.23 1.81 2.1100000000000003 2.2199999999999998 1.32 2.3 2.27 2.0300000000000002 2.17 1.61 2.0300000000000002 2.17 2.18 1.03 2.24 1.19 1.51 2.09 2.12 1.98 2.21 1.98 2.0 2.13 1.95 1.69 1.5 2.24 1.33 1.11 2.14 1.35 1.38 1.88 2.29 1.2 2.17 2.05 2.1900000000000004 2.0300000000000002 1.97 2.1100000000000003 1.67 1.5 2.33 2.24 1.62 1.87 2.25 2.14 2.1100000000000003 2.15 2.1799999999999997 2.04 1.81 2.1 2.08 2.09 2.34 2.0700000000000003 2.36 1.37 1.32 1.41 1.49 1.55 1.61 1.42 1.52 1.7 1.45 1.19 1.41 2.0700000000000003 2.19 1.77 1.14 2.21 2.13 2.06 2.05 
2.32 2.2199999999999998 1.03 2.25 1.92 1.53 1.72 1.08 1.43 2.17 1.63 1.24 1.69 1.94 1.05 2.13 1.36 0 2.35 2.23 2.12 2.19 2.12 1.49 1.58 2.08 1.65 1.2 2.1500000000000004 2.06 2.1799999999999997 1.19 2.09 2.4000000000000004 1.48 1.73 1.73 2.24 1.5 1.09 2.04 1.16 2.18 2.2 1.54 2.17 2.1500000000000004 2.16 2.13 2.18 1.92 1.73 1.66 1.79 2.3 1.97 1.11 1.9 1.82 1.89 1.55 2.24 1.65 1.85 1.71 2.1399999999999997 2.05 2.0 1.94 2.1100000000000003 1.38 1.72 1.05 1.52 1.14 1.58 1.62 2.1 1.34 2.21 1.55 1.7 1.38 1.19 1.36 2.24 2.16 2.14 2.2800000000000002 2.25 2.1799999999999997 2.16 1.5 2.19 2.17 1.39 1.2 1.59 1.51 
2.15 2.16 2.12 1.82 2.14 1.48 1.89 2.05 2.09 1.46 2.05 1.17 1.38 2.26 1.48 1.48 2.23 2.35 0 2.1 1.01 2.01 2.0700000000000003 2.19 2.12 1.07 1.91 1.55 1.11 2.13 1.61 2.1799999999999997 1.87 1.08 2.29 2.2300000000000004 2.1 1.41 2.1100000000000003 2.15 1.65 1.7 2.1 1.22 2.08 2.1 2.1100000000000003 1.24 1.19 2.04 2.08 1.75 2.08 1.03 1.69 2.2 2.17 2.12 1.04 2.14 1.02 1.49 2.15 1.6 1.21 1.62 2.05 2.05 2.02 1.98 2.12 2.02 1.98 2.16 1.99 1.69 2.02 2.13 2.1100000000000003 2.17 1.78 1.57 1.93 2.1 2.1399999999999997 1.66 1.83 1.93 2.12 1.75 2.08 1.12 2.0300000000000002 1.94 2.09 1.04 2.14 1.6 2.13 
2.19 2.25 2.14 1.94 1.77 2.25 1.51 1.93 1.59 1.97 2.08 1.42 2.42 2.2199999999999998 2.34 1.23 1.81 2.23 2.1 0 2.09 1.52 2.27 2.13 1.19 2.29 2.06 2.33 2.1 2.2199999999999998 2.09 2.46 2.25 1.31 1.94 2.42 1.89 1.31 1.15 2.2199999999999998 2.2199999999999998 2.24 1.09 2.12 1.91 1.56 1.87 2.14 2.15 2.15 1.66 2.13 2.22 1.12 1.56 2.15 2.36 2.13 1.06 1.99 1.13 1.68 1.19 1.82 2.24 1.41 1.68 1.35 2.13 1.5 1.53 1.87 2.23 2.23 2.1 1.61 2.12 1.72 2.26 2.25 2.21 2.16 2.1399999999999997 1.49 2.23 2.33 1.31 1.53 2.2 1.93 1.95 2.09 1.59 1.74 2.14 2.08 2.23 1.44 1.55 
2.06 1.86 1.85 2.13 2.04 1.96 2.12 1.04 1.78 2.09 2.12 2.0 1.34 1.74 1.81 2.0700000000000003 2.1100000000000003 2.12 1.01 2.09 0 2.14 1.49 1.18 1.99 1.93 2.0300000000000002 1.06 1.95 1.89 1.31 2.1500000000000004 2.05 1.16 2.1 2.12 1.54 2.12 1.45 2.06 1.09 2.0300000000000002 1.09 1.38 2.15 2.09 1.81 1.72 1.52 1.39 2.06 1.55 1.07 2.04 1.12 2.17 2.0700000000000003 2.21 1.91 1.47 1.93 2.09 1.38 2.08 2.05 2.23 2.08 1.04 2.13 1.51 2.0700000000000003 1.01 2.18 1.96 1.73 2.12 1.62 2.15 1.32 2.09 1.7 2.02 2.02 2.19 2.0700000000000003 2.27 2.0700000000000003 2.04 2.23 1.01 1.86 1.02 1.02 1.79 1.84 1.14 2.24 2.17 1.15 
2.16 1.05 2.2800000000000002 2.24 1.84 1.03 1.9 2.14 2.1 1.6 2.02 2.31 1.15 2.2 2.21 2.05 2.2199999999999998 2.19 2.01 1.52 2.14 0 2.1100000000000003 1.99 1.41 2.23 1.44 1.49 1.07 2.06 1.41 2.19 2.08 2.1799999999999997 1.99 1.67 1.03 2.1 2.21 1.56 1.84 1.03 1.21 1.79 2.1 1.92 1.62 1.62 1.78 1.5 1.1 1.48 2.19 1.38 1.29 2.06 1.68 1.66 2.1100000000000003 1.13 2.1100000000000003 2.19 1.03 2.2800000000000002 1.4 2.12 2.06 1.67 1.11 1.86 2.1500000000000004 1.63 1.72 1.72 2.21 2.15 1.06 1.44 1.22 2.0700000000000003 1.33 2.15 2.04 2.12 2.38 2.23 1.8 2.3899999999999997 1.63 2.1500000000000004 1.64 2.1799999999999997 1.72 2.08 1.35 1.09 1.32 2.24 2.04 
1.54 2.2199999999999998 2.15 2.18 1.23 1.37 2.05 2.1 1.35 1.03 1.98 1.47 2.2800000000000002 1.66 1.62 1.21 1.32 2.12 2.0700000000000003 2.27 1.49 2.1100000000000003 0 2.2 1.13 2.0700000000000003 1.19 2.2 1.04 1.74 2.1799999999999997 1.51 2.25 2.14 1.79 2.09 1.51 1.54 1.55 1.08 2.1799999999999997 1.23 2.19 1.39 2.29 1.35 1.11 2.09 1.72 1.33 1.19 2.1399999999999997 2.17 2.0700000000000003 2.27 2.16 1.01 2.25 2.08 2.16 1.23 1.98 2.1100000000000003 2.1799999999999997 1.26 2.09 2.1799999999999997 2.1500000000000004 1.23 2.1 1.14 1.69 1.55 2.17 2.1 1.15 2.2199999999999998 2.34 2.2699999999999996 1.6 1.74 2.26 1.34 1.42 2.02 2.2 2.21 2.2199999999999998 1.24 2.16 1.76 1.91 1.85 2.1900000000000004 2.06 2.1900000000000004 1.16 1.31 1.1 
1.81 1.13 1.44 1.54 2.08 2.18 1.82 2.2199999999999998 2.0 1.79 2.05 1.13 1.72 1.57 2.02 2.17 2.3 1.49 2.19 2.13 1.18 1.99 2.2 0 1.7 2.17 2.2 1.53 1.96 2.1 1.32 1.6 2.1500000000000004 2.29 2.2199999999999998 2.19 2.1 2.15 1.9 1.98 2.1500000000000004 2.0700000000000003 1.36 2.04 2.23 1.65 2.2 2.12 1.38 2.19 2.16 1.98 1.05 1.74 1.15 1.9 2.34 1.79 1.34 1.03 1.47 2.0700000000000003 2.41 2.38 2.1799999999999997 1.88 2.13 1.86 1.69 1.68 1.06 2.05 1.69 2.05 1.77 2.1799999999999997 1.11 1.52 1.61 1.84 1.69 2.34 2.15 1.43 1.01 2.49 1.9 1.81 2.02 2.13 1.03 1.87 1.88 1.98 2.15 1.64 2.12 2.0700000000000003 2.09 
2.1799999999999997 1.12 1.79 1.79 1.25 2.1500000000000004 2.06 1.19 2.26 1.72 2.01 2.13 2.23 2.17 1.27 2.3 2.27 1.58 2.12 1.19 1.99 1.41 1.13 1.7 0 2.04 1.35 1.62 1.41 1.03 2.16 1.68 1.8 1.55 2.37 1.58 2.1500000000000004 1.64 1.76 2.21 2.0300000000000002 2.13 2.2800000000000002 2.23 2.24 2.18 1.85 2.08 1.97 2.01 2.13 2.08 1.73 2.25 2.1100000000000003 1.26 1.93 1.47 2.0 1.5 1.1 2.2 1.63 1.97 1.23 2.05 2.2199999999999998 2.04 1.82 1.85 1.21 1.76 1.6 1.04 2.25 1.0 2.06 2.1100000000000003 1.14 1.06 2.1100000000000003 1.61 1.44 2.21 1.54 1.44 2.1900000000000004 2.24 2.21 1.08 1.92 1.36 2.16 2.3200000000000003 1.55 2.18 2.29 1.52 2.05 
1.67 2.12 2.23 2.12 2.13 2.2800000000000002 1.05 2.2199999999999998 1.05 2.1500000000000004 1.8 1.35 2.19 2.21 1.03 2.1500000000000004 2.0300000000000002 2.08 1.07 2.29 1.93 2.23 2.0700000000000003 2.17 2.04 0 2.3 2.1500000000000004 2.04 1.2 1.44 1.79 1.82 2.1100000000000003 2.1500000000000004 2.3200000000000003 1.91 2.08 2.2199999999999998 2.3600000000000003 1.51 2.1799999999999997 2.1 2.15 1.11 1.24 1.66 2.2800000000000002 1.74 2.1799999999999997 2.06 2.1900000000000004 1.37 2.1 2.05 2.31 1.35 2.08 2.1100000000000003 1.88 1.16 2.1100000000000003 2.2 1.41 1.87 1.26 1.98 1.24 2.1100000000000003 1.68 1.37 2.1799999999999997 1.08 1.95 2.0300000000000002 1.85 2.29 1.52 2.2 1.54 2.1500000000000004 2.25 2.26 1.65 1.55 2.13 1.83 1.53 1.34 1.39 1.14 2.1900000000000004 1.66 1.95 2.1 1.44 1.77 2.17 1.06 
2.17 2.19 1.01 2.24 1.13 1.48 1.76 1.79 1.25 2.12 1.07 1.27 2.2 1.06 2.0300000000000002 1.34 2.17 1.65 1.91 2.06 2.0300000000000002 1.44 1.19 2.2 1.35 2.3 0 2.17 2.19 1.42 2.1799999999999997 2.12 1.62 2.27 2.27 1.24 1.72 1.63 1.51 2.0700000000000003 1.16 1.63 1.86 1.52 1.8 1.22 1.6 1.43 1.9 1.37 1.16 2.17 2.2800000000000002 1.75 2.1100000000000003 2.02 2.15 1.56 1.57 2.09 2.09 1.95 2.01 1.64 1.79 1.98 2.18 1.71 1.15 2.08 2.1100000000000003 1.07 2.16 1.2 1.03 2.01 1.28 1.2 2.2199999999999998 1.17 1.18 2.1 1.88 1.35 1.8 2.19 1.3 2.23 2.29 1.89 2.08 2.15 1.05 2.16 1.81 2.02 2.1500000000000004 1.51 1.24 
2.25 1.43 1.35 2.23 2.13 1.81 1.1 1.27 1.96 1.66 1.94 1.73 2.14 2.23 1.49 2.1100000000000003 1.61 1.2 1.55 2.33 1.06 1.49 2.2 1.53 1.62 2.1500000000000004 2.17 0 2.31 2.18 2.2800000000000002 2.1799999999999997 1.07 2.1 2.14 1.48 2.1100000000000003 1.71 2.2800000000000002 2.29 2.1500000000000004 2.26 1.34 2.2 1.1 1.03 2.16 1.36 2.1900000000000004 2.21 1.01 2.12 1.71 2.1100000000000003 2.1 1.27 2.14 2.25 2.17 1.14 2.09 1.35 1.84 2.23 1.89 2.14 1.2 2.1 1.9 2.17 2.12 2.0700000000000003 1.7 1.09 1.28 1.71 2.1100000000000003 1.09 1.92 1.46 1.51 2.08 2.25 1.39 1.62 2.38 1.88 1.58 1.17 2.06 2.1100000000000003 1.11 2.08 1.17 1.64 2.13 2.14 1.84 2.01 
1.09 2.12 1.69 2.06 2.13 2.1 1.28 1.07 2.21 2.0700000000000003 2.16 1.24 1.43 1.4 2.12 1.74 2.0300000000000002 2.1500000000000004 1.11 2.1 1.95 1.07 1.04 1.96 1.41 2.04 2.19 2.31 0 2.17 1.14 2.1500000000000004 1.37 1.98 2.31 1.12 1.9 1.67 1.14 1.09 2.12 1.07 1.78 1.61 1.59 2.1 1.17 2.12 1.9 1.01 2.17 2.09 2.18 2.12 2.2199999999999998 1.8 1.78 1.42 1.04 2.2 2.0300000000000002 1.45 2.1 2.0700000000000003 2.08 1.38 1.45 1.77 2.1500000000000004 2.0700000000000003 1.29 1.36 1.79 1.22 2.1500000000000004 1.09 1.7 2.14 2.06 2.2 1.94 2.26 1.35 1.33 1.35 1.16 2.1500000000000004 1.98 1.81 2.19 1.53 2.1100000000000003 1.14 2.08 1.06 2.1500000000000004 2.12 2.12 1.3 
2.41 1.92 1.03 1.47 1.38 2.23 1.36 2.21 1.65 2.08 1.53 1.97 1.85 1.7 1.16 1.27 2.17 2.06 2.13 2.2199999999999998 1.89 2.06 1.74 2.1 1.03 1.2 1.42 2.18 2.17 0 2.2800000000000002 1.14 2.2 1.84 2.2800000000000002 2.2 1.96 1.24 2.16 1.7 2.04 1.12 1.66 1.84 1.24 1.25 2.04 1.43 2.23 1.73 2.1100000000000003 2.12 2.14 1.7 1.08 1.36 2.31 1.9 1.93 2.19 2.13 1.76 2.1 2.35 2.0300000000000002 1.02 2.08 2.13 1.43 1.3 2.24 1.44 1.9 1.09 1.35 1.29 1.43 1.92 1.22 2.09 1.92 2.2 2.2800000000000002 1.79 1.09 1.8 1.92 2.2199999999999998 1.44 1.89 2.1100000000000003 1.68 1.29 1.77 2.08 1.83 2.24 1.64 1.11 
2.09 2.1 2.16 1.71 2.0300000000000002 1.16 2.09 1.61 1.12 2.31 1.87 1.5 1.91 2.39 2.1100000000000003 2.3 2.18 2.1799999999999997 1.61 2.09 1.31 1.41 2.1799999999999997 1.32 2.16 1.44 2.1799999999999997 2.2800000000000002 1.14 2.2800000000000002 0 2.21 2.18 2.25 2.45 1.72 1.07 1.57 2.1799999999999997 2.14 1.68 2.21 1.47 2.25 2.14 1.53 1.31 2.08 1.66 2.15 2.38 2.08 2.3 1.97 2.26 1.78 2.1100000000000003 2.1500000000000004 2.1799999999999997 1.44 2.0300000000000002 2.18 1.51 2.19 1.51 1.26 2.23 2.13 1.03 2.27 2.06 1.46 1.3 1.6 1.22 1.16 1.76 1.19 2.35 2.23 2.27 2.21 1.62 1.51 2.3 1.37 2.19 1.91 2.14 1.7 1.29 2.04 1.51 2.1900000000000004 1.67 2.21 2.1799999999999997 1.96 1.67 
1.68 1.3 2.06 2.21 2.23 2.16 2.06 2.19 1.87 1.47 2.2 1.79 2.13 2.2199999999999998 2.1 2.17 1.03 1.19 2.1799999999999997 2.46 2.1500000000000004 2.19 1.51 1.6 1.68 1.79 2.12 2.1799999999999997 2.1500000000000004 1.14 2.21 0 2.06 1.25 2.1100000000000003 1.91 2.13 2.31 2.09 1.95 1.92 1.48 1.54 1.63 1.99 2.09 1.53 1.41 2.1799999999999997 2.0700000000000003 2.2 1.96 2.14 2.13 2.2199999999999998 1.91 1.76 1.33 2.16 1.55 2.16 2.0700000000000003 1.3 1.76 2.1100000000000003 2.1500000000000004 2.1500000000000004 1.11 1.23 2.16 2.17 1.35 1.58 2.17 2.14 1.06 2.2 1.58 2.36 1.89 1.22 2.04 1.49 2.27 1.84 1.74 2.27 1.08 2.24 1.58 2.18 1.61 1.94 2.06 1.94 1.86 2.09 1.93 1.31 
2.28 1.82 2.2199999999999998 2.23 2.13 1.95 2.17 1.01 1.4 2.06 1.59 2.1900000000000004 1.67 2.16 2.1 1.94 2.24 2.09 1.87 2.25 2.05 2.08 2.25 2.1500000000000004 1.8 1.82 1.62 1.07 1.37 2.2 2.18 2.06 0 1.09 2.32 1.16 1.11 1.21 1.95 1.65 1.34 1.87 2.29 1.91 2.09 1.97 2.12 2.12 1.12 2.14 1.67 2.08 1.17 2.1500000000000004 2.17 2.21 2.14 2.19 1.49 2.1799999999999997 1.17 1.8 2.13 1.17 1.49 1.55 1.92 1.2 2.12 2.15 1.21 1.84 1.81 1.11 1.63 2.1399999999999997 1.71 1.05 1.09 1.77 1.79 2.0700000000000003 1.74 2.24 1.25 2.04 1.76 1.11 2.16 1.86 1.49 2.12 1.98 1.55 2.04 2.16 2.2199999999999998 2.3 1.15 
2.2 2.21 2.09 2.27 2.08 1.88 2.33 1.52 2.09 1.58 1.2 2.09 1.71 2.1799999999999997 1.89 1.86 1.19 2.4000000000000004 1.08 1.31 1.16 2.1799999999999997 2.14 2.29 1.55 2.1100000000000003 2.27 2.1 1.98 1.84 2.25 1.25 1.09 0 1.6 1.7 1.48 1.39 1.49 1.52 1.24 2.2199999999999998 1.34 1.62 1.0 2.1799999999999997 1.03 1.3 1.98 1.1 1.14 2.23 2.23 1.65 2.19 1.22 1.29 2.17 1.25 2.3600000000000003 1.84 1.65 1.25 2.16 1.92 1.8 1.77 1.23 2.17 1.57 2.23 1.65 1.64 2.2 1.76 1.09 2.19 2.14 2.1500000000000004 2.21 1.3 1.58 2.15 2.35 1.29 1.65 1.64 1.71 1.28 2.17 2.04 1.06 1.87 2.27 1.21 2.12 1.64 1.69 2.0700000000000003 
1.32 2.3200000000000003 1.74 2.17 2.2800000000000002 1.29 1.94 1.73 1.83 1.69 1.32 2.19 2.14 2.23 2.06 1.43 1.51 1.48 2.29 1.94 2.1 1.99 1.79 2.2199999999999998 2.37 2.1500000000000004 2.27 2.14 2.31 2.2800000000000002 2.45 2.1100000000000003 2.32 1.6 0 2.34 2.0300000000000002 2.1399999999999997 2.09 1.22 2.27 1.27 1.01 1.35 1.04 2.23 1.38 1.66 2.1900000000000004 1.84 1.86 2.34 2.31 1.41 2.16 1.42 2.09 1.95 1.47 1.45 1.62 1.92 1.09 1.15 2.09 1.5 1.84 1.26 2.06 2.0300000000000002 1.16 2.1799999999999997 2.21 2.18 1.91 2.3600000000000003 1.84 1.83 2.2199999999999998 2.1900000000000004 2.14 2.1399999999999997 1.02 1.1 2.26 1.86 2.13 2.1 1.74 1.56 2.1799999999999997 1.26 1.22 1.23 2.17 2.12 1.74 1.44 1.76 
1.76 1.88 1.81 1.34 2.2 1.42 2.2800000000000002 1.44 2.27 2.2 1.52 2.16 2.27 1.91 2.1500000000000004 1.44 2.09 1.73 2.2300000000000004 2.42 2.12 1.67 2.09 2.19 1.58 2.3200000000000003 1.24 1.48 1.12 2.2 1.72 1.91 1.16 1.7 2.34 0 1.63 2.29 2.26 2.05 2.1100000000000003 1.24 1.35 1.77 2.19 2.2300000000000004 2.25 2.13 1.91 2.13 2.21 2.19 1.76 1.3 2.23 1.36 2.5 1.78 2.13 1.16 2.08 2.1100000000000003 1.33 1.55 2.0300000000000002 2.25 1.73 1.08 2.12 1.03 1.9 1.45 1.92 1.11 2.27 1.61 1.54 1.39 1.58 2.1100000000000003 2.2800000000000002 1.98 2.04 2.21 1.97 1.79 1.49 2.27 1.62 2.24 1.23 1.53 2.26 1.61 1.74 1.63 2.14 1.18 2.3099999999999996 
1.52 1.03 1.43 2.16 2.1 2.06 1.46 1.44 1.94 2.0300000000000002 1.88 2.32 2.0700000000000003 2.1799999999999997 2.05 1.56 2.12 1.73 2.1 1.89 1.54 1.03 1.51 2.1 2.1500000000000004 1.91 1.72 2.1100000000000003 1.9 1.96 1.07 2.13 1.11 1.48 2.0300000000000002 1.63 0 1.35 1.94 2.29 1.44 1.44 2.24 1.87 1.07 2.1500000000000004 2.2 1.01 2.06 1.7 1.52 1.74 2.17 1.07 1.6 1.65 1.04 1.9 2.09 1.07 1.78 2.17 1.18 1.93 1.23 2.1100000000000003 2.24 1.67 1.4 1.6 1.51 2.09 1.59 1.32 2.17 2.23 1.85 1.02 2.2 1.18 1.92 2.04 1.01 2.12 2.29 2.38 1.24 1.53 1.68 1.99 2.1500000000000004 2.09 2.29 2.26 1.92 2.12 2.0300000000000002 1.96 2.1799999999999997 
2.14 2.24 1.76 2.25 2.05 2.29 1.2 2.1500000000000004 2.15 2.35 1.04 1.55 2.3 1.22 1.56 1.61 1.98 2.24 1.41 1.31 2.12 2.1 1.54 2.15 1.64 2.08 1.63 1.71 1.67 1.24 1.57 2.31 1.21 1.39 2.1399999999999997 2.29 1.35 0 2.1799999999999997 2.19 1.67 2.29 2.1100000000000003 1.78 1.17 2.21 1.53 2.32 1.98 2.21 1.57 2.15 2.06 1.59 1.0 1.18 1.46 2.12 1.47 2.2 1.69 1.36 1.07 2.1799999999999997 2.13 1.57 2.22 2.23 1.37 2.14 1.17 2.04 1.4 1.18 1.66 1.39 2.1100000000000003 1.74 1.86 1.57 2.17 2.17 1.3 1.86 1.31 2.15 2.0700000000000003 2.24 1.85 2.18 2.19 2.23 2.1100000000000003 2.4699999999999998 2.14 1.43 1.5 1.21 2.29 
1.34 1.18 1.69 2.35 1.57 1.82 1.27 2.14 2.09 2.0300000000000002 2.26 1.42 1.94 2.1799999999999997 2.1399999999999997 1.07 2.21 1.5 2.1100000000000003 1.15 1.45 2.21 1.55 1.9 1.76 2.2199999999999998 1.51 2.2800000000000002 1.14 2.16 2.1799999999999997 2.09 1.95 1.49 2.09 2.26 1.94 2.1799999999999997 0 2.23 2.33 1.45 2.18 2.25 2.23 1.41 1.03 1.22 2.1 2.15 2.1799999999999997 1.82 2.13 1.08 2.19 2.0700000000000003 2.24 1.91 1.35 1.68 1.96 1.11 2.16 2.29 1.77 2.29 1.34 2.19 1.15 2.13 2.1799999999999997 1.73 1.69 1.91 2.21 1.81 1.9 2.1799999999999997 1.11 1.56 1.15 2.21 2.19 2.2 1.13 1.18 1.05 1.62 1.57 2.1799999999999997 1.32 2.1 1.74 1.12 2.1900000000000004 1.84 2.24 2.17 1.27 
1.71 2.16 2.12 1.33 2.1100000000000003 1.78 1.5 1.02 1.51 1.39 2.0700000000000003 2.15 2.4 1.01 1.77 2.09 1.98 1.09 2.15 2.2199999999999998 2.06 1.56 1.08 1.98 2.21 2.3600000000000003 2.0700000000000003 2.29 1.09 1.7 2.14 1.95 1.65 1.52 1.22 2.05 2.29 2.19 2.23 0 1.43 2.16 2.23 1.47 2.2199999999999998 2.17 2.16 2.12 1.7 1.42 1.34 1.12 1.09 1.54 2.09 2.12 1.25 2.26 1.78 2.15 2.1100000000000003 2.1 1.48 1.73 2.12 1.58 2.13 2.0700000000000003 1.11 1.02 1.02 1.6 2.14 1.46 1.06 1.62 1.14 1.85 1.26 2.09 1.69 2.16 2.0300000000000002 1.79 1.77 1.15 1.82 1.61 1.47 1.24 2.04 1.68 1.56 2.16 1.37 1.28 2.23 1.39 1.33 
2.08 1.65 1.01 1.24 2.24 1.38 1.54 1.7 1.2 2.12 1.06 2.21 2.09 2.2199999999999998 2.26 2.1 2.0 2.04 1.65 2.2199999999999998 1.09 1.84 2.1799999999999997 2.1500000000000004 2.0300000000000002 1.51 1.16 2.1500000000000004 2.12 2.04 1.68 1.92 1.34 1.24 2.27 2.1100000000000003 1.44 1.67 2.33 1.43 0 2.06 2.18 2.1100000000000003 1.29 1.65 1.59 1.24 2.1 2.04 1.32 2.2 2.16 2.2 1.26 1.59 2.29 1.3 2.09 1.16 2.09 2.16 1.35 2.1100000000000003 2.08 2.12 2.3 1.95 2.3099999999999996 1.08 1.14 1.38 1.65 1.86 2.0700000000000003 1.03 1.04 2.12 2.2199999999999998 2.13 2.0700000000000003 2.05 1.76 1.73 1.94 1.89 2.29 2.25 1.55 1.04 1.51 2.1100000000000003 1.05 2.06 2.09 2.1799999999999997 2.14 1.72 1.87 
1.52 1.41 2.12 2.12 1.18 2.06 1.77 2.13 1.49 1.17 1.92 1.66 1.79 1.38 1.23 2.26 2.13 1.16 1.7 2.24 2.0300000000000002 1.03 1.23 2.0700000000000003 2.13 2.1799999999999997 1.63 2.26 1.07 1.12 2.21 1.48 1.87 2.2199999999999998 1.27 1.24 1.44 2.29 1.45 2.16 2.06 0 1.15 2.05 1.82 1.56 1.34 1.82 1.82 2.08 2.13 1.85 1.94 2.2 2.17 2.1 1.58 1.34 2.1100000000000003 1.8 2.25 1.31 2.06 1.25 2.14 2.14 1.99 1.55 1.88 1.69 1.59 2.2 2.1100000000000003 2.04 1.81 1.13 1.02 2.12 2.1 2.3 2.14 1.67 1.83 1.09 2.21 2.23 1.79 1.78 1.31 1.94 1.04 1.7 2.21 1.74 1.09 1.92 1.29 1.59 1.73 
1.97 2.26 2.1399999999999997 1.61 2.2800000000000002 1.61 2.34 1.81 1.2 1.73 2.26 2.32 1.35 2.24 2.25 1.11 1.95 2.18 2.1 1.09 1.09 1.21 2.19 1.36 2.2800000000000002 2.1 1.86 1.34 1.78 1.66 1.47 1.54 2.29 1.34 1.01 1.35 2.24 2.1100000000000003 2.18 2.23 2.18 1.15 0 2.19 2.05 1.74 2.26 1.62 1.73 1.35 2.21 1.92 2.16 1.4 2.13 1.13 1.94 1.59 2.1500000000000004 1.87 1.73 2.17 1.5 1.12 1.57 2.29 2.23 1.47 1.67 1.57 2.17 2.1 1.43 1.8 1.3 2.28 1.3 1.72 1.21 1.35 1.29 1.13 2.0300000000000002 1.79 2.19 2.0300000000000002 1.49 1.55 2.4 1.43 1.19 1.34 1.87 1.92 1.93 1.11 2.24 2.29 2.24 
1.13 2.13 1.97 1.76 1.15 2.3 1.66 1.75 1.72 1.56 2.18 1.21 2.08 2.17 1.65 1.4 1.69 2.2 1.22 2.12 1.38 1.79 1.39 2.04 2.23 2.15 1.52 2.2 1.61 1.84 2.25 1.63 1.91 1.62 1.35 1.77 1.87 1.78 2.25 1.47 2.1100000000000003 2.05 2.19 0 1.57 2.18 2.13 1.73 2.2 1.71 1.19 1.88 1.92 2.25 1.71 1.06 1.18 1.65 2.17 1.72 2.16 2.1100000000000003 1.32 2.36 1.21 1.04 2.19 1.82 1.22 1.03 2.17 2.17 1.66 2.0300000000000002 2.04 1.34 1.17 2.1799999999999997 1.37 1.93 1.32 1.27 1.18 2.1900000000000004 1.93 1.9 2.23 2.26 1.86 1.85 1.01 1.68 1.68 1.13 1.13 1.48 1.31 2.12 2.17 
1.25 2.1 2.1500000000000004 1.81 2.3099999999999996 2.17 1.47 1.2 1.75 1.76 2.2 1.88 1.69 2.18 1.45 1.19 1.5 1.54 2.08 1.91 2.15 2.1 2.29 2.23 2.24 1.11 1.8 1.1 1.59 1.24 2.14 1.99 2.09 1.0 1.04 2.19 1.07 1.17 2.23 2.2199999999999998 1.29 1.82 2.05 1.57 0 2.13 1.28 2.08 2.35 2.0 2.1100000000000003 2.0700000000000003 2.21 2.14 1.35 2.15 2.1100000000000003 2.3 1.64 1.44 2.16 2.0 2.13 1.65 1.05 1.04 2.3 1.51 2.06 1.97 2.0700000000000003 1.14 1.46 2.1900000000000004 2.04 1.99 2.23 2.0700000000000003 2.27 1.33 1.1 2.16 1.15 1.76 1.22 1.62 2.18 1.85 1.77 2.09 1.29 2.06 2.24 1.85 1.29 2.08 1.91 1.71 1.77 
1.79 2.1900000000000004 2.22 1.91 1.52 2.21 1.96 1.28 2.0700000000000003 2.15 2.1100000000000003 2.24 1.93 2.2800000000000002 2.1 2.27 2.24 2.17 2.1 1.56 2.09 1.92 1.35 1.65 2.18 1.24 1.22 1.03 2.1 1.25 1.53 2.09 1.97 2.1799999999999997 2.23 2.2300000000000004 2.1500000000000004 2.21 1.41 2.17 1.65 1.56 1.74 2.18 2.13 0 1.88 2.13 2.1100000000000003 2.1 1.08 1.55 1.92 1.08 2.33 1.33 2.17 2.2199999999999998 1.55 2.17 1.08 1.73 1.14 1.5 1.1 2.26 2.19 1.65 1.1 2.12 1.15 2.1 1.19 2.1100000000000003 1.5 1.69 1.9 2.05 1.98 1.87 2.2 2.08 1.59 2.1500000000000004 1.97 2.0700000000000003 1.58 1.01 1.15 2.13 1.82 1.77 2.23 2.2 1.21 2.2 1.11 1.45 2.08 
2.1799999999999997 1.57 1.86 2.02 1.31 1.59 1.47 2.24 1.06 1.0 1.37 1.11 2.05 1.15 1.93 2.05 1.33 2.1500000000000004 2.1100000000000003 1.87 1.81 1.62 1.11 2.2 1.85 1.66 1.6 2.16 1.17 2.04 1.31 1.53 2.12 1.03 1.38 2.25 2.2 1.53 1.03 2.16 1.59 1.34 2.26 2.13 1.28 1.88 0 1.3 1.11 2.13 1.15 1.28 2.2199999999999998 2.1100000000000003 1.16 1.92 1.8 1.14 1.98 2.33 1.34 1.32 1.21 1.9 1.86 2.0 1.51 1.89 1.14 1.79 2.13 1.78 2.23 2.15 1.36 2.12 1.58 1.28 1.81 1.24 2.1799999999999997 1.18 2.1799999999999997 2.27 2.16 2.13 1.41 2.01 1.76 1.69 2.13 2.09 2.0700000000000003 2.15 1.31 1.75 2.19 1.29 1.06 
2.14 2.04 2.06 1.49 2.31 2.3600000000000003 2.09 1.83 2.21 1.24 2.0700000000000003 2.0 1.26 1.95 2.2800000000000002 1.62 1.11 2.16 1.24 2.14 1.72 1.62 2.09 2.12 2.08 2.2800000000000002 1.43 1.36 2.12 1.43 2.08 1.41 2.12 1.3 1.66 2.13 1.01 2.32 1.22 2.12 1.24 1.82 1.62 1.73 2.08 2.13 1.3 0 2.1 1.3 1.84 2.14 1.74 1.96 2.2 2.13 1.08 1.63 1.08 1.76 2.26 2.18 2.17 1.43 1.82 1.15 2.17 1.31 1.97 1.1 2.38 2.2 2.1399999999999997 2.26 2.15 1.69 1.25 2.0300000000000002 2.3200000000000003 2.19 2.1500000000000004 1.99 2.02 1.11 2.12 1.6 1.07 2.12 1.23 2.2800000000000002 2.1799999999999997 1.63 2.18 2.12 1.21 2.2800000000000002 1.02 2.14 2.1100000000000003 
2.09 2.12 2.12 2.2 1.51 1.97 1.75 1.56 2.17 2.1100000000000003 1.89 2.22 1.72 1.24 2.19 2.23 2.14 2.13 1.19 2.15 1.52 1.78 1.72 1.38 1.97 1.74 1.9 2.1900000000000004 1.9 2.23 1.66 2.1799999999999997 1.12 1.98 2.1900000000000004 1.91 2.06 1.98 2.1 1.7 2.1 1.82 1.73 2.2 2.35 2.1100000000000003 1.11 2.1 0 1.05 1.45 1.18 2.13 1.03 1.49 1.64 1.02 2.18 1.88 1.67 2.0300000000000002 1.27 1.1 1.85 2.04 2.19 2.27 1.54 1.03 2.17 1.42 1.58 2.22 1.14 2.21 1.73 1.08 1.14 1.59 2.15 2.09 1.78 2.0700000000000003 2.41 1.31 1.24 1.91 1.62 2.12 1.06 1.37 1.75 1.96 1.72 2.2199999999999998 1.49 2.08 1.7 1.64 
2.1 1.47 2.01 1.32 2.12 2.25 2.21 2.08 1.71 2.3600000000000003 2.05 2.2199999999999998 2.13 1.94 1.72 2.27 1.35 2.18 2.04 2.15 1.39 1.5 1.33 2.19 2.01 2.1799999999999997 1.37 2.21 1.01 1.73 2.15 2.0700000000000003 2.14 1.1 1.84 2.13 1.7 2.21 2.15 1.42 2.04 2.08 1.35 1.71 2.0 2.1 2.13 1.3 1.05 0 1.78 1.13 2.0700000000000003 2.08 1.21 2.1100000000000003 1.35 1.89 2.05 2.21 1.02 2.3200000000000003 1.85 1.06 1.07 2.1 1.86 2.22 1.4 2.09 1.13 2.04 2.28 1.14 2.23 1.01 1.09 2.1 1.05 2.1100000000000003 2.2 1.27 1.08 1.44 2.1500000000000004 2.17 2.1500000000000004 1.8 1.56 1.59 2.1100000000000003 1.1 2.12 2.1100000000000003 2.0700000000000003 1.21 2.19 2.3600000000000003 2.23 
1.28 1.72 1.63 1.83 1.48 2.0700000000000003 1.64 1.56 1.98 2.15 2.17 1.69 2.12 1.23 2.2199999999999998 1.9 1.38 1.92 2.08 1.66 2.06 1.1 1.19 2.16 2.13 2.06 1.16 1.01 2.17 2.1100000000000003 2.38 2.2 1.67 1.14 1.86 2.21 1.52 1.57 2.1799999999999997 1.34 1.32 2.13 2.21 1.19 2.1100000000000003 1.08 1.15 1.84 1.45 1.78 0 2.0700000000000003 2.29 1.97 2.1 2.18 2.14 1.91 1.79 1.58 1.61 1.29 2.13 1.78 1.55 2.23 1.63 2.1900000000000004 1.64 1.9 1.29 1.09 2.17 1.1 1.7 1.51 1.2 1.34 1.52 2.1 2.0700000000000003 1.31 2.06 1.59 2.14 2.1799999999999997 1.83 2.09 2.1799999999999997 1.05 1.51 1.09 1.9 2.1799999999999997 1.13 1.32 2.13 1.88 1.0 
1.72 1.88 1.22 1.79 1.26 1.2 1.85 2.14 1.2 2.04 2.0700000000000003 2.3600000000000003 1.66 1.39 2.21 1.27 1.88 1.73 1.75 2.13 1.55 1.48 2.1399999999999997 1.98 2.08 2.1900000000000004 2.17 2.12 2.09 2.12 2.08 1.96 2.08 2.23 2.34 2.19 1.74 2.15 1.82 1.12 2.2 1.85 1.92 1.88 2.0700000000000003 1.55 1.28 2.14 1.18 1.13 2.0700000000000003 0 2.1500000000000004 1.05 1.68 1.77 1.13 1.88 1.54 2.17 2.15 2.1900000000000004 2.2 1.68 2.13 1.24 2.22 2.1 2.21 2.12 2.02 1.15 1.69 2.2699999999999996 2.12 2.08 1.37 2.02 1.66 1.98 1.97 2.23 1.36 1.33 2.3600000000000003 1.37 1.71 1.35 1.71 2.18 1.25 2.08 1.22 2.18 1.11 1.14 2.1 1.73 2.1100000000000003 
2.0 1.39 2.38 2.38 1.65 2.16 1.75 1.9 1.85 2.3200000000000003 2.2800000000000002 1.96 1.99 1.62 2.08 2.2199999999999998 2.29 1.66 2.08 2.22 1.07 2.19 2.17 1.05 1.73 1.37 2.2800000000000002 1.71 2.18 2.14 2.3 2.14 1.17 2.23 2.31 1.76 2.17 2.06 2.13 1.09 2.16 1.94 2.16 1.92 2.21 1.92 2.2199999999999998 1.74 2.13 2.0700000000000003 2.29 2.1500000000000004 0 1.1 1.06 2.24 2.15 2.1799999999999997 1.4 2.08 2.1100000000000003 1.02 2.34 1.33 2.3099999999999996 2.1799999999999997 2.2800000000000002 1.65 2.2 2.04 2.1100000000000003 2.08 2.09 1.91 1.27 1.84 1.74 1.2 2.1799999999999997 1.6 1.23 2.2199999999999998 1.74 1.6 1.73 2.24 2.17 1.06 1.45 1.84 2.08 1.93 2.09 2.21 2.13 2.12 2.25 1.35 1.32 
1.9 1.13 2.27 1.9 1.8 1.79 2.34 2.35 1.88 2.09 1.32 1.48 1.62 2.26 1.84 2.1500000000000004 1.2 1.79 1.03 1.12 2.04 1.38 2.0700000000000003 1.74 2.25 2.1 1.75 2.1100000000000003 2.12 1.7 1.97 2.13 2.1500000000000004 1.65 1.41 1.3 1.07 1.59 1.08 1.54 2.2 2.2 1.4 2.25 2.14 1.08 2.1100000000000003 1.96 1.03 2.08 1.97 1.05 1.1 0 1.83 1.74 2.04 2.19 2.0700000000000003 2.14 2.05 2.1 2.13 1.55 2.18 2.1799999999999997 1.77 2.1100000000000003 2.06 2.09 1.88 2.17 2.27 1.55 1.18 1.65 2.1100000000000003 1.8 1.99 1.42 1.18 1.18 2.08 1.4 1.31 1.73 2.0300000000000002 1.72 1.09 1.61 2.0700000000000003 2.1500000000000004 2.27 2.17 2.16 2.0700000000000003 1.89 1.19 1.19 
2.23 1.24 2.1100000000000003 1.83 1.91 1.6 1.0 2.16 2.1399999999999997 2.16 2.04 1.96 2.1399999999999997 2.2199999999999998 2.23 2.1500000000000004 2.17 2.3 1.69 1.56 1.12 1.29 2.27 1.15 2.1100000000000003 2.05 2.1100000000000003 2.1 2.2199999999999998 1.08 2.26 2.2199999999999998 2.17 2.19 2.16 2.23 1.6 1.0 2.19 2.09 1.26 2.17 2.13 1.71 1.35 2.33 1.16 2.2 1.49 1.21 2.1 1.68 1.06 1.83 0 1.62 2.04 1.5 2.26 1.2 1.54 1.49 1.57 1.75 2.2800000000000002 2.1 2.09 1.23 1.87 2.2800000000000002 2.17 1.04 2.06 2.1 2.19 2.2199999999999998 2.24 1.92 2.12 1.09 2.29 2.23 2.0700000000000003 1.65 1.28 1.42 2.02 1.84 1.98 2.13 1.83 2.14 1.78 2.38 2.21 1.36 2.25 2.21 1.29 
1.73 1.47 1.01 1.85 2.08 2.24 1.37 2.05 2.23 1.2 2.1900000000000004 1.22 2.12 1.11 2.23 1.9 2.05 1.97 2.2 2.15 2.17 2.06 2.16 1.9 1.26 2.31 2.02 1.27 1.8 1.36 1.78 1.91 2.21 1.22 1.42 1.36 1.65 1.18 2.0700000000000003 2.12 1.59 2.1 1.13 1.06 2.15 1.33 1.92 2.13 1.64 2.1100000000000003 2.18 1.77 2.24 1.74 1.62 0 1.83 1.29 2.09 2.1399999999999997 1.64 2.2 1.03 2.24 1.91 2.1 1.19 1.45 2.1900000000000004 1.21 1.12 1.23 2.04 1.4 2.21 2.01 2.23 1.18 1.12 2.13 1.57 2.0 1.44 2.19 2.2199999999999998 1.22 2.3 1.68 2.2 1.37 1.86 2.17 1.45 1.71 2.19 2.24 1.11 1.16 2.0700000000000003 
1.31 2.0700000000000003 1.85 2.26 1.63 2.1799999999999997 1.04 1.83 1.76 2.0 2.3200000000000003 2.0 2.08 2.26 2.16 1.93 2.1900000000000004 1.11 2.17 2.36 2.0700000000000003 1.68 1.01 2.34 1.93 1.35 2.15 2.14 1.78 2.31 2.1100000000000003 1.76 2.14 1.29 2.09 2.5 1.04 1.46 2.24 1.25 2.29 1.58 1.94 1.18 2.1100000000000003 2.17 1.8 1.08 1.02 1.35 2.14 1.13 2.15 2.04 2.04 1.83 0 1.88 1.37 2.1100000000000003 1.82 1.13 1.17 1.3 2.23 2.2199999999999998 2.43 2.28 2.05 2.08 2.1100000000000003 1.72 1.86 1.8 2.25 1.26 1.74 2.06 2.2800000000000002 2.13 2.1100000000000003 1.87 1.07 2.1900000000000004 2.1 2.16 1.2 2.17 2.25 2.08 2.19 1.05 2.08 2.0700000000000003 2.17 2.23 2.1 2.19 1.94 
1.24 2.0300000000000002 2.3 2.0300000000000002 1.95 1.84 1.39 1.34 1.03 2.13 2.13 2.25 1.35 1.87 1.83 1.63 2.0300000000000002 1.9 2.12 2.13 2.21 1.66 2.25 1.79 1.47 2.08 1.56 2.25 1.42 1.9 2.1500000000000004 1.33 2.19 2.17 1.95 1.78 1.9 2.12 1.91 2.26 1.3 1.34 1.59 1.65 2.3 2.2199999999999998 1.14 1.63 2.18 1.89 1.91 1.88 2.1799999999999997 2.19 1.5 1.29 1.88 0 2.08 2.1799999999999997 1.72 2.09 1.08 2.12 2.0300000000000002 2.0700000000000003 2.12 1.63 1.71 1.42 2.2 2.1500000000000004 1.67 1.96 1.56 1.68 1.88 1.43 1.54 1.86 1.78 1.67 2.17 2.24 2.37 1.48 1.8 1.74 1.99 1.78 2.14 2.32 1.68 1.87 2.0300000000000002 2.1799999999999997 1.58 2.0700000000000003 2.06 
2.13 2.23 1.08 1.02 2.25 1.67 2.3200000000000003 2.06 2.2199999999999998 2.1399999999999997 1.15 1.87 1.76 2.21 2.18 1.13 1.97 1.82 1.04 1.06 1.91 2.1100000000000003 2.08 1.34 2.0 2.1100000000000003 1.57 2.17 1.04 1.93 2.1799999999999997 2.16 1.49 1.25 1.47 2.13 2.09 1.47 1.35 1.78 2.09 2.1100000000000003 2.1500000000000004 2.17 1.64 1.55 1.98 1.08 1.88 2.05 1.79 1.54 1.4 2.0700000000000003 2.26 2.09 1.37 2.08 0 2.2 2.06 2.26 1.25 1.23 1.96 2.1900000000000004 2.09 1.05 1.41 2.1 2.0700000000000003 2.1 1.25 1.18 2.14 1.88 1.32 1.2 2.26 1.21 2.2199999999999998 1.48 1.29 2.1900000000000004 1.35 1.72 2.14 2.21 1.14 1.56 2.1 2.16 1.26 1.04 2.1 2.08 2.1 2.06 2.1 
1.84 2.06 2.06 2.16 1.91 1.39 1.71 1.56 1.5 1.33 1.96 2.0 2.27 2.0300000000000002 2.05 1.74 2.1100000000000003 1.89 2.14 1.99 1.47 1.13 2.16 1.03 1.5 1.88 2.09 1.14 2.2 2.19 1.44 1.55 2.1799999999999997 2.3600000000000003 1.45 1.16 1.07 2.2 1.68 2.15 1.16 1.8 1.87 1.72 1.44 2.17 2.33 1.76 1.67 2.21 1.58 2.17 2.08 2.14 1.2 2.1399999999999997 2.1100000000000003 2.1799999999999997 2.2 0 1.66 1.7 2.16 2.26 2.25 1.23 1.85 2.17 2.24 1.23 1.13 1.02 1.28 2.1500000000000004 1.5 1.47 2.14 1.62 2.2800000000000002 1.22 1.43 1.61 1.44 1.87 2.04 2.3899999999999997 2.31 2.12 1.96 1.34 2.06 1.5 2.21 1.62 1.55 1.64 2.27 2.26 1.67 
2.06 2.04 1.52 1.47 1.14 1.81 1.67 2.14 2.21 1.95 1.03 1.2 2.25 1.78 2.16 1.28 1.67 1.55 1.02 1.13 1.93 2.1100000000000003 1.23 1.47 1.1 1.16 2.09 2.09 2.0300000000000002 2.13 2.0300000000000002 2.16 1.17 1.84 1.62 2.08 1.78 1.69 1.96 2.1100000000000003 2.09 2.25 1.73 2.16 2.16 1.08 1.34 2.26 2.0300000000000002 1.02 1.61 2.15 2.1100000000000003 2.05 1.54 1.64 1.82 1.72 2.06 1.66 0 2.17 2.1 1.25 2.01 2.12 1.66 2.17 1.0 1.43 1.15 1.02 2.04 1.53 2.04 1.21 2.1 2.21 1.16 1.49 1.75 1.79 2.04 2.36 1.15 1.24 2.3200000000000003 1.26 2.21 2.14 2.16 2.12 2.1500000000000004 1.22 1.25 1.95 1.29 2.14 2.2199999999999998 
1.62 2.29 1.63 2.1 1.25 2.1799999999999997 1.27 2.2800000000000002 1.06 2.26 1.46 1.66 2.1500000000000004 2.1500000000000004 2.13 1.35 1.5 2.24 1.49 1.68 2.09 2.19 1.98 2.0700000000000003 2.2 2.1100000000000003 1.95 1.35 1.45 1.76 2.18 2.0700000000000003 1.8 1.65 1.92 2.1100000000000003 2.17 1.36 1.11 2.1 2.16 1.31 2.17 2.1100000000000003 2.0 1.73 1.32 2.18 1.27 2.3200000000000003 1.29 2.1900000000000004 1.02 2.1 1.49 2.2 1.13 2.09 2.26 1.7 2.17 0 1.32 1.91 1.97 2.18 1.42 2.0300000000000002 1.43 1.08 2.21 2.24 2.19 1.71 1.41 1.44 2.24 2.08 1.67 1.32 1.38 1.61 1.24 1.79 1.62 1.74 1.29 1.04 2.08 1.83 1.51 2.1799999999999997 2.34 1.9 2.09 1.23 1.57 1.06 1.38 
1.29 1.28 2.04 1.4 1.54 1.3 1.3 2.23 2.1100000000000003 2.1 1.33 1.42 1.93 2.14 1.95 1.26 2.33 1.65 2.15 1.19 1.38 1.03 2.1100000000000003 2.41 1.63 2.2 2.01 1.84 2.1 2.1 1.51 1.3 2.13 1.25 1.09 1.33 1.18 1.07 2.16 1.48 1.35 2.06 1.5 1.32 2.13 1.14 1.21 2.17 1.1 1.85 2.13 2.2 2.34 2.13 1.57 1.03 1.17 1.08 1.25 2.16 2.1 1.32 0 2.15 2.1100000000000003 2.1799999999999997 1.39 1.83 1.54 1.07 1.39 2.18 1.12 2.1100000000000003 1.18 1.45 2.09 1.52 2.1500000000000004 1.1 1.43 1.71 1.22 2.1900000000000004 2.25 1.49 2.3 1.7 2.0700000000000003 1.79 2.33 2.19 2.16 2.13 2.08 2.12 1.33 1.98 2.27 
1.83 1.78 1.66 1.47 1.57 2.08 1.91 2.1799999999999997 2.0700000000000003 2.13 1.41 2.31 1.2 2.21 2.4299999999999997 2.1100000000000003 2.24 1.85 1.6 1.82 2.08 2.2800000000000002 2.1799999999999997 2.38 1.97 1.41 1.64 2.23 2.0700000000000003 2.35 2.19 1.76 1.17 2.16 1.15 1.55 1.93 2.1799999999999997 2.29 1.73 2.1100000000000003 1.25 1.12 2.36 1.65 1.5 1.9 1.43 1.85 1.06 1.78 1.68 1.33 1.55 1.75 2.24 1.3 2.12 1.23 2.26 1.25 1.91 2.15 0 1.85 2.12 1.7 2.2800000000000002 2.25 1.73 2.09 1.24 1.71 1.76 2.17 1.78 1.59 1.52 1.31 2.31 1.95 2.13 1.64 2.24 1.82 1.24 2.1 1.37 2.36 2.24 2.17 1.21 1.06 2.0700000000000003 1.23 1.33 1.13 1.83 2.26 
2.0700000000000003 2.1 2.2 1.72 2.01 1.98 2.0700000000000003 2.25 1.05 2.17 2.27 2.34 1.42 1.23 1.56 1.89 1.62 1.71 1.21 2.24 2.05 1.4 1.26 2.1799999999999997 1.23 1.87 1.79 1.89 2.08 2.0300000000000002 1.51 2.1100000000000003 1.49 1.92 2.09 2.0300000000000002 1.23 2.13 1.77 2.12 2.08 2.14 1.57 1.21 1.05 1.1 1.86 1.82 2.04 1.07 1.55 2.13 2.3099999999999996 2.18 2.2800000000000002 1.91 2.23 2.0300000000000002 1.96 2.25 2.01 1.97 2.1100000000000003 1.85 0 2.09 1.92 2.23 1.01 1.98 2.19 2.1799999999999997 2.21 1.52 2.2199999999999998 2.04 1.2 2.21 2.12 2.21 2.0700000000000003 1.42 2.05 1.05 1.17 1.64 1.42 2.1100000000000003 1.17 1.04 1.29 1.41 2.25 2.2199999999999998 2.09 2.15 1.76 1.95 1.53 
1.85 1.11 1.11 2.16 1.61 2.29 2.1799999999999997 1.19 2.2 1.06 1.99 2.25 1.04 2.19 2.0 1.49 1.87 2.1399999999999997 1.62 1.41 2.23 2.12 2.09 1.88 2.05 1.26 1.98 2.14 1.38 1.02 1.26 2.1500000000000004 1.55 1.8 1.5 2.25 2.1100000000000003 1.57 2.29 1.58 2.12 2.14 2.29 1.04 1.04 2.26 2.0 1.15 2.19 2.1 2.23 1.24 2.1799999999999997 2.1799999999999997 2.1 2.1 2.2199999999999998 2.0700000000000003 2.1900000000000004 1.23 2.12 2.18 2.1799999999999997 2.12 2.09 0 2.16 1.23 2.2 2.0700000000000003 1.65 2.1500000000000004 2.13 2.1100000000000003 1.0 1.09 2.13 2.09 1.93 1.64 1.48 1.5 2.19 2.1500000000000004 2.08 1.18 1.32 1.45 2.06 2.2 2.05 1.77 1.3 2.17 2.17 2.17 1.7 1.12 1.66 
1.84 2.27 2.2 2.21 2.2 2.37 2.29 1.16 2.14 1.62 2.13 1.0 2.1100000000000003 1.12 1.23 1.52 2.25 2.05 2.05 1.68 2.08 2.06 2.1799999999999997 2.13 2.2199999999999998 1.98 2.18 1.2 1.45 2.08 2.23 2.1500000000000004 1.92 1.77 1.84 1.73 2.24 2.22 1.34 2.13 2.3 1.99 2.23 2.19 2.3 2.19 1.51 2.17 2.27 1.86 1.63 2.22 2.2800000000000002 1.77 2.09 1.19 2.43 2.12 2.09 1.85 1.66 1.42 1.39 1.7 1.92 2.16 0 1.04 2.23 2.09 2.31 1.56 1.0 2.09 1.72 1.6 1.37 2.12 1.46 2.1399999999999997 2.2 1.1 2.28 1.79 2.24 1.29 1.61 1.45 2.35 2.1100000000000003 2.23 2.17 1.35 2.37 1.54 1.21 2.1799999999999997 1.4 2.06 
1.58 2.25 1.79 1.17 1.47 1.69 1.53 2.08 2.29 1.12 1.2 2.04 1.77 2.16 2.14 1.92 2.14 2.0 2.05 1.35 1.04 1.67 2.1500000000000004 1.86 2.04 1.24 1.71 2.1 1.77 2.13 2.13 1.11 1.2 1.23 1.26 1.08 1.67 2.23 2.19 2.0700000000000003 1.95 1.55 1.47 1.82 1.51 1.65 1.89 1.31 1.54 2.22 2.1900000000000004 2.1 1.65 2.1100000000000003 1.23 1.45 2.28 1.63 1.05 2.17 2.17 2.0300000000000002 1.83 2.2800000000000002 2.23 1.23 1.04 0 1.42 1.05 2.1799999999999997 1.15 2.04 1.86 1.27 1.7 1.39 1.92 2.24 1.23 1.78 2.14 1.85 2.3600000000000003 2.35 2.16 1.78 2.1900000000000004 1.93 2.05 2.21 2.06 1.34 1.95 2.06 2.1799999999999997 1.44 2.13 1.97 
1.06 1.09 1.76 2.01 1.0 1.93 1.06 2.13 2.06 2.1100000000000003 1.37 1.96 1.34 2.12 2.29 2.04 2.1100000000000003 1.94 2.02 2.13 2.13 1.11 1.23 1.69 1.82 2.1100000000000003 1.15 1.9 2.1500000000000004 1.43 1.03 1.23 2.12 2.17 2.06 2.12 1.4 1.37 1.15 1.11 2.3099999999999996 1.88 1.67 1.22 2.06 1.1 1.14 1.97 1.03 1.4 1.64 2.21 2.2 2.06 1.87 2.1900000000000004 2.05 1.71 1.41 2.24 1.0 1.43 1.54 2.25 1.01 2.2 2.23 1.42 0 1.7 1.57 2.02 1.75 1.01 1.29 1.59 2.0300000000000002 1.42 2.12 1.2 2.0 2.12 1.04 2.06 2.0300000000000002 2.24 2.05 2.0 2.0700000000000003 1.3 1.49 1.59 2.09 2.1500000000000004 1.19 2.2 2.18 1.87 1.32 
2.1500000000000004 1.95 1.36 1.77 1.51 2.25 2.22 1.77 1.36 2.0 2.14 1.13 1.77 2.0300000000000002 1.41 1.07 2.15 2.1100000000000003 1.98 1.5 1.51 1.86 2.1 1.68 1.85 1.68 2.08 2.17 2.0700000000000003 1.3 2.27 2.16 2.15 1.57 2.0300000000000002 1.03 1.6 2.14 2.13 1.02 1.08 1.69 1.57 1.03 1.97 2.12 1.79 1.1 2.17 2.09 1.9 2.12 2.04 2.09 2.2800000000000002 1.21 2.08 1.42 2.1 1.23 1.43 1.08 1.07 1.73 1.98 2.0700000000000003 2.09 1.05 1.7 0 2.04 1.37 1.56 1.43 2.08 2.1100000000000003 2.12 1.87 1.23 2.0 1.38 1.6 1.01 2.21 2.21 2.17 2.17 1.71 1.0 1.82 1.85 2.17 1.89 1.46 1.01 2.08 1.83 2.14 2.05 
1.91 1.56 1.65 1.77 1.63 1.12 1.88 1.8 1.32 1.7 2.1799999999999997 2.19 2.1100000000000003 1.59 2.13 1.81 2.1799999999999997 1.38 2.12 1.53 2.0700000000000003 2.1500000000000004 1.14 1.06 1.21 1.37 2.1100000000000003 2.12 1.29 2.24 2.06 2.17 1.21 2.23 1.16 1.9 1.51 1.17 2.1799999999999997 1.02 1.14 1.59 2.17 2.17 2.0700000000000003 1.15 2.13 2.38 1.42 1.13 1.29 2.02 2.1100000000000003 1.88 2.17 1.12 2.1100000000000003 2.2 2.0700000000000003 1.13 1.15 2.21 1.39 2.09 2.19 1.65 2.31 2.1799999999999997 1.57 2.04 0 1.16 2.1100000000000003 1.37 2.08 2.1399999999999997 1.78 2.02 2.1799999999999997 1.3 1.07 1.29 2.1399999999999997 2.1 1.52 1.9 2.2199999999999998 1.98 2.17 1.69 2.05 1.63 1.95 1.49 1.85 1.94 1.75 2.1799999999999997 2.19 
1.19 2.08 2.08 2.32 1.17 2.2 2.04 2.05 1.6 1.57 1.55 1.31 1.56 1.75 1.19 1.13 2.04 1.72 2.02 1.87 1.01 1.63 1.69 2.05 1.76 2.1799999999999997 1.07 2.0700000000000003 1.36 1.44 1.46 1.35 1.84 1.65 2.1799999999999997 1.45 2.09 2.04 1.73 1.6 1.38 2.2 2.1 2.17 1.14 2.1 1.78 2.2 1.58 2.04 1.09 1.15 2.08 2.17 1.04 1.23 1.72 2.1500000000000004 2.1 1.02 1.02 2.24 2.18 1.24 2.1799999999999997 2.1500000000000004 1.56 1.15 2.02 1.37 1.16 0 2.21 1.87 2.06 1.85 1.69 2.05 1.87 1.08 2.23 2.16 2.1100000000000003 2.27 2.17 2.24 2.2 1.93 1.72 2.02 1.16 2.0300000000000002 1.75 2.24 1.83 2.06 2.31 2.25 2.09 
1.9 2.02 2.08 1.54 2.27 1.84 2.13 1.42 2.13 1.23 1.24 1.71 2.08 2.12 2.1 1.08 1.81 1.05 1.98 2.23 2.18 1.72 1.55 1.69 1.6 1.08 2.16 1.7 1.79 1.9 1.3 1.58 1.81 1.64 2.21 1.92 1.59 1.4 1.69 2.14 1.65 2.1100000000000003 1.43 1.66 1.46 1.19 2.23 2.1399999999999997 2.22 2.28 2.17 1.69 2.09 2.27 2.06 2.04 1.86 1.67 1.25 1.28 2.04 2.19 1.12 1.71 2.21 2.13 1.0 2.04 1.75 1.56 2.1100000000000003 2.21 0 2.26 1.13 1.43 2.16 1.35 1.92 1.28 2.31 1.28 2.21 2.24 1.41 2.24 2.31 1.55 1.35 2.0700000000000003 1.24 2.13 1.24 2.2800000000000002 1.39 1.89 1.89 1.73 2.14 
1.75 1.77 1.29 1.39 1.36 2.39 1.76 2.12 2.25 2.1399999999999997 1.97 1.09 1.35 2.16 2.21 1.8 2.1 1.52 2.16 2.23 1.96 1.72 2.17 2.05 1.04 1.95 1.2 1.09 1.22 1.09 1.6 2.17 1.11 2.2 2.18 1.11 1.32 1.18 1.91 1.46 1.86 2.04 1.8 2.0300000000000002 2.1900000000000004 2.1100000000000003 2.15 2.26 1.14 1.14 1.1 2.2699999999999996 1.91 1.55 2.1 1.4 1.8 1.96 1.18 2.1500000000000004 1.53 1.71 2.1100000000000003 1.76 1.52 2.1100000000000003 2.09 1.86 1.01 1.43 1.37 1.87 2.26 0 1.21 2.04 1.02 2.16 1.46 1.01 1.98 1.58 1.69 1.98 1.41 1.4 1.8 1.29 2.15 1.37 1.02 2.18 1.84 2.04 2.2 1.22 2.16 2.13 2.09 
1.42 1.35 1.68 2.21 1.85 1.29 1.47 1.81 2.23 2.06 1.01 1.45 2.04 1.19 1.0 2.2 2.08 1.14 1.99 2.1 1.73 2.21 2.1 1.77 2.25 2.0300000000000002 1.03 1.28 2.1500000000000004 1.35 1.22 2.14 1.63 1.76 1.91 2.27 2.17 1.66 2.21 1.06 2.0700000000000003 1.81 1.3 2.04 2.04 1.5 1.36 2.15 2.21 2.23 1.7 2.12 1.27 1.18 2.19 2.21 2.25 1.56 2.14 1.5 2.04 1.41 1.18 2.17 2.2199999999999998 1.0 1.72 1.27 1.29 2.08 2.08 2.06 1.13 1.21 0 2.09 1.87 1.62 2.2 2.08 2.21 2.1399999999999997 1.66 1.99 1.08 1.16 2.21 1.3 2.15 2.2800000000000002 1.73 1.38 2.08 2.1100000000000003 2.17 1.97 1.8 2.12 1.97 
2.18 1.61 1.0 1.76 2.08 2.09 1.32 1.13 1.97 1.8 2.09 2.15 1.23 2.41 2.2199999999999998 2.0700000000000003 2.09 1.58 1.69 1.61 2.12 2.15 1.15 2.1799999999999997 1.0 1.85 2.01 1.71 1.09 1.29 1.16 1.06 2.1399999999999997 1.09 2.3600000000000003 1.61 2.23 1.39 1.81 1.62 1.03 1.13 2.28 1.34 1.99 1.69 2.12 1.69 1.73 1.01 1.51 2.08 1.84 1.65 2.2199999999999998 2.01 1.26 1.68 1.88 1.47 1.21 1.44 1.45 1.78 2.04 1.09 1.6 1.7 1.59 2.1100000000000003 2.1399999999999997 1.85 1.43 2.04 2.09 0 1.2 1.37 2.06 2.06 1.71 2.1799999999999997 2.09 2.19 1.65 1.76 1.39 1.24 1.61 2.0700000000000003 2.17 1.22 2.08 1.81 1.47 1.75 2.12 1.75 2.17 
1.63 1.21 1.7 2.26 1.2 1.92 1.69 1.53 2.1100000000000003 2.19 1.07 2.1100000000000003 1.47 1.25 1.6 2.06 2.34 1.62 2.02 2.12 1.62 1.06 2.2199999999999998 1.11 2.06 2.29 1.28 2.1100000000000003 1.7 1.43 1.76 2.2 1.71 2.19 1.84 1.54 1.85 2.1100000000000003 1.9 1.14 1.04 1.02 1.3 1.17 2.23 1.9 1.58 1.25 1.08 1.09 1.2 1.37 1.74 2.1100000000000003 2.24 2.23 1.74 1.88 1.32 2.14 2.1 2.24 2.09 1.59 1.2 2.13 1.37 1.39 2.0300000000000002 2.12 1.78 1.69 2.16 1.02 1.87 1.2 0 1.15 1.24 1.44 1.5 1.89 2.17 2.1100000000000003 2.12 2.23 1.44 2.08 2.2199999999999998 2.08 2.04 2.0700000000000003 1.67 1.02 2.06 1.52 2.1500000000000004 1.8 2.2 
2.26 1.42 2.19 2.13 2.15 1.48 1.28 2.06 1.17 2.17 1.61 2.13 1.05 2.17 1.05 1.82 2.0700000000000003 2.1 2.13 1.72 2.15 1.44 2.34 1.52 2.1100000000000003 1.52 1.2 1.09 2.14 1.92 1.19 1.58 1.05 2.14 1.83 1.39 1.02 1.74 2.1799999999999997 1.85 2.12 2.12 1.72 2.1799999999999997 2.0700000000000003 2.05 1.28 2.0300000000000002 1.14 2.1 1.34 2.02 1.2 1.8 1.92 1.18 2.06 1.43 1.2 1.62 2.21 2.08 1.52 1.52 2.21 2.09 2.12 1.92 1.42 1.87 2.02 2.05 1.35 2.16 1.62 1.37 1.15 0 2.1 1.75 2.24 1.02 2.0300000000000002 2.2 1.9 1.36 1.22 1.04 2.26 2.0300000000000002 2.05 1.13 1.31 2.17 1.13 1.62 1.26 2.14 2.17 
1.91 1.3 1.21 1.83 2.28 2.25 2.24 1.07 2.41 2.25 1.92 1.31 2.28 1.33 1.68 1.64 2.36 1.34 2.1100000000000003 2.26 1.32 1.22 2.2699999999999996 1.61 1.14 2.2 2.2199999999999998 1.92 2.06 1.22 2.35 2.36 1.09 2.1500000000000004 2.2199999999999998 1.58 2.2 1.86 1.11 1.26 2.2199999999999998 2.1 1.21 1.37 2.27 1.98 1.81 2.3200000000000003 1.59 1.05 1.52 1.66 2.1799999999999997 1.99 2.12 1.12 2.2800000000000002 1.54 2.26 2.2800000000000002 1.16 1.67 2.1500000000000004 1.31 2.12 1.93 1.46 2.24 2.12 1.23 2.1799999999999997 1.87 1.92 1.46 2.2 2.06 1.24 2.1 0 1.18 1.27 2.1799999999999997 1.83 1.71 1.32 1.97 2.16 2.2 2.0700000000000003 2.16 1.06 2.1500000000000004 1.18 2.2300000000000004 1.22 1.15 2.12 2.17 1.25 
1.23 1.02 2.1799999999999997 2.23 1.22 1.58 2.09 1.13 1.63 1.13 1.07 1.14 2.21 2.17 1.89 1.28 1.37 2.21 2.17 2.25 2.09 2.0700000000000003 1.6 1.84 1.06 1.54 1.17 1.46 2.2 2.09 2.23 1.89 1.77 2.21 2.1900000000000004 2.1100000000000003 1.18 1.57 1.56 2.09 2.13 2.3 1.35 1.93 1.33 1.87 1.24 2.19 2.15 2.1100000000000003 2.1 1.98 1.6 1.42 1.09 2.13 2.13 1.86 1.21 1.22 1.49 1.32 1.1 2.31 2.21 1.64 2.1399999999999997 1.23 1.2 2.0 1.3 1.08 1.28 1.01 2.08 2.06 1.44 1.75 1.18 0 2.3200000000000003 1.37 1.96 1.37 1.15 2.2199999999999998 2.09 1.43 2.13 1.57 1.38 1.72 2.18 1.29 2.17 2.08 2.1500000000000004 2.15 2.2 
1.17 1.41 2.0 1.82 1.49 2.08 2.23 1.76 1.26 2.21 2.23 1.84 2.19 1.08 1.7 2.2 1.32 1.55 1.78 2.21 1.7 1.33 1.74 1.69 2.1100000000000003 2.1500000000000004 1.18 1.51 1.94 1.92 2.27 1.22 1.79 1.3 2.14 2.2800000000000002 1.92 2.17 1.15 1.69 2.0700000000000003 2.14 1.29 1.32 1.1 2.2 2.1799999999999997 2.1500000000000004 2.09 2.2 2.0700000000000003 1.97 1.23 1.18 2.29 1.57 2.1100000000000003 1.78 2.2199999999999998 1.43 1.75 1.38 1.43 1.95 2.0700000000000003 1.48 2.2 1.78 2.0 1.38 1.07 2.23 2.31 1.98 2.21 1.71 1.5 2.24 1.27 2.3200000000000003 0 2.04 2.04 1.05 2.05 1.07 2.05 2.16 2.27 1.03 1.3 2.1500000000000004 1.51 1.18 1.67 2.1799999999999997 1.28 2.08 2.1 
2.15 1.52 1.18 2.23 1.53 1.81 1.51 2.24 2.19 2.1799999999999997 1.13 1.97 1.59 1.15 1.57 1.82 1.41 1.7 1.57 2.16 2.02 2.15 2.26 2.34 1.61 2.25 2.1 2.08 2.26 2.2 2.21 2.04 2.0700000000000003 1.58 2.1399999999999997 1.98 2.04 2.17 2.21 2.16 2.05 1.67 1.13 1.27 2.16 2.08 1.18 1.99 1.78 1.27 1.31 2.23 2.2199999999999998 1.18 2.23 2.0 1.87 1.67 1.48 1.61 1.79 1.61 1.71 2.13 1.42 1.5 1.1 2.14 2.12 1.6 1.29 2.16 1.28 1.58 2.1399999999999997 2.1799999999999997 1.89 1.02 2.1799999999999997 1.37 2.04 0 1.4 2.24 2.13 1.59 2.23 1.71 2.27 1.01 2.1100000000000003 1.76 2.16 1.38 2.15 2.24 2.21 1.3 1.4 
2.1 2.04 1.25 2.31 2.04 1.95 2.1 1.86 2.23 2.1100000000000003 2.23 1.73 2.17 2.19 1.6 1.91 1.49 1.38 1.93 2.1399999999999997 2.02 2.04 1.34 2.15 1.44 2.26 1.88 2.25 1.35 2.2800000000000002 1.62 1.49 1.74 2.15 1.02 2.04 1.01 1.3 2.19 2.0300000000000002 1.76 1.83 2.0300000000000002 1.18 1.15 1.59 2.1799999999999997 2.02 2.0700000000000003 1.08 2.06 1.36 1.74 2.08 2.0700000000000003 1.44 1.07 2.17 1.29 1.44 2.04 1.24 1.22 1.64 2.05 2.19 2.28 1.85 1.04 1.01 2.1399999999999997 2.1100000000000003 2.21 1.69 1.66 2.09 2.17 2.0300000000000002 1.83 1.96 2.04 1.4 0 1.39 1.68 1.89 1.48 2.2199999999999998 1.3 1.01 1.16 2.12 1.32 2.1799999999999997 1.48 1.68 1.79 1.85 2.17 
1.68 1.22 2.1 1.26 1.67 2.12 2.09 1.49 2.1 2.25 1.41 2.04 1.59 1.66 2.1500000000000004 1.92 1.55 1.19 2.1 1.49 2.19 2.12 1.42 1.43 2.21 1.65 1.35 1.39 1.33 1.79 1.51 2.27 2.24 2.35 1.1 2.21 2.12 1.86 2.2 1.79 1.73 1.09 1.79 2.1900000000000004 1.76 2.1500000000000004 2.27 1.11 2.41 1.44 1.59 1.33 1.6 1.4 1.65 2.19 2.1900000000000004 2.24 2.1900000000000004 1.87 2.36 1.79 2.1900000000000004 2.24 1.05 2.1500000000000004 1.79 2.3600000000000003 2.06 2.21 2.1 2.27 2.24 1.98 1.99 2.19 2.1100000000000003 2.2 1.71 1.37 1.05 2.24 1.39 0 1.83 2.12 2.18 1.43 1.44 2.08 2.13 2.3600000000000003 1.2 1.52 1.88 2.1799999999999997 1.84 1.03 2.24 
2.12 1.48 2.1100000000000003 1.55 1.69 1.68 2.2 1.4 1.34 2.13 1.75 1.34 2.08 2.1500000000000004 1.01 1.91 1.61 1.36 2.1399999999999997 2.23 2.0700000000000003 2.38 2.02 1.01 1.54 1.55 1.8 1.62 1.35 1.09 2.3 1.84 1.25 1.29 2.26 1.97 2.29 1.31 1.13 1.77 1.94 2.21 2.19 1.93 1.22 1.97 2.16 2.12 1.31 2.1500000000000004 2.14 2.3600000000000003 1.73 1.31 1.28 2.2199999999999998 2.1 2.37 1.35 2.04 1.15 1.62 2.25 1.82 1.17 2.08 2.24 2.35 2.0300000000000002 2.21 1.52 2.17 1.41 1.41 1.08 1.65 2.12 1.9 1.32 1.15 2.05 2.13 1.68 1.83 0 2.24 1.55 2.1 1.21 1.75 1.69 1.05 1.23 1.68 2.26 2.15 2.44 1.06 1.95 
1.24 2.2199999999999998 1.35 2.25 2.1399999999999997 1.58 1.55 2.17 1.14 2.24 1.16 2.29 1.88 1.82 2.16 2.2199999999999998 1.42 2.24 1.66 2.33 2.27 2.23 2.2 2.49 1.44 2.13 2.19 2.38 1.16 1.8 1.37 1.74 2.04 1.65 1.86 1.79 2.38 2.15 1.18 1.15 1.89 2.23 2.0300000000000002 1.9 1.62 2.0700000000000003 2.13 1.6 1.24 2.17 2.1799999999999997 1.37 2.24 1.73 1.42 1.22 2.16 1.48 1.72 2.3899999999999997 1.24 1.74 1.49 1.24 1.64 1.18 1.29 2.16 2.24 2.17 1.9 2.24 2.24 1.4 1.16 1.76 2.23 1.36 1.97 2.2199999999999998 1.07 1.59 1.89 2.12 2.24 0 2.16 1.24 1.3 1.66 2.32 1.97 2.13 1.87 1.94 1.77 1.61 1.73 2.37 
2.16 1.98 2.05 1.32 2.04 1.96 1.02 1.87 2.0700000000000003 2.17 2.15 2.2199999999999998 2.08 1.71 1.21 2.12 1.52 2.16 1.83 1.31 2.0700000000000003 1.8 2.21 1.9 2.1900000000000004 1.83 1.3 1.88 2.1500000000000004 1.92 2.19 2.27 1.76 1.64 2.13 1.49 1.24 2.0700000000000003 1.05 1.82 2.29 1.79 1.49 2.23 2.18 1.58 1.41 1.07 1.91 2.1500000000000004 1.83 1.71 2.17 2.0300000000000002 2.02 2.3 1.2 1.8 2.14 2.31 2.3200000000000003 1.29 2.3 2.1 1.42 1.32 1.61 1.78 2.05 2.17 2.2199999999999998 2.2 2.31 1.8 2.21 1.39 1.44 1.22 2.16 2.09 2.05 2.23 1.48 2.18 1.55 2.16 0 1.72 1.33 1.47 1.87 1.05 1.42 1.1 1.22 2.19 2.09 1.72 2.1500000000000004 
1.89 2.01 2.18 1.61 2.16 1.41 1.84 1.24 1.89 1.96 1.61 2.12 1.29 1.84 1.09 1.34 1.7 2.14 1.93 1.53 2.04 2.3899999999999997 2.2199999999999998 1.81 2.24 1.53 2.23 1.58 1.98 2.2199999999999998 1.91 1.08 1.11 1.71 2.1 2.27 1.53 2.24 1.62 1.61 2.25 1.78 1.55 2.26 1.85 1.01 2.01 2.12 1.62 1.8 2.09 1.35 1.06 1.72 1.84 1.68 2.17 1.74 2.21 2.12 1.26 1.04 1.7 1.37 2.1100000000000003 1.45 1.45 2.1900000000000004 2.0 1.71 1.98 1.93 1.55 1.29 1.3 1.24 2.08 1.04 2.2 1.43 2.16 1.71 2.2199999999999998 1.43 2.1 1.24 1.72 0 1.83 1.21 1.25 1.37 1.76 1.72 2.0 1.36 1.19 2.1 1.57 
2.43 1.27 1.28 1.46 2.37 1.53 1.64 1.26 2.2199999999999998 1.0 1.91 1.78 2.42 2.38 1.23 1.57 1.45 2.2800000000000002 2.12 2.2 2.23 1.63 1.24 2.02 2.21 1.34 2.29 1.17 1.81 1.44 2.14 2.24 2.16 1.28 1.74 1.62 1.68 1.85 1.57 1.47 1.55 1.31 2.4 1.86 1.77 1.15 1.76 1.23 2.12 1.56 2.1799999999999997 1.71 1.45 1.09 1.98 2.2 2.25 1.99 1.14 1.96 2.21 2.08 2.0700000000000003 2.36 1.17 2.06 2.35 1.93 2.0700000000000003 1.0 2.17 1.72 1.35 2.15 2.15 1.61 2.2199999999999998 2.26 2.0700000000000003 2.13 2.27 2.27 1.3 1.44 1.21 1.3 1.33 1.83 0 2.21 1.65 1.5 2.0700000000000003 1.54 2.01 2.3 1.31 1.78 1.43 
1.65 1.43 1.36 1.44 1.46 1.85 1.68 1.49 2.09 1.41 2.1 2.24 1.16 2.1100000000000003 1.62 1.39 1.19 2.25 1.75 1.93 1.01 2.1500000000000004 2.16 2.13 1.08 1.39 1.89 2.06 2.19 1.89 1.7 1.58 1.86 2.17 1.56 2.24 1.99 2.18 2.1799999999999997 1.24 1.04 1.94 1.43 1.85 2.09 2.13 1.69 2.2800000000000002 1.06 1.59 1.05 2.18 1.84 1.61 2.13 1.37 2.08 1.78 1.56 1.34 2.14 1.83 1.79 2.24 1.04 2.2 2.1100000000000003 2.05 1.3 1.82 1.69 2.02 2.0700000000000003 1.37 2.2800000000000002 2.0700000000000003 2.08 2.0300000000000002 2.16 1.57 1.03 1.01 1.01 2.08 1.75 1.66 1.47 1.21 2.21 0 1.1 1.39 1.47 1.94 2.14 2.15 2.29 2.21 2.05 
2.1399999999999997 1.12 1.68 2.1500000000000004 1.71 1.64 2.19 2.13 1.52 1.83 1.46 2.1100000000000003 1.26 2.2 1.65 1.36 1.41 2.1799999999999997 2.08 1.95 1.86 1.64 1.76 1.03 1.92 1.14 2.08 2.1100000000000003 1.53 2.1100000000000003 1.29 2.18 1.49 2.04 2.1799999999999997 1.23 2.1500000000000004 2.19 1.32 2.04 1.51 1.04 1.19 1.01 1.29 1.82 2.13 2.1799999999999997 1.37 2.1100000000000003 1.51 1.25 2.08 2.0700000000000003 1.83 1.86 2.19 2.14 2.1 2.06 2.16 1.51 2.33 2.17 1.29 2.05 2.23 2.21 1.49 1.85 2.05 1.16 1.24 1.02 1.73 2.17 2.04 2.05 1.06 1.38 1.3 2.1100000000000003 1.16 2.13 1.69 2.32 1.87 1.25 1.65 1.1 0 2.16 1.41 2.1399999999999997 2.13 2.06 2.08 1.11 2.16 
1.14 1.19 1.32 1.44 1.02 2.2 2.0700000000000003 1.37 2.08 1.49 2.24 1.17 1.03 2.3200000000000003 2.06 1.53 2.0700000000000003 2.16 1.12 2.09 1.02 2.1799999999999997 1.91 1.87 1.36 2.1900000000000004 2.15 1.11 2.1100000000000003 1.68 2.04 1.61 2.12 1.06 1.26 1.53 2.09 2.23 2.1 1.68 2.1100000000000003 1.7 1.34 1.68 2.06 1.77 2.09 1.63 1.75 1.1 1.09 2.08 1.93 2.1500000000000004 2.14 2.17 1.05 2.32 2.16 1.5 2.12 2.1799999999999997 2.19 1.21 1.41 1.77 2.17 2.06 1.59 2.17 1.63 2.0300000000000002 2.13 2.18 1.38 1.22 2.0700000000000003 1.13 2.1500000000000004 1.72 2.1500000000000004 1.76 2.12 2.3600000000000003 1.05 1.97 1.05 1.37 1.5 1.39 2.16 0 1.2 1.44 1.56 1.87 2.1 1.39 2.09 
1.3 1.8 1.08 2.27 2.1799999999999997 2.23 1.52 2.06 2.25 1.07 2.1100000000000003 2.18 1.49 1.88 2.1900000000000004 1.05 2.19 1.5 2.0300000000000002 1.59 1.02 1.72 1.85 1.88 2.16 1.66 1.05 2.08 1.14 1.29 1.51 1.94 1.98 1.87 1.22 2.26 2.29 2.1100000000000003 1.74 1.56 1.05 2.21 1.87 1.68 2.24 2.23 2.0700000000000003 2.18 1.96 2.12 1.9 1.22 2.09 2.27 1.78 1.45 2.08 1.68 1.26 2.21 2.1500000000000004 2.34 2.16 1.06 2.25 1.3 1.35 1.34 2.09 1.89 1.95 1.75 1.24 1.84 2.08 2.08 1.67 1.31 1.18 2.18 1.51 2.16 1.32 1.2 1.23 2.13 1.42 1.76 2.0700000000000003 1.47 1.41 1.2 0 1.68 2.14 1.62 1.45 2.23 1.48 
1.38 2.19 2.12 1.91 1.56 2.05 2.12 2.2199999999999998 1.29 2.42 2.09 1.6 1.22 2.24 1.67 1.22 1.77 2.19 1.94 1.74 1.79 2.08 2.1900000000000004 1.98 2.3200000000000003 1.95 2.16 1.17 2.08 1.77 2.1900000000000004 2.06 1.55 2.27 1.23 1.61 2.26 2.4699999999999998 1.12 2.16 2.06 1.74 1.92 1.13 1.85 2.2 2.15 2.12 1.72 2.1100000000000003 2.1799999999999997 2.18 2.21 2.17 2.38 1.71 2.0700000000000003 1.87 1.04 1.62 1.22 1.9 2.13 2.0700000000000003 2.2199999999999998 2.17 2.37 1.95 2.1500000000000004 1.46 1.49 2.24 2.2800000000000002 2.04 2.1100000000000003 1.81 1.02 2.17 2.2300000000000004 1.29 1.18 1.38 2.1799999999999997 1.52 1.68 1.87 1.1 1.72 1.54 1.94 2.1399999999999997 1.44 1.68 0 1.07 2.0700000000000003 1.63 1.28 1.31 
2.1399999999999997 2.19 2.18 1.44 1.97 2.05 2.16 2.13 2.13 1.42 2.1500000000000004 2.1399999999999997 2.09 1.17 1.48 2.08 1.14 2.17 2.09 2.14 1.84 1.35 2.06 2.15 1.55 2.1 1.81 1.64 1.06 2.08 1.67 1.94 2.04 1.21 2.17 1.74 1.92 2.14 2.1900000000000004 1.37 2.09 1.09 1.93 1.13 1.29 1.21 1.31 1.21 2.2199999999999998 2.0700000000000003 1.13 1.11 2.13 2.16 2.21 2.19 2.17 2.0300000000000002 2.1 1.55 1.25 2.09 2.08 1.23 2.09 2.17 1.54 2.06 1.19 1.01 1.85 1.83 1.39 2.2 2.17 1.47 2.06 1.13 1.22 2.17 1.67 2.15 1.48 1.88 2.26 1.94 1.22 2.0 2.01 2.14 2.13 1.56 2.14 1.07 0 1.69 2.13 2.06 1.04 
1.27 2.12 1.49 1.62 1.71 1.55 2.2699999999999996 1.74 1.99 2.26 1.45 1.49 1.13 2.17 1.14 1.61 2.21 1.39 1.04 2.08 1.14 1.09 2.1900000000000004 1.64 2.18 1.44 2.02 2.13 2.1500000000000004 1.83 2.21 1.86 2.16 2.12 2.12 1.63 2.12 1.43 1.84 1.28 2.1799999999999997 1.92 1.11 1.48 2.08 2.2 1.75 2.2800000000000002 1.49 1.21 1.32 1.14 2.12 2.0700000000000003 1.36 2.24 2.23 2.1799999999999997 2.08 1.64 1.95 1.23 2.12 1.33 2.15 2.17 1.21 2.1799999999999997 2.2 2.08 1.94 2.06 1.89 1.22 1.97 1.75 1.52 1.62 1.15 2.08 2.1799999999999997 2.24 1.68 2.1799999999999997 2.15 1.77 2.19 1.36 2.3 2.15 2.06 1.87 1.62 2.0700000000000003 1.69 0 1.94 2.2199999999999998 2.2800000000000002 
1.12 2.25 2.12 1.28 2.12 2.3 2.28 1.21 2.06 2.19 1.08 1.72 1.61 2.22 1.57 2.2 2.13 1.2 2.14 2.23 2.24 1.32 1.16 2.12 2.29 1.77 2.1500000000000004 2.14 2.12 2.24 2.1799999999999997 2.09 2.2199999999999998 1.64 1.74 2.14 2.0300000000000002 1.5 2.24 2.23 2.14 1.29 2.24 1.31 1.91 1.11 2.19 1.02 2.08 2.19 2.13 2.1 2.25 1.89 2.25 1.11 2.1 1.58 2.1 2.27 1.29 1.57 1.33 1.13 1.76 1.7 2.1799999999999997 1.44 2.18 1.83 1.75 2.31 1.89 2.16 1.8 2.12 2.1500000000000004 1.26 2.12 2.1500000000000004 1.28 2.21 1.79 1.84 2.44 1.61 2.09 1.19 1.31 2.29 2.08 2.1 1.45 1.63 2.13 1.94 0 1.98 1.13 
1.06 1.95 1.39 1.04 2.1799999999999997 1.81 2.21 2.22 2.12 1.22 1.11 1.42 1.09 1.09 1.91 1.47 2.06 1.59 1.6 1.44 2.17 2.24 1.31 2.0700000000000003 1.52 2.17 1.51 1.84 2.12 1.64 1.96 1.93 2.3 1.69 1.44 1.18 1.96 1.21 2.17 1.39 1.72 1.59 2.29 2.12 1.71 1.45 1.29 2.14 1.7 2.3600000000000003 1.88 1.73 1.35 1.19 2.21 1.16 2.19 2.0700000000000003 2.06 2.26 2.14 1.06 1.98 1.83 1.95 1.12 1.4 2.13 1.87 2.14 2.1799999999999997 2.25 1.73 2.13 2.12 1.75 1.8 2.14 2.17 2.15 2.08 1.3 1.85 1.03 1.06 1.73 1.72 2.1 1.78 2.21 1.11 1.39 2.23 1.28 2.06 2.2199999999999998 1.98 0 2.09 
1.85 1.56 1.64 1.08 2.13 2.29 1.15 2.16 1.75 1.33 1.69 2.17 1.36 2.21 2.05 2.2199999999999998 2.05 1.51 2.13 1.55 1.15 2.04 1.1 2.09 2.05 1.06 1.24 2.01 1.3 1.11 1.67 1.31 1.15 2.0700000000000003 1.76 2.3099999999999996 2.1799999999999997 2.29 1.27 1.33 1.87 1.73 2.24 2.17 1.77 2.08 1.06 2.1100000000000003 1.64 2.23 1.0 2.1100000000000003 1.32 1.19 1.29 2.0700000000000003 1.94 2.06 2.1 1.67 2.2199999999999998 1.38 2.27 2.26 1.53 1.66 2.06 1.97 1.32 2.05 2.19 2.09 2.14 2.09 1.97 2.17 2.2 2.17 1.25 2.2 2.1 1.4 2.17 2.24 1.95 2.37 2.1500000000000004 1.57 1.43 2.05 2.16 2.09 1.48 1.31 1.04 2.2800000000000002 1.13 2.09 0 
