25
1 22 10 24 12 17 3 8 6 11 23 15 13 2 21 19 7 5 16 14 18 4 20 9 0
0 2 2 2 1 3 3 1 2 1 2 2 3 2 2 2 2 3 2 2 3 2 2 3 2 
2 0 1 2 2 2 2 2 1 2 2 2 3 2 1 1 2 2 1 2 2 2 2 2 2 
2 1 0 2 2 3 3 2 2 1 2 2 2 1 1 2 2 2 2 2 2 2 2 2 2 
2 2 2 0 2 2 2 2 2 2 2 1 1 2 2 2 1 2 2 2 1 2 2 2 2 
1 2 2 2 0 2 2 2 2 2 2 2 2 1 1 2 3 2 2 2 2 2 2 2 1 
3 2 3 2 2 0 2 3 2 2 2 1 1 2 2 3 2 1 2 1 3 2 2 3 1 
3 2 3 2 2 2 0 2 2 2 1 2 2 2 2 1 1 2 1 2 2 2 1 1 1 
1 2 2 2 2 3 2 0 1 2 2 2 3 2 2 2 1 2 2 2 2 2 3 2 2 
2 1 2 2 2 2 2 1 0 1 2 2 2 2 1 2 2 1 2 2 2 2 2 1 1 
1 2 1 2 2 2 2 2 1 0 1 1 3 2 2 1 2 2 2 2 2 1 2 2 2 
2 2 2 2 2 2 1 2 2 1 0 2 2 1 2 2 2 2 2 1 1 2 2 2 2 
2 2 2 1 2 1 2 2 2 1 2 0 2 2 2 2 2 2 2 1 2 2 1 2 2 
3 3 2 1 2 1 2 3 2 3 2 2 0 1 3 2 2 2 2 2 2 2 3 2 1 
2 2 1 2 1 2 2 2 2 2 1 2 1 0 2 2 2 2 2 2 2 2 2 1 2 
2 1 1 2 1 2 2 2 1 2 2 2 3 2 0 2 2 1 2 1 1 1 1 2 2 
2 1 2 2 2 3 1 2 2 1 2 2 2 2 2 0 1 2 2 2 3 2 1 2 2 
2 2 2 1 3 2 1 1 2 2 2 2 2 2 2 1 0 2 2 2 2 2 2 2 2 
3 2 2 2 2 1 2 2 1 2 2 2 2 2 1 2 2 0 2 2 2 2 2 2 1 
2 1 2 2 2 2 1 2 2 2 2 2 2 2 2 2 2 2 0 2 2 2 2 2 2 
2 2 2 2 2 1 2 2 2 2 1 1 2 2 1 2 2 2 2 0 2 1 1 2 2 
3 2 2 1 2 3 2 2 2 2 1 2 2 2 1 3 2 2 2 2 0 2 2 2 2 
2 2 2 2 2 2 2 2 2 1 2 2 2 2 1 2 2 2 2 1 2 0 2 2 1 
2 2 2 2 2 2 1 3 2 2 2 1 3 2 1 1 2 2 2 1 2 2 0 2 2 
3 2 2 2 2 3 1 2 1 2 2 2 2 1 2 2 2 2 2 2 2 2 2 0 2 
2 2 2 2 1 1 1 2 1 2 2 2 1 2 2 2 2 1 2 2 2 1 2 2 0 
