21
ka2 ka5 ka6 ka7 ka8 kb2 kb5 kb6 kb7 kb8 kc1 kc2 kc5 kc6 kc8 kd1 kd3 kd4 kd5 kd8 ka0
0 21.0 15.0 27.0 36.0 94.0 109.0 127.0 142.0 160.0 188.0 224.0 210.0 156.0 120.0 113.0 106.0 91.0 111.0 14.0 10.0 
21.0 0 36.0 15.0 24.0 108.0 123.0 141.0 156.0 174.0 202.0 238.0 231.0 177.0 141.0 134.0 127.0 112.0 132.0 35.0 31.0 
15.0 36.0 0 24.0 33.0 79.0 94.0 112.0 127.0 145.0 173.0 209.0 225.0 171.0 135.0 128.0 121.0 106.0 126.0 29.0 25.0 
27.0 15.0 24.0 0 9.0 93.0 108.0 126.0 141.0 159.0 187.0 223.0 237.0 183.0 147.0 140.0 133.0 118.0 138.0 41.0 37.0 
36.0 24.0 33.0 9.0 0 102.0 117.0 135.0 150.0 168.0 196.0 232.0 246.0 192.0 156.0 149.0 142.0 127.0 147.0 50.0 46.0 
94.0 108.0 79.0 93.0 102.0 0 15.0 33.0 120.0 66.0 94.0 130.0 184.0 220.0 193.0 188.0 200.0 185.0 205.0 108.0 104.0 
109.0 123.0 94.0 108.0 117.0 15.0 0 48.0 105.0 51.0 109.0 145.0 199.0 235.0 208.0 203.0 215.0 200.0 220.0 123.0 119.0 
127.0 141.0 112.0 126.0 135.0 33.0 48.0 0 153.0 99.0 61.0 97.0 151.0 187.0 160.0 155.0 233.0 218.0 238.0 141.0 137.0 
142.0 156.0 127.0 141.0 150.0 120.0 105.0 153.0 0 54.0 214.0 250.0 304.0 298.0 262.0 255.0 248.0 233.0 253.0 156.0 152.0 
160.0 174.0 145.0 159.0 168.0 66.0 51.0 99.0 54.0 0 160.0 196.0 250.0 286.0 259.0 254.0 266.0 251.0 271.0 174.0 170.0 
188.0 202.0 173.0 187.0 196.0 94.0 109.0 61.0 214.0 160.0 0 54.0 90.0 144.0 99.0 112.0 211.0 208.0 232.0 202.0 198.0 
224.0 238.0 209.0 223.0 232.0 130.0 145.0 97.0 250.0 196.0 54.0 0 54.0 90.0 144.0 139.0 238.0 235.0 259.0 238.0 234.0 
210.0 231.0 225.0 237.0 246.0 184.0 199.0 151.0 304.0 250.0 90.0 54.0 0 54.0 90.0 103.0 202.0 199.0 223.0 202.0 200.0 
156.0 177.0 171.0 183.0 192.0 220.0 235.0 187.0 298.0 286.0 144.0 90.0 54.0 0 54.0 49.0 148.0 145.0 169.0 148.0 146.0 
120.0 141.0 135.0 147.0 156.0 193.0 208.0 160.0 262.0 259.0 99.0 144.0 90.0 54.0 0 13.0 112.0 109.0 133.0 112.0 110.0 
113.0 134.0 128.0 140.0 149.0 188.0 203.0 155.0 255.0 254.0 112.0 139.0 103.0 49.0 13.0 0 99.0 102.0 120.0 99.0 103.0 
106.0 127.0 121.0 133.0 142.0 200.0 215.0 233.0 248.0 266.0 211.0 238.0 202.0 148.0 112.0 99.0 0 15.0 75.0 98.0 96.0 
91.0 112.0 106.0 118.0 127.0 185.0 200.0 218.0 233.0 251.0 208.0 235.0 199.0 145.0 109.0 102.0 15.0 0 60.0 83.0 81.0 
111.0 132.0 126.0 138.0 147.0 205.0 220.0 238.0 253.0 271.0 232.0 259.0 223.0 169.0 133.0 120.0 75.0 60.0 0 99.0 101.0 
14.0 35.0 29.0 41.0 50.0 108.0 123.0 141.0 156.0 174.0 202.0 238.0 202.0 148.0 112.0 99.0 98.0 83.0 99.0 0 4.0 
10.0 31.0 25.0 37.0 46.0 104.0 119.0 137.0 152.0 170.0 198.0 234.0 200.0 146.0 110.0 103.0 96.0 81.0 101.0 4.0 0 
