26
6 32 49 20 12 23 30 25 15 34 4 29 27 7 14 38 31 28 43 41 39 16 45 35 19 40
0 147.0 189.0 169.0 145.0 211.0 109.0 166.0 190.0 77.0 129.0 184.0 431.0 263.0 141.0 193.0 337.0 529.0 174.0 328.0 220.0 142.0 104.0 98.0 396.0 14.0 
147.0 0 134.0 191.0 131.0 68.0 128.0 194.0 47.0 139.0 178.0 239.0 341.0 120.0 96.0 129.0 194.0 439.0 42.0 293.0 88.0 196.0 186.0 160.0 306.0 151.0 
189.0 134.0 0 204.0 104.0 147.0 144.0 201.0 168.0 112.0 312.0 219.0 420.0 199.0 176.0 86.0 273.0 518.0 92.0 363.0 46.0 330.0 159.0 133.0 385.0 203.0 
169.0 191.0 204.0 0 160.0 165.0 63.0 3.0 144.0 92.0 170.0 174.0 262.0 217.0 95.0 208.0 291.0 360.0 189.0 318.0 235.0 152.0 239.0 71.0 227.0 183.0 
145.0 131.0 104.0 160.0 0 109.0 100.0 157.0 130.0 68.0 274.0 175.0 382.0 161.0 132.0 48.0 235.0 480.0 89.0 319.0 135.0 287.0 139.0 89.0 347.0 159.0 
211.0 68.0 147.0 165.0 109.0 0 102.0 168.0 21.0 134.0 246.0 213.0 273.0 52.0 70.0 61.0 126.0 371.0 110.0 225.0 156.0 254.0 248.0 155.0 238.0 219.0 
109.0 128.0 144.0 63.0 100.0 102.0 0 66.0 81.0 32.0 233.0 111.0 325.0 154.0 32.0 148.0 228.0 423.0 129.0 255.0 175.0 215.0 179.0 53.0 290.0 123.0 
166.0 194.0 201.0 3.0 157.0 168.0 66.0 0 147.0 89.0 167.0 177.0 265.0 220.0 98.0 205.0 294.0 363.0 186.0 321.0 232.0 149.0 236.0 68.0 230.0 180.0 
190.0 47.0 168.0 144.0 130.0 21.0 81.0 147.0 0 113.0 225.0 192.0 294.0 73.0 49.0 82.0 147.0 392.0 89.0 246.0 135.0 233.0 233.0 134.0 259.0 198.0 
77.0 139.0 112.0 92.0 68.0 134.0 32.0 89.0 113.0 0 206.0 107.0 354.0 186.0 64.0 116.0 260.0 452.0 97.0 251.0 143.0 219.0 147.0 21.0 319.0 91.0 
129.0 178.0 312.0 170.0 274.0 246.0 233.0 167.0 225.0 206.0 0 313.0 432.0 298.0 265.0 307.0 372.0 530.0 220.0 457.0 266.0 18.0 223.0 227.0 397.0 133.0 
184.0 239.0 219.0 174.0 175.0 213.0 111.0 177.0 192.0 107.0 313.0 0 286.0 265.0 143.0 223.0 243.0 384.0 204.0 144.0 250.0 326.0 254.0 128.0 251.0 198.0 
431.0 341.0 420.0 262.0 382.0 273.0 325.0 265.0 294.0 354.0 432.0 286.0 0 221.0 343.0 334.0 147.0 98.0 383.0 142.0 429.0 414.0 501.0 333.0 35.0 445.0 
263.0 120.0 199.0 217.0 161.0 52.0 154.0 220.0 73.0 186.0 298.0 265.0 221.0 0 122.0 113.0 74.0 319.0 162.0 173.0 208.0 306.0 300.0 207.0 186.0 271.0 
141.0 96.0 176.0 95.0 132.0 70.0 32.0 98.0 49.0 64.0 265.0 143.0 343.0 122.0 0 131.0 196.0 441.0 138.0 287.0 184.0 247.0 211.0 85.0 308.0 155.0 
193.0 129.0 86.0 208.0 48.0 61.0 148.0 205.0 82.0 116.0 307.0 223.0 334.0 113.0 131.0 0 187.0 432.0 137.0 286.0 132.0 315.0 187.0 137.0 299.0 207.0 
337.0 194.0 273.0 291.0 235.0 126.0 228.0 294.0 147.0 260.0 372.0 243.0 147.0 74.0 196.0 187.0 0 245.0 236.0 99.0 282.0 380.0 374.0 281.0 112.0 345.0 
529.0 439.0 518.0 360.0 480.0 371.0 423.0 363.0 392.0 452.0 530.0 384.0 98.0 319.0 441.0 432.0 245.0 0 481.0 240.0 527.0 512.0 599.0 431.0 133.0 543.0 
174.0 42.0 92.0 189.0 89.0 110.0 129.0 186.0 89.0 97.0 220.0 204.0 383.0 162.0 138.0 137.0 236.0 481.0 0 335.0 46.0 238.0 144.0 118.0 348.0 188.0 
328.0 293.0 363.0 318.0 319.0 225.0 255.0 321.0 246.0 251.0 457.0 144.0 142.0 173.0 287.0 286.0 99.0 240.0 335.0 0 381.0 470.0 398.0 272.0 107.0 342.0 
220.0 88.0 46.0 235.0 135.0 156.0 175.0 232.0 135.0 143.0 266.0 250.0 429.0 208.0 184.0 132.0 282.0 527.0 46.0 381.0 0 284.0 190.0 164.0 394.0 234.0 
142.0 196.0 330.0 152.0 287.0 254.0 215.0 149.0 233.0 219.0 18.0 326.0 414.0 306.0 247.0 315.0 380.0 512.0 238.0 470.0 284.0 0 241.0 217.0 379.0 151.0 
104.0 186.0 159.0 239.0 139.0 248.0 179.0 236.0 233.0 147.0 223.0 254.0 501.0 300.0 211.0 187.0 374.0 599.0 144.0 398.0 190.0 241.0 0 168.0 466.0 90.0 
98.0 160.0 133.0 71.0 89.0 155.0 53.0 68.0 134.0 21.0 227.0 128.0 333.0 207.0 85.0 137.0 281.0 431.0 118.0 272.0 164.0 217.0 168.0 0 298.0 112.0 
396.0 306.0 385.0 227.0 347.0 238.0 290.0 230.0 259.0 319.0 397.0 251.0 35.0 186.0 308.0 299.0 112.0 133.0 348.0 107.0 394.0 379.0 466.0 298.0 0 410.0 
14.0 151.0 203.0 183.0 159.0 219.0 123.0 180.0 198.0 91.0 133.0 198.0 445.0 271.0 155.0 207.0 345.0 543.0 188.0 342.0 234.0 151.0 90.0 112.0 410.0 0 
