26
0 1 2 3 4 5 6 7 8 9 10 11 12 13 14 15 16 17 18 19 20 21 22 23 24 49
0 44.0 105.0 31.0 118.0 28.0 48.0 73.0 75.0 61.0 79.0 36.0 66.0 46.0 63.0 82.0 100.0 60.0 51.0 73.0 69.0 88.0 80.0 67.0 69.0 72.0 
44.0 0 67.0 27.0 76.0 24.0 6.0 31.0 31.0 19.0 37.0 32.0 24.0 42.0 21.0 40.0 62.0 18.0 21.0 35.0 65.0 46.0 38.0 25.0 25.0 30.0 
105.0 67.0 0 88.0 115.0 85.0 61.0 50.0 65.0 60.0 62.0 87.0 43.0 59.0 60.0 79.0 25.0 59.0 86.0 32.0 120.0 87.0 57.0 64.0 59.0 91.0 
31.0 27.0 88.0 0 89.0 11.0 31.0 56.0 58.0 32.0 50.0 5.0 49.0 29.0 34.0 53.0 83.0 33.0 28.0 56.0 38.0 61.0 55.0 38.0 52.0 55.0 
118.0 76.0 115.0 89.0 0 98.0 70.0 75.0 81.0 57.0 63.0 84.0 80.0 110.0 55.0 66.0 110.0 58.0 95.0 83.0 117.0 86.0 68.0 51.0 87.0 100.0 
28.0 24.0 85.0 11.0 98.0 0 28.0 53.0 55.0 41.0 59.0 16.0 46.0 26.0 43.0 62.0 80.0 40.0 31.0 53.0 49.0 68.0 60.0 47.0 49.0 52.0 
48.0 6.0 61.0 31.0 70.0 28.0 0 25.0 37.0 13.0 31.0 36.0 18.0 46.0 15.0 34.0 56.0 12.0 25.0 29.0 69.0 40.0 32.0 19.0 31.0 30.0 
73.0 31.0 50.0 56.0 75.0 53.0 25.0 0 50.0 30.0 12.0 57.0 7.0 45.0 28.0 33.0 45.0 31.0 50.0 18.0 90.0 59.0 7.0 24.0 45.0 55.0 
75.0 31.0 65.0 58.0 81.0 55.0 37.0 50.0 0 28.0 42.0 55.0 43.0 60.0 26.0 45.0 60.0 29.0 52.0 33.0 88.0 51.0 47.0 30.0 6.0 61.0 
61.0 19.0 60.0 32.0 57.0 41.0 13.0 30.0 28.0 0 18.0 27.0 27.0 55.0 2.0 21.0 55.0 1.0 38.0 28.0 60.0 29.0 23.0 6.0 34.0 43.0 
79.0 37.0 62.0 50.0 63.0 59.0 31.0 12.0 42.0 18.0 0 45.0 19.0 57.0 16.0 21.0 57.0 19.0 56.0 30.0 78.0 47.0 5.0 12.0 48.0 61.0 
36.0 32.0 87.0 5.0 84.0 16.0 36.0 57.0 55.0 27.0 45.0 0 54.0 34.0 29.0 48.0 82.0 28.0 33.0 55.0 33.0 56.0 50.0 33.0 57.0 60.0 
66.0 24.0 43.0 49.0 80.0 46.0 18.0 7.0 43.0 27.0 19.0 54.0 0 38.0 25.0 40.0 38.0 28.0 43.0 11.0 87.0 56.0 14.0 29.0 38.0 48.0 
46.0 42.0 59.0 29.0 110.0 26.0 46.0 45.0 60.0 55.0 57.0 34.0 38.0 0 55.0 74.0 54.0 54.0 49.0 27.0 67.0 82.0 52.0 59.0 54.0 70.0 
63.0 21.0 60.0 34.0 55.0 43.0 15.0 28.0 26.0 2.0 16.0 29.0 25.0 55.0 0 19.0 55.0 3.0 40.0 28.0 62.0 31.0 21.0 4.0 32.0 45.0 
82.0 40.0 79.0 53.0 66.0 62.0 34.0 33.0 45.0 21.0 21.0 48.0 40.0 74.0 19.0 0 74.0 22.0 59.0 47.0 81.0 50.0 26.0 15.0 51.0 64.0 
100.0 62.0 25.0 83.0 110.0 80.0 56.0 45.0 60.0 55.0 57.0 82.0 38.0 54.0 55.0 74.0 0 54.0 81.0 27.0 115.0 82.0 52.0 59.0 54.0 86.0 
60.0 18.0 59.0 33.0 58.0 40.0 12.0 31.0 29.0 1.0 19.0 28.0 28.0 54.0 3.0 22.0 54.0 0 37.0 27.0 61.0 28.0 24.0 7.0 35.0 42.0 
51.0 21.0 86.0 28.0 95.0 31.0 25.0 50.0 52.0 38.0 56.0 33.0 43.0 49.0 40.0 59.0 81.0 37.0 0 54.0 66.0 65.0 57.0 44.0 46.0 49.0 
73.0 35.0 32.0 56.0 83.0 53.0 29.0 18.0 33.0 28.0 30.0 55.0 11.0 27.0 28.0 47.0 27.0 27.0 54.0 0 88.0 55.0 25.0 32.0 27.0 59.0 
69.0 65.0 120.0 38.0 117.0 49.0 69.0 90.0 88.0 60.0 78.0 33.0 87.0 67.0 62.0 81.0 115.0 61.0 66.0 88.0 0 89.0 83.0 66.0 90.0 93.0 
88.0 46.0 87.0 61.0 86.0 68.0 40.0 59.0 51.0 29.0 47.0 56.0 56.0 82.0 31.0 50.0 82.0 28.0 65.0 55.0 89.0 0 52.0 35.0 57.0 70.0 
80.0 38.0 57.0 55.0 68.0 60.0 32.0 7.0 47.0 23.0 5.0 50.0 14.0 52.0 21.0 26.0 52.0 24.0 57.0 25.0 83.0 52.0 0 17.0 52.0 62.0 
67.0 25.0 64.0 38.0 51.0 47.0 19.0 24.0 30.0 6.0 12.0 33.0 29.0 59.0 4.0 15.0 59.0 7.0 44.0 32.0 66.0 35.0 17.0 0 36.0 49.0 
69.0 25.0 59.0 52.0 87.0 49.0 31.0 45.0 6.0 34.0 48.0 57.0 38.0 54.0 32.0 51.0 54.0 35.0 46.0 27.0 90.0 57.0 52.0 36.0 0 55.0 
72.0 30.0 91.0 55.0 100.0 52.0 30.0 55.0 61.0 43.0 61.0 60.0 48.0 70.0 45.0 64.0 86.0 42.0 49.0 59.0 93.0 70.0 62.0 49.0 55.0 0 
