59
Sudwich Sudworth Elside Barnside Brainbridge Enbage Hornley Shaftwich Stapthorne Stapmoor Pemwood Hurstworth Wenwang Whitborough Sodside Alfby Edgwich Casford Southmere Aldhall Stainside Flitham Horndown Waltbrook Leatherlake Bursted Edgchester Elgrove Kingsley Wenborough Cookbridge Whitover Prestey Bracklow Dartsted Shrivside Wenden Barnham Hartbage Pemwold Shrivlow Wyhead Horncester Staflow Leatherlow Egcastle Cleredon Stapwell Stainhall Durditch Cookton Rocktree Staintree Prestdon Alfwell Egborne Whitavon Marlton Enlow Chelmbourne
0 3 4 3 2 2 2 3 3 2 4 3 3 4 3 3 3 4 3 4 3 3 4 2 2 3 3 2 3 2 4 3 1 3 2 2 3 2 3 3 3 2 3 3 3 4 2 3 2 3 2 3 3 3 3 3 3 3 1 3 
3 0 2 2 1 2 2 2 2 3 3 3 1 3 2 3 3 2 3 4 3 2 3 3 3 3 2 2 2 3 3 3 2 3 2 3 3 2 3 2 3 2 3 2 2 2 1 2 2 3 3 2 3 3 3 3 3 3 2 3 
4 2 0 2 2 2 2 3 2 2 2 2 2 2 3 1 3 2 3 2 3 2 2 3 2 3 3 2 2 3 2 2 3 2 2 3 2 2 3 1 3 3 2 2 2 2 3 2 3 2 3 3 3 2 2 2 1 3 3 2 
3 2 2 0 3 2 3 3 2 3 3 3 3 4 3 3 4 3 4 4 3 2 3 3 4 3 3 3 3 3 3 4 3 3 2 3 4 2 3 3 3 4 3 2 3 3 3 3 3 3 3 3 4 4 3 3 3 4 4 4 
2 1 2 3 0 2 2 3 3 2 2 2 2 3 1 2 2 2 2 3 3 1 3 3 3 2 3 3 2 2 3 3 1 2 3 3 3 2 2 3 2 2 3 3 3 2 2 1 3 3 3 3 2 2 2 3 2 3 3 2 
2 2 2 2 2 0 2 3 2 2 2 2 3 3 3 2 3 2 2 3 1 1 3 1 3 3 2 2 2 1 3 2 1 3 2 3 3 2 2 3 2 3 1 2 3 3 3 3 3 3 2 3 3 3 2 3 3 3 2 2 
2 2 2 3 2 2 0 3 1 2 2 1 2 3 3 3 3 2 2 3 3 3 3 1 2 1 2 3 3 2 2 3 1 2 3 3 3 2 2 1 2 2 2 2 3 3 1 2 2 1 1 2 3 2 3 2 3 2 2 2 
3 2 3 3 3 3 3 0 3 3 3 3 3 3 3 3 2 2 3 3 3 3 4 2 2 3 3 2 3 3 3 3 4 3 1 3 3 3 2 2 3 2 2 3 2 2 3 2 3 3 3 3 3 4 3 3 2 3 2 1 
3 2 2 2 3 2 1 3 0 1 2 2 1 3 3 2 3 3 2 2 3 3 3 2 3 2 2 2 3 3 1 2 2 2 2 3 2 2 3 2 2 3 3 2 2 2 2 2 1 2 2 2 2 2 3 3 3 2 2 2 
2 3 2 3 2 2 2 3 1 0 2 2 2 2 2 2 3 2 3 3 2 2 3 3 3 3 3 2 2 2 2 3 1 1 3 2 2 1 2 3 3 3 3 2 2 2 3 3 2 2 3 1 3 1 2 2 2 1 3 2 
4 3 2 3 2 2 2 3 2 2 0 2 2 2 1 2 3 2 3 1 3 2 2 3 3 3 2 2 2 3 2 4 3 1 3 3 2 2 2 3 3 2 2 2 2 2 3 2 3 3 3 1 2 3 1 2 3 2 3 2 
3 3 2 3 2 2 1 3 2 2 2 0 2 2 3 3 3 1 3 3 3 3 3 1 3 2 1 2 2 3 2 3 2 2 3 2 2 3 2 2 3 3 2 2 2 2 2 3 3 2 2 1 2 2 2 3 3 3 2 2 
3 1 2 3 2 3 2 3 1 2 2 2 0 2 2 2 3 2 2 3 3 3 3 3 3 2 1 1 3 2 2 2 2 2 2 3 2 1 3 3 2 3 2 2 1 2 2 1 1 2 3 1 2 3 2 3 2 2 2 2 
4 3 2 4 3 3 3 3 3 2 2 2 2 0 2 3 2 3 3 3 2 3 1 3 3 3 3 2 2 3 2 3 3 3 3 3 2 2 3 3 3 3 3 2 3 2 3 2 2 3 2 1 1 3 2 2 1 3 3 2 
3 2 3 3 1 3 3 3 3 2 1 3 2 2 0 3 3 3 3 2 3 2 3 2 3 2 3 3 2 3 3 3 2 1 2 2 2 1 1 4 3 1 3 3 2 3 2 2 3 2 2 2 3 3 2 2 3 3 3 2 
3 3 1 3 2 2 3 3 2 2 2 3 2 3 3 0 2 2 2 3 2 2 3 3 1 3 3 2 1 3 1 3 2 2 2 3 2 3 3 2 2 3 3 2 1 1 3 1 3 2 3 2 2 3 3 3 2 3 2 2 
3 3 3 4 2 3 3 2 3 3 3 3 3 2 3 2 0 2 2 3 2 2 3 2 1 2 3 2 1 3 3 1 3 4 3 3 2 3 3 3 3 3 3 3 3 2 3 2 2 2 3 3 1 4 2 2 2 3 2 1 
4 2 2 3 2 2 2 2 3 2 2 1 2 3 3 2 2 0 3 2 3 2 3 2 3 2 2 2 3 3 3 3 3 2 2 3 3 3 3 2 3 3 2 3 1 2 3 2 3 3 3 2 2 2 1 3 3 2 3 2 
3 3 3 4 2 2 2 3 2 3 3 3 2 3 3 2 2 3 0 3 1 3 3 3 3 2 3 3 3 3 1 1 3 3 2 1 2 3 3 3 2 3 2 3 2 2 3 3 1 2 1 2 3 2 2 2 2 2 2 3 
4 4 2 4 3 3 3 3 2 3 1 3 3 3 2 3 3 2 3 0 4 3 3 3 3 2 3 3 3 3 3 4 4 2 3 3 2 3 3 3 3 2 2 3 3 3 3 3 3 3 2 2 2 3 1 1 3 2 3 2 
3 3 3 3 3 1 3 3 3 2 3 3 3 2 3 2 2 3 1 4 0 2 3 2 3 3 3 2 3 2 2 1 2 3 3 2 3 3 3 3 2 3 2 2 3 3 3 2 2 3 2 3 3 3 3 3 3 3 3 3 
3 2 2 2 1 1 3 3 3 2 2 3 3 3 2 2 2 2 3 3 2 0 3 2 3 3 3 2 1 2 3 3 2 3 3 2 2 3 3 3 1 3 2 3 3 3 3 2 2 2 3 3 3 2 3 3 3 3 2 3 
4 3 2 3 3 3 3 4 3 3 2 3 3 1 3 3 3 3 3 3 3 3 0 3 4 3 2 3 2 2 3 4 3 3 3 4 3 3 2 3 3 3 3 3 4 3 2 2 3 4 3 2 2 3 3 3 2 4 3 3 
2 3 3 3 3 1 1 2 2 3 3 1 3 3 2 3 2 2 3 3 2 2 3 0 2 2 2 2 2 2 3 3 2 2 3 3 2 3 1 2 3 3 2 2 3 2 2 2 2 2 2 2 2 3 3 3 2 3 1 1 
2 3 2 4 3 3 2 2 3 3 3 3 3 3 3 1 1 3 3 3 3 3 4 2 0 3 3 3 2 4 2 2 3 3 3 3 3 2 2 2 2 2 2 3 2 2 2 2 2 1 2 3 2 3 2 3 3 3 1 2 
3 3 3 3 2 3 1 3 2 3 3 2 2 3 2 3 2 2 2 2 3 3 3 2 3 0 1 2 3 3 3 3 2 2 3 3 2 3 1 2 3 2 2 1 3 2 2 3 3 2 2 2 2 2 3 1 3 3 2 3 
3 2 3 3 3 2 2 3 2 3 2 1 1 3 3 3 3 2 3 3 3 3 2 2 3 1 0 2 3 2 3 3 3 3 3 3 3 2 2 3 3 2 1 2 2 3 1 2 2 3 2 2 3 3 2 2 2 3 2 2 
2 2 2 3 3 2 3 2 2 2 2 2 1 2 3 2 2 2 3 3 2 2 3 2 3 2 2 0 2 1 2 3 2 3 3 3 1 2 3 3 2 2 3 1 2 2 2 2 2 3 3 1 1 2 2 2 2 3 2 1 
3 2 2 3 2 2 3 3 3 2 2 2 3 2 2 1 1 3 3 3 3 1 2 2 2 3 3 2 0 2 2 2 3 3 2 2 1 2 3 3 2 2 3 2 2 2 3 2 3 3 2 2 2 3 3 3 2 3 3 2 
2 3 3 3 2 1 2 3 3 2 3 3 2 3 3 3 3 3 3 3 2 2 2 2 4 3 2 1 2 0 3 3 1 3 3 3 2 2 2 3 3 3 2 2 3 3 2 2 3 3 3 2 2 3 3 3 2 2 3 2 
4 3 2 3 3 3 2 3 1 2 2 2 2 2 3 1 3 3 1 3 2 3 3 3 2 3 3 2 2 3 0 2 3 3 3 2 2 3 4 3 3 3 3 2 2 1 3 2 2 3 2 1 3 3 3 3 3 3 3 2 
3 3 2 4 3 2 3 3 2 3 4 3 2 3 3 3 1 3 1 4 1 3 4 3 2 3 3 3 2 3 2 0 3 3 3 2 3 3 3 3 2 3 2 3 3 3 3 3 1 2 2 3 2 3 3 3 3 3 2 2 
1 2 3 3 1 1 1 4 2 1 3 2 2 3 2 2 3 3 3 4 2 2 3 2 3 2 3 2 3 1 3 3 0 2 3 3 3 1 3 2 3 2 2 3 3 3 2 2 3 2 2 2 3 2 3 3 2 2 2 3 
3 3 2 3 2 3 2 3 2 1 1 2 2 3 1 2 4 2 3 2 3 3 3 2 3 2 3 3 3 3 3 3 2 0 2 3 3 2 1 3 3 2 3 3 1 2 3 2 3 3 3 2 3 2 2 2 3 2 3 3 
2 2 2 2 3 2 3 1 2 3 3 3 2 3 2 2 3 2 2 3 3 3 3 3 3 3 3 3 2 3 3 3 3 2 0 2 2 2 3 3 3 3 3 2 1 3 3 3 3 3 3 3 3 4 2 3 2 3 3 2 
2 3 3 3 3 3 3 3 3 2 3 2 3 3 2 3 3 3 1 3 2 2 4 3 3 3 3 3 2 3 2 2 3 3 2 0 2 2 3 4 1 3 3 3 3 3 4 2 2 2 2 3 3 3 2 3 3 1 3 3 
3 3 2 4 3 3 3 3 2 2 2 2 2 2 2 2 2 3 2 2 3 2 3 2 3 2 3 1 1 2 2 3 3 3 2 2 0 2 3 3 3 1 3 2 3 2 2 3 3 3 3 1 2 3 3 2 2 3 2 2 
2 2 2 2 2 2 2 3 2 1 2 3 1 2 1 3 3 3 3 3 3 3 3 3 2 3 2 2 2 2 3 3 1 2 2 2 2 0 2 3 2 2 2 2 2 3 3 2 2 1 2 2 3 2 2 2 2 2 3 2 
3 3 3 3 2 2 2 2 3 2 2 2 3 3 1 3 3 3 3 3 3 3 2 1 2 1 2 3 3 2 4 3 3 1 3 3 3 2 0 3 2 2 2 2 2 3 2 2 3 3 3 3 3 2 3 2 2 3 2 2 
3 2 1 3 3 3 1 2 2 3 3 2 3 3 4 2 3 2 3 3 3 3 3 2 2 2 3 3 3 3 3 3 2 3 3 4 3 3 3 0 3 3 3 3 3 2 2 2 3 2 2 3 3 3 2 3 2 3 3 3 
3 3 3 3 2 2 2 3 2 3 3 3 2 3 3 2 3 3 2 3 2 1 3 3 2 3 3 2 2 3 3 2 3 3 3 1 3 2 2 3 0 3 3 3 3 3 3 1 1 1 3 2 2 3 3 2 3 2 2 2 
2 2 3 4 2 3 2 2 3 3 2 3 3 3 1 3 3 3 3 2 3 3 3 3 2 2 2 2 2 3 3 3 2 2 3 3 1 2 2 3 3 0 2 2 3 3 1 3 3 3 2 2 2 3 3 1 3 3 2 3 
3 3 2 3 3 1 2 2 3 3 2 2 2 3 3 3 3 2 2 2 2 2 3 2 2 2 1 3 3 2 3 2 2 3 3 3 3 2 2 3 3 2 0 3 2 3 2 3 3 3 1 3 2 3 1 2 3 2 2 3 
3 2 2 2 3 2 2 3 2 2 2 2 2 2 3 2 3 3 3 3 2 3 3 2 3 1 2 1 2 2 2 3 3 3 2 3 2 2 2 3 3 2 3 0 3 2 1 2 2 3 3 1 2 3 3 2 2 2 2 2 
3 2 2 3 3 3 3 2 2 2 2 2 1 3 2 1 3 1 2 3 3 3 4 3 2 3 2 2 2 3 2 3 3 1 1 3 3 2 2 3 3 3 2 3 0 2 3 2 2 3 3 2 3 3 2 3 2 3 3 3 
4 2 2 3 2 3 3 2 2 2 2 2 2 2 3 1 2 2 2 3 3 3 3 2 2 2 3 2 2 3 1 3 3 2 3 3 2 3 3 2 3 3 3 2 2 0 2 2 3 3 2 1 3 2 2 3 2 3 3 1 
2 1 3 3 2 3 1 3 2 3 3 2 2 3 2 3 3 3 3 3 3 3 2 2 2 2 1 2 3 2 3 3 2 3 3 4 2 3 2 2 3 1 2 1 3 2 0 2 2 2 2 2 3 3 3 2 2 3 1 3 
3 2 2 3 1 3 2 2 2 3 2 3 1 2 2 1 2 2 3 3 2 2 2 2 2 3 2 2 2 2 2 3 2 2 3 2 3 2 2 2 1 3 3 2 2 2 2 0 2 2 3 2 1 2 2 2 2 3 3 1 
2 2 3 3 3 3 2 3 1 2 3 3 1 2 3 3 2 3 1 3 2 2 3 2 2 3 2 2 3 3 2 1 3 3 3 2 3 2 3 3 1 3 3 2 2 3 2 2 0 1 2 2 3 3 3 3 3 3 1 3 
3 3 2 3 3 3 1 3 2 2 3 2 2 3 2 2 2 3 2 3 3 2 4 2 1 2 3 3 3 3 3 2 2 3 3 2 3 1 3 2 1 3 3 3 3 3 2 2 1 0 2 2 3 3 3 2 2 3 2 3 
2 3 3 3 3 2 1 3 2 3 3 2 3 2 2 3 3 3 1 2 2 3 3 2 2 2 2 3 2 3 2 2 2 3 3 2 3 2 3 2 3 2 1 3 3 2 2 3 2 2 0 3 2 2 2 1 3 3 1 2 
3 2 3 3 3 3 2 3 2 1 1 1 1 1 2 2 3 2 2 2 3 3 2 2 3 2 2 1 2 2 1 3 2 2 3 3 1 2 3 3 2 2 3 1 2 1 2 2 2 2 3 0 2 2 2 3 2 2 3 2 
3 3 3 4 2 3 3 3 2 3 2 2 2 1 3 2 1 2 3 2 3 3 2 2 2 2 3 1 2 2 3 2 3 3 3 3 2 3 3 3 2 2 2 2 3 3 3 1 3 3 2 2 0 3 1 1 2 2 2 2 
3 3 2 4 2 3 2 4 2 1 3 2 3 3 3 3 4 2 2 3 3 2 3 3 3 2 3 2 3 3 3 3 2 2 4 3 3 2 2 3 3 3 3 3 3 2 3 2 3 3 2 2 3 0 2 2 3 2 3 3 
3 3 2 3 2 2 3 3 3 2 1 2 2 2 2 3 2 1 2 1 3 3 3 3 2 3 2 2 3 3 3 3 3 2 2 2 3 2 3 2 3 3 1 3 2 2 3 2 3 3 2 2 1 2 0 2 2 1 3 3 
3 3 2 3 3 3 2 3 3 2 2 3 3 2 2 3 2 3 2 1 3 3 3 3 3 1 2 2 3 3 3 3 3 2 3 3 2 2 2 3 2 1 2 2 3 3 2 2 3 2 1 3 1 2 2 0 2 3 2 2 
3 3 1 3 2 3 3 2 3 2 3 3 2 1 3 2 2 3 2 3 3 3 2 2 3 3 2 2 2 2 3 3 2 3 2 3 2 2 2 2 3 3 3 2 2 2 2 2 3 2 3 2 2 3 2 2 0 3 3 1 
3 3 3 4 3 3 2 3 2 1 2 3 2 3 3 3 3 2 2 2 3 3 4 3 3 3 3 3 3 2 3 3 2 2 3 1 3 2 3 3 2 3 2 2 3 3 3 3 3 3 3 2 2 2 1 3 3 0 4 2 
1 2 3 4 3 2 2 2 2 3 3 2 2 3 3 2 2 3 2 3 3 2 3 1 1 2 2 2 3 3 3 2 2 3 3 3 2 3 2 3 2 2 2 2 3 3 1 3 1 2 1 3 2 3 3 2 3 4 0 2 
3 3 2 4 2 2 2 1 2 2 2 2 2 2 2 2 1 2 3 2 3 3 3 1 2 3 2 1 2 2 2 2 3 3 2 3 2 2 2 3 2 3 3 2 3 1 3 1 3 3 2 2 2 3 3 2 1 2 2 0 
