50
Worberbrook Botherseyworth Wyborne Pendlewood Cambingstoke Basringney Ashfield Ketport Dribbingworth Hammerringey Skelling Ashborne Stainbrough Chedtree Tipwick Suddlecombe Todtree Cammerrensmoor Chelmstanwell Pendingbrook Burglebrough Siringwang Leatherbleside Chedderrenswich Brackcompwang Worhall Soddlewick Skellingden Barndberbrough Southbasport Windling Bastleseyham Millendon Chilbury Horstlescompstoke Whitchester Suddleover Sudsmith Chippingsted Elmansham Hamsling Cicombe Northall Suddlecastle Suddleborne Falport Ellingreham Hannenmanswick Chiphead Warfield
0 1922.05987 1356.2498400000002 1455.92624 1489.7751400000002 1546.2951199999998 1000.81186 1439.50728 1392.2065200000002 1791.68149 1935.3694500000001 1227.10358 712.72546 1305.0560500000001 1256.17249 1215.0837999999999 1370.92272 1150.9604100000001 1668.54594 1545.67675 1209.67153 1213.21783 1758.9061600000002 967.23373 1834.31228 1186.53951 1390.1881899999998 1710.68379 1444.82968 969.62972 1607.21012 1398.2494700000002 1348.28597 1568.68013 1456.46497 1591.77001 1554.1705000000002 1388.1019800000001 1598.30739 1692.87623 1191.08592 1367.34697 909.56024 1611.8517800000002 1414.1312200000002 1664.9827 1165.21958 1249.62941 1320.12572 1639.19423 
1922.05987 0 853.93672 489.20114 720.41142 1245.82499 1156.57642 1331.54881 1392.4692100000002 1221.56583 1295.2395999999999 991.3400600000001 1254.02296 1058.69563 1009.9268900000001 914.6136700000001 928.81585 1026.75902 1011.36072 1094.1674600000001 963.31111 1233.13654 1732.85633 983.48027 1420.78771 1186.8022 560.5258100000001 662.6579200000001 956.6661700000001 1286.8360400000001 1062.10893 1361.9425099999999 1321.0330800000002 1155.15556 1032.8937 1219.7813600000002 1307.81008 1141.74156 682.36188 1508.58876 834.6516000000001 589.95757 1450.85774 1027.99243 763.58821 257.07717 964.4778900000001 873.30591 1624.6169300000001 1301.6324 
1356.24984 853.93672 0 1000.72609 133.5253 741.62492 652.37635 991.0152400000001 1004.29751 609.29283 1000.11163 830.26814 643.5243800000001 897.0022 859.33705 410.4136 699.8640800000001 205.28943 730.11248 395.75977 992.38672 953.8590199999999 1034.44864 1037.92497 1198.29686 929.43298 1019.6903400000001 1380.55203 1129.57724 676.62556 1202.9989 1261.35782 944.07475 996.4244000000001 939.8737 521.37367 647.88775 893.33199 793.6371899999999 654.65204 745.56455 937.22092 718.91279 461.9348 468.46024 974.97128 460.27781999999996 687.02106 926.20924 849.9475600000001 
1455.92624 489.20114 1000.72609 0 1134.25139 1220.8717900000001 1131.62322 842.34767 1213.50406 1196.61263 1270.2864 895.57873 1057.9439 1033.74243 924.6476399999999 889.66047 903.86265 1001.80582 986.40752 604.96632 938.35791 1163.06557 1243.65519 663.54331 1380.12759 1161.8490000000002 535.57261 637.7047200000001 931.71297 1092.07004 1037.15573 1202.56653 1296.07988 1114.4954400000001 543.69256 730.5802199999999 1236.54132 1116.78836 1171.56302 1260.46597 738.89027 565.00437 1198.04375 538.79129 738.63501 232.12397 939.5246900000001 797.43376 1135.41579 1059.15411 
1489.7751400000002 720.41142 133.5253 1134.25139 0 608.09962 518.85105 957.54647 925.1162200000001 742.81813 1133.6369300000001 963.79344 777.0496800000001 1030.5275 992.86235 276.8883 566.33878 338.81473 863.63778 529.28507 1125.91202 1087.38432 1167.9739399999999 970.0277700000001 1331.82216 861.7575400000001 1044.70957 1340.00555 1135.5137100000002 810.15086 1125.24931 1294.42586 866.32516 1129.9497000000001 980.66211 654.89897 781.41305 1026.85729 660.11189 788.1773400000001 879.0898500000001 803.6956200000001 852.43809 595.4601 601.98554 934.4248 326.75252 820.54636 1059.73454 983.4728600000001 
1546.29512 1245.82499 741.62492 1220.8717900000001 608.09962 0 573.17407 1011.86949 979.43924 1151.0327200000002 626.18588 1141.9582599999999 833.56966 1256.49928 1112.88935 331.21132 1141.85906 946.91435 1111.7683 1118.03896 1351.8838 1334.06203 1346.13888 738.17007 1089.12742 1167.7674200000001 1161.12453 980.43068 1274.43893 1090.47392 1043.07415 1348.74888 920.64818 823.49527 1034.98513 1164.13222 1389.51267 1530.3142500000001 714.43491 1240.72356 1156.39032 1138.28331 910.4883 1184.2139900000002 1157.83727 988.74782 381.07554 1097.84683 1440.96992 677.01843 
1000.81186 1156.57642 652.37635 1131.6232200000002 518.85105 573.17407 0 438.69542 890.1906700000001 1137.84497 1199.35995 667.91984 744.32109 853.93931 696.98875 241.96275 1085.18983 857.66578 1022.51973 544.8648900000001 949.3238299999999 1023.4435000000001 1104.03312 1071.70803 1331.6410300000002 1088.47887 857.34204 1005.8492699999999 1278.68236 1001.22535 606.3982599999999 775.5748100000001 347.47411 1066.00888 945.73656 590.95815 1103.05376 1127.7542799999999 625.18634 1200.36454 583.2162500000001 1071.92442 821.23973 611.03992 1120.8365900000001 899.4992500000001 291.82697 524.67276 1075.31436 919.53204 
1439.50728 1331.54881 991.0152400000001 842.34767 957.54647 1011.86949 438.69542 0 1328.88609 1576.54039 1233.3656 1106.61526 1183.01651 1292.63473 1135.68417 680.65817 1458.10571 785.72581 1461.21515 983.56031 1388.01925 1382.15591 1542.72854 1100.7303200000001 1456.27423 1162.68695 1247.2113100000001 1444.54469 1435.98352 1439.9207699999997 1045.09368 1214.27023 786.16953 1190.64208 1384.43198 949.67056 1541.74918 1566.4497000000001 1063.88176 1639.05996 1021.9116700000001 1138.41115 1259.93515 975.9783 701.71421 1074.47164 730.5223900000001 963.36818 1514.0097799999999 1337.1189200000001 
1392.2065200000002 1392.46921 1004.29751 1213.50406 925.1162200000001 979.43924 890.1906700000001 1328.88609 0 1023.89433 811.94524 626.22604 1064.0969599999999 1316.40185 655.29495 648.22792 501.08577 929.8105600000001 1041.72662 608.53774 1250.59634 1166.63699 366.69964 811.41859 1474.8345199999999 205.66701 979.45656 729.81129 479.42318 1118.96798 706.00132 469.74213 809.93665 1209.20237 1352.00173 734.1516399999999 1240.11274 1429.0267900000001 1031.45151 1264.03739 782.9145 839.9440500000001 867.26218 674.71277 666.63975 1135.39204 698.0921400000001 769.47312 931.78189 1062.72553 
1791.68149 1221.56583 609.29283 1196.61263 742.81813 1151.0327200000002 1137.84497 1576.5403900000001 1023.89433 0 524.84684 1218.0010200000002 1112.96788 1094.22251 1247.06993 990.7620900000001 1113.64608 814.58226 210.20511 592.98008 1189.6070300000001 1151.07933 1231.66895 1302.3726 678.38949 818.22732 1267.9373 838.4793999999999 544.47115 873.84587 1237.93041 1458.5781299999999 1369.14104 944.02164 1297.39114 718.59398 845.10806 1364.56664 1373.98568 1139.38452 1133.29743 1199.56025 916.1331 659.15511 1056.4982300000001 964.48866 940.89787 1074.75394 1123.42955 1047.16787 
1935.36945 1295.2395999999999 1000.1116300000001 1270.2864 1133.6369300000001 626.18588 1199.35995 1233.3656 811.94524 524.84684 0 1413.18316 1233.05715 630.3134 1442.25207 957.3972 1288.04289 794.8222000000001 735.05195 1059.47492 725.69792 804.75431 1178.64488 1340.18018 1203.23633 992.6241299999999 1341.61107 1363.3262399999999 1069.31799 1298.73993 1395.7027500000002 1281.68737 1136.7786 1449.6811500000001 1661.17101 1105.56818 879.42785 904.1283699999999 1340.62079 614.53768 1335.09732 1371.0428299999999 1429.89193 1125.6499500000002 531.65139 1038.1624299999999 1007.26142 1276.55383 1006.8508300000001 1303.20431 
1227.10358 991.34006 830.26814 895.57873 963.79344 1141.9582599999999 667.91984 1106.61526 626.22604 1218.0010200000002 1413.18316 0 514.37812 852.7121699999999 29.06891 909.88259 459.20452 624.97871 1007.79591 778.88176 757.32765 1014.87049 992.92568 403.78819 1139.58502 420.55903 430.81425 944.70331 694.3152 492.74194 920.89334 1095.96817 1015.39395 873.9528700000001 1439.27129 904.4956599999999 1101.8266199999998 935.7581 1223.28876 1129.4306900000001 156.68846 798.0627999999999 711.2129 845.05679 881.53177 734.26289 959.7468100000001 143.24708 843.23794 727.47603 
712.72546 1254.02296 643.5243800000001 1057.9439 777.0496800000001 833.56966 744.32109 1183.01651 1064.0969599999999 1112.9678800000002 1233.05715 514.37812 0 674.93328 543.4470299999999 502.35834 674.23168 438.23495 955.8204800000001 877.56226 770.3177999999999 500.49237 1316.98342 394.40059 1121.58682 934.93715 693.4971499999999 1026.11247 732.10422 256.90426 1222.3017 985.47627 1083.89635 855.9546700000001 1206.13215 932.97772 924.04773 948.7482499999999 885.58193 1120.0430900000001 671.0665799999999 794.5138300000001 196.83478 943.73729 701.4057600000001 996.94579 452.49412 651.35749 607.40026 942.5031899999999 
1305.05605 1058.69563 897.0022 1033.74243 1030.5275 1256.49928 853.93931 1292.63473 1316.40185 1094.22251 630.3134 852.7121699999999 674.93328 0 823.6432599999999 1095.90206 1253.77887 1102.29163 1214.2889699999998 732.5401599999999 95.38452 174.44091 990.93196 1069.33387 1519.3163 1192.83396 1105.0671 1164.84036 919.0777899999999 668.42653 765.3893499999999 1124.4139 506.4652 1253.68415 1577.43499 606.92626 249.11445 273.81497 1386.35593 712.18735 1009.4006299999999 1134.49886 871.76806 798.7151899999999 1161.96479 801.6184599999999 1127.4274 995.9592499999999 766.8128499999999 1107.20731 
1256.17249 1009.92689 859.3370500000001 924.6476399999999 992.8623500000001 1112.88935 696.98875 1135.68417 655.29495 1247.06993 1442.25207 29.06891 543.44703 823.6432599999999 0 938.9515 430.13561000000004 654.04762 1036.86482 749.81285 728.25874 998.08417 1021.99459 374.71928 1110.51611 449.62794 449.40108 973.7722200000001 723.38411 521.81085 949.96225 1125.03708 1044.46286 844.88396 1468.3401999999999 875.42675 1072.7577099999999 906.68919 1252.35767 1100.3617800000002 185.75736999999998 768.99389 740.2818100000001 815.98788 910.60068 752.8497199999999 988.81572 172.31599 872.3068499999999 698.40712 
1215.0837999999999 914.6136700000001 410.4136 889.66047 276.8883 331.21132 241.96275 680.65817 648.22792 990.7620900000001 957.3972 909.88259 502.35834 1095.90206 938.9515 0 843.2270800000001 615.70303 780.5569800000001 786.82764 1191.28658 1002.8507099999999 1014.9275600000001 880.0846899999999 1248.74136 853.89493 960.98514 1063.11725 1117.1114 759.2626 848.3610100000001 1017.53756 589.43686 1154.70659 703.77381 832.9209 1058.30135 1303.74559 383.22359 1065.06564 825.1790000000001 990.4169 579.27698 853.00267 878.87384 657.5365 49.86422 766.6355100000001 1109.7586000000001 1008.22975 
1370.92272 928.81585 699.8640800000001 903.8626499999999 566.33878 1141.85906 1085.18983 1458.1057099999998 501.08577 1113.64608 1288.04289 459.20452000000006 674.23168 1253.77887 430.13561000000004 843.2270800000001 0 905.1535100000001 1131.47837 945.4384499999999 1158.39435 1174.72405 867.78541 403.68899 1139.4858199999999 295.41876 478.37079 819.56304 569.17493 707.04476 795.75307 970.8279 1054.67722 873.85367 1447.55521 991.5317099999999 1123.30117 1336.8248 1226.4506700000002 1129.33149 615.8929800000001 338.85828 871.06646 1011.6134799999999 756.3915 671.7386799999999 893.0913000000002 602.4516000000001 1057.54076 727.3768299999999 
1150.9604100000001 1026.75902 205.28943 1001.8058199999999 338.81473 946.91435 857.66578 785.72581 929.81056 814.58226 794.8222000000001 624.97871 438.23495 1102.29163 654.0476199999999 615.70303 905.1535100000001 0 935.40191 601.0492 1056.85924 938.72732 1239.7380699999999 832.63554 1403.58629 724.14355 814.4009100000001 1175.2626 997.89972 695.13921 1224.47786 1399.55269 1149.36418 1201.7138300000001 1145.16313 726.6631 853.17718 1098.62142 998.92662 859.9414700000001 540.27512 1102.56225 635.06973 667.22423 263.17081 769.6818499999999 665.5672500000001 481.73163 834.31323 1055.23699 
1668.54594 1011.36072 730.11248 986.40752 863.63778 1111.7683000000002 1022.5197300000001 1461.21515 1041.72662 210.20511 735.05195 1007.79591 955.82048 1214.28897 1036.86482 780.5569800000001 1131.4783699999998 935.40191 0 481.74881 1136.5452500000001 1039.84806 1120.43768 1101.68698 468.18438 836.0596099999999 1057.73219 856.3116899999999 562.3034399999999 815.61292 1255.7627 1347.34686 1369.99384 733.8165300000001 1484.33079 607.36271 965.92771 1314.9757000000002 1163.7805700000001 1137.24846 923.0923200000001 1087.16395 761.55068 547.92384 1198.5727200000001 754.28355 730.69276 864.5488300000001 913.99924 880.2933700000001 
1545.67675 1094.1674600000001 395.75977 604.96632 529.28507 1118.03896 544.8648900000001 983.5603100000001 608.53774 592.98008 1059.4749199999999 778.88176 877.56226 732.54016 749.81285 786.8276400000001 945.4384499999999 601.0492 481.74881 0 827.92468 558.09925 638.68887 863.34897 866.29678 814.20475 875.16778 1027.8257199999998 733.81747 620.658 1151.26315 865.59805 892.339 600.66463 1137.55855 125.6139 631.575 1006.3551299999999 1170.05123 655.49965 935.57022 606.58017 702.60004 66.17503 864.22001 837.09029 836.6918600000001 907.12667 530.44947 454.18779 
1209.67153 963.31111 992.38672 938.35791 1125.91202 1351.8838 949.3238299999999 1388.0192499999998 1250.59634 1189.6070300000001 725.69792 757.32765 770.3178 95.38452 728.25874 1191.28658 1158.39435 1056.85924 1136.5452500000001 827.92468 0 269.82543 1086.31648 1001.5687399999999 1604.72963 1097.4494399999999 1009.6825799999999 1111.81469 823.69327 573.04201 860.77387 1029.02938 601.8497199999999 1349.06867 1482.05047 702.31078 344.49897 178.43045 1481.74045 616.8028300000001 914.0161099999999 1039.11434 967.1525800000001 894.09971 1212.74498 706.23394 1222.81192 900.5747299999999 671.42833 1202.59183 
1213.21783 1233.13654 953.85902 1163.06557 1087.38432 1334.06203 1023.4435000000001 1382.15591 1166.63699 1151.07933 804.75431 1014.87049 500.49237 174.44091 998.08417 1002.85071 1174.72405 938.72732 1039.84806 558.09925 269.82543 0 816.49105 894.89296 1344.8753900000002 1294.06747 1193.98952 1193.18417 1093.5187 757.3966300000001 793.73316 1298.85481 680.90611 1079.24324 1695.6578 432.48535 423.55536 448.25588 1386.0743 886.62826 1171.55895 1085.15878 697.3271500000001 624.27428 1201.89813 976.05937 952.98649 1151.84986 941.2537599999999 932.7664 
1758.90616 1732.85633 1034.44864 1243.65519 1167.97394 1346.13888 1104.03312 1542.72854 366.69964 1231.66895 1178.64488 992.9256799999999 1316.98342 990.93196 1021.9945899999999 1014.9275600000001 867.78541 1239.73807 1120.43768 638.68887 1086.31648 816.49105 0 1178.11823 1425.46501 572.3666499999999 1346.1562 1096.51093 846.1228199999999 1259.3468699999999 1072.70096 836.4417699999999 1176.63629 1159.83286 1718.7013700000002 684.7821299999999 1240.04641 1264.74693 1398.1511500000001 1294.18852 1149.61414 1165.7484 1233.96182 704.8639 1033.3393899999999 1475.77916 1064.79178 1136.17276 1169.13834 1013.35602 
967.23373 983.48027 1037.92497 663.54331 970.02777 738.17007 1071.7080300000002 1100.7303200000001 811.41859 1302.3726 1340.18018 403.78819000000004 394.40059 1069.33387 374.71928 880.08469 403.68899 832.63554 1101.68698 863.34897 1001.5687399999999 894.89296 1178.11823 0 1084.0694899999999 605.75158 422.95446 1129.89586 879.50775 428.52673 1106.0858899999998 817.46154 1355.41171 818.43734 1207.23587 988.96287 1318.44832 1164.0148800000002 1263.30828 725.6425 560.4766500000001 400.11324 574.56113 797.17394 1066.72432 726.4031 830.22047 547.0352700000001 779.0227299999999 671.9604999999999 
1834.31228 1420.78771 1198.2968600000002 1380.12759 1331.8221600000002 1089.12742 1331.64103 1456.27423 1474.8345199999999 678.38949 1203.2363300000002 1139.58502 1121.58682 1519.3163 1110.51611 1248.74136 1139.48582 1403.5862900000002 468.18438 866.29678 1604.7296299999998 1344.87539 1425.46501 1084.06949 0 1296.23853 1158.7512900000002 1195.3552300000001 1030.4878199999998 1283.7973 1171.54526 1089.84802 1430.4694100000002 265.63215 1923.82015 912.39004 1434.11209 1783.1600799999999 1631.96495 1521.7964299999999 1189.92013 830.83014 1229.73506 932.47181 1438.92609 1163.71054 1198.87714 1131.37664 1382.18362 412.10899000000006 
1186.53951 1186.8022 929.43298 1161.8490000000002 861.7575400000001 1167.7674200000001 1088.47887 1162.68695 205.66701 818.22732 992.6241299999999 420.55903 934.93715 1192.83396 449.62794 853.89493 295.41876 724.14355 836.05961 814.20475 1097.4494399999999 1294.06747 572.3666499999999 605.75158 1296.23853 0 773.7895500000001 524.14428 273.75617 913.30097 500.33430999999996 675.40914 759.25846 1030.60638 1331.6005599999999 939.8186499999999 1418.71993 1275.87989 1237.11852 1331.39408 577.24749 634.2770399999999 811.59059 880.37978 460.97274 929.7250300000001 903.7591500000001 563.80611 1137.4489 1022.7955900000001 
1390.18819 560.5258100000001 1019.6903400000001 535.57261 1044.70957 1161.12453 857.34204 1247.2113100000001 979.45656 1267.9373 1341.61107 430.81425 693.4971499999999 1105.0671 449.40108 960.98514 478.37079 814.4009100000001 1057.7321900000002 875.16778 1009.6825799999999 1193.9895199999999 1346.1562 422.95446 1158.7512900000002 773.78955 0 709.02939 1003.03764 726.31023 1108.4804 1240.4160000000002 1204.81615 893.11914 1079.2651700000001 778.02624 1354.18155 1188.11303 1242.88769 1148.59696 274.12579 636.3290400000001 890.3319299999999 941.34281 809.9596799999999 303.44864 1010.84936 332.66928 1076.8062300000001 746.6423 
1710.68379 662.6579200000001 1380.55203 637.7047200000001 1340.00555 980.43068 1005.84927 1444.5446900000002 729.81129 838.4793999999999 1363.3262399999999 944.70331 1026.11247 1164.8403600000001 973.77222 1063.11725 819.56304 1175.2626 856.31169 1027.8257199999998 1111.81469 1193.18417 1096.51093 1129.89586 1195.3552300000001 524.14428 709.02939 0 294.00825 884.60231 399.45101 1199.55342 658.37516 929.72308 807.45628 1146.65822 1413.9548100000002 1290.24514 1345.0198 1683.3253699999998 983.15518 738.4611500000001 831.84267 1094.00075 912.09179 405.58075 1112.98147 1021.8094900000001 982.98863 1076.19992 
1444.82968 956.66617 1129.57724 931.7129699999999 1135.5137100000002 1274.43893 1278.68236 1435.98352 479.42318 544.47115 1069.31799 694.3152 732.10422 919.0777899999999 723.38411 1117.1114 569.17493 997.8997200000001 562.3034399999999 733.81747 823.69327 1093.5186999999999 846.12282 879.50775 1030.4878199999998 273.75617 1003.03764 294.00825 0 989.0084800000001 693.45926 949.16531 952.3834099999999 1223.73133 1101.46453 859.4313699999999 1168.1922399999999 1002.12372 1500.33499 1389.31712 851.00366 908.03321 537.83442 799.9925 734.72891 699.5889999999999 1166.97562 837.56228 1264.26694 1188.00526 
969.62972 1286.8360400000001 676.62556 1092.07004 810.15086 1090.4739200000001 1001.2253500000002 1439.9207700000002 1118.96798 873.84587 1298.73993 492.74194 256.90426 668.42653 521.81085 759.2626000000001 707.04476 695.13921 815.61292 620.658 573.04201 757.39663 1259.3468699999999 428.52673 1283.7973 913.30097 726.31023 884.60231 989.0084800000001 0 965.39744 1242.38053 1174.8917299999998 1112.85893 1463.0364100000002 746.2719 912.44079 751.47246 1142.48619 1154.16923 649.4304 828.63997 453.73904000000005 686.83303 958.3100200000001 1029.7588700000001 709.3983800000001 635.98902 350.496 975.31627 
1607.21012 1062.10893 1202.9989 1037.1557300000002 1125.24931 1043.07415 606.3982599999999 1045.09368 706.00132 1237.93041 1395.70275 920.89334 1222.3017 765.3893499999999 949.9622499999999 848.36101 795.75307 1224.47786 1255.7627 1151.26315 860.7738699999999 793.73316 1072.70096 1106.08589 1171.5452599999999 500.33430999999996 1108.4804000000001 399.45101 693.45926 965.39744 0 1175.74345 258.92415 905.91311 1206.90729 1197.3564099999999 1014.5038 1039.2043199999998 1138.8148800000001 1477.5766999999998 1077.5818 1134.61135 1145.98572 1217.43818 961.3070499999999 805.0317600000001 898.22523 1064.14042 1063.78376 1052.38995 
1398.2494700000002 1361.9425099999999 1261.35782 1202.56653 1294.42586 1348.74888 775.5748100000001 1214.27023 469.74213 1458.5781299999999 1281.68737 1095.96817 985.47627 1124.4139 1125.03708 1017.5375600000001 970.8279 1399.55269 1347.3468599999999 865.59805 1029.02938 1298.85481 836.4417699999999 817.46154 1089.84802 675.40914 1240.4160000000002 1199.55342 949.16531 1242.38053 1175.74345 0 1072.9814099999999 824.21587 1580.9655699999998 911.6913099999999 1373.52835 1207.45983 1400.76115 1521.0976999999998 1131.07493 771.9849399999999 1130.30694 931.7730799999999 1136.38188 1104.8653399999998 1067.4017800000001 1072.53144 1396.04752 970.69271 
1348.2859700000001 1321.0330800000002 944.07475 1296.0798800000002 866.3251600000001 920.64818 347.47411 786.16953 809.93665 1369.14104 1136.7786 1015.39395 1083.89635 506.4652 1044.46286 589.43686 1054.67722 1149.36418 1369.99384 892.339 601.8497199999999 680.90611 1176.63629 1355.41171 1430.4694100000002 759.25846 1204.81615 658.37516 952.38341 1174.89173 258.92415 1072.98141 0 1164.83726 1293.21067 938.43226 755.57965 780.28017 879.8907300000001 1218.65255 930.69036 955.2984700000001 887.0615700000001 958.51403 961.58927 1063.9559100000001 639.3010800000001 872.14687 1273.2780500000001 1267.0061500000002 
1568.68013 1155.15556 996.4244 1114.4954400000001 1129.9497 823.49527 1066.00888 1190.64208 1209.20237 944.02164 1449.68115 873.95287 855.95467 1253.68415 844.88396 1154.70659 873.85367 1201.71383 733.8165300000001 600.66463 1349.06867 1079.24324 1159.83286 818.43734 265.63215 1030.60638 893.11914 929.72308 1223.73133 1112.8589299999999 905.91311 824.21587 1164.83726 0 1658.188 646.75789 1232.23963 1527.4991200000002 1537.93018 1256.16428 924.2879800000001 565.1979899999999 1036.11521 666.83966 1173.29394 898.0783899999999 1204.57081 865.74449 1131.1141 146.47684 
1456.46497 1032.8937 939.8737 543.69256 980.66211 1034.98513 945.73656 1384.43198 1352.00173 1297.39114 1661.17101 1439.27129 1206.13215 1577.43499 1468.3401999999999 703.77381 1447.55521 1145.16313 1484.33079 1137.55855 1482.05047 1695.6578 1718.70137 1207.23587 1923.82015 1331.6005599999999 1079.26517 807.45628 1101.46453 1463.0364099999997 1206.90729 1580.96557 1293.21067 1658.188 0 1263.17245 1587.76145 1660.48092 1086.9974 1594.52574 1282.5828299999998 1108.69693 1283.05079 1082.48385 1282.32757 775.81653 753.6380300000001 1341.1263199999999 1668.00802 1591.7463400000001 
1591.77001 1219.78136 521.37367 730.58022 654.89897 1164.13222 590.95815 949.67056 734.15164 718.59398 1105.56818 904.49566 932.97772 606.92626 875.4267500000001 832.9209000000001 991.53171 726.6631 607.36271 125.6139 702.3107799999999 432.48535 684.7821299999999 988.9628700000001 912.3900400000001 939.81865 778.02624 1146.65822 859.43137 746.2719 1197.35641 911.6913099999999 938.43226 646.7578900000001 1263.17245 0 757.1889 880.7412299999999 1216.1444900000001 781.11355 1011.76342 652.6734299999999 828.21394 191.78893 989.8339100000001 962.70419 882.7851200000001 953.21993 656.0633700000001 500.28105000000005 
1554.1705 1307.81008 647.88775 1236.54132 781.41305 1389.51267 1103.05376 1541.74918 1240.11274 845.10806 879.42785 1101.8266199999998 924.04773 249.11445 1072.7577099999999 1058.30135 1123.30117 853.17718 965.92771 631.575 344.49897 423.55536 1240.04641 1318.44832 1434.11209 1418.71993 1354.18155 1413.95481 1168.1922399999999 912.44079 1014.5038 1373.52835 755.57965 1232.23963 1587.76145 757.1889 0 519.45858 1441.52494 957.83096 1258.51508 1238.15517 954.72802 697.75003 1116.34799 1050.73291 1108.16557 1245.0737 1015.9273 1085.76279 
1388.10198 1141.74156 893.33199 1116.78836 1026.85729 1530.31425 1127.75428 1566.4497000000001 1429.02679 1364.56664 904.12837 935.7581 948.7482500000001 273.81497 906.68919 1303.74559 1336.8248 1098.62142 1314.9757 1006.35513 178.43045 448.25588000000005 1264.74693 1164.0148800000002 1783.1600799999999 1275.8798900000002 1188.11303 1290.24514 1002.12372 751.47246 1039.20432 1207.45983 780.28017 1527.4991200000002 1660.48092 880.7412300000001 519.45858 0 1406.45367 438.37238 1092.44656 1217.54479 1145.5830300000002 1072.53016 1361.79223 884.6643899999999 1353.60981 1079.00518 849.8587799999999 1381.0222800000001 
1598.30739 682.36188 793.63719 1171.56302 660.11189 714.43491 625.18634 1063.88176 1031.45151 1373.9856799999998 1340.62079 1223.28876 885.5819299999999 1386.3559300000002 1252.3576699999999 383.22359 1226.4506700000002 998.9266200000001 1163.78057 1170.05123 1481.7404500000002 1386.0743 1398.1511500000001 1263.30828 1631.9649499999998 1237.11852 1242.88769 1345.0198 1500.33499 1142.4861899999999 1138.8148800000001 1400.76115 879.8907300000001 1537.93018 1086.9974 1216.14449 1441.52494 1406.4536699999999 0 1448.28923 1076.74522 980.35204 962.5005699999999 1236.2262600000001 986.64284 939.4390500000001 433.08781 1135.28871 1492.98219 1391.45334 
1692.87623 1508.58876 654.65204 1260.46597 788.1773400000001 1240.72356 1200.36454 1639.05996 1264.03739 1139.38452 614.53768 1129.43069 1120.04309 712.18735 1100.36178 1065.06564 1129.33149 859.9414700000001 1137.24846 655.49965 616.8028300000001 886.6282600000001 1294.18852 725.6425 1521.7964299999999 1331.39408 1148.5969599999999 1683.32537 1389.31712 1154.16923 1477.5767 1521.0976999999998 1218.65255 1256.16428 1594.52574 781.1135499999999 957.83096 438.37238 1448.28923 0 1286.11915 1125.75574 1300.20363 721.67468 1123.11228 1323.0367700000002 1114.92986 1272.67777 1185.94912 1109.68744 
1191.08592 834.6516 745.56455 738.89027 879.0898500000001 1156.39032 583.2162500000001 1021.9116700000001 782.9145 1133.29743 1335.09732 156.68846 671.0665799999999 1009.40063 185.75736999999998 825.1790000000001 615.8929800000001 540.27512 923.09232 935.5702200000001 914.01611 1171.5589499999999 1149.61414 560.4766500000001 1189.92013 577.24749 274.12579 983.15518 851.00366 649.4304 1077.5818 1131.07493 930.69036 924.2879800000001 1282.5828299999998 1011.76342 1258.51508 1092.44656 1076.74522 1286.11915 0 872.05705 867.90136 872.5209 803.4459300000001 577.57443 875.0432200000001 58.54349 999.9264 884.16449 
1367.34697 589.95757 937.22092 565.00437 803.69562 1138.28331 1071.92442 1138.41115 839.94405 1199.56025 1371.0428299999999 798.0627999999999 794.51383 1134.4988600000001 768.99389 990.4169 338.85828 1102.56225 1087.16395 606.58017 1039.11434 1085.15878 1165.7484 400.11324 830.8301399999999 634.2770399999999 636.3290400000001 738.4611500000001 908.0332099999999 828.63997 1134.61135 771.9849399999999 955.2984700000001 565.1979899999999 1108.69693 652.6734299999999 1238.15517 1217.5447900000001 980.35204 1125.75574 872.05705 0 874.52778 672.7552 839.39144 332.8804 1040.28112 813.51356 1137.02964 711.6748299999999 
909.56024 1450.85774 718.91279 1198.04375 852.43809 910.4883 821.23973 1259.93515 867.26218 916.1331 1429.89193 711.2129 196.83478 871.76806 740.28181 579.27698 871.06646 635.06973 761.55068 702.60004 967.15258 697.32715 1233.96182 574.56113 1229.73506 811.59059 890.3319299999999 831.84267 537.83442 453.73904000000005 1145.9857200000001 1130.30694 887.0615700000001 1036.11521 1283.05079 828.21394 954.72802 1145.58303 962.5005699999999 1300.20363 867.90136 874.52778 0 768.77507 898.24054 1193.78057 629.1412 831.51803 804.23504 1139.33797 
1611.8517800000002 1027.99243 461.9348 538.79129 595.4601 1184.2139900000002 611.03992 975.9783 674.71277 659.15511 1125.64995 845.05679 943.73729 798.71519 815.98788 853.0026700000001 1011.61348 667.22423 547.92384 66.17503 894.09971 624.27428 704.8639 797.17394 932.4718100000001 880.37978 941.34281 1094.00075 799.9925 686.83303 1217.43818 931.7730799999999 958.51403 666.8396600000001 1082.48385 191.78893 697.75003 1072.53016 1236.2262600000001 721.67468 872.5209 672.7552 768.77507 0 930.3950400000001 770.91526 902.8668900000001 931.06439 596.6245 520.36282 
1414.1312200000002 763.58821 468.46024 738.63501 601.98554 1157.83727 1120.83659 701.71421 666.63975 1056.4982300000001 531.65139 881.53177 701.4057600000001 1161.96479 910.60068 878.87384 756.3915 263.17081 1198.5727200000001 864.22001 1212.74498 1201.89813 1033.33939 1066.72432 1438.92609 460.97274 809.9596799999999 912.09179 734.72891 958.3100200000001 961.3070499999999 1136.38188 961.58927 1173.29394 1282.32757 989.83391 1116.34799 1361.79223 986.64284 1123.11228 803.4459300000001 839.39144 898.2405400000001 930.39504 0 506.51104 928.73806 744.9024400000001 1097.48404 1318.4078 
1664.9827 257.07717 974.97128 232.12397 934.4248 988.74782 899.4992500000001 1074.47164 1135.3920400000002 964.48866 1038.1624299999999 734.26289 996.94579 801.6184599999999 752.8497199999999 657.5365 671.7386799999999 769.6818499999999 754.28355 837.09029 706.23394 976.05937 1475.77916 726.4031 1163.71054 929.7250300000001 303.44864 405.58075 699.5889999999999 1029.75887 805.0317600000001 1104.8653399999998 1063.9559100000001 898.0783899999999 775.81653 962.7041899999999 1050.73291 884.6643899999999 939.4390500000001 1323.03677 577.57443 332.8804 1193.78057 770.91526 506.51104 0 707.4007200000001 616.22874 1367.5397600000001 1044.55523 
1165.21958 964.4778900000001 460.27782 939.5246900000001 326.75252 381.07554 291.82697 730.5223900000001 698.0921400000001 940.89787 1007.26142 959.74681 452.49412 1127.4274 988.8157199999999 49.86422 893.0913 665.5672500000001 730.69276 836.69186 1222.81192 952.98649 1064.79178 830.22047 1198.87714 903.7591500000001 1010.8493600000002 1112.9814700000002 1166.9756200000002 709.39838 898.22523 1067.4017800000001 639.30108 1204.57081 753.6380300000001 882.78512 1108.1655700000001 1353.60981 433.08781 1114.9298600000002 875.04322 1040.28112 629.1412 902.86689 928.7380600000001 707.4007200000001 0 816.49973 1059.89438 1058.09397 
1249.62941 873.30591 687.02106 797.43376 820.54636 1097.84683 524.67276 963.36818 769.47312 1074.75394 1276.55383 143.24708 651.35749 995.95925 172.31599 766.6355100000001 602.4516000000001 481.73163 864.5488300000001 907.12667 900.57473 1151.84986 1136.17276 547.0352700000001 1131.37664 563.80611 332.66928 1021.8094900000001 837.56228 635.98902 1064.14042 1072.53144 872.14687 865.74449 1341.1263199999999 953.21993 1245.0737 1079.00518 1135.28871 1272.6777700000002 58.54349 813.51356 831.51803 931.06439 744.9024400000001 616.22874 816.4997300000001 0 986.48502 870.72311 
1320.12572 1624.6169300000001 926.20924 1135.41579 1059.73454 1440.96992 1075.31436 1514.00978 931.78189 1123.42955 1006.8508300000001 843.23794 607.40026 766.8128499999999 872.3068499999999 1109.7586 1057.54076 834.31323 913.99924 530.44947 671.42833 941.2537599999999 1169.13834 779.0227299999999 1382.18362 1137.4488999999999 1076.8062300000001 982.98863 1264.26694 350.496 1063.7837599999998 1396.04752 1273.27805 1131.1141 1668.0080199999998 656.06337 1015.9273 849.85878 1492.98219 1185.94912 999.9264 1137.02964 804.23504 596.6245 1097.48404 1367.5397600000001 1059.89438 986.48502 0 984.63726 
1639.19423 1301.6324 849.94756 1059.15411 983.47286 677.01843 919.53204 1337.11892 1062.72553 1047.16787 1303.20431 727.4760299999999 942.5031899999999 1107.20731 698.40712 1008.22975 727.3768299999999 1055.2369899999999 880.2933700000001 454.18779 1202.59183 932.7664 1013.35602 671.9604999999999 412.10899000000006 1022.79559 746.6423 1076.19992 1188.00526 975.31627 1052.38995 970.6927099999999 1267.0061500000002 146.47684 1591.7463400000001 500.28105000000005 1085.76279 1381.0222800000001 1391.45334 1109.68744 884.1644899999999 711.6748299999999 1139.33797 520.36282 1318.4078 1044.55523 1058.09397 870.7231099999999 984.63726 0 
