51
63 80 39 74 41 59 33 7 3 36 62 79 54 13 10 56 35 30 24 4 32 60 89 98 90 81 71 22 72 84 12 20 93 47 34 86 87 51 50 1 11 16 95 75 83 42 99 2 64 48 0
0 71.19878 85.46514 35.42792 30.264310000000002 69.88483 75.54744 52.23495 22.40747 43.08913 63.5234 73.49712 57.33643 47.391099999999994 48.84529 77.6063 50.67021 50.14318 42.75672 58.538970000000006 43.5561 79.84919 40.57761 85.66575 49.87066 63.32208 62.34825 50.52337 33.87997 61.17508 55.346709999999995 27.51078 53.36943 73.57169 39.74468 56.27977 54.862 5.14555 76.73931 29.03861 76.83189999999999 51.48845 35.024640000000005 62.75411 37.5154 59.51845 50.4272 52.04353 50.383889999999994 57.30144 78.51141 
71.19878 0 94.57408 56.16839 64.61422999999999 92.38991 79.52349 45.13614 74.48974000000001 64.89809 93.38245 2.29834 74.80828 52.97029 58.262660000000004 59.517900000000004 49.963100000000004 87.22603000000001 55.91293 41.61751 55.54163 89.65504999999999 42.37944 100.14355 85.80551 89.39362 105.73577 85.30924 58.75327 44.04243 45.01468 71.79173 94.55772999999999 95.45073 76.53912 54.67232 64.97727 76.34433 61.073310000000006 71.32278 61.16474 82.17606 66.99159 66.9614 81.79635 102.90597 63.192840000000004 97.79332 94.24249 91.36055 87.47246000000001 
85.46514 94.57408 0 74.15823 94.27341 24.92838 17.92885 53.44631 71.06882 99.93792 44.37026 96.87241999999999 52.18076 96.64372 68.07986 55.96978 49.362970000000004 67.17271000000001 105.34186 53.962900000000005 101.5188 31.44557 65.75094 9.003 67.83501 76.85588999999999 83.793 76.09718 70.76025 57.9568 91.23151 66.25673 84.41496 33.85609 53.73161 61.44338 30.60314 80.38723 69.59064000000001 86.09182 68.63446 74.04981 97.82276 80.87577 74.70867 80.9632 67.46585 94.11227 88.62504 74.33097000000001 38.70315 
35.42792 56.16839 74.15823 0 29.67643 58.09147 56.229380000000006 52.486999999999995 18.32135 45.42902 51.77553 53.87005 35.78615 49.73099 47.68826 51.50535 54.93643 41.04087 39.92777 49.83527 28.103559999999998 71.50357 48.17422 73.82266 44.75257 80.68733 53.93008 40.76205 25.73602 59.58452 57.6866 16.67035 41.20427 63.5216 27.59977 50.3719 46.67782 35.58327 76.27772999999999 31.3785 76.28485 26.007669999999997 24.9161 61.59708 26.67497 51.10028 52.767089999999996 45.516549999999995 41.96572 46.91666 70.87686 
30.264310000000002 64.61422999999999 94.27341 29.67643 0 76.5209 76.50971 57.13477 30.42123 41.86464 75.94946 66.91256999999999 57.612249999999996 56.81011 76.51539999999999 72.46771000000001 66.64981 54.60644 19.772 66.55273 31.632260000000002 92.75533 34.4196 93.48376999999999 53.66692 80.2132 52.11249 49.16831 36.55145 79.09561 48.8545 41.62307 58.34895 85.3477 47.75844 69.08091999999999 67.52866 35.40986 92.1109 38.51092 93.06708 55.6841 4.76033 79.57563 51.62769 54.94229 56.78781 45.461569999999995 58.77824 61.20496 91.83178000000001 
69.88483 92.38991 24.92838 58.09147 76.5209 0 42.85723 70.04718 47.47736 92.82298 68.9602 94.68825 37.96805 94.21077 77.71115 61.15426 67.47408 54.38181 92.15729 75.81967 85.74088 56.37395000000001 74.4576 33.931380000000004 53.622299999999996 79.23691 58.86462 62.76098 64.12888 65.59796 86.25516 46.88754 69.14769 58.78447 43.98814 75.33279999999999 54.31079 64.73928 77.18088000000002 78.77246 76.22470000000001 64.30708 79.22129000000001 88.51693 49.78029000000001 56.03482 89.25464 75.98132000000001 73.35777 61.16034 32.15083 
75.54744 79.52349 17.92885 56.229380000000006 76.50971 42.85723 0 45.12307 53.13997 89.25438 26.44141 81.82182999999999 34.25191 78.71486999999999 54.35822 59.650189999999995 31.43412 49.24386 91.43955 39.77971 83.58995 17.46684 47.82209 21.37274 49.90616 63.13425 72.15615 74.80207 68.41682 48.88785 78.02598 50.34915 77.79243 15.92724 35.80276 47.72174 42.69351 70.40189 65.91873 75.36306 66.87491 56.12096 79.89391 68.26704000000001 60.35377 74.98595 79.55622 76.18342 75.42751 56.40212 51.07289 
52.23495 45.13614 53.44631 52.487 57.13477 70.04718 45.12307 0 34.16565 71.62182 66.65254 47.43448 32.07913 59.61289 22.55149 64.48258 30.40236 54.55493 71.62163000000001 22.05677 59.84841 48.65298 45.550979999999996 62.44931 61.08171 46.98008 80.76411 59.29466000000001 34.02947 22.234 51.65728 45.367490000000004 73.07307 51.42836 46.78578 15.11701 23.42631 47.0894 39.264880000000005 57.64012 40.22106000000001 67.10472 61.85414 36.46031 55.372110000000006 79.76979 52.42557 77.53576 74.27783 58.47776 48.72903 
22.40747 74.48974 71.06882 18.32135 30.42123 47.47736 53.13997 34.16565 0 55.205499999999994 70.09688 72.1914 37.16598 59.50747 52.776650000000004 62.56426 41.32877 30.778309999999998 47.68314 36.1315 38.26352 63.79116 56.548429999999996 63.25828 28.87842 81.14573 49.48387 49.13626 35.85122 56.39965 65.70476 11.20184 39.47075 55.0868 17.33721 49.28266 57.59196 17.26192 69.89297 41.154979999999995 68.93679 34.381879999999995 33.78908 66.68547000000001 21.20646 46.654070000000004 62.543569999999995 44.018510000000006 40.78976 36.41646 61.70012 
43.08913 64.89809 99.93792 45.42902 41.86464 92.82298 89.25438 71.62182 55.2055 0 89.19751000000001 67.19642999999999 70.36027 20.01887 57.08027 70.27393 57.82026 77.64135999999999 34.03054 49.56505 45.137190000000004 94.55583999999999 66.95586 103.09365 83.82169 57.58935 92.68793 34.07217 43.24442 75.27399 27.97448 62.09937 84.93365 94.80652 72.39991 64.51474999999999 69.53920000000001 37.94358 79.25088 14.05052 78.85306 68.90404000000001 42.69275 70.98909 65.74409 89.85812999999999 35.17408 83.39399 80.72357 84.79961999999999 93.81795 
63.5234 93.38245 44.37026 51.77553 75.94946 68.9602 26.44141 66.65254 70.09688 89.19751000000001 0 93.20170999999999 60.69332 91.32235 70.09311 68.95555999999999 57.87553 75.68527 85.46168 66.22112 78.54008 43.90825 51.00301 47.81415 76.34757 83.41292 67.29369 56.06537 77.24444 68.00428 83.36674 59.83315 51.35102 42.36865 62.24417 69.25121 56.52371 58.37785 70.46948 75.14699 71.42566000000001 77.78320000000001 71.18913 84.00193 69.83777 64.46388999999999 62.6799 64.87756 55.04897 78.81576000000001 39.95213 
73.49712 2.29834 96.87241999999999 53.87005 66.91257 94.68825 81.82183 47.43448 72.1914 67.19642999999999 93.20170999999999 0 72.50994 55.26863 59.80846 57.21956 52.26144000000001 87.17124 58.211270000000006 43.915850000000006 54.86504 91.95339 44.677780000000006 102.44189 88.10385 90.55203 107.77542000000001 87.60758000000001 61.05161 46.340770000000006 47.31302 69.49339 95.07432 95.59547 74.24078 52.373979999999996 67.07789 74.5444 63.37165 73.62112 63.14134 79.87772 64.69325 69.25974000000001 79.49801000000001 104.94562 60.894499999999994 99.38659999999999 95.83577 93.65889 89.36575 
57.33643 74.80828 52.18076000000001 35.78615 57.61225 37.96805 34.25191 32.07913 37.16598 70.36027 60.69332 72.50994 0 74.66224 49.43081 39.206959999999995 33.04324 22.4758 70.99632 41.38883 63.60236 51.71875 62.8436 51.845189999999995 29.46293 65.26402 48.93694 54.35884 61.522169999999996 50.49697 78.53659999999999 35.368089999999995 63.663599999999995 27.73545 19.82877 47.19614 44.543639999999996 52.19088 55.86295 56.30975 56.81913 40.147710000000004 60.70225 63.33963 45.37271 51.76674 77.69834 60.95495 59.45352 29.634059999999998 50.03321 
47.391099999999994 52.970290000000006 96.64371999999999 49.73099 56.81011 94.21077 78.71486999999999 59.61289 59.50747 20.01887 91.32235 55.26863000000001 74.66224 0 37.0614 66.44429 49.55956 84.54695000000001 53.25547 51.80503 51.1967 95.82015999999999 73.99284 100.08760999999998 83.24788000000001 37.57048 98.12531 54.09104 47.09839 67.01329 7.95561 65.38992 90.46942999999999 93.12972 71.10585 44.49588 70.83297 42.245549999999994 65.89079000000001 18.35249 66.84697000000001 73.20601 60.47206 50.97022 75.39454 100.29974000000001 39.71762 93.91914 91.4942 90.78225 88.02557 
48.84529 58.262660000000004 68.07986 47.68826 76.5154 77.71115 54.35822 22.55149 52.776650000000004 57.08027 70.09311 59.80846 49.43081 37.0614 0 52.7532 24.990740000000002 69.73852000000001 74.40565000000001 16.64515 63.30912 65.23158000000001 42.78561 74.36603 67.60956 56.21523 92.65081 56.35996 49.55813 36.82779 29.10579 63.97849000000001 88.89253 70.21961999999999 56.29742 7.43448 40.00491 43.69974 50.406620000000004 52.228500000000004 49.45044 72.6797 72.60436 13.90882 73.98311000000001 95.48061000000001 44.74304 93.20481000000001 89.65398 75.12190000000001 58.3041 
77.6063 59.517900000000004 55.96978 51.50535 72.46771 61.15426 59.650189999999995 64.48258 62.56426 70.27393000000001 68.95555999999999 57.21956 39.206959999999995 66.44429 52.7532 0 67.46943999999999 55.59578 91.35445 65.91902999999999 75.81067 48.65519 38.04811 46.96678 54.86121 33.33247 81.58044 79.75712 77.24136999999999 61.76335 58.48868 60.766369999999995 81.50308 59.27413 45.22705 60.18768 42.55927 72.52839 46.067409999999995 56.22341 47.02359 65.54599 76.42145 38.84438 70.77099 84.41024 58.21127 86.35323 84.8518 62.39925 32.14619 
50.67021 49.963100000000004 49.362970000000004 54.93643 66.64981 67.47408 31.43412 30.40236 41.32877 57.82026 57.87553 52.26144000000001 33.04324 49.55956 24.990740000000002 67.46943999999999 0 55.51904 78.85073 8.34559 73.93065 48.90096 54.97913 52.80686 60.201840000000004 62.80492 81.98017999999999 77.69169 41.25857 17.45373 46.59186 52.530609999999996 80.79952 47.36136 52.872009999999996 32.42522 31.705350000000003 51.74689 34.48461 43.928940000000004 35.44079000000001 73.19095 71.28229 38.89956 62.53523 84.80998 51.9176 85.20406 82.11852999999999 62.677299999999995 38.46601 
50.14318 87.22603000000001 67.17271 41.04087 54.60644 54.38181 49.24386 54.55493 30.778309999999998 77.64135999999999 75.68527 87.17124 22.4758 84.54695000000001 69.73852000000001 55.59578 55.51904 0 66.92937 60.18394 64.62001 57.90472 44.84659 59.94923 14.6963 84.72521 27.42006 43.56919 42.19227 72.97277 76.59134 28.980420000000002 43.36273 42.79251 13.4411 68.5539 45.396469999999994 48.040229999999994 78.29319 66.87796 77.80996999999999 33.760040000000004 59.36677 83.47243 30.248579999999997 30.249859999999998 66.47652 59.27962 47.57281 7.15826 55.54032 
42.75672 55.91293 105.34186 39.92777 19.772 92.15729 91.43955000000001 71.62163 47.68314 34.03054 85.46168 58.211270000000006 70.99632000000001 53.25547 74.40565000000001 91.35445 78.85073 66.92937 0 70.50514 29.52942 102.97594 54.06375 105.89872 73.43892 90.82595 69.70805 29.39631 37.59216 82.2213 45.29986 56.59812 70.02627 94.8263 65.02035000000001 71.67154 77.74927 47.90227 97.9712 43.08004 98.36395 65.93544 15.01167 85.14307 66.23664 66.87825 54.68497 55.71291 72.3628 74.08763 101.65889 
58.538970000000006 41.61751 53.962900000000005 49.83527 66.55273 75.81967 39.77971 22.05677 36.1315 49.56505 66.22112 43.915850000000006 41.38883 51.805029999999995 16.64515 65.91903 8.34559 60.18394 70.50514 0 66.31432 48.58643 59.43076 61.15245 51.85625 62.08178 77.25356 72.97112000000001 32.91298 25.79932 43.849419999999995 47.33334000000001 75.60225 55.70695 53.46871 24.07963 23.35976 53.393420000000006 33.76147 35.58335 32.80529 65.8958 64.7041 30.55397 57.33796000000001 80.08336 43.57201 80.15001000000001 76.68311 58.47675 46.8116 
43.5561 55.54163 101.5188 28.103559999999998 31.632260000000002 85.74088 83.58995 59.84841 38.26352 45.137190000000004 78.54008 54.86504 63.60236 51.1967 63.30912 75.81067 73.93065000000001 64.62001 29.529420000000002 66.31432 0 98.60103000000001 37.76256 101.49048 67.14194 79.94076 67.35382 58.92573 33.40134 82.08241000000001 43.24109 44.77391 53.121449999999996 91.33780999999999 55.30844 68.3508 73.41018 48.70165 94.80720000000001 54.18669 94.24076000000001 49.57952 35.63593 77.21794 54.77853 65.71829 52.327020000000005 60.13456 48.91137 70.82203 97.61558 
79.84919 89.65504999999999 31.44557 71.50357 92.75533 56.37395 17.46684 48.65298 63.79116 94.55584 43.90825 91.95338999999998 51.71875 95.82015999999999 65.23158000000001 48.65519 48.90096 57.90472 102.97594000000001 48.58643 98.60103000000001 0 65.28893000000001 22.44257 63.83194 60.73287 84.58566 74.83803 65.38378 60.17065 87.86455 67.81568 95.25927 33.39408 53.20534 63.76999 25.22667 74.77127999999999 71.52422 80.50532 70.56804 73.52428 96.41967 79.14040000000001 77.8203 87.34942 62.08938 93.65026 92.83009 56.2939 42.03901 
40.57761 42.37944 65.75094 48.17422 34.4196 74.4576 47.82209 45.550979999999996 56.548429999999996 66.95586 51.00301 44.677780000000006 62.8436 73.99284 42.78561 38.04811 54.97913 44.84659 54.063750000000006 59.43076 37.76256 65.28893000000001 0 68.18739 59.54289 48.99082 72.26665 50.72489 49.984629999999996 44.67601 71.8914 64.84457 69.99035 63.74933 58.28769 35.35113 62.44379 45.72316 61.70689 55.64035 62.663070000000005 64.23474999999999 39.052080000000004 45.15603 60.134429999999995 75.09645 72.65969 58.23726 68.43755 52.00485 61.6254 
85.66575 100.14355 9.003 73.82266 93.48376999999999 33.931380000000004 21.37274 62.44931 63.25828 103.09365 47.81415 102.44189 51.845189999999995 100.08761 74.36603 46.96678 52.80686 59.94923 105.89872 61.15245 101.49048 22.44257 68.18739 0 66.36865 80.29925 87.36545000000001 85.10018 79.20286999999999 65.18504 98.09578 69.13727 90.52948 37.29998 53.59795 67.70063 39.606139999999996 80.5202 60.58764000000001 93.06965 59.631460000000004 73.91689 96.1829 85.81116 79.14189 89.96620000000001 71.68106 97.55616 93.2227 67.10749 29.700150000000004 
49.87066 85.80551 67.83501 44.75257 53.66692 53.622299999999996 49.90616 61.08171 28.87842 83.82169 76.34757 88.10385 29.46293 83.24788000000001 67.60956 54.86121 60.201840000000004 14.6963 73.43892 51.85625 67.14194 63.83194 59.54289 66.36865 0 80.91826999999999 30.30774 58.26549 46.722080000000005 70.10641 75.29227 28.08222 46.22302 49.84314 28.1374 70.77681 54.04016 46.140339999999995 78.38523 70.0334 77.42905 48.45634 58.42725 81.51838000000001 18.0776 33.13754 72.75295 59.659400000000005 42.01294 7.53804 53.95382 
63.32208 89.39362 76.85588999999999 80.68733 80.2132 79.23691 63.134249999999994 46.98008 81.14573 57.58935 83.41292 90.55203 65.26402 37.57048 56.21523 33.33247 62.80492 84.72521 90.82595 62.081779999999995 79.94076 60.73287 48.99082 80.29925 80.91826999999999 0 107.63749999999999 79.24091 81.00955 45.35119 45.52609 73.95918 107.75718 76.14944 71.28411 49.57875 53.268829999999994 68.46763 28.32031 55.92297000000001 29.27649 85.99951 84.84568 68.27016 82.22648 109.41141 41.31455 106.77585 103.5471 87.43312 61.91189 
62.34824999999999 105.73577 83.793 53.93008 52.11249 58.86462 72.15615 80.76411 49.483869999999996 92.68793 67.29369 107.77542 48.93694 98.12531 92.65081 81.58044 81.98017999999999 27.42006 69.70805 77.25356 67.35382 84.58566 72.26665 87.36545000000001 30.30774 107.63749999999999 0 58.615759999999995 51.85729 97.33132 90.29015 38.28203 15.94267 70.21257 36.35339 91.46619 71.08081 64.16655 104.79989 81.05118999999999 104.13203999999999 56.67233 56.872820000000004 106.38471999999999 44.088089999999994 2.8298 79.22741 46.596689999999995 20.152749999999997 28.85899 82.96038 
50.52337 85.30924 76.09718 40.76205 49.168310000000005 62.76098 74.80207 59.29466000000001 49.13626 34.07217 56.06537 87.60758 54.35884 54.09104 56.35996 79.75712 77.69169 43.56919 29.39631 72.97112 58.92573 74.83803 50.72489 85.10018 58.26549 79.24091 58.61576 0 42.57246 78.66573 62.04665 45.15782 50.86147999999999 66.62976 56.398480000000006 48.92548 49.61136 55.66892 83.61877 47.155590000000004 82.66259 56.82258 44.40798 55.74676 47.487390000000005 55.78596 68.54418000000001 50.20223 46.651399999999995 50.72745 72.26258 
33.87997 58.75327 70.76025 25.73602 36.55145 64.12888 68.41682 34.02947 35.85122 43.24442 77.24444 61.051610000000004 61.522169999999996 47.09839 49.55813 77.24137 41.25857 42.19227 37.59216 32.91298 33.40134 65.38378 49.984629999999996 79.20286999999999 46.722080000000005 81.00955 51.85729 42.57246 0 56.263470000000005 39.14278 38.649100000000004 45.93478 71.35332 51.47188 43.72457 40.15711 39.02552 65.68076 29.1939 65.71826999999999 43.53753999999999 31.79112 63.46695 28.64448 54.68709 50.58249 50.08437000000001 46.36407 49.35053 65.45983000000001 
61.17508 44.04243 57.9568 59.58452 79.09561 65.59796 48.88785 22.234 56.39965 75.27399 68.00428 46.340770000000006 50.49697 67.01329 36.82779 61.76335 17.45373 72.97277 82.2213 25.79932 82.08241000000001 60.17065 44.67601 65.18504 70.10641 45.35119 97.33132 78.66573 56.26347 0 64.04559 67.60149 95.30707000000001 64.81509 60.97793 37.35101 34.94398 66.32063 17.03088 61.382670000000005 17.98706 81.29687 82.40157 22.91897 75.55443 100.16112000000001 61.66604 99.76975999999999 96.44498 77.64444999999999 55.91974 
55.34671 45.01468 91.23151 57.6866 48.8545 86.25516 78.02598 51.65728 65.70476 27.97448 83.36674 47.31302 78.53659999999999 7.95561 29.10579 58.48868 46.59186 76.59134 45.29986 43.849419999999995 43.24109 87.86455 71.8914 98.09578 75.29227 45.52609 90.29015 62.04665 39.14278 64.04559 0 73.34553 85.07756 93.95322 63.15024 36.54027 62.877359999999996 50.20116 73.8464 26.3081 74.80258 81.16162 52.51645 43.01461 67.65588 92.34413 31.76201 87.09044 83.53961 82.82664 82.80947 
27.51078 71.79173 66.25673 16.67035 41.62307 46.88754 50.34915 45.367490000000004 11.20184 62.09937 59.83315 69.49339 35.368089999999995 65.38992 63.97849000000001 60.766369999999995 52.530609999999996 28.980420000000002 56.59812 47.33334000000001 44.77391 67.81568 64.84456999999999 69.13727 28.08222 73.95918 38.28203 45.15782 38.649100000000004 67.60149000000001 73.34553 0 33.797999999999995 53.28891 15.53932 60.484500000000004 63.348169999999996 28.46376 81.09481000000001 48.04885 80.13863 35.85826 41.58645 71.2128 10.00462 35.45223 65.51482 32.81667 29.587919999999997 30.24631 66.59376 
53.36943 94.55772999999999 84.41496 41.20427 58.34895 69.14769 77.79243 73.07307 39.47075 84.93365 51.35102 95.07432 63.663599999999995 90.46943 88.89253 81.50308 80.79952 43.36273 70.02627 75.60225 53.121449999999996 95.25927 69.99034999999999 90.52948 46.223020000000005 107.75718 15.94267 50.86148 45.93478 95.30707000000001 85.07756 33.798 0 69.02057 43.83483 87.61577 77.9091 48.22388 107.32457 72.11694 108.28075 63.543260000000004 63.10928 99.2388 28.14542 13.11287 74.53402 38.84241 4.21008 44.80166 87.41672 
73.57169 95.45073 33.85609 63.5216 85.3477 58.78447 15.92724 51.42836 55.0868 94.80652 42.36865 95.59547 27.73545 93.12972 70.21961999999999 59.27413 47.36136 42.79251 94.8263 55.70695 91.33780999999999 33.39408 63.74933 37.29998 49.843140000000005 76.14944 70.21257 66.62976 71.35332 64.81509 93.95321999999999 53.28891 69.02057 0 37.74959 63.58314 35.509609999999995 68.42614 59.35065 80.756 58.39447 58.068529999999996 84.9397 80.82152 51.12145 73.04237 72.37232 86.10558 72.59458 42.3051 40.08137 
39.74468 76.53912 53.73161 27.59977 47.75844 43.98814 35.80276 46.78578 17.33721 72.39991 62.24417 74.24078 19.82877 71.10585 56.29742 45.22705 52.872009999999996 13.4411 65.02035 53.46871 55.308440000000004 53.20534 58.28769 53.59795 28.1374 71.28411 36.35339 56.398480000000006 51.47188 60.97793 63.15024 15.53932 43.83483 37.74959 0 55.1128 50.56372999999999 34.59913 68.75107 58.34939 67.79489 20.31894 51.12629 70.03133 25.54394 39.183189999999996 79.73798 48.355990000000006 39.62475 20.59936 51.9892 
56.27977 54.67232 61.44338 50.3719 69.08092 75.33279999999999 47.72174 15.11701 49.28266 64.51474999999999 69.25121 52.373979999999996 47.19614 44.49588 7.43448 60.18768 32.42522 68.5539 71.67154 24.07963 68.3508 63.76999 35.35113 67.70063 70.77681 49.57875000000001 91.46619 48.92548 43.72457 37.35101 36.54027 60.4845 87.61577 63.58314 55.1128 0 38.54332 51.13422 53.84653 50.87639 52.89035 75.43174 73.71340000000001 21.3433 68.97869 93.18204 37.30856 92.1363 88.58547 72.54307 50.86962 
54.862 64.97727 30.60314 46.67782 67.52866 54.31079 42.69351 23.42631 57.59196 69.53920000000001 56.52371 67.07789 44.543639999999996 70.83296999999999 40.00491 42.55927 31.705350000000003 45.396469999999994 77.74927 23.35976 73.41018 25.22667 62.44379 39.606139999999996 54.04016 53.26883 71.08081 49.611360000000005 40.15711 34.94398 62.877359999999996 63.348169999999996 77.9091 35.50961 50.56373 38.54332 0 49.78409 46.29755 55.48868 45.34137 51.94042 71.34421 53.91373 68.80159 73.88635 36.86271 78.22045 74.66962 48.79446 25.30272 
5.14555 76.34433 80.38723 35.58327 35.40986 64.73928 70.40189000000001 47.0894 17.26192 37.94358 58.37785 74.5444 52.19088 42.245549999999994 43.69974 72.52839 51.74689 48.04023 47.90227 53.393420000000006 48.70165 74.77127999999999 45.72316 80.5202 46.140339999999995 68.46763 64.16655 55.66892 39.02552 66.32063 50.201159999999994 28.46376 48.22388 68.42614 34.59913 51.13422 49.78409 0 71.59376 23.89306 72.54994 51.6438 40.170190000000005 57.60856 38.468379999999996 61.33675 45.28165 57.18908 52.43396 53.67838 73.83412 
76.73931 61.073310000000006 69.59064000000001 76.27772999999999 92.1109 77.18088 65.91873000000001 39.264880000000005 69.89297 79.25088 70.46948 63.37165000000001 55.86295 65.89079000000001 50.406620000000004 46.067409999999995 34.48461 78.29319 97.9712 33.76147 94.80720000000001 71.52422 61.70689 60.58764000000001 78.38523 28.32031 104.79989 83.61877000000001 65.68076 17.03088 73.84640000000002 81.09481000000001 107.32457 59.35065 68.75107 53.84653 46.29755 71.59376 0 66.02375 0.95618 86.06884000000001 96.6634 39.94985 91.09943000000001 107.45945 44.635160000000006 109.87725 106.4741 80.67617 48.172810000000005 
29.03861 71.32278 86.09182 31.3785 38.51092 78.77246 75.36306 57.64012 41.154979999999995 14.05052 75.14699 73.62111999999999 56.30975 18.35249 52.228500000000004 56.22341 43.928940000000004 66.87796 43.08004 35.58335 54.18669 80.50532 55.64035 93.06965 70.0334 55.92297000000001 81.05118999999999 47.155590000000004 29.1939 61.382670000000005 26.3081 48.04885 72.11694 80.756 58.34939 50.87639 55.48868 23.89306 66.02375 0 65.06757 54.85352 43.271249999999995 66.13732 57.49985 82.27627 21.38859 76.69254000000001 73.14171 74.03622 80.03246 
76.83189999999999 61.16474 68.63446 76.28485 93.06708 76.22470000000001 66.87491 40.22106 68.93679 78.85306 71.42566000000001 63.14134 56.81913 66.84697 49.45044 47.02359 35.44079 77.80996999999999 98.36395 32.80529 94.24076000000001 70.56804 62.66307 59.631460000000004 77.42905 29.27649 104.13203999999999 82.66259 65.71826999999999 17.98706 74.80258 80.13863 108.28075000000001 58.39447 67.79489 52.89035 45.34137 72.54994 0.95618 65.06757 0 85.11266 96.46155 40.90603 90.14325000000001 106.80043 43.67898 108.92107 107.41963999999999 79.71999 47.21663 
51.48845 82.17605999999999 74.04981 26.007669999999997 55.6841 64.30708 56.12096 67.10472 34.381879999999995 68.90404000000001 77.7832 79.87772 40.14771 73.20601 72.6797 65.54598999999999 73.19094999999999 33.760040000000004 65.93544 65.8958 49.579519999999995 73.52428 64.23474999999999 73.91689 48.456340000000004 85.99951 56.67233 56.822579999999995 43.53753999999999 81.29687 81.16162 35.85826 63.54326 58.068529999999996 20.31894 75.43174 51.94042 51.6438 86.06884000000001 54.85352 85.11266 0 50.92377 86.58852 45.862880000000004 59.50213 76.24211 62.115660000000005 59.637609999999995 40.9183 72.30814000000001 
35.024640000000005 66.99159 97.82276 24.9161 4.76033 79.22129000000001 79.89391 61.85414 33.78908 42.69275 71.18913 64.69325 60.70225 60.47206 72.60436 76.42145 71.28229 59.36677 15.01167 64.7041 35.63593 96.41967 39.052080000000004 96.1829 58.42725 84.84568 56.872820000000004 44.40798 31.79112 82.40157 52.51645 41.58645 63.10928 84.9397 51.12629 73.7134 71.34421 40.170190000000005 96.6634 43.271249999999995 96.46155 50.92377 0 77.39692 51.59107 59.70262 55.68707 40.70124 63.53857 65.96529 95.47521 
62.75411 66.9614 80.87577 61.59708 79.57563 88.51693 68.26704 36.46031 66.68547000000001 70.98909 84.00193 69.25974 63.33963 50.97022 13.90882 38.84438 38.89956 83.47243 85.14307 30.55397 77.21794000000001 79.1404 45.15603 85.81116 81.51838000000001 68.27016 106.38471999999999 55.74676 63.46695 22.91897 43.01461 71.2128 99.2388 80.82152 70.03133 21.3433 53.91373 57.60856 39.94985 66.13732 40.90603 86.58852 77.39692 0 81.21742 106.37989999999999 58.65186 103.38804 99.86022 89.03072 70.99057 
37.5154 81.79635 74.70867000000001 26.67497 51.62769 49.78029000000001 60.35377 55.37211 21.20646 65.74409 69.83777 79.49801000000001 45.37271 75.39454 73.98311000000001 70.77099 62.53523 30.248579999999997 66.23664 57.33796 54.77853 77.8203 60.13443 79.14188999999999 18.0776 82.22648 44.08809 47.487390000000005 28.64448 75.55443 67.65588 10.00462 28.14542 51.12145 25.54394 68.97869 68.80159 38.468379999999996 91.09943 57.49985 90.14325 45.862880000000004 51.59107 81.21742 0 41.25829 55.5102 42.821290000000005 23.93534 23.09032 67.05991 
59.51845 102.90597 80.9632 51.10028 54.94229 56.03482 74.98595 79.76979 46.654070000000004 89.85813 64.46388999999999 104.94562 51.76674 100.29974000000001 95.48061 84.41023999999999 84.80998 30.249859999999998 66.87825 80.08336 65.71829 87.34942 75.09645 89.9662 33.13754 109.41141 2.8298 55.78596 54.68709 100.16112 92.34413 35.45223 13.11287 73.04237 39.183189999999996 93.18204 73.88635000000001 61.33675 107.45945 82.27627 106.80043 59.502129999999994 59.702619999999996 106.37989999999999 41.25829 0 82.05721000000001 43.766890000000004 17.32295 31.688789999999997 85.79017999999999 
50.4272 63.19284 67.46585 52.767089999999996 56.78781 89.25464 79.55622 52.42557 62.54357 35.17408 62.6799 60.894499999999994 77.69834 39.71762 44.74304 58.21127 51.9176 66.47652 54.68497 43.57201 52.327020000000005 62.08938 72.65969 71.68106 72.75295 41.31455 79.22741 68.54418 50.58249 61.66604000000001 31.76201 65.51482 74.53402 72.37232 79.73798 37.30856 36.86271 45.28165 44.635160000000006 21.38859 43.67898 76.24211 55.68707 58.65186 55.5102 82.05721000000001 0 96.38830999999999 78.7441 65.21491 58.64387 
52.04353 97.79332 94.11227 45.516549999999995 45.461569999999995 75.98132000000001 76.18342 77.53576 44.018510000000006 83.39399 64.87756 99.38659999999999 60.95495 93.91914 93.20481 86.35323 85.20406 59.27962 55.71291 80.15001000000001 60.13456 93.65026 58.23726 97.55616 59.659400000000005 106.77585 46.59669 50.20223 50.08437000000001 99.76975999999999 87.09044 32.81667 38.842409999999994 86.10558 48.355990000000006 92.1363 78.22045 57.18908 109.87725 76.69254000000001 108.92107 62.115660000000005 40.70124 103.38804 42.821290000000005 43.766890000000004 96.38830999999999 0 34.632329999999996 52.12136 97.15991 
50.383889999999994 94.24249 88.62504 41.96572 58.77824 73.35777 75.42751 74.27783 40.78976 80.72357 55.04897 95.83577 59.45352 91.4942 89.65397999999999 84.8518 82.11852999999999 47.57281 72.3628 76.68311 48.91137 92.83009 68.43755 93.2227 42.01294 103.5471 20.152749999999997 46.651399999999995 46.36407 96.44498 83.53961 29.587919999999997 4.21008 72.59458 39.62475 88.58547 74.66962000000001 52.43396 106.4741 73.14171 107.41964 59.637609999999995 63.53856999999999 99.86022 23.93534 17.32295 78.7441 34.632329999999996 0 47.02566 90.47763 
57.30144 91.36055 74.33097 46.91666 61.20496 61.16034 56.40212 58.47776 36.41646 84.79962 78.81576000000001 93.65889 29.634059999999998 90.78225 75.12190000000001 62.399249999999995 62.677299999999995 7.15826 74.08763 58.47675 70.82203 56.2939 52.00485 67.10749 7.53804 87.43312 28.85899 50.72745 49.350530000000006 77.64444999999999 82.82664 30.24631 44.80166 42.3051 20.59936 72.54307 48.794459999999994 53.678380000000004 80.67617 74.03622 79.71999 40.9183 65.96529 89.03072000000002 23.09032 31.688789999999997 65.21491 52.12136 47.02566 0 55.27961 
78.51141 87.47246000000001 38.70315 70.87686 91.83178000000001 32.15083 51.07289 48.72903 61.70012 93.81795 39.95213 89.36574999999999 50.03321 88.02556999999999 58.3041 32.14619 38.46601 55.54032 101.65889 46.8116 97.61558 42.03901 61.6254 29.70015 53.95382 61.91189 82.96038 72.26258 65.45983000000001 55.91974 82.80947 66.59376 87.41672 40.08137 51.9892 50.86962 25.30272 73.83412 48.172810000000005 80.03246 47.21663 72.30814 95.47521 70.99056999999999 67.05991 85.79018 58.64387 97.15991 90.47763 55.279610000000005 0 
