51
fPxvnMVMFwhJbNBURdgD TwgqMzgExFHTIfcwfBnr cvlwIwajcIlbhZbyFgmq tVzUgXVoBYxBMnkkwFmk sBkAYRISjTYinLFSNcKW DWWCMAjZQQIEKOIiHFQN fToHwimUqLsKcKLZHiUX ASXwCgVTXDdhSXJwFovC VhDSPHxolLkNxxDnpUyx gzxzakmqbxbsOczuQVLG AdXveYSBaneNwCQzrdSw DqUxIMslnixWfmkjQTmS aCucdhmWbhlrgfstQigR WCCOEUYmDvzZlrkDAqoi jzQJaGLLiuQLhhyqBagr uyPyJzKFqWxgSNmpkDrB MlwlINEFqmyzZNPXRLJF fvEcAuRDdfuHEPLNpaTz iBYHAWUhqeQPjphQzpdN UgFPXEAdAfcfHGIbNTsq iBjjCWwkYToOKfrrLnny gMqbbwopmbxmOomqZjfm PLDOWRIeaCSVLMyDadzC gEufXNuuWhnlbNYaoQFJ NVEtShKeuxpaFIOiyVqE sXfgLMwoysnMazVSWnhc iDucfyZGMCbCQbXjbQqM pdXCnKagnvEntNTuPHdK NAHeKyyhAObyyUEUSkSU OVoYVQPnlYoZBBKtyuLk gIttwvzcgONwFblnGIqq xQaDpDGAXhDYzSMnMWvb jwIBHKkXHTPVsOJwBOsr mlipOrSnGcxXtoXBbRyl RjKEHTlRvtaVBbyqZVAw dyUDfEGgAoSshTRjMZZg CmbFyJmcvVqyCmJgQxeI ruLqpYqEzGGiKysvsarb cZgmtoPGHxdozTaDMiyf BXzACdzjLITNgbmDPlEu TqyFrXuGvuBuqnpYbjKc CfkBzkPETvagyIDCsLTD fHcdXnOxSadpKeCUwNYm ybrQlUhznqOhsvndWAbl zxeoSbTqbWPpSzalAtBI QkAjrUUuVdzSMnlfJLcO FcEsyaTmqpoyvbDrHjlc NciLXNPTvMoXdbTDZmlg QQSjCkgLAWAPObYQvNsB CPszTohYUHARNedzFlDK vLeODpVlYSBeYNDYoXha
0 94.0 110.0 46.0 61.0 87.0 91.0 94.0 18.0 37.0 72.0 84.0 57.0 60.0 62.0 52.0 47.0 85.0 43.0 55.0 86.0 50.0 35.0 68.0 77.0 118.0 69.0 80.0 62.0 40.0 40.0 77.0 45.0 50.0 93.0 55.0 66.0 57.0 107.0 92.0 111.0 70.0 84.0 37.0 65.0 66.0 47.0 58.0 75.0 57.0 75.0 
94.0 0 110.0 97.0 130.0 48.0 130.0 74.0 88.0 57.0 31.0 53.0 102.0 46.0 106.0 81.0 80.0 96.0 94.0 77.0 54.0 53.0 105.0 88.0 92.0 109.0 84.0 87.0 74.0 90.0 69.0 29.0 85.0 65.0 84.0 92.0 69.0 49.0 28.0 127.0 80.0 91.0 87.0 69.0 62.0 50.0 101.0 68.0 66.0 63.0 98.0 
110.0 110.0 0 126.0 169.0 113.0 169.0 111.0 101.0 109.0 111.0 157.0 143.0 121.0 108.0 94.0 109.0 133.0 99.0 123.0 158.0 99.0 118.0 92.0 97.0 117.0 89.0 112.0 98.0 102.0 115.0 122.0 74.0 70.0 62.0 130.0 83.0 93.0 133.0 113.0 184.0 105.0 101.0 73.0 100.0 115.0 71.0 101.0 44.0 119.0 71.0 
46.0 97.0 126.0 0 107.0 95.0 123.0 105.0 64.0 69.0 68.0 116.0 53.0 106.0 74.0 48.0 17.0 80.0 84.0 70.0 118.0 46.0 81.0 100.0 117.0 113.0 94.0 60.0 67.0 48.0 62.0 108.0 91.0 90.0 109.0 65.0 62.0 86.0 115.0 88.0 143.0 78.0 75.0 69.0 35.0 62.0 55.0 80.0 91.0 65.0 71.0 
61.0 130.0 169.0 107.0 0 131.0 84.0 87.0 79.0 96.0 110.0 77.0 118.0 121.0 110.0 113.0 97.0 116.0 104.0 64.0 122.0 88.0 96.0 127.0 138.0 149.0 130.0 139.0 109.0 99.0 101.0 132.0 106.0 111.0 112.0 116.0 104.0 116.0 151.0 153.0 104.0 129.0 97.0 96.0 115.0 104.0 106.0 119.0 130.0 116.0 136.0 
87.0 48.0 113.0 95.0 131.0 0 131.0 68.0 87.0 91.0 79.0 101.0 87.0 73.0 90.0 87.0 78.0 138.0 107.0 104.0 102.0 80.0 97.0 97.0 125.0 122.0 112.0 94.0 86.0 71.0 96.0 77.0 97.0 98.0 93.0 93.0 88.0 81.0 20.0 79.0 128.0 101.0 106.0 61.0 96.0 95.0 78.0 106.0 90.0 88.0 92.0 
91.0 130.0 169.0 123.0 84.0 131.0 0 87.0 109.0 96.0 134.0 77.0 142.0 131.0 110.0 122.0 106.0 116.0 129.0 142.0 122.0 133.0 126.0 127.0 168.0 149.0 132.0 139.0 121.0 99.0 117.0 132.0 136.0 141.0 112.0 146.0 149.0 116.0 151.0 166.0 104.0 129.0 144.0 96.0 124.0 130.0 106.0 135.0 130.0 116.0 145.0 
94.0 74.0 111.0 105.0 87.0 68.0 87.0 0 80.0 96.0 62.0 80.0 95.0 44.0 113.0 95.0 109.0 110.0 105.0 83.0 125.0 59.0 97.0 114.0 124.0 77.0 116.0 102.0 80.0 78.0 75.0 45.0 53.0 97.0 49.0 126.0 75.0 77.0 88.0 100.0 107.0 103.0 93.0 69.0 114.0 43.0 98.0 61.0 67.0 90.0 96.0 
18.0 88.0 101.0 64.0 79.0 87.0 109.0 80.0 0 55.0 76.0 102.0 75.0 42.0 44.0 70.0 65.0 67.0 25.0 73.0 104.0 54.0 17.0 86.0 59.0 100.0 51.0 72.0 75.0 58.0 38.0 59.0 27.0 32.0 75.0 53.0 70.0 75.0 107.0 100.0 129.0 67.0 88.0 55.0 83.0 70.0 32.0 56.0 57.0 75.0 66.0 
37.0 57.0 109.0 69.0 96.0 91.0 96.0 96.0 55.0 0 59.0 48.0 86.0 67.0 65.0 68.0 52.0 100.0 80.0 61.0 49.0 37.0 72.0 31.0 96.0 131.0 50.0 63.0 58.0 45.0 21.0 84.0 82.0 69.0 83.0 72.0 53.0 62.0 85.0 70.0 75.0 34.0 71.0 42.0 70.0 53.0 52.0 39.0 65.0 62.0 57.0 
72.0 31.0 111.0 68.0 110.0 79.0 134.0 62.0 76.0 59.0 0 84.0 71.0 64.0 117.0 64.0 80.0 88.0 101.0 46.0 85.0 22.0 75.0 90.0 103.0 97.0 95.0 68.0 43.0 59.0 38.0 60.0 73.0 76.0 82.0 89.0 38.0 18.0 59.0 106.0 111.0 86.0 56.0 38.0 83.0 19.0 80.0 37.0 97.0 32.0 87.0 
84.0 53.0 157.0 116.0 77.0 101.0 77.0 80.0 102.0 48.0 84.0 0 134.0 99.0 103.0 115.0 99.0 109.0 122.0 109.0 45.0 85.0 119.0 79.0 144.0 142.0 98.0 111.0 106.0 92.0 69.0 82.0 129.0 117.0 105.0 120.0 101.0 102.0 81.0 118.0 27.0 82.0 119.0 89.0 115.0 101.0 99.0 87.0 113.0 109.0 105.0 
57.0 102.0 143.0 53.0 118.0 87.0 142.0 95.0 75.0 86.0 71.0 134.0 0 110.0 104.0 59.0 70.0 115.0 100.0 73.0 135.0 49.0 92.0 117.0 134.0 143.0 113.0 103.0 70.0 67.0 65.0 111.0 102.0 107.0 120.0 108.0 65.0 89.0 107.0 35.0 161.0 97.0 83.0 85.0 78.0 65.0 72.0 83.0 104.0 84.0 82.0 
60.0 46.0 121.0 106.0 121.0 73.0 131.0 44.0 42.0 67.0 64.0 99.0 110.0 0 86.0 75.0 89.0 109.0 67.0 85.0 100.0 61.0 59.0 98.0 101.0 79.0 75.0 58.0 82.0 82.0 77.0 17.0 55.0 74.0 93.0 95.0 77.0 82.0 74.0 102.0 126.0 59.0 95.0 97.0 83.0 45.0 74.0 63.0 85.0 94.0 52.0 
62.0 106.0 108.0 74.0 110.0 90.0 110.0 113.0 44.0 65.0 117.0 103.0 104.0 86.0 0 94.0 57.0 64.0 19.0 105.0 114.0 98.0 61.0 96.0 68.0 97.0 22.0 68.0 117.0 68.0 82.0 103.0 71.0 41.0 82.0 97.0 114.0 109.0 110.0 69.0 130.0 38.0 96.0 92.0 75.0 98.0 48.0 100.0 64.0 96.0 87.0 
52.0 81.0 94.0 48.0 113.0 87.0 122.0 95.0 70.0 68.0 64.0 115.0 59.0 75.0 94.0 0 37.0 100.0 95.0 76.0 117.0 52.0 87.0 94.0 99.0 119.0 88.0 44.0 51.0 62.0 68.0 92.0 94.0 72.0 93.0 49.0 68.0 46.0 107.0 94.0 142.0 72.0 74.0 26.0 19.0 68.0 67.0 86.0 75.0 79.0 23.0 
47.0 80.0 109.0 17.0 97.0 78.0 106.0 109.0 65.0 52.0 80.0 99.0 70.0 89.0 57.0 37.0 0 63.0 67.0 74.0 101.0 63.0 82.0 83.0 100.0 96.0 77.0 43.0 77.0 31.0 73.0 106.0 92.0 73.0 92.0 48.0 76.0 72.0 98.0 105.0 126.0 61.0 58.0 52.0 18.0 79.0 38.0 91.0 74.0 48.0 60.0 
85.0 96.0 133.0 80.0 116.0 138.0 116.0 110.0 67.0 100.0 88.0 109.0 115.0 109.0 64.0 100.0 63.0 0 65.0 90.0 149.0 66.0 84.0 117.0 116.0 33.0 86.0 60.0 55.0 94.0 79.0 113.0 94.0 89.0 108.0 97.0 50.0 100.0 124.0 133.0 136.0 102.0 32.0 80.0 81.0 79.0 89.0 61.0 90.0 96.0 108.0 
43.0 94.0 99.0 84.0 104.0 107.0 129.0 105.0 25.0 80.0 101.0 122.0 100.0 67.0 19.0 95.0 67.0 65.0 0 98.0 129.0 79.0 42.0 111.0 56.0 98.0 41.0 87.0 100.0 60.0 63.0 84.0 52.0 29.0 100.0 78.0 95.0 100.0 122.0 88.0 149.0 57.0 97.0 80.0 84.0 86.0 29.0 81.0 82.0 77.0 78.0 
55.0 77.0 123.0 70.0 64.0 104.0 142.0 83.0 73.0 61.0 46.0 109.0 73.0 85.0 105.0 76.0 74.0 90.0 98.0 0 110.0 24.0 90.0 92.0 124.0 118.0 83.0 96.0 45.0 67.0 40.0 86.0 94.0 97.0 128.0 91.0 40.0 64.0 105.0 108.0 136.0 67.0 58.0 70.0 92.0 40.0 74.0 58.0 124.0 78.0 90.0 
86.0 54.0 158.0 118.0 122.0 102.0 122.0 125.0 104.0 49.0 85.0 45.0 135.0 100.0 114.0 117.0 101.0 149.0 129.0 110.0 0 86.0 121.0 80.0 145.0 163.0 99.0 112.0 107.0 94.0 70.0 83.0 131.0 118.0 132.0 121.0 102.0 103.0 82.0 119.0 72.0 83.0 120.0 91.0 116.0 102.0 101.0 88.0 114.0 111.0 106.0 
50.0 53.0 99.0 46.0 88.0 80.0 133.0 59.0 54.0 37.0 22.0 85.0 49.0 61.0 98.0 52.0 63.0 66.0 79.0 24.0 86.0 0 71.0 68.0 100.0 94.0 80.0 90.0 21.0 60.0 16.0 62.0 70.0 73.0 104.0 67.0 16.0 40.0 81.0 84.0 112.0 64.0 34.0 46.0 71.0 16.0 65.0 34.0 100.0 54.0 75.0 
35.0 105.0 118.0 81.0 96.0 97.0 126.0 97.0 17.0 72.0 75.0 119.0 92.0 59.0 61.0 87.0 82.0 84.0 42.0 90.0 121.0 71.0 0 103.0 76.0 117.0 68.0 89.0 92.0 56.0 55.0 76.0 44.0 49.0 92.0 70.0 87.0 92.0 117.0 117.0 146.0 84.0 105.0 72.0 100.0 56.0 49.0 73.0 74.0 84.0 83.0 
68.0 88.0 92.0 100.0 127.0 97.0 127.0 114.0 86.0 31.0 90.0 79.0 117.0 98.0 96.0 94.0 83.0 117.0 111.0 92.0 80.0 68.0 103.0 0 127.0 101.0 81.0 94.0 89.0 76.0 52.0 115.0 76.0 100.0 114.0 103.0 67.0 93.0 116.0 101.0 106.0 65.0 85.0 73.0 101.0 84.0 83.0 70.0 96.0 93.0 71.0 
77.0 92.0 97.0 117.0 138.0 125.0 168.0 124.0 59.0 96.0 103.0 144.0 134.0 101.0 68.0 99.0 100.0 116.0 56.0 124.0 145.0 100.0 76.0 127.0 0 149.0 46.0 104.0 103.0 84.0 97.0 118.0 86.0 27.0 104.0 112.0 116.0 98.0 120.0 128.0 171.0 62.0 122.0 78.0 82.0 84.0 63.0 102.0 86.0 111.0 76.0 
118.0 109.0 117.0 113.0 149.0 122.0 149.0 77.0 100.0 131.0 97.0 142.0 143.0 79.0 97.0 119.0 96.0 33.0 98.0 118.0 163.0 94.0 117.0 101.0 149.0 0 119.0 93.0 88.0 119.0 110.0 80.0 88.0 122.0 126.0 130.0 83.0 115.0 137.0 135.0 169.0 135.0 65.0 113.0 114.0 78.0 122.0 94.0 118.0 129.0 96.0 
69.0 84.0 89.0 94.0 130.0 112.0 132.0 116.0 51.0 50.0 95.0 98.0 113.0 75.0 22.0 88.0 77.0 86.0 41.0 83.0 99.0 80.0 68.0 81.0 46.0 119.0 0 58.0 95.0 46.0 71.0 92.0 78.0 19.0 96.0 95.0 96.0 87.0 112.0 91.0 125.0 16.0 114.0 70.0 74.0 76.0 55.0 89.0 78.0 74.0 65.0 
80.0 87.0 112.0 60.0 139.0 94.0 139.0 102.0 72.0 63.0 68.0 111.0 103.0 58.0 68.0 44.0 43.0 60.0 87.0 96.0 112.0 90.0 89.0 94.0 104.0 93.0 58.0 0 89.0 40.0 84.0 75.0 98.0 77.0 86.0 37.0 84.0 81.0 114.0 73.0 138.0 42.0 66.0 70.0 25.0 87.0 67.0 97.0 68.0 36.0 48.0 
62.0 74.0 98.0 67.0 109.0 86.0 121.0 80.0 75.0 58.0 43.0 106.0 70.0 82.0 117.0 51.0 77.0 55.0 100.0 45.0 107.0 21.0 92.0 89.0 103.0 88.0 95.0 89.0 0 70.0 37.0 83.0 91.0 76.0 109.0 88.0 37.0 45.0 102.0 105.0 133.0 85.0 23.0 25.0 70.0 37.0 77.0 55.0 102.0 75.0 74.0 
40.0 90.0 102.0 48.0 99.0 71.0 99.0 78.0 58.0 45.0 59.0 92.0 67.0 82.0 68.0 62.0 31.0 94.0 60.0 67.0 94.0 60.0 56.0 76.0 84.0 119.0 46.0 40.0 70.0 0 66.0 99.0 85.0 57.0 65.0 77.0 76.0 41.0 91.0 99.0 119.0 30.0 89.0 45.0 49.0 54.0 31.0 72.0 83.0 28.0 79.0 
40.0 69.0 115.0 62.0 101.0 96.0 117.0 75.0 38.0 21.0 38.0 69.0 65.0 77.0 82.0 68.0 73.0 79.0 63.0 40.0 70.0 16.0 55.0 52.0 97.0 110.0 71.0 84.0 37.0 66.0 0 78.0 65.0 70.0 104.0 51.0 32.0 56.0 97.0 91.0 96.0 55.0 50.0 62.0 81.0 32.0 70.0 18.0 86.0 70.0 78.0 
77.0 29.0 122.0 108.0 132.0 77.0 132.0 45.0 59.0 84.0 60.0 82.0 111.0 17.0 103.0 92.0 106.0 113.0 84.0 86.0 83.0 62.0 76.0 115.0 118.0 80.0 92.0 75.0 83.0 99.0 78.0 0 56.0 91.0 94.0 112.0 78.0 78.0 57.0 103.0 109.0 76.0 96.0 98.0 91.0 46.0 91.0 64.0 86.0 92.0 69.0 
45.0 85.0 74.0 91.0 106.0 97.0 136.0 53.0 27.0 82.0 73.0 129.0 102.0 55.0 71.0 94.0 92.0 94.0 52.0 94.0 131.0 70.0 44.0 76.0 86.0 88.0 78.0 98.0 91.0 85.0 65.0 56.0 0 59.0 48.0 80.0 67.0 91.0 113.0 99.0 156.0 94.0 85.0 82.0 86.0 54.0 59.0 72.0 30.0 102.0 71.0 
50.0 65.0 70.0 90.0 111.0 98.0 141.0 97.0 32.0 69.0 76.0 117.0 107.0 74.0 41.0 72.0 73.0 89.0 29.0 97.0 118.0 73.0 49.0 100.0 27.0 122.0 19.0 77.0 76.0 57.0 70.0 91.0 59.0 0 77.0 85.0 89.0 71.0 93.0 101.0 144.0 35.0 95.0 51.0 55.0 57.0 36.0 75.0 59.0 84.0 49.0 
93.0 84.0 62.0 109.0 112.0 93.0 112.0 49.0 75.0 83.0 82.0 105.0 120.0 93.0 82.0 93.0 92.0 108.0 100.0 128.0 132.0 104.0 92.0 114.0 104.0 126.0 96.0 86.0 109.0 65.0 104.0 94.0 48.0 77.0 0 104.0 105.0 64.0 112.0 87.0 132.0 95.0 114.0 84.0 74.0 92.0 81.0 110.0 18.0 77.0 93.0 
55.0 92.0 130.0 65.0 116.0 93.0 146.0 126.0 53.0 72.0 89.0 120.0 108.0 95.0 97.0 49.0 48.0 97.0 78.0 91.0 121.0 67.0 70.0 103.0 112.0 130.0 95.0 37.0 88.0 77.0 51.0 112.0 80.0 85.0 104.0 0 83.0 95.0 113.0 110.0 147.0 79.0 101.0 75.0 30.0 83.0 85.0 69.0 86.0 73.0 72.0 
66.0 69.0 83.0 62.0 104.0 88.0 149.0 75.0 70.0 53.0 38.0 101.0 65.0 77.0 114.0 68.0 76.0 50.0 95.0 40.0 102.0 16.0 87.0 67.0 116.0 83.0 96.0 84.0 37.0 76.0 32.0 78.0 67.0 89.0 105.0 83.0 0 56.0 97.0 100.0 128.0 80.0 18.0 62.0 87.0 32.0 81.0 18.0 87.0 70.0 62.0 
57.0 49.0 93.0 86.0 116.0 81.0 116.0 77.0 75.0 62.0 18.0 102.0 89.0 82.0 109.0 46.0 72.0 100.0 100.0 64.0 103.0 40.0 92.0 93.0 98.0 115.0 87.0 81.0 45.0 41.0 56.0 78.0 91.0 71.0 64.0 95.0 56.0 0 77.0 124.0 129.0 71.0 68.0 20.0 65.0 37.0 72.0 55.0 82.0 50.0 69.0 
107.0 28.0 133.0 115.0 151.0 20.0 151.0 88.0 107.0 85.0 59.0 81.0 107.0 74.0 110.0 107.0 98.0 124.0 122.0 105.0 82.0 81.0 117.0 116.0 120.0 137.0 112.0 114.0 102.0 91.0 97.0 57.0 113.0 93.0 112.0 113.0 97.0 77.0 0 99.0 108.0 119.0 115.0 81.0 90.0 78.0 98.0 96.0 94.0 91.0 112.0 
92.0 127.0 113.0 88.0 153.0 79.0 166.0 100.0 100.0 70.0 106.0 118.0 35.0 102.0 69.0 94.0 105.0 133.0 88.0 108.0 119.0 84.0 117.0 101.0 128.0 135.0 91.0 73.0 105.0 99.0 91.0 103.0 99.0 101.0 87.0 110.0 100.0 124.0 99.0 0 145.0 104.0 118.0 104.0 98.0 100.0 68.0 109.0 69.0 109.0 102.0 
111.0 80.0 184.0 143.0 104.0 128.0 104.0 107.0 129.0 75.0 111.0 27.0 161.0 126.0 130.0 142.0 126.0 136.0 149.0 136.0 72.0 112.0 146.0 106.0 171.0 169.0 125.0 138.0 133.0 119.0 96.0 109.0 156.0 144.0 132.0 147.0 128.0 129.0 108.0 145.0 0 109.0 146.0 116.0 142.0 128.0 126.0 114.0 140.0 136.0 132.0 
70.0 91.0 105.0 78.0 129.0 101.0 129.0 103.0 67.0 34.0 86.0 82.0 97.0 59.0 38.0 72.0 61.0 102.0 57.0 67.0 83.0 64.0 84.0 65.0 62.0 135.0 16.0 42.0 85.0 30.0 55.0 76.0 94.0 35.0 95.0 79.0 80.0 71.0 119.0 104.0 109.0 0 98.0 75.0 67.0 80.0 61.0 73.0 94.0 58.0 49.0 
84.0 87.0 101.0 75.0 97.0 106.0 144.0 93.0 88.0 71.0 56.0 119.0 83.0 95.0 96.0 74.0 58.0 32.0 97.0 58.0 120.0 34.0 105.0 85.0 122.0 65.0 114.0 66.0 23.0 89.0 50.0 96.0 85.0 95.0 114.0 101.0 18.0 68.0 115.0 118.0 146.0 98.0 0 48.0 76.0 50.0 96.0 36.0 96.0 88.0 80.0 
37.0 69.0 73.0 69.0 96.0 61.0 96.0 69.0 55.0 42.0 38.0 89.0 85.0 97.0 92.0 26.0 52.0 80.0 80.0 70.0 91.0 46.0 72.0 73.0 78.0 113.0 70.0 70.0 25.0 45.0 62.0 98.0 82.0 51.0 84.0 75.0 62.0 20.0 81.0 104.0 116.0 75.0 48.0 0 45.0 57.0 52.0 75.0 77.0 62.0 49.0 
65.0 62.0 100.0 35.0 115.0 96.0 124.0 114.0 83.0 70.0 83.0 115.0 78.0 83.0 75.0 19.0 18.0 81.0 84.0 92.0 116.0 71.0 100.0 101.0 82.0 114.0 74.0 25.0 70.0 49.0 81.0 91.0 86.0 55.0 74.0 30.0 87.0 65.0 90.0 98.0 142.0 67.0 76.0 45.0 0 87.0 56.0 99.0 56.0 61.0 42.0 
66.0 50.0 115.0 62.0 104.0 95.0 130.0 43.0 70.0 53.0 19.0 101.0 65.0 45.0 98.0 68.0 79.0 79.0 86.0 40.0 102.0 16.0 56.0 84.0 84.0 78.0 76.0 87.0 37.0 54.0 32.0 46.0 54.0 57.0 92.0 83.0 32.0 37.0 78.0 100.0 128.0 80.0 50.0 57.0 87.0 0 81.0 18.0 84.0 51.0 91.0 
47.0 101.0 71.0 55.0 106.0 78.0 106.0 98.0 32.0 52.0 80.0 99.0 72.0 74.0 48.0 67.0 38.0 89.0 29.0 74.0 101.0 65.0 49.0 83.0 63.0 122.0 55.0 67.0 77.0 31.0 70.0 91.0 59.0 36.0 81.0 85.0 81.0 72.0 98.0 68.0 126.0 61.0 96.0 52.0 56.0 81.0 0 88.0 63.0 48.0 50.0 
58.0 68.0 101.0 80.0 119.0 106.0 135.0 61.0 56.0 39.0 37.0 87.0 83.0 63.0 100.0 86.0 91.0 61.0 81.0 58.0 88.0 34.0 73.0 70.0 102.0 94.0 89.0 97.0 55.0 72.0 18.0 64.0 72.0 75.0 110.0 69.0 18.0 55.0 96.0 109.0 114.0 73.0 36.0 75.0 99.0 18.0 88.0 0 102.0 69.0 80.0 
75.0 66.0 44.0 91.0 130.0 90.0 130.0 67.0 57.0 65.0 97.0 113.0 104.0 85.0 64.0 75.0 74.0 90.0 82.0 124.0 114.0 100.0 74.0 96.0 86.0 118.0 78.0 68.0 102.0 83.0 86.0 86.0 30.0 59.0 18.0 86.0 87.0 82.0 94.0 69.0 140.0 94.0 96.0 77.0 56.0 84.0 63.0 102.0 0 95.0 75.0 
57.0 63.0 119.0 65.0 116.0 88.0 116.0 90.0 75.0 62.0 32.0 109.0 84.0 94.0 96.0 79.0 48.0 96.0 77.0 78.0 111.0 54.0 84.0 93.0 111.0 129.0 74.0 36.0 75.0 28.0 70.0 92.0 102.0 84.0 77.0 73.0 70.0 50.0 91.0 109.0 136.0 58.0 88.0 62.0 61.0 51.0 48.0 69.0 95.0 0 84.0 
75.0 98.0 71.0 71.0 136.0 92.0 145.0 96.0 66.0 57.0 87.0 105.0 82.0 52.0 87.0 23.0 60.0 108.0 78.0 90.0 106.0 75.0 83.0 71.0 76.0 96.0 65.0 48.0 74.0 79.0 78.0 69.0 71.0 49.0 93.0 72.0 62.0 69.0 112.0 102.0 132.0 49.0 80.0 49.0 42.0 91.0 50.0 80.0 75.0 84.0 0 
