40
G50hiUpVStHCMrd BR hU MBLHuIgjJIXs CmV frNA534JEvY4f VNvsbB7eWJcAK0fU hjCFXN9kbqn0UCNsZ L nWkakNi6Qt9d4g nqeGwct l wBJRoqVxn1t zzYmU5YFhvp1 lt1a5E0H wcmx8dhmsO GPeb vAIBd1Ae akZmiQ7tmX Mu K0A9bbVLm9atwTf Plmj0j 6DVIvuGfPs2BU ImSpax llx2p zI o3refHnx4qioqHztqMYE hVfqebryM4wN 7Q A67f vJxAK1LaHyuu4yFNeul 6yeW7sat9rvd jvdVvQ 61 f HwQeXpOEZHQ3s cYPTdnJWL 2AR73oQdnbYqnDCGMFS KtvQaJqCJTRpXM8ZI M1PxrOPSNUVpc lyenDXSN
0 1 2 1 1 1 1 1 1 2 2 1 1 1 2 1 1 1 1 2 1 1 1 2 1 1 1 2 1 2 1 1 1 1 2 2 1 2 2 2 1 
1 0 1 1 1 1 2 2 1 2 1 1 1 2 1 1 2 1 2 1 2 2 1 2 2 1 2 1 2 1 1 1 1 1 1 1 1 1 2 1 1 
2 1 0 1 2 1 2 1 1 1 1 2 1 1 1 2 1 1 1 2 2 1 1 1 2 2 2 1 2 1 1 1 1 1 1 2 1 1 2 1 2 
1 1 1 0 1 1 2 2 2 2 1 1 1 1 1 2 1 1 2 1 2 1 2 1 2 1 1 1 1 2 1 1 2 2 1 1 1 2 1 1 1 
1 1 2 1 0 1 2 1 1 2 1 1 1 2 1 1 1 2 2 1 1 1 1 1 2 2 2 1 1 2 2 1 1 1 1 1 2 1 1 1 2 
1 1 1 1 1 0 1 1 1 1 1 2 1 2 2 2 2 1 1 1 1 1 1 2 1 1 1 1 1 1 1 1 1 1 1 1 1 2 2 2 1 
1 2 2 2 2 1 0 1 2 1 2 2 2 2 1 1 2 2 2 1 2 1 2 1 1 1 2 1 1 1 2 1 1 1 1 2 1 1 1 1 1 
1 2 1 2 1 1 1 0 1 2 1 1 2 1 2 2 1 1 1 1 2 2 1 1 2 1 2 1 1 1 2 2 1 2 2 2 1 2 2 1 1 
1 1 1 2 1 1 2 1 0 1 2 1 2 1 1 1 2 2 1 1 2 2 1 1 1 2 2 1 1 1 2 2 1 1 1 1 1 1 1 1 1 
2 2 1 2 2 1 1 2 1 0 2 1 1 1 1 2 2 2 2 1 1 1 2 1 1 1 1 1 2 2 1 2 1 1 1 1 2 1 1 1 2 
2 1 1 1 1 1 2 1 2 2 0 1 1 1 1 1 1 1 1 1 1 1 1 2 2 1 2 2 1 1 1 2 1 1 1 1 1 1 1 1 1 
1 1 2 1 1 2 2 1 1 1 1 0 1 2 1 2 2 2 1 1 1 1 2 2 1 1 2 2 1 2 1 1 1 2 1 1 1 2 1 2 1 
1 1 1 1 1 1 2 2 2 1 1 1 0 1 2 1 1 1 1 1 1 1 2 2 2 1 2 1 1 1 1 1 1 1 1 2 1 1 1 2 1 
1 2 1 1 2 2 2 1 1 1 1 2 1 0 2 1 2 1 1 2 2 1 2 1 1 1 1 1 1 2 1 2 2 1 1 1 1 1 1 1 1 
2 1 1 1 1 2 1 2 1 1 1 1 2 2 0 2 2 2 1 1 1 1 1 2 1 2 1 1 1 1 1 1 2 1 1 1 2 1 1 1 2 
1 1 2 2 1 2 1 2 1 2 1 2 1 1 2 0 1 2 1 1 1 2 2 2 1 2 1 1 1 2 1 1 1 1 2 2 1 1 1 1 1 
1 2 1 1 1 2 2 1 2 2 1 2 1 2 2 1 0 1 1 2 1 1 1 1 1 1 1 1 2 2 1 1 2 1 1 1 1 2 1 1 1 
1 1 1 1 2 1 2 1 2 2 1 2 1 1 2 2 1 0 1 2 2 2 1 2 2 2 1 2 1 1 1 1 1 2 1 1 2 1 1 1 2 
1 2 1 2 2 1 2 1 1 2 1 1 1 1 1 1 1 1 0 1 1 2 2 2 1 1 2 1 2 1 1 1 1 1 1 2 1 1 2 1 2 
2 1 2 1 1 1 1 1 1 1 1 1 1 2 1 1 2 2 1 0 1 1 1 2 2 1 1 1 1 1 2 1 2 2 2 2 1 1 1 1 1 
1 2 2 2 1 1 2 2 2 1 1 1 1 2 1 1 1 2 1 1 0 2 1 1 2 1 1 2 1 1 2 1 1 1 1 1 1 2 1 2 2 
1 2 1 1 1 1 1 2 2 1 1 1 1 1 1 2 1 2 2 1 2 0 1 1 1 1 1 1 1 1 2 1 1 1 2 2 2 2 2 1 2 
1 1 1 2 1 1 2 1 1 2 1 2 2 2 1 2 1 1 2 1 1 1 0 2 2 1 1 2 1 1 2 1 1 2 1 2 1 1 1 1 1 
2 2 1 1 1 2 1 1 1 1 2 2 2 1 2 2 1 2 2 2 1 1 2 0 2 1 1 2 1 1 1 1 1 1 1 1 2 1 1 1 2 
1 2 2 2 2 1 1 2 1 1 2 1 2 1 1 1 1 2 1 2 2 1 2 2 0 2 2 2 2 2 1 1 1 2 1 1 2 1 1 1 1 
1 1 2 1 2 1 1 1 2 1 1 1 1 1 2 2 1 2 1 1 1 1 1 1 2 0 1 1 1 2 2 2 1 1 1 1 1 1 2 1 1 
1 2 2 1 2 1 2 2 2 1 2 2 2 1 1 1 1 1 2 1 1 1 1 1 2 1 0 2 1 2 1 1 2 2 1 1 1 1 1 1 1 
2 1 1 1 1 1 1 1 1 1 2 2 1 1 1 1 1 2 1 1 2 1 2 2 2 1 2 0 2 1 1 1 1 1 1 1 2 2 1 1 1 
1 2 2 1 1 1 1 1 1 2 1 1 1 1 1 1 2 1 2 1 1 1 1 1 2 1 1 2 0 2 2 2 1 2 2 1 1 1 1 1 2 
2 1 1 2 2 1 1 1 1 2 1 2 1 2 1 2 2 1 1 1 1 1 1 1 2 2 2 1 2 0 1 1 2 1 2 1 2 2 2 1 1 
1 1 1 1 2 1 2 2 2 1 1 1 1 1 1 1 1 1 1 2 2 2 2 1 1 2 1 1 2 1 0 1 1 2 2 1 1 1 1 1 2 
1 1 1 1 1 1 1 2 2 2 2 1 1 2 1 1 1 1 1 1 1 1 1 1 1 2 1 1 2 1 1 0 1 2 1 2 2 2 2 2 2 
1 1 1 2 1 1 1 1 1 1 1 1 1 2 2 1 2 1 1 2 1 1 1 1 1 1 2 1 1 2 1 1 0 2 2 2 2 1 2 2 1 
1 1 1 2 1 1 1 2 1 1 1 2 1 1 1 1 1 2 1 2 1 1 2 1 2 1 2 1 2 1 2 2 2 0 1 2 1 1 1 2 1 
2 1 1 1 1 1 1 2 1 1 1 1 1 1 1 2 1 1 1 2 1 2 1 1 1 1 1 1 2 2 2 1 2 1 0 1 1 2 1 1 2 
2 1 2 1 1 1 2 2 1 1 1 1 2 1 1 2 1 1 2 2 1 2 2 1 1 1 1 1 1 1 1 2 2 2 1 0 1 2 2 1 1 
1 1 1 1 2 1 1 1 1 2 1 1 1 1 2 1 1 2 1 1 1 2 1 2 2 1 1 2 1 2 1 2 2 1 1 1 0 1 1 1 1 
2 1 1 2 1 2 1 2 1 1 1 2 1 1 1 1 2 1 1 1 2 2 1 1 1 1 1 2 1 2 1 2 1 1 2 2 1 0 1 1 2 
2 2 2 1 1 2 1 2 1 1 1 1 1 1 1 1 1 1 2 1 1 2 1 1 1 2 1 1 1 2 1 2 2 1 1 2 1 1 0 1 1 
2 1 1 1 1 2 1 1 1 1 1 2 2 1 1 1 1 1 1 1 2 1 1 1 1 1 1 1 1 1 1 2 2 2 1 1 1 1 1 0 1 
1 1 2 1 2 1 1 1 1 2 1 1 1 1 2 1 1 2 2 1 2 2 1 2 1 1 1 1 2 1 2 2 1 1 2 1 1 2 1 1 0 
