50
27 54 63 79 95 42 45 20 78 34 67 92 19 15 23 17 88 84 57 80 33 39 62 89 44 3 58 18 43 83 49 4 25 73 64 68 50 47 94 93 28 82 48 9 72 40 70 65 38 53 0
0 9 12 17 20 6 6 5 17 4 12 20 5 6 3 5 19 18 9 17 3 5 12 19 6 8 10 5 6 18 7 8 3 15 12 13 7 7 20 20 1 18 7 7 14 5 14 12 5 8 8 
9 0 5 10 13 5 5 10 10 7 5 13 10 9 10 10 12 11 2 10 7 6 5 12 5 7 3 10 5 11 4 7 10 8 5 6 4 4 13 13 9 11 4 8 7 6 7 5 6 2 5 
12 5 0 7 10 8 8 13 7 10 2 10 13 12 13 13 9 8 3 7 10 9 1 9 8 10 3 13 8 8 7 10 13 5 2 3 7 7 10 10 12 8 7 11 4 9 4 2 9 5 8 
17 10 7 0 5 13 13 18 2 15 5 5 18 17 18 18 4 3 8 1 15 14 7 4 13 15 8 18 13 3 12 15 18 3 7 5 12 12 5 5 17 3 12 16 3 14 5 7 14 10 13 
20 13 10 5 0 16 16 21 5 18 8 2 21 20 21 21 3 4 11 5 18 17 10 3 16 18 11 21 16 4 15 18 21 6 10 8 15 15 1 2 20 4 15 19 6 17 8 10 17 13 16 
6 5 8 13 16 0 2 9 13 4 8 16 9 8 7 9 15 14 5 13 4 3 8 15 2 6 6 9 1 14 3 6 7 11 8 9 3 3 16 16 6 14 3 7 10 3 10 8 3 4 4 
6 5 8 13 16 2 0 9 13 4 8 16 9 8 7 9 15 14 5 13 4 3 8 15 1 6 6 9 2 14 3 6 7 11 8 9 3 3 16 16 6 14 3 7 10 3 10 8 3 4 4 
5 10 13 18 21 9 9 0 18 7 13 21 1 3 3 2 20 19 10 18 6 8 13 20 9 5 11 2 9 19 6 5 4 16 13 14 7 8 21 21 5 19 8 4 15 8 15 13 8 9 5 
17 10 7 2 5 13 13 18 0 15 5 5 18 17 18 18 4 3 8 2 15 14 7 4 13 15 8 18 13 3 12 15 18 3 7 5 12 12 5 5 17 3 12 16 3 14 5 7 14 10 13 
4 7 10 15 18 4 4 7 15 0 10 18 7 8 5 7 17 16 7 15 2 3 10 17 4 8 8 7 4 16 5 8 5 13 10 11 5 5 18 18 4 16 5 9 12 3 12 10 3 6 6 
12 5 2 5 8 8 8 13 5 10 0 8 13 12 13 13 7 6 3 5 10 9 2 7 8 10 3 13 8 6 7 10 13 3 2 1 7 7 8 8 12 6 7 11 2 9 2 2 9 5 8 
20 13 10 5 2 16 16 21 5 18 8 0 21 20 21 21 3 4 11 5 18 17 10 3 16 18 11 21 16 4 15 18 21 6 10 8 15 15 2 1 20 4 15 19 6 17 8 10 17 13 16 
5 10 13 18 21 9 9 1 18 7 13 21 0 3 3 2 20 19 10 18 6 8 13 20 9 5 11 2 9 19 6 5 4 16 13 14 7 8 21 21 5 19 8 4 15 8 15 13 8 9 5 
6 9 12 17 20 8 8 3 17 8 12 20 3 0 4 3 19 18 9 17 7 9 12 19 8 4 10 3 8 18 5 4 5 15 12 13 6 7 20 20 6 18 7 3 14 9 14 12 9 8 4 
3 10 13 18 21 7 7 3 18 5 13 21 3 4 0 3 20 19 10 18 4 6 13 20 7 6 11 3 7 19 7 6 2 16 13 14 8 8 21 21 3 19 8 5 15 6 15 13 6 9 6 
5 10 13 18 21 9 9 2 18 7 13 21 2 3 3 0 20 19 10 18 6 8 13 20 9 5 11 1 9 19 6 5 4 16 13 14 7 8 21 21 5 19 8 4 15 8 15 13 8 9 5 
19 12 9 4 3 15 15 20 4 17 7 3 20 19 20 20 0 3 10 4 17 16 9 2 15 17 10 20 15 3 14 17 20 5 9 7 14 14 3 3 19 3 14 18 5 16 7 9 16 12 15 
18 11 8 3 4 14 14 19 3 16 6 4 19 18 19 19 3 0 9 3 16 15 8 3 14 16 9 19 14 2 13 16 19 4 8 6 13 13 4 4 18 2 13 17 4 15 6 8 15 11 14 
9 2 3 8 11 5 5 10 8 7 3 11 10 9 10 10 10 9 0 8 7 6 3 10 5 7 1 10 5 9 4 7 10 6 3 4 4 4 11 11 9 9 4 8 5 6 5 3 6 2 5 
17 10 7 1 5 13 13 18 2 15 5 5 18 17 18 18 4 3 8 0 15 14 7 4 13 15 8 18 13 3 12 15 18 3 7 5 12 12 5 5 17 3 12 16 3 14 5 7 14 10 13 
3 7 10 15 18 4 4 6 15 2 10 18 6 7 4 6 17 16 7 15 0 3 10 17 4 8 8 6 4 16 5 8 4 13 10 11 5 5 18 18 3 16 5 8 12 3 12 10 3 6 6 
5 6 9 14 17 3 3 8 14 3 9 17 8 9 6 8 16 15 6 14 3 0 9 16 3 7 7 8 3 15 4 7 6 12 9 10 4 4 17 17 5 15 4 8 11 1 11 9 2 5 5 
12 5 1 7 10 8 8 13 7 10 2 10 13 12 13 13 9 8 3 7 10 9 0 9 8 10 3 13 8 8 7 10 13 5 2 3 7 7 10 10 12 8 7 11 4 9 4 2 9 5 8 
19 12 9 4 3 15 15 20 4 17 7 3 20 19 20 20 2 3 10 4 17 16 9 0 15 17 10 20 15 3 14 17 20 5 9 7 14 14 3 3 19 3 14 18 5 16 7 9 16 12 15 
6 5 8 13 16 2 1 9 13 4 8 16 9 8 7 9 15 14 5 13 4 3 8 15 0 6 6 9 2 14 3 6 7 11 8 9 3 3 16 16 6 14 3 7 10 3 10 8 3 4 4 
8 7 10 15 18 6 6 5 15 8 10 18 5 4 6 5 17 16 7 15 8 7 10 17 6 0 8 5 6 16 3 2 7 13 10 11 4 5 18 18 8 16 5 3 12 7 12 10 7 6 2 
10 3 3 8 11 6 6 11 8 8 3 11 11 10 11 11 10 9 1 8 8 7 3 10 6 8 0 11 6 9 5 8 11 6 3 4 5 5 11 11 10 9 5 9 5 7 5 3 7 3 6 
5 10 13 18 21 9 9 2 18 7 13 21 2 3 3 1 20 19 10 18 6 8 13 20 9 5 11 0 9 19 6 5 4 16 13 14 7 8 21 21 5 19 8 4 15 8 15 13 8 9 5 
6 5 8 13 16 1 2 9 13 4 8 16 9 8 7 9 15 14 5 13 4 3 8 15 2 6 6 9 0 14 3 6 7 11 8 9 3 3 16 16 6 14 3 7 10 3 10 8 3 4 4 
18 11 8 3 4 14 14 19 3 16 6 4 19 18 19 19 3 2 9 3 16 15 8 3 14 16 9 19 14 0 13 16 19 4 8 6 13 13 4 4 18 1 13 17 4 15 6 8 15 11 14 
7 4 7 12 15 3 3 6 12 5 7 15 6 5 7 6 14 13 4 12 5 4 7 14 3 3 5 6 3 13 0 3 8 10 7 8 1 2 15 15 7 13 2 4 9 4 9 7 4 3 1 
8 7 10 15 18 6 6 5 15 8 10 18 5 4 6 5 17 16 7 15 8 7 10 17 6 2 8 5 6 16 3 0 7 13 10 11 4 5 18 18 8 16 5 3 12 7 12 10 7 6 2 
3 10 13 18 21 7 7 4 18 5 13 21 4 5 2 4 20 19 10 18 4 6 13 20 7 7 11 4 7 19 8 7 0 16 13 14 8 8 21 21 3 19 8 6 15 6 15 13 6 9 7 
15 8 5 3 6 11 11 16 3 13 3 6 16 15 16 16 5 4 6 3 13 12 5 5 11 13 6 16 11 4 10 13 16 0 5 3 10 10 6 6 15 4 10 14 1 12 3 5 12 8 11 
12 5 2 7 10 8 8 13 7 10 2 10 13 12 13 13 9 8 3 7 10 9 2 9 8 10 3 13 8 8 7 10 13 5 0 3 7 7 10 10 12 8 7 11 4 9 4 1 9 5 8 
13 6 3 5 8 9 9 14 5 11 1 8 14 13 14 14 7 6 4 5 11 10 3 7 9 11 4 14 9 6 8 11 14 3 3 0 8 8 8 8 13 6 8 12 2 10 2 3 10 6 9 
7 4 7 12 15 3 3 7 12 5 7 15 7 6 8 7 14 13 4 12 5 4 7 14 3 4 5 7 3 13 1 4 8 10 7 8 0 2 15 15 7 13 2 5 9 4 9 7 4 3 2 
7 4 7 12 15 3 3 8 12 5 7 15 8 7 8 8 14 13 4 12 5 4 7 14 3 5 5 8 3 13 2 5 8 10 7 8 2 0 15 15 7 13 1 6 9 4 9 7 4 3 3 
20 13 10 5 1 16 16 21 5 18 8 2 21 20 21 21 3 4 11 5 18 17 10 3 16 18 11 21 16 4 15 18 21 6 10 8 15 15 0 2 20 4 15 19 6 17 8 10 17 13 16 
20 13 10 5 2 16 16 21 5 18 8 1 21 20 21 21 3 4 11 5 18 17 10 3 16 18 11 21 16 4 15 18 21 6 10 8 15 15 2 0 20 4 15 19 6 17 8 10 17 13 16 
1 9 12 17 20 6 6 5 17 4 12 20 5 6 3 5 19 18 9 17 3 5 12 19 6 8 10 5 6 18 7 8 3 15 12 13 7 7 20 20 0 18 7 7 14 5 14 12 5 8 8 
18 11 8 3 4 14 14 19 3 16 6 4 19 18 19 19 3 2 9 3 16 15 8 3 14 16 9 19 14 1 13 16 19 4 8 6 13 13 4 4 18 0 13 17 4 15 6 8 15 11 14 
7 4 7 12 15 3 3 8 12 5 7 15 8 7 8 8 14 13 4 12 5 4 7 14 3 5 5 8 3 13 2 5 8 10 7 8 2 1 15 15 7 13 0 6 9 4 9 7 4 3 3 
7 8 11 16 19 7 7 4 16 9 11 19 4 3 5 4 18 17 8 16 8 8 11 18 7 3 9 4 7 17 4 3 6 14 11 12 5 6 19 19 7 17 6 0 13 8 13 11 8 7 3 
14 7 4 3 6 10 10 15 3 12 2 6 15 14 15 15 5 4 5 3 12 11 4 5 10 12 5 15 10 4 9 12 15 1 4 2 9 9 6 6 14 4 9 13 0 11 2 4 11 7 10 
5 6 9 14 17 3 3 8 14 3 9 17 8 9 6 8 16 15 6 14 3 1 9 16 3 7 7 8 3 15 4 7 6 12 9 10 4 4 17 17 5 15 4 8 11 0 11 9 2 5 5 
14 7 4 5 8 10 10 15 5 12 2 8 15 14 15 15 7 6 5 5 12 11 4 7 10 12 5 15 10 6 9 12 15 3 4 2 9 9 8 8 14 6 9 13 2 11 0 4 11 7 10 
12 5 2 7 10 8 8 13 7 10 2 10 13 12 13 13 9 8 3 7 10 9 2 9 8 10 3 13 8 8 7 10 13 5 1 3 7 7 10 10 12 8 7 11 4 9 4 0 9 5 8 
5 6 9 14 17 3 3 8 14 3 9 17 8 9 6 8 16 15 6 14 3 2 9 16 3 7 7 8 3 15 4 7 6 12 9 10 4 4 17 17 5 15 4 8 11 2 11 9 0 5 5 
8 2 5 10 13 4 4 9 10 6 5 13 9 8 9 9 12 11 2 10 6 5 5 12 4 6 3 9 4 11 3 6 9 8 5 6 3 3 13 13 8 11 3 7 7 5 7 5 5 0 4 
8 5 8 13 16 4 4 5 13 6 8 16 5 4 6 5 15 14 5 13 6 5 8 15 4 2 6 5 4 14 1 2 7 11 8 9 2 3 16 16 8 14 3 3 10 5 10 8 5 4 0 
