100
Fj27Gybu 43ehQX6O nFqouQp3 04vrMVdi X4DALK1Z J2tz5Jy2 bJ22zvWV O5yBujnu RleTQaHw FdbcCrtB SG64DwCC KZzTlcqA wZJN4OBT EB4WBsTV 8LVjFaQv kMauNR5Y aDGqWHym svPb07cv TNblhkGK ijk5cHsH lWuh5cH8 ca785uLx xRPgtW5C dzvtjag1 CBKWpDQv EAWv9kfQ Pz0LLMil FqE4GP0Y rbWYBihd 7P5zi9hu d5gzYuse LvdUl8D5 8Rfeklr1 NpH6Hpsr PMzcqvQL qnVestAH BOlNhFGU FGbFUcoj ntaFp6yn CIF8DWXL kTn5Wdms 1gtWVzKV eF0ueRyu gKOyNQPh OJgw7XgR WOCLylig poaWnZDO yptfWPBC B65DnegI aSd01nMZ RjDUex61 7Xy44hse eFJgi8X6 HTyyntxa Tb8W969R xzWL2Pp8 hBRDGWam mlHu9OVg o4xf7nVd U7cZo0h2 Rd2M5nw8 W7b2i2pG 1dr1nBQ7 tCAdUY4B 2KepLMXB jKNn1ZQ1 uMuBYvMK Q7hUKAHQ gX4kBNm4 91Uq51QB ciNFdHxl lqKnzPvP w0QWGw2L zvH4AKmS IdGLl1to 0MyIUMFM AmaYXBsi JfDq1Cs2 miUcr0K7 fa3ra0T7 YWqBlkAs wusYsf5E Wznv2rRv VgwgAKMz PLFYaVF6 62Mn9lau zpLQ0R0G aWGQETjI yRH0nOtz y7NjqOqM 8avKqSxh CGddIqkC ZS8CQaI7 NSdaWdL7 sFR9mcaG mSd4Nw6v 3MYamZSb mrK2EXuk CxnbNU8s ZtfcEeD9
0 2 3 3 2 1 2 2 2 2 2 3 2 2 2 2 2 2 2 2 3 2 2 2 2 2 2 3 3 2 2 2 2 2 3 2 2 2 2 3 2 2 2 2 2 2 2 3 3 2 2 2 2 2 2 2 2 1 2 2 2 3 2 2 2 2 2 2 2 2 3 2 3 3 3 3 2 2 2 3 2 2 3 3 2 2 2 2 2 2 2 2 1 2 3 2 2 2 2 2 
2 0 3 3 2 2 2 2 2 2 2 2 2 2 2 2 2 2 2 2 3 2 2 2 2 2 2 3 2 2 2 2 2 2 2 2 2 2 2 3 2 2 2 2 2 2 2 3 3 2 2 2 2 2 2 2 2 3 2 2 2 3 2 2 2 2 2 2 2 2 3 2 1 1 3 2 2 2 2 2 1 2 3 3 2 2 2 2 2 2 2 2 2 2 3 1 2 2 2 3 
3 3 0 4 3 3 2 3 3 3 2 4 3 3 3 3 3 3 3 3 4 3 3 3 3 3 3 4 1 3 1 2 3 3 4 3 3 3 3 4 3 3 3 3 3 3 3 4 2 3 3 3 3 3 3 1 3 4 3 3 3 4 3 1 3 3 2 1 2 2 4 3 3 4 4 3 2 2 3 4 2 3 3 4 3 3 3 3 3 3 3 3 3 3 3 3 3 3 3 2 
3 3 4 0 3 3 3 2 3 3 2 4 3 3 3 3 2 3 3 3 4 3 2 3 3 3 3 4 3 3 3 2 3 3 3 3 3 3 3 4 3 3 3 3 3 3 3 3 4 3 3 3 3 3 2 3 3 4 3 2 3 4 3 3 3 3 3 3 3 3 4 3 4 3 2 4 3 3 3 3 3 3 4 4 2 3 3 3 3 3 3 3 3 3 4 3 3 3 3 4 
2 2 3 3 0 2 2 2 2 2 2 3 2 2 2 2 2 2 2 2 3 2 2 2 2 2 2 3 3 2 2 2 2 2 3 2 2 2 2 3 1 2 2 2 2 2 2 3 1 2 2 2 2 2 2 2 2 3 2 2 1 3 2 2 2 2 2 2 2 2 3 2 3 3 3 3 2 2 2 3 2 2 3 3 2 2 2 2 2 2 2 2 2 2 3 2 2 2 2 3 
1 2 3 3 2 0 2 2 2 2 2 3 2 2 2 2 2 2 2 2 3 2 2 2 2 2 2 3 3 2 2 1 1 2 3 2 2 2 2 3 2 2 2 2 2 2 2 3 3 2 2 2 2 2 2 2 2 2 2 2 2 3 2 2 1 2 2 2 2 2 3 2 2 3 3 3 2 2 2 2 2 2 2 3 2 2 2 2 2 2 2 2 1 2 3 2 2 2 2 1 
2 2 2 3 2 2 0 2 2 2 2 3 2 2 2 2 2 2 2 2 3 2 2 2 2 2 2 3 3 2 2 2 2 2 3 2 2 2 2 3 2 2 1 2 2 2 2 3 3 2 2 2 2 2 2 2 2 3 2 2 2 3 2 2 2 2 2 2 2 2 3 2 3 3 2 3 2 2 2 3 2 2 3 3 2 2 2 2 1 2 2 2 2 2 3 2 2 2 2 3 
2 2 3 2 2 2 2 0 2 2 2 3 2 2 2 2 2 2 2 2 3 2 2 2 2 2 2 3 3 2 2 2 2 2 3 2 2 2 2 3 2 2 2 2 2 2 2 3 3 2 2 2 2 2 2 2 2 3 2 2 2 3 1 2 2 2 2 2 2 2 3 2 3 3 2 3 2 2 2 2 2 2 3 3 2 2 2 2 2 2 2 2 2 2 3 2 2 2 2 3 
2 2 3 3 2 2 2 2 0 2 2 3 2 2 2 2 2 2 2 2 3 2 2 2 2 2 2 3 3 2 2 2 2 2 3 2 2 2 2 3 2 2 2 2 2 2 2 3 3 2 2 2 2 2 2 2 2 3 2 2 2 3 2 2 2 2 2 2 2 2 2 2 3 3 3 3 2 2 2 3 2 2 2 3 2 2 1 2 2 2 2 2 2 2 3 2 2 2 2 3 
2 2 3 3 2 2 2 2 2 0 2 3 2 2 2 2 2 2 2 2 3 2 2 2 2 1 2 3 3 2 2 2 2 2 3 2 2 2 2 3 2 2 2 2 2 2 2 3 3 2 1 2 2 2 2 2 2 2 2 2 2 3 2 2 2 2 2 2 2 2 2 2 3 3 3 3 2 2 2 2 2 2 2 3 1 2 2 2 2 2 2 2 2 2 3 2 2 2 2 3 
2 2 2 2 2 2 2 2 2 2 0 2 2 2 2 2 2 2 2 2 3 2 2 2 2 2 2 3 1 2 2 1 2 2 3 2 2 2 2 3 2 2 2 2 2 2 2 3 3 2 2 2 2 2 2 2 2 3 2 2 2 3 2 2 2 2 2 2 2 2 3 2 3 3 3 3 2 2 2 3 1 2 3 3 2 2 2 2 2 2 2 2 2 1 2 2 1 2 2 3 
3 2 4 4 3 3 3 3 3 3 2 0 3 3 3 3 3 3 3 3 3 3 3 3 2 3 3 3 3 3 3 3 3 2 2 3 2 3 3 4 3 3 3 3 3 3 3 4 4 3 3 3 3 3 3 3 3 4 3 3 3 3 3 3 3 2 3 3 2 3 3 3 3 3 3 2 2 3 3 4 3 3 3 2 3 3 3 3 3 3 3 3 3 3 4 2 3 3 3 4 
2 2 3 3 2 2 2 2 2 2 2 3 0 1 2 1 2 2 1 2 3 2 2 2 2 1 2 3 3 2 2 2 2 2 3 2 2 2 2 3 2 2 2 2 2 2 2 2 3 2 2 2 2 1 2 2 2 2 2 2 2 3 1 2 2 2 2 2 2 2 3 2 3 3 3 3 2 2 2 3 2 2 3 3 2 2 2 2 2 2 2 2 2 2 3 2 2 2 2 3 
2 2 3 3 2 2 2 2 2 2 2 3 1 0 2 2 2 2 2 2 3 1 2 2 2 2 2 3 3 2 2 2 2 2 3 2 2 2 2 3 2 2 2 2 2 2 2 3 3 2 2 2 2 2 2 2 2 3 2 2 2 3 2 2 2 2 2 2 2 2 3 2 3 3 2 3 2 2 2 3 2 2 3 3 2 2 2 2 2 2 2 2 2 2 3 2 2 2 2 3 
2 2 3 3 2 2 2 2 2 2 2 3 2 2 0 2 2 2 2 1 3 2 2 2 2 2 2 3 3 2 2 2 2 2 3 2 2 2 2 3 2 2 2 2 2 1 2 3 3 2 2 2 2 2 2 2 2 3 2 2 2 3 2 2 2 2 2 2 2 2 1 2 3 3 3 3 2 2 2 2 2 2 2 3 2 2 2 2 2 1 2 2 2 1 2 2 2 2 2 3 
2 2 3 3 2 2 2 2 2 2 2 3 1 2 2 0 2 2 2 2 3 2 2 2 2 2 2 3 3 2 2 2 2 2 3 2 2 2 2 2 2 2 2 2 2 2 2 3 2 2 2 2 2 2 2 2 2 3 2 2 2 2 2 2 2 2 2 2 2 2 3 2 3 2 3 3 2 2 2 3 2 2 3 3 2 2 2 2 2 2 2 2 2 2 3 2 2 2 2 3 
2 2 3 2 2 2 2 2 2 2 2 3 2 2 2 2 0 2 2 2 3 2 1 2 2 2 2 3 3 2 2 2 2 2 3 2 2 2 2 3 2 2 2 2 2 2 2 1 3 2 2 2 2 2 2 2 2 3 2 2 2 3 2 2 2 2 2 2 2 2 3 2 3 3 2 3 2 2 2 3 2 2 3 3 2 2 2 2 2 2 2 2 2 2 3 2 2 2 2 3 
2 2 3 3 2 2 2 2 2 2 2 3 2 2 2 2 2 0 2 2 3 2 2 2 2 2 2 3 3 2 2 2 2 2 3 2 2 2 2 3 2 2 2 1 2 2 2 3 3 2 2 2 2 2 2 2 2 3 2 2 2 3 2 2 2 2 2 2 2 2 2 2 3 3 3 2 2 2 2 3 2 2 3 3 2 2 2 2 2 1 2 2 2 2 2 2 2 2 2 3 
2 2 3 3 2 2 2 2 2 2 2 3 1 2 2 2 2 2 0 2 3 2 2 2 2 2 2 2 3 2 2 2 2 2 3 2 2 2 2 3 2 2 2 2 2 2 2 3 3 2 2 2 2 2 2 2 1 3 2 2 2 3 1 2 2 2 2 2 2 2 3 2 3 3 3 3 2 2 2 3 2 2 3 3 2 2 2 2 2 2 2 2 2 2 3 2 2 2 2 3 
2 2 3 3 2 2 2 2 2 2 2 3 2 2 1 2 2 2 2 0 3 2 2 2 2 2 1 3 3 2 2 2 2 2 3 2 2 2 2 3 2 2 2 2 2 2 2 3 3 2 2 2 2 2 2 2 2 3 2 2 2 3 1 2 2 2 2 2 2 2 2 2 3 3 3 3 2 2 2 3 2 2 3 3 2 1 1 2 2 2 2 2 2 2 3 2 2 2 2 3 
3 3 4 4 3 3 3 3 3 3 3 3 3 3 3 3 3 3 3 3 0 2 3 2 3 3 3 3 4 3 3 3 3 3 4 3 3 3 3 4 3 3 3 3 3 3 3 4 4 3 3 3 3 3 3 3 3 4 3 3 3 4 3 3 3 3 3 3 3 3 4 3 4 4 3 4 3 3 3 3 3 3 4 2 3 3 3 3 3 3 3 2 3 3 3 3 3 1 1 2 
2 2 3 3 2 2 2 2 2 2 2 3 2 1 2 2 2 2 2 2 2 0 2 2 2 2 2 3 3 2 2 2 2 2 2 2 2 2 2 3 2 2 2 2 2 2 2 3 3 2 2 2 2 2 2 2 2 3 2 2 2 3 2 2 2 2 2 2 2 2 3 2 3 3 1 3 2 2 2 3 2 2 3 3 2 2 2 2 2 2 2 2 2 2 3 2 2 1 2 3 
2 2 3 2 2 2 2 2 2 2 2 3 2 2 2 2 1 2 2 2 3 2 0 2 2 2 2 3 3 2 2 2 1 2 3 2 2 2 2 3 1 2 2 2 2 2 2 2 3 2 2 2 2 2 2 2 2 3 2 2 2 3 2 2 2 2 2 2 2 2 3 2 3 3 2 3 2 2 2 3 2 2 3 3 2 2 2 2 2 2 2 2 2 2 3 2 2 2 2 3 
2 2 3 3 2 2 2 2 2 2 2 3 2 2 2 2 2 2 2 2 2 2 2 0 2 2 2 3 3 2 2 2 2 2 3 2 2 2 2 3 2 2 2 2 2 2 2 3 3 2 2 2 2 2 2 2 2 3 2 1 2 3 2 2 2 2 2 2 2 2 3 2 3 3 2 3 2 2 2 3 2 2 3 2 1 2 2 2 2 2 2 2 2 1 2 2 2 2 2 3 
2 2 3 3 2 2 2 2 2 2 2 2 2 2 2 2 2 2 2 2 3 2 2 2 0 2 2 3 3 2 2 2 2 2 3 2 1 2 2 3 2 2 2 2 2 2 2 3 3 2 2 2 2 2 2 2 2 3 2 2 2 3 2 2 2 2 2 2 1 2 2 2 3 3 3 3 2 2 2 3 2 2 2 3 2 2 2 2 2 1 2 2 2 2 3 2 2 2 2 3 
2 2 3 3 2 2 2 2 2 1 2 3 1 2 2 2 2 2 2 2 3 2 2 2 2 0 2 3 3 2 2 2 2 2 3 2 2 2 2 3 2 2 2 2 2 2 2 3 3 2 2 2 2 2 2 2 2 1 2 2 2 3 2 2 2 2 2 2 2 2 3 2 3 3 3 3 2 2 2 3 2 2 3 3 2 2 2 2 2 2 2 2 2 2 3 2 2 2 2 3 
2 2 3 3 2 2 2 2 2 2 2 3 2 2 2 2 2 2 2 1 3 2 2 2 2 2 0 3 3 2 2 2 2 2 3 2 2 2 2 3 2 2 2 2 2 2 2 3 3 2 2 2 2 2 2 2 1 3 2 2 2 3 2 2 2 2 2 2 2 2 3 2 3 3 3 3 2 2 2 3 2 2 3 3 2 1 1 2 2 2 2 2 2 2 3 2 2 2 2 3 
3 3 4 4 3 3 3 3 3 3 3 3 3 3 3 3 3 3 2 3 3 3 3 3 3 3 3 0 4 3 3 3 3 3 4 3 3 3 3 4 3 3 3 3 3 3 3 4 4 3 3 3 3 3 3 3 3 4 3 3 3 4 3 3 3 3 3 3 2 3 3 3 4 4 4 4 3 3 3 3 3 3 1 1 3 3 3 3 3 3 3 3 3 3 4 3 3 3 3 4 
3 2 1 3 3 3 3 3 3 3 1 3 3 3 3 3 3 3 3 3 4 3 3 3 3 3 3 4 0 3 2 2 3 3 4 3 3 3 3 3 3 3 3 3 3 3 3 4 3 3 3 3 3 3 3 2 3 4 3 3 3 3 3 2 3 3 3 2 3 3 4 3 3 3 4 4 3 3 3 4 1 3 4 4 3 3 3 3 3 3 3 3 3 2 3 3 2 3 3 3 
2 2 3 3 2 2 2 2 2 2 2 3 2 2 2 2 2 2 2 2 3 2 2 2 2 2 2 3 3 0 2 2 2 2 3 2 2 2 2 3 2 2 2 2 2 2 2 3 3 2 2 2 2 2 1 2 2 3 2 2 2 3 2 2 2 2 2 2 2 2 3 2 3 2 2 3 2 2 2 2 2 2 3 3 2 2 2 2 1 2 2 2 2 2 3 2 2 2 2 3 
2 2 1 3 2 2 2 2 2 2 2 3 2 2 2 2 2 2 2 2 3 2 2 2 2 2 2 3 2 2 0 1 2 2 3 2 2 2 2 3 2 2 2 2 2 2 2 3 2 2 2 2 2 2 2 1 2 3 2 2 2 3 2 2 2 2 2 1 2 2 3 2 3 3 3 3 2 2 2 3 2 2 3 3 2 2 2 2 2 2 2 2 2 2 3 2 2 2 2 3 
2 2 2 2 2 1 2 2 2 2 1 3 2 2 2 2 2 2 2 2 3 2 2 2 2 2 2 3 2 2 1 0 2 2 3 1 2 2 2 3 2 2 2 2 2 2 1 3 3 1 2 2 2 2 2 2 2 3 2 2 2 2 2 2 2 2 2 2 2 1 3 2 3 3 3 3 2 2 2 3 2 2 3 3 2 2 2 2 2 2 2 2 2 2 3 2 2 2 2 2 
2 2 3 3 2 1 2 2 2 2 2 3 2 2 2 2 2 2 2 2 3 2 1 2 2 2 2 3 3 2 2 2 0 2 3 2 2 2 2 3 2 2 2 2 2 2 2 3 3 2 2 2 1 2 2 2 2 3 2 2 2 3 2 2 2 2 2 2 2 2 3 2 3 3 3 3 2 2 2 3 2 2 3 3 2 2 2 2 2 2 2 2 2 2 2 2 2 2 2 2 
2 2 3 3 2 2 2 2 2 2 2 2 2 2 2 2 2 2 2 2 3 2 2 2 2 2 2 3 3 2 2 2 2 0 3 2 2 2 2 3 2 2 2 2 2 2 2 3 3 2 2 2 2 2 2 2 2 3 2 2 2 3 2 2 2 1 2 2 2 2 3 2 3 3 3 2 1 2 2 3 2 2 3 2 2 1 2 2 2 2 2 2 2 2 3 2 2 2 2 3 
3 2 4 3 3 3 3 3 3 3 3 2 3 3 3 3 3 3 3 3 4 2 3 3 3 3 3 4 4 3 3 3 3 3 0 3 3 3 2 3 3 3 3 3 3 3 3 4 4 2 3 3 3 3 3 3 3 4 3 3 3 1 3 3 3 3 3 3 3 3 3 3 3 3 1 2 2 3 3 4 3 3 4 4 3 3 3 3 2 3 3 3 3 3 4 2 3 3 3 4 
2 2 3 3 2 2 2 2 2 2 2 3 2 2 2 2 2 2 2 2 3 2 2 2 2 2 2 3 3 2 2 1 2 2 3 0 2 2 2 3 2 2 2 2 2 2 1 3 3 1 2 2 2 2 2 2 2 3 2 2 2 2 2 2 2 2 2 2 2 1 3 2 3 3 3 3 2 2 2 3 2 2 3 3 1 2 2 2 2 2 2 2 2 2 3 2 2 2 2 3 
2 2 3 3 2 2 2 2 2 2 2 2 2 2 2 2 2 2 2 2 3 2 2 2 1 2 2 3 3 2 2 2 2 2 3 2 0 2 2 3 2 2 2 1 2 2 2 3 3 2 2 2 2 2 2 2 2 3 1 2 2 3 2 2 2 1 2 2 2 2 3 2 3 3 3 3 2 2 2 3 2 2 3 3 2 2 2 2 2 2 2 1 2 2 3 2 2 2 2 3 
2 2 3 3 2 2 2 2 2 2 2 3 2 2 2 2 2 2 2 2 3 2 2 2 2 2 2 3 3 2 2 2 2 2 3 2 2 0 2 3 2 2 2 2 2 2 1 3 3 2 2 2 2 2 2 2 2 3 2 2 2 3 2 2 2 2 2 2 2 2 3 2 3 3 3 3 2 2 1 3 2 2 3 3 2 2 2 2 2 2 1 2 2 2 1 2 2 2 2 3 
2 2 3 3 2 2 2 2 2 2 2 3 2 2 2 2 2 2 2 2 3 2 2 2 2 2 2 3 3 2 2 2 2 2 2 2 2 2 0 3 2 2 2 2 2 2 2 3 3 2 2 2 2 2 2 2 2 3 2 2 2 3 2 2 2 2 1 2 2 2 3 2 3 3 1 3 2 2 2 3 2 2 3 3 2 2 2 2 1 2 2 2 2 2 3 2 2 2 2 3 
3 3 4 4 3 3 3 3 3 3 3 4 3 3 3 2 3 3 3 3 4 3 3 3 3 3 3 4 3 3 3 3 3 3 3 3 3 3 3 0 3 3 3 3 3 3 3 4 3 3 3 3 3 3 3 3 3 4 3 3 3 2 3 3 3 3 3 3 3 3 4 3 4 4 4 4 3 3 3 4 2 3 4 4 3 3 3 3 3 3 3 3 3 3 4 3 3 3 3 4 
2 2 3 3 1 2 2 2 2 2 2 3 2 2 2 2 2 2 2 2 3 2 1 2 2 2 2 3 3 2 2 2 2 2 3 2 2 2 2 3 0 2 2 2 2 2 2 3 2 2 2 2 2 2 2 2 2 3 2 2 2 3 2 2 2 2 2 2 2 2 3 2 3 3 3 3 2 2 2 3 2 2 3 3 2 2 2 2 2 2 2 2 2 2 3 2 2 2 2 3 
2 2 3 3 2 2 2 2 2 2 2 3 2 2 2 2 2 2 2 2 3 2 2 2 2 2 2 3 3 2 2 2 2 2 3 2 2 2 2 3 2 0 2 2 2 2 2 2 3 2 2 2 2 2 2 2 2 3 2 2 2 3 2 2 2 2 2 2 2 2 3 2 3 2 3 3 2 1 2 2 2 2 3 3 2 2 2 2 2 2 2 2 2 2 3 2 2 2 2 3 
2 2 3 3 2 2 1 2 2 2 2 3 2 2 2 2 2 2 2 2 3 2 2 2 2 2 2 3 3 2 2 2 2 2 3 2 2 2 2 3 2 2 0 2 2 2 2 3 3 2 2 2 2 2 2 2 2 3 2 2 2 3 2 2 2 2 2 2 2 2 3 2 3 3 3 3 2 2 2 3 2 2 3 3 2 2 2 2 2 2 2 2 2 2 3 2 2 2 2 3 
2 2 3 3 2 2 2 2 2 2 2 3 2 2 2 2 2 1 2 2 3 2 2 2 2 2 2 3 3 2 2 2 2 2 3 2 1 2 2 3 2 2 2 0 2 2 2 3 3 2 2 2 2 2 2 2 2 2 2 2 2 3 2 2 2 2 2 2 2 2 3 2 3 3 3 3 2 2 2 3 2 2 3 3 2 2 2 1 2 2 2 2 2 2 3 2 2 2 2 3 
2 2 3 3 2 2 2 2 2 2 2 3 2 2 2 2 2 2 2 2 3 2 2 2 2 2 2 3 3 2 2 2 2 2 3 2 2 2 2 3 2 2 2 2 0 2 2 2 3 2 2 2 2 2 1 2 2 3 2 2 1 3 2 2 2 2 2 2 2 2 3 2 3 2 3 3 2 2 2 2 2 1 3 3 2 2 2 2 2 2 2 2 2 2 3 2 2 2 2 3 
2 2 3 3 2 2 2 2 2 2 2 3 2 2 1 2 2 2 2 2 3 2 2 2 2 2 2 3 3 2 2 2 2 2 3 2 2 2 2 3 2 2 2 2 2 0 2 3 3 2 2 2 2 2 2 2 2 3 2 2 2 3 2 2 2 2 2 2 2 2 2 2 3 3 3 3 2 2 2 3 2 2 3 3 2 2 2 2 2 1 2 2 2 1 1 2 2 2 2 3 
2 2 3 3 2 2 2 2 2 2 2 3 2 2 2 2 2 2 2 2 3 2 2 2 2 2 2 3 3 2 2 1 2 2 3 1 2 1 2 3 2 2 2 2 2 2 0 3 3 2 2 2 2 2 2 2 2 3 2 2 2 3 2 2 2 2 2 2 2 2 3 2 3 3 3 3 2 2 2 3 2 2 3 3 2 2 2 2 2 2 2 2 2 2 2 2 2 2 2 3 
3 3 4 3 3 3 3 3 3 3 3 4 2 3 3 3 1 3 3 3 4 3 2 3 3 3 3 4 4 3 3 3 3 3 4 3 3 3 3 4 3 2 3 3 2 3 3 0 4 3 3 3 3 1 2 3 3 4 3 3 2 4 2 3 3 3 3 3 3 3 4 3 4 2 3 4 3 3 3 2 3 2 4 4 3 3 3 3 3 3 3 3 3 3 4 3 3 3 3 4 
3 3 2 4 1 3 3 3 3 3 3 4 3 3 3 2 3 3 3 3 4 3 3 3 3 3 3 4 3 3 2 3 3 3 4 3 3 3 3 3 2 3 3 3 3 3 3 4 0 3 3 3 3 3 3 1 3 4 3 3 2 3 3 2 3 3 3 2 3 3 4 3 3 4 4 4 3 3 3 4 3 3 4 4 3 3 3 3 3 3 3 3 3 3 4 3 3 3 3 4 
2 2 3 3 2 2 2 2 2 2 2 3 2 2 2 2 2 2 2 2 3 2 2 2 2 2 2 3 3 2 2 1 2 2 2 1 2 2 2 3 2 2 2 2 2 2 2 3 3 0 2 2 1 2 2 2 2 3 2 2 2 1 2 2 2 2 2 2 2 1 3 2 3 3 3 3 2 2 2 3 2 2 3 3 2 2 2 2 2 2 2 2 2 2 2 2 2 2 2 3 
2 2 3 3 2 2 2 2 2 1 2 3 2 2 2 2 2 2 2 2 3 2 2 2 2 2 2 3 3 2 2 2 2 2 3 2 2 2 2 3 2 2 2 2 2 2 2 3 3 2 0 2 2 2 2 2 2 2 2 2 2 3 2 2 2 2 2 2 2 2 3 1 2 3 3 3 2 2 2 3 2 2 3 3 2 2 2 2 2 2 2 2 2 2 3 2 2 2 2 3 
2 2 3 3 2 2 2 2 2 2 2 3 2 2 2 2 2 2 2 2 3 2 2 2 2 2 2 3 3 2 2 2 2 2 3 2 2 2 2 3 2 2 2 2 2 2 2 3 3 2 2 0 2 2 2 2 2 3 2 2 2 3 2 2 2 2 2 2 2 2 3 2 3 3 3 3 2 2 2 3 2 2 3 3 2 2 2 2 2 2 2 2 2 2 3 1 2 2 2 3 
2 2 3 3 2 2 2 2 2 2 2 3 2 2 2 2 2 2 2 2 3 2 2 2 2 2 2 3 3 2 2 2 1 2 3 2 2 2 2 3 2 2 2 2 2 2 2 3 3 1 2 2 0 2 2 2 2 3 2 2 2 2 2 2 2 2 2 2 2 1 3 2 3 3 3 3 2 2 2 3 2 2 3 3 2 2 2 2 2 2 2 2 2 2 1 2 2 2 2 3 
2 2 3 3 2 2 2 2 2 2 2 3 1 2 2 2 2 2 2 2 3 2 2 2 2 2 2 3 3 2 2 2 2 2 3 2 2 2 2 3 2 2 2 2 2 2 2 1 3 2 2 2 2 0 2 2 2 3 2 2 2 3 1 2 2 2 2 2 2 2 3 2 3 3 3 3 2 2 2 3 2 2 3 3 2 2 2 2 2 2 2 2 2 2 3 2 2 2 2 3 
2 2 3 2 2 2 2 2 2 2 2 3 2 2 2 2 2 2 2 2 3 2 2 2 2 2 2 3 3 1 2 2 2 2 3 2 2 2 2 3 2 2 2 2 1 2 2 2 3 2 2 2 2 2 0 2 2 3 2 2 2 3 2 2 2 2 2 2 2 2 3 2 3 1 3 3 2 2 2 1 2 2 3 3 2 2 2 2 2 2 2 2 2 2 3 2 2 2 2 3 
2 2 1 3 2 2 2 2 2 2 2 3 2 2 2 2 2 2 2 2 3 2 2 2 2 2 2 3 2 2 1 2 2 2 3 2 2 2 2 3 2 2 2 2 2 2 2 3 1 2 2 2 2 2 2 0 2 3 2 2 2 3 2 1 2 2 2 1 2 2 3 2 2 3 3 3 2 2 2 3 2 2 3 3 2 2 2 2 2 2 2 2 2 2 3 2 2 2 2 3 
2 2 3 3 2 2 2 2 2 2 2 3 2 2 2 2 2 2 1 2 3 2 2 2 2 2 1 3 3 2 2 2 2 2 3 2 2 2 2 3 2 2 2 2 2 2 2 3 3 2 2 2 2 2 2 2 0 3 2 2 2 3 1 2 2 2 2 2 2 2 3 2 3 3 3 3 2 2 2 3 2 2 3 3 2 2 2 2 2 2 2 2 2 2 3 2 2 2 2 3 
1 3 4 4 3 2 3 3 3 2 3 4 2 3 3 3 3 3 3 3 4 3 3 3 3 1 3 4 4 3 3 3 3 3 4 3 3 3 3 4 3 3 3 2 3 3 3 4 4 3 2 3 3 3 3 3 3 0 3 3 3 4 3 3 3 3 3 3 3 3 3 1 4 3 4 3 3 3 3 4 3 3 3 4 3 3 3 1 3 3 3 3 1 3 4 3 3 3 3 2 
2 2 3 3 2 2 2 2 2 2 2 3 2 2 2 2 2 2 2 2 3 2 2 2 2 2 2 3 3 2 2 2 2 2 3 2 1 2 2 3 2 2 2 2 2 2 2 3 3 2 2 2 2 2 2 2 2 3 0 2 2 3 2 2 2 2 2 2 2 2 3 2 3 3 3 3 2 2 2 3 2 2 3 3 2 1 2 2 2 2 2 2 2 2 3 2 2 2 2 3 
2 2 3 2 2 2 2 2 2 2 2 3 2 2 2 2 2 2 2 2 3 2 2 1 2 2 2 3 3 2 2 2 2 2 3 2 2 2 2 3 2 2 2 2 2 2 2 3 3 2 2 2 2 2 2 2 2 3 2 0 2 3 2 2 2 2 2 2 2 2 3 2 3 3 2 3 2 2 2 3 2 1 3 3 1 2 2 2 2 2 2 2 2 2 3 2 2 2 2 3 
2 2 3 3 1 2 2 2 2 2 2 3 2 2 2 2 2 2 2 2 3 2 2 2 2 2 2 3 3 2 2 2 2 2 3 2 2 2 2 3 2 2 2 2 1 2 2 2 2 2 2 2 2 2 2 2 2 3 2 2 0 3 2 2 2 2 2 2 2 2 3 2 3 3 3 3 2 2 2 3 2 2 3 3 2 2 2 2 2 2 2 2 2 2 3 2 2 2 2 3 
3 3 4 4 3 3 3 3 3 3 3 3 3 3 3 2 3 3 3 3 4 3 3 3 3 3 3 4 3 3 3 2 3 3 1 2 3 3 3 2 3 3 3 3 3 3 3 4 3 1 3 3 2 3 3 3 3 4 3 3 3 0 3 3 3 3 3 3 3 2 4 3 4 4 2 3 3 3 3 4 2 3 4 4 3 3 3 3 3 3 3 3 3 3 3 3 3 3 3 4 
2 2 3 3 2 2 2 1 2 2 2 3 1 2 2 2 2 2 1 1 3 2 2 2 2 2 2 3 3 2 2 2 2 2 3 2 2 2 2 3 2 2 2 2 2 2 2 2 3 2 2 2 2 1 2 2 1 3 2 2 2 3 0 2 2 2 2 2 2 2 3 2 3 3 3 3 2 2 2 2 2 2 3 3 2 2 2 2 2 2 2 2 2 2 3 2 2 2 2 3 
2 2 1 3 2 2 2 2 2 2 2 3 2 2 2 2 2 2 2 2 3 2 2 2 2 2 2 3 2 2 2 2 2 2 3 2 2 2 2 3 2 2 2 2 2 2 2 3 2 2 2 2 2 2 2 1 2 3 2 2 2 3 2 0 2 2 2 2 2 2 3 2 3 3 3 3 2 1 2 3 2 2 3 3 2 2 2 2 2 2 2 2 2 2 2 2 2 2 2 3 
2 2 3 3 2 1 2 2 2 2 2 3 2 2 2 2 2 2 2 2 3 2 2 2 2 2 2 3 3 2 2 2 2 2 3 2 2 2 2 3 2 2 2 2 2 2 2 3 3 2 2 2 2 2 2 2 2 3 2 2 2 3 2 2 0 2 2 2 2 2 3 2 3 3 3 3 2 2 2 2 2 2 3 3 2 2 2 2 2 2 2 2 2 2 3 2 2 2 2 2 
2 2 3 3 2 2 2 2 2 2 2 2 2 2 2 2 2 2 2 2 3 2 2 2 2 2 2 3 3 2 2 2 2 1 3 2 1 2 2 3 2 2 2 2 2 2 2 3 3 2 2 2 2 2 2 2 2 3 2 2 2 3 2 2 2 0 2 2 2 2 3 2 3 3 3 3 2 2 2 3 2 2 3 3 2 2 2 2 2 2 2 1 2 2 3 2 2 2 2 3 
2 2 2 3 2 2 2 2 2 2 2 3 2 2 2 2 2 2 2 2 3 2 2 2 2 2 2 3 3 2 2 2 2 2 3 2 2 2 1 3 2 2 2 2 2 2 2 3 3 2 2 2 2 2 2 2 2 3 2 2 2 3 2 2 2 2 0 2 2 2 3 2 3 3 2 3 2 2 2 3 2 2 3 3 2 2 2 2 1 2 2 2 2 2 3 2 2 2 2 3 
2 2 1 3 2 2 2 2 2 2 2 3 2 2 2 2 2 2 2 2 3 2 2 2 2 2 2 3 2 2 1 2 2 2 3 2 2 2 2 3 2 2 2 2 2 2 2 3 2 2 2 2 2 2 2 1 2 3 2 2 2 3 2 2 2 2 2 0 2 2 3 2 3 3 3 3 2 1 2 3 2 2 3 3 2 2 2 2 2 2 2 2 2 2 2 2 2 2 2 3 
2 2 2 3 2 2 2 2 2 2 2 2 2 2 2 2 2 2 2 2 3 2 2 2 1 2 2 2 3 2 2 2 2 2 3 2 2 2 2 3 2 2 2 2 2 2 2 3 3 2 2 2 2 2 2 2 2 3 2 2 2 3 2 2 2 2 2 2 0 2 2 2 3 3 3 3 2 2 2 2 2 2 1 2 2 2 2 2 2 2 2 2 2 2 3 2 2 2 2 3 
2 2 2 3 2 2 2 2 2 2 2 3 2 2 2 2 2 2 2 2 3 2 2 2 2 2 2 3 3 2 2 1 2 2 3 1 2 2 2 3 2 2 2 2 2 2 2 3 3 1 2 2 1 2 2 2 2 3 2 2 2 2 2 2 2 2 2 2 2 0 3 2 3 3 3 3 2 2 2 3 2 2 3 3 2 2 2 2 2 2 2 2 2 2 2 2 2 2 2 3 
3 3 4 4 3 3 3 3 2 2 3 3 3 3 1 3 3 2 3 2 4 3 3 3 2 3 3 3 4 3 3 3 3 3 3 3 3 3 3 4 3 3 3 3 3 2 3 4 4 3 3 3 3 3 3 3 3 3 3 3 3 4 3 3 3 3 3 3 2 3 0 3 4 3 4 3 2 3 3 2 3 3 2 4 3 3 3 3 3 1 3 3 2 2 3 2 3 3 3 3 
2 2 3 3 2 2 2 2 2 2 2 3 2 2 2 2 2 2 2 2 3 2 2 2 2 2 2 3 3 2 2 2 2 2 3 2 2 2 2 3 2 2 2 2 2 2 2 3 3 2 1 2 2 2 2 2 2 1 2 2 2 3 2 2 2 2 2 2 2 2 3 0 3 2 3 3 2 2 2 3 2 2 3 3 2 2 2 2 2 2 2 2 1 2 3 2 2 2 2 2 
3 1 3 4 3 2 3 3 3 3 3 3 3 3 3 3 3 3 3 3 4 3 3 3 3 3 3 4 3 3 3 3 3 3 3 3 3 3 3 4 3 3 3 3 3 3 3 4 3 3 2 3 3 3 3 2 3 4 3 3 3 4 3 3 3 3 3 3 3 3 4 3 0 2 4 2 3 3 3 3 2 3 4 4 3 3 3 3 3 3 3 3 3 3 4 2 3 3 3 3 
3 1 4 3 3 3 3 3 3 3 3 3 3 3 3 2 3 3 3 3 4 3 3 3 3 3 3 4 3 2 3 3 3 3 3 3 3 3 3 4 3 2 3 3 2 3 3 2 4 3 3 3 3 3 1 3 3 3 3 3 3 4 3 3 3 3 3 3 3 3 3 2 2 0 4 3 3 3 3 1 2 2 3 4 3 3 3 3 3 3 3 3 2 3 4 2 3 3 3 3 
3 3 4 2 3 3 2 2 3 3 3 3 3 2 3 3 2 3 3 3 3 1 2 2 3 3 3 4 4 2 3 3 3 3 1 3 3 3 1 4 3 3 3 3 3 3 3 3 4 3 3 3 3 3 3 3 3 4 3 2 3 2 3 3 3 3 2 3 3 3 4 3 4 4 0 3 3 3 3 4 3 3 4 4 2 3 3 3 1 3 3 2 3 3 3 3 3 2 3 4 
3 2 3 4 3 3 3 3 3 3 3 2 3 3 3 3 3 2 3 3 4 3 3 3 3 3 3 4 4 3 3 3 3 2 2 3 3 3 3 4 3 3 3 3 3 3 3 4 4 3 3 3 3 3 3 3 3 3 3 3 3 3 3 3 3 3 3 3 3 3 3 3 2 3 3 0 1 3 3 3 3 3 4 4 3 3 3 2 3 3 3 3 3 3 4 2 2 3 3 4 
2 2 2 3 2 2 2 2 2 2 2 2 2 2 2 2 2 2 2 2 3 2 2 2 2 2 2 3 3 2 2 2 2 1 2 2 2 2 2 3 2 2 2 2 2 2 2 3 3 2 2 2 2 2 2 2 2 3 2 2 2 3 2 2 2 2 2 2 2 2 2 2 3 3 3 1 0 2 2 3 2 2 3 3 2 2 2 2 2 2 2 2 2 2 3 1 2 2 2 3 
2 2 2 3 2 2 2 2 2 2 2 3 2 2 2 2 2 2 2 2 3 2 2 2 2 2 2 3 3 2 2 2 2 2 3 2 2 2 2 3 2 1 2 2 2 2 2 3 3 2 2 2 2 2 2 2 2 3 2 2 2 3 2 1 2 2 2 1 2 2 3 2 3 3 3 3 2 0 2 3 2 2 3 3 2 2 2 2 2 2 2 2 2 2 3 2 2 2 2 3 
2 2 3 3 2 2 2 2 2 2 2 3 2 2 2 2 2 2 2 2 3 2 2 2 2 2 2 3 3 2 2 2 2 2 3 2 2 1 2 3 2 2 2 2 2 2 2 3 3 2 2 2 2 2 2 2 2 3 2 2 2 3 2 2 2 2 2 2 2 2 3 2 3 3 3 3 2 2 0 3 2 2 3 3 2 2 2 2 2 2 2 2 2 2 1 2 2 2 2 3 
3 2 4 3 3 2 3 2 3 2 3 4 3 3 2 3 3 3 3 3 3 3 3 3 3 3 3 3 4 2 3 3 3 3 4 3 3 3 3 4 3 2 3 3 2 3 3 2 4 3 3 3 3 3 1 3 3 4 3 3 3 4 2 3 2 3 3 3 2 3 2 3 3 1 4 3 3 3 3 0 3 2 2 4 3 3 3 3 3 3 3 3 3 3 4 3 3 3 3 3 
2 1 2 3 2 2 2 2 2 2 1 3 2 2 2 2 2 2 2 2 3 2 2 2 2 2 2 3 1 2 2 2 2 2 3 2 2 2 2 2 2 2 2 2 2 2 2 3 3 2 2 2 2 2 2 2 2 3 2 2 2 2 2 2 2 2 2 2 2 2 3 2 2 2 3 3 2 2 2 3 0 2 3 3 2 2 2 2 2 2 2 2 2 2 3 2 1 2 2 3 
2 2 3 3 2 2 2 2 2 2 2 3 2 2 2 2 2 2 2 2 3 2 2 2 2 2 2 3 3 2 2 2 2 2 3 2 2 2 2 3 2 2 2 2 1 2 2 2 3 2 2 2 2 2 2 2 2 3 2 1 2 3 2 2 2 2 2 2 2 2 3 2 3 2 3 3 2 2 2 2 2 0 3 3 2 2 2 2 2 2 2 2 2 2 3 2 2 2 2 3 
3 3 3 4 3 2 3 3 2 2 3 3 3 3 2 3 3 3 3 3 4 3 3 3 2 3 3 1 4 3 3 3 3 3 4 3 3 3 3 4 3 3 3 3 3 3 3 4 4 3 3 3 3 3 3 3 3 3 3 3 3 4 3 3 3 3 3 3 1 3 2 3 4 3 4 4 3 3 3 2 3 3 0 2 3 3 3 3 3 2 3 3 2 2 3 3 3 3 3 3 
3 3 4 4 3 3 3 3 3 3 3 2 3 3 3 3 3 3 3 3 2 3 3 2 3 3 3 1 4 3 3 3 3 2 4 3 3 3 3 4 3 3 3 3 3 3 3 4 4 3 3 3 3 3 3 3 3 4 3 3 3 4 3 3 3 3 3 3 2 3 4 3 4 4 4 4 3 3 3 4 3 3 2 0 3 3 3 3 3 3 3 2 3 3 3 3 3 2 2 4 
2 2 3 2 2 2 2 2 2 1 2 3 2 2 2 2 2 2 2 2 3 2 2 1 2 2 2 3 3 2 2 2 2 2 3 1 2 2 2 3 2 2 2 2 2 2 2 3 3 2 2 2 2 2 2 2 2 3 2 1 2 3 2 2 2 2 2 2 2 2 3 2 3 3 2 3 2 2 2 3 2 2 3 3 0 2 2 2 2 2 2 2 2 2 3 2 2 2 2 3 
2 2 3 3 2 2 2 2 2 2 2 3 2 2 2 2 2 2 2 1 3 2 2 2 2 2 1 3 3 2 2 2 2 1 3 2 2 2 2 3 2 2 2 2 2 2 2 3 3 2 2 2 2 2 2 2 2 3 1 2 2 3 2 2 2 2 2 2 2 2 3 2 3 3 3 3 2 2 2 3 2 2 3 3 2 0 1 2 2 2 2 2 2 2 3 2 2 2 2 3 
2 2 3 3 2 2 2 2 1 2 2 3 2 2 2 2 2 2 2 1 3 2 2 2 2 2 1 3 3 2 2 2 2 2 3 2 2 2 2 3 2 2 2 2 2 2 2 3 3 2 2 2 2 2 2 2 2 3 2 2 2 3 2 2 2 2 2 2 2 2 3 2 3 3 3 3 2 2 2 3 2 2 3 3 2 1 0 2 2 2 2 2 2 2 3 2 2 2 2 3 
2 2 3 3 2 2 2 2 2 2 2 3 2 2 2 2 2 2 2 2 3 2 2 2 2 2 2 3 3 2 2 2 2 2 3 2 2 2 2 3 2 2 2 1 2 2 2 3 3 2 2 2 2 2 2 2 2 1 2 2 2 3 2 2 2 2 2 2 2 2 3 2 3 3 3 2 2 2 2 3 2 2 3 3 2 2 2 0 2 2 2 2 2 2 3 2 2 2 2 3 
2 2 3 3 2 2 1 2 2 2 2 3 2 2 2 2 2 2 2 2 3 2 2 2 2 2 2 3 3 1 2 2 2 2 2 2 2 2 1 3 2 2 2 2 2 2 2 3 3 2 2 2 2 2 2 2 2 3 2 2 2 3 2 2 2 2 1 2 2 2 3 2 3 3 1 3 2 2 2 3 2 2 3 3 2 2 2 2 0 2 2 2 2 2 3 2 2 2 2 3 
2 2 3 3 2 2 2 2 2 2 2 3 2 2 1 2 2 1 2 2 3 2 2 2 1 2 2 3 3 2 2 2 2 2 3 2 2 2 2 3 2 2 2 2 2 1 2 3 3 2 2 2 2 2 2 2 2 3 2 2 2 3 2 2 2 2 2 2 2 2 1 2 3 3 3 3 2 2 2 3 2 2 2 3 2 2 2 2 2 0 2 2 2 1 2 2 2 2 2 3 
2 2 3 3 2 2 2 2 2 2 2 3 2 2 2 2 2 2 2 2 3 2 2 2 2 2 2 3 3 2 2 2 2 2 3 2 2 1 2 3 2 2 2 2 2 2 2 3 3 2 2 2 2 2 2 2 2 3 2 2 2 3 2 2 2 2 2 2 2 2 3 2 3 3 3 3 2 2 2 3 2 2 3 3 2 2 2 2 2 2 0 2 2 2 2 2 2 2 2 3 
2 2 3 3 2 2 2 2 2 2 2 3 2 2 2 2 2 2 2 2 2 2 2 2 2 2 2 3 3 2 2 2 2 2 3 2 1 2 2 3 2 2 2 2 2 2 2 3 3 2 2 2 2 2 2 2 2 3 2 2 2 3 2 2 2 1 2 2 2 2 3 2 3 3 2 3 2 2 2 3 2 2 3 2 2 2 2 2 2 2 2 0 2 2 3 2 2 1 2 3 
1 2 3 3 2 1 2 2 2 2 2 3 2 2 2 2 2 2 2 2 3 2 2 2 2 2 2 3 3 2 2 2 2 2 3 2 2 2 2 3 2 2 2 2 2 2 2 3 3 2 2 2 2 2 2 2 2 1 2 2 2 3 2 2 2 2 2 2 2 2 2 1 3 2 3 3 2 2 2 3 2 2 2 3 2 2 2 2 2 2 2 2 0 2 3 2 2 2 2 1 
2 2 3 3 2 2 2 2 2 2 1 3 2 2 1 2 2 2 2 2 3 2 2 1 2 2 2 3 2 2 2 2 2 2 3 2 2 2 2 3 2 2 2 2 2 1 2 3 3 2 2 2 2 2 2 2 2 3 2 2 2 3 2 2 2 2 2 2 2 2 2 2 3 3 3 3 2 2 2 3 2 2 2 3 2 2 2 2 2 1 2 2 2 0 1 2 2 2 2 3 
3 3 3 4 3 3 3 3 3 3 2 4 3 3 2 3 3 2 3 3 3 3 3 2 3 3 3 4 3 3 3 3 2 3 4 3 3 1 3 4 3 3 3 3 3 1 2 4 4 2 3 3 1 3 3 3 3 4 3 3 3 3 3 2 3 3 3 2 3 2 3 3 4 4 3 4 3 3 1 4 3 3 3 3 3 3 3 3 3 2 2 3 3 1 0 3 3 3 3 4 
2 1 3 3 2 2 2 2 2 2 2 2 2 2 2 2 2 2 2 2 3 2 2 2 2 2 2 3 3 2 2 2 2 2 2 2 2 2 2 3 2 2 2 2 2 2 2 3 3 2 2 1 2 2 2 2 2 3 2 2 2 3 2 2 2 2 2 2 2 2 2 2 2 2 3 2 1 2 2 3 2 2 3 3 2 2 2 2 2 2 2 2 2 2 3 0 2 2 2 3 
2 2 3 3 2 2 2 2 2 2 1 3 2 2 2 2 2 2 2 2 3 2 2 2 2 2 2 3 2 2 2 2 2 2 3 2 2 2 2 3 2 2 2 2 2 2 2 3 3 2 2 2 2 2 2 2 2 3 2 2 2 3 2 2 2 2 2 2 2 2 3 2 3 3 3 2 2 2 2 3 1 2 3 3 2 2 2 2 2 2 2 2 2 2 3 2 0 2 2 3 
2 2 3 3 2 2 2 2 2 2 2 3 2 2 2 2 2 2 2 2 1 1 2 2 2 2 2 3 3 2 2 2 2 2 3 2 2 2 2 3 2 2 2 2 2 2 2 3 3 2 2 2 2 2 2 2 2 3 2 2 2 3 2 2 2 2 2 2 2 2 3 2 3 3 2 3 2 2 2 3 2 2 3 2 2 2 2 2 2 2 2 1 2 2 3 2 2 0 2 3 
2 2 3 3 2 2 2 2 2 2 2 3 2 2 2 2 2 2 2 2 1 2 2 2 2 2 2 3 3 2 2 2 2 2 3 2 2 2 2 3 2 2 2 2 2 2 2 3 3 2 2 2 2 2 2 2 2 3 2 2 2 3 2 2 2 2 2 2 2 2 3 2 3 3 3 3 2 2 2 3 2 2 3 2 2 2 2 2 2 2 2 2 2 2 3 2 2 2 0 3 
2 3 2 4 3 1 3 3 3 3 3 4 3 3 3 3 3 3 3 3 2 3 3 3 3 3 3 4 3 3 3 2 2 3 4 3 3 3 3 4 3 3 3 3 3 3 3 4 4 3 3 3 3 3 3 3 3 2 3 3 3 4 3 3 2 3 3 3 3 3 3 2 3 3 4 4 3 3 3 3 3 3 3 4 3 3 3 3 3 3 3 3 1 3 4 3 3 3 3 0 
