51
Dansville Davis Deer Deferiet Delanson Delevan Delhi Delmar Depauville Depew Deposit DeRuyter Dexter Dunkirk Earlville Fabius Fair Fairmount Fairport Fairview Falconer Farmingville Farnham Fayetteville Fire Firthcliffe Fishers Fishkill Flanders Fleischmanns Florida Flower Fonda Forest Forestville Frankfort Franklin Franklinville Fredonia Freeport Freeville Frewsburg Friendship Fulton Galeville Gardiner Gasport Geneva Germantown Ghent Dannemora
0 27330.44988 13532.54887 8707.55697 7725.34114 6630.0693 30887.674179999998 21965.74245 27551.36038 31777.87068 30608.80958 29360.773520000002 21082.97732 17121.31858 30819.80554 20176.23979 35146.37653 26971.134100000003 28331.94565 30462.41613 32321.995400000003 25616.85456 26045.23304 27660.16397 34409.63856 38718.72142 15598.793539999999 20997.16884 34824.17308 32931.33252 19611.08219 30139.002520000002 26847.85799 22401.91927 25462.826439999997 31492.095100000002 25572.19738 9656.37016 24539.361989999998 21827.36434 27060.59126 24761.34637 20543.06204 19127.04659 13366.46449 25413.579790000003 37326.71549 37267.83219 15393.22679 22091.93734 29364.728320000002 
27330.44988 0 20621.74914 27402.963829999997 26428.95687 20700.38058 23549.36131 27289.80967 28471.03606 33800.05863 38129.326 34684.84074 26407.04454 35824.934310000004 35301.54077 16776.926789999998 29994.95659 33461.42552 24326.02861 19239.18102 39330.065220000004 31815.48868 33134.43331 30037.51466 31925.74878 35301.79706 34294.200399999994 6333.28104 39097.58064 29532.019519999998 26700.28246 26920.393169999996 23448.54499 30869.123269999996 8691.47157 36816.16232 30656.35738 28263.0956 37495.756089999995 16675.9444 29933.08065 29675.68912 34613.37332 30635.59905 13963.98539 35590.91871 32175.295550000003 27031.19262 20717.294009999998 23011.61302 25965.41532 
13532.54887 20621.74914 0 22240.10584 5807.20773 20162.61817 24450.130540000002 21834.03052 19603.91215 24757.78082 23588.71972 27363.424720000003 23587.850769999997 15203.18517 22516.97185 27317.657619999998 31360.381840000002 18668.300410000003 15279.50557 22159.582440000002 21877.58518 12084.30569 12512.68417 25742.030560000003 20877.089689999997 26247.578069999996 29131.34241 26955.03018 21673.819969999997 30161.29224 6078.53332 17873.87013 26958.618179999998 24363.925499999998 11930.27757 19580.486619999996 20534.45468 23188.91903 28628.63218 19909.230929999998 18066.411200000002 19951.93251 21713.59494 17208.91318 26899.01336 14969.169569999998 29032.354849999996 24215.39211 28406.54618 25063.335189999998 26837.423149999995 
8707.55697 27402.96383 22240.105840000004 0 16432.898110000002 15337.62627 25147.14354 13258.18548 24376.279669999996 29487.1089 27927.39084 20653.21655 12375.42035 12596.63579 35654.79799 25350.458099999996 38571.53744 19429.801330000002 27959.257 27619.198210000002 31949.30675 29801.45845 34752.790010000004 31569.33095 28796.0101 36646.17505 6891.23657 21069.68279 28200.63389 29080.93827 28318.639160000002 27961.75514 25640.519809999998 13694.3623 33236.99808 22784.53813 18040.14747 18363.92713 29028.30668 25252.52525 30736.90539 20236.66358 29250.61901 18754.35794 13438.978439999999 25040.89114 39104.07642 35411.20981 6685.66982 18916.85663 31473.98329 
7725.34114 26428.95687 5807.20773 16432.898110000002 0 14355.41044 23162.33304 22411.52307 25411.11988 25335.27337 24166.21227 26058.439240000003 17780.643040000003 9395.97744 23094.4644 27823.02865 27421.03539 19245.79296 20606.60451 22737.07499 24596.65426 17891.51342 18319.891900000002 19934.82283 26684.29742 30993.38028 23324.134680000003 28722.50998 27481.0277 27234.88498 11885.74105 23681.077859999998 21151.41045 30127.260410000003 17737.4853 25387.694349999998 26341.662409999997 17381.711300000003 31382.66735 14102.0232 23873.618930000004 17036.005230000002 23562.66791 11401.705450000001 21091.80563 17688.23865 29601.37435 29542.49105 23118.56793 20437.69182 32644.630879999997 
6630.0693 20700.380579999997 20162.61817 15337.62627 14355.41044 0 26049.12415 20062.21947 20921.291080000003 25147.801379999997 23978.740279999998 27457.25054 19179.45434 23751.387880000002 33630.131779999996 13546.17049 35116.54885 26233.83532 31741.26986 26625.15496 27565.83372 20044.464829999997 32484.388049999994 34290.23327 28694.99248 34207.73721 19178.5543 14367.09954 29691.81297 26301.26322 26050.237199999996 23508.93322 20217.78869 25981.68003 28392.041859999998 29588.57212 18942.12808 16286.439460000001 29946.011110000003 21797.53666 28103.24252 29609.259699999995 13912.99274 25558.391929999998 6736.39519 20657.41811 34720.60339 31916.667389999995 13489.703809999999 15461.868040000001 22734.65902 
30887.674179999998 23549.36131 24450.13054 25147.14354 23162.333039999998 26049.12415 0 27558.72589 19580.58055 28188.75604 32275.538950000002 22177.41519 26675.96076 13766.355599999999 29231.68638 17723.41799 36052.3046 30872.5395 23474.655959999996 29981.848169999997 28728.18544 15691.12268 11937.44637 29769.73386 21863.65926 23514.52699 18255.90697 17216.08027 19753.652289999998 22083.15533 18371.59722 19347.13028 24395.036190000003 21178.74042 32240.83288 20567.056190000003 7106.99607 23787.94044 28605.30058 24490.79889 6383.71934 6126.32781 28564.195200000002 28106.303030000003 24846.78462 21819.76983 35882.95511 22189.83657 20986.21023 25012.737579999997 21216.6863 
21965.742449999998 27289.809670000002 21834.03052 13258.18548 22411.52307 20062.21947 27558.72589 0 24306.838969999997 16228.92342 15059.86232 18109.127910000003 12262.26619 25854.82127 24711.253819999998 27404.28634 31408.743980000003 19316.64717 27846.10284 25789.01452 19646.04423 25468.19573 27804.17697 31456.176789999998 21526.58262 29376.74757 20149.42205 20956.52863 14942.44841 19082.26684 23028.30595 14703.569660000001 25165.74137 26952.54778 32932.491259999995 9526.35265 20451.72982 23738.348700000002 28915.152520000003 25183.08455 27666.980600000003 26897.32103 19336.72364 18641.20378 13325.82428 12737.62862 26800.8139 22997.789429999997 6572.51566 18847.41593 18215.79781 
27551.36038 28471.03606 19603.91215 24376.27967 25411.11988 20921.29108 19580.58055 24306.83897 0 32703.17494 31534.11384 23757.87233 25677.606359999998 21094.28053 36125.50402 20201.95831 25114.103850000003 32452.996639999998 23308.191619999998 28583.28869 25415.69075 23019.04761 28848.37372 20472.56455 28757.4769 30420.944320000002 24669.37146 30645.604060000005 16441.1576 23663.61247 25682.44547 15075.85498 18844.478909999998 17866.24573 19779.56449 21857.25336 25597.9159 23907.71186 9024.72003 11795.09166 25097.92872 13454.25274 25251.700510000002 24793.808340000003 27657.68627 18507.27514 27294.44281 29406.369209999997 30879.35463 5459.42304 22797.14344 
31777.870679999996 33800.05863 24757.78082 29487.1089 25335.27337 25147.801379999997 28188.756040000004 16228.92342 32703.174939999997 0 17983.61262 30159.04837 28491.18961 34731.25081 27635.004119999998 27639.86208 34332.49428 25221.482790000002 15704.75255 14560.87761 35874.96765 28391.94603 28128.710270000003 19978.2809 29312.88609 35533.92 26404.962720000003 27466.77759 30109.616370000003 28158.843909999996 30814.60942 17627.31996 28868.21453 33208.08845 29803.30011 25755.27607 21081.759970000003 39967.27212 31426.12542 21818.82728 22574.98324 34315.08385 22260.47394 24909.65161 29554.7477 28966.55204 36512.83324 6768.86601 22801.43908 28154.4959 29198.319480000002 
30608.809579999997 38129.326 23588.71972 27927.39084 24166.21227 23978.740279999998 32275.53895 15059.86232 31534.113839999998 17983.61262 0 23829.76669 15551.97049 33562.18971 9651.3915 21352.39921 33163.43318 22606.35147 31135.80714 20662.358630000002 34705.90655 22924.284340000002 24838.02212 28879.60163 17019.41862 17550.30738 34818.62741 31796.04496 30002.31073 20764.255540000002 28930.05671 16458.25886 14680.78101 35444.59569 29714.641089999997 24586.21497 30837.16151 27028.053 28084.70105 21730.16826 29421.669800000003 26149.21114 21091.41284 21930.90808 27995.02964 27797.49094 35343.77214 24752.478629999998 21241.72102 28065.83688 22979.75208 
29360.773520000002 34684.84074 27363.424720000003 20653.21655 26058.43924 27457.25054 22177.41519 18109.127910000003 23757.87233 30159.04837 23829.76669 0 8277.7962 28584.067 15001.58144 21451.004520000002 29236.90273 8695.12431 23861.63285 23521.57406 27726.11417 24946.8618 26860.59958 31738.81706 18222.84945 22900.49732 26219.33002 28351.5597 13998.87102 13128.98502 22084.72856 12531.72841 19212.45955 25356.032199999998 30760.650009999998 8582.77526 15070.419119999999 19753.878709999997 24930.68253 25559.60769 25495.139349999998 20944.03921 27562.12393 14656.73379 20720.85535 20817.69856 31417.241690000003 26862.242639999997 13967.546730000002 19223.93907 12262.51599 
21082.977319999998 26407.044540000003 23587.850769999997 12375.42035 17780.64304 19179.45434 26675.96076 12262.26619 25677.60636 28491.189609999998 15551.97049 8277.7962 0 24972.05614 23279.37764 19936.717660000002 33633.4989 7054.38098 15583.83665 15243.77786 19573.8864 21508.60279 23422.34057 23461.02086 26500.64565 24994.91117 19266.65692 20073.7635 22276.66722 16705.51792 27514.37516 20809.52461 13265.099460000001 26069.78265 28298.95954 16860.57146 19568.96469 11476.08251 16652.88633 20314.48671 28880.303610000003 24733.52959 19409.89616 6378.93759 12443.059150000001 12665.47079 26728.656069999997 23035.78946 5689.75053 26650.15533 20540.31219 
17121.31858 35824.934310000004 15203.18517 12596.63579 9395.97744 23751.38788 13766.355599999999 25854.82127 21094.28053 34731.25081 33562.18971 28584.067 24972.05614 0 32490.44184 26973.77678 36817.01283 28641.7704 30002.58195 32133.05243 30241.885420000002 17204.822659999998 23455.65637 29330.800270000003 28525.6442 25028.22697 19487.87236 30982.43587 21267.352270000003 28489.80714 21281.71849 27892.55053 30547.387889999998 22692.4404 27133.462740000003 26683.448030000003 20873.35167 26777.688739999998 30119.00056 23498.00064 20150.07494 7640.02779 30077.895180000003 20797.68289 26035.61423 23333.469810000002 37396.65509 35956.19217 19282.30561 26526.437560000002 27623.33811 
30819.80554 35301.54077 22516.97185 35654.79799 23094.4644 33630.13178 29231.68638 24711.25382 36125.50402 27635.00412 9651.3915 15001.58144 23279.37764 32490.44184 0 22516.849110000003 25263.15915 22980.673820000004 32790.25789 16062.35975 40093.745859999995 22062.18826 23975.92604 36415.828989999995 7368.02712 7898.91588 32580.64681 28968.25973 21461.59044 25496.616710000002 22166.583489999997 24899.3601 24332.172509999997 36609.04559 34447.24942 19368.25709 22124.690309999998 34755.46015 35620.92841 26524.768539999997 29529.65307 25287.115059999996 27297.54877 29658.31523 35722.43679 33185.33025 41925.54207 23854.37135 28969.12817 31591.570760000002 13328.36058 
20176.23979 16776.926789999998 27317.657619999998 25350.458100000003 27823.02865 13546.17049 17723.41799 27404.28634 20201.95831 27639.86208 21352.39921 21451.00452 19936.71766 26973.77678 22516.84911 0 27040.017640000002 26991.098639999997 29806.88261 13078.98447 31295.187 25695.473729999998 20110.799059999998 27082.57571 15148.82199 30415.76499 18459.221530000003 10443.64575 22320.653850000002 12755.09273 26544.949909999996 20759.48805 6671.6182 14092.196479999999 21705.47828 26222.81961 18222.79531 14453.874490000002 29226.678340000002 13721.00545 14557.07203 19333.74899 27459.163230000002 26315.655249999996 18074.3501 24386.77139 29220.3566 20870.99607 24827.65872 14742.53527 9188.48853 
35146.37653 29994.95659 31360.381840000002 38571.53744 27421.03539 35116.54885 36052.3046 31408.743980000003 25114.10385 34332.49428 33163.43318000001 29236.90273 33633.4989 36817.01283 25263.15915 27040.017640000002 0 31824.083810000004 36483.5659 24905.76974 23817.152589999998 28458.55647 30372.29425 26680.58245 32631.18627 31944.864849999998 40029.59989 36328.23763 36239.01236 26451.87397 34464.32884 16705.174320000002 20368.39944 41132.21412 21303.48502 34145.67901 31084.076970000002 41493.89213 34138.823879999996 13319.012190000001 29668.58526 31683.483269999997 36140.95876 27278.66684 41852.94404 30725.568199999998 16662.38292 31035.68855 37981.259640000004 19654.68081 28276.173840000003 
26971.1341 33461.42552 18668.300410000003 19429.80133 19245.79296 26233.83532 30872.5395 19316.64717 32452.996639999998 25221.482790000002 22606.35147 8695.12431 7054.38098 28641.7704 22980.67382 26991.09864 31824.08381 0 22638.21763 22298.15884 26628.26738 26737.08563 30476.721550000002 30515.40184 26917.97376 30879.5897 26321.0379 27128.14448 22693.99533 21824.10933 24746.833730000002 21226.85272 20319.48044 33124.163629999995 30598.577980000002 17277.89957 23765.543429999998 18530.463490000002 23707.26731 27368.86769 33850.90486 29639.16352 23448.877330000003 13433.31857 19497.44013 19719.85177 33783.03705 30090.17044 12744.13151 27919.06338 20957.6403 
28331.94565 24326.02861 15279.50557 27959.256999999998 20606.60451 31741.26986 23474.65596 27846.10284 23308.191619999998 15704.75255 31135.80714 23861.63285 15583.83665 30002.58195 32790.25788999999 29806.88261 36483.5659 22638.21763 0 16727.898139999998 22399.847869999998 21970.9482 22399.32668 28997.35334 30205.037879999996 26707.620649999997 27516.570789999998 29633.79812 31001.76816 30325.864439999998 15965.17583 21578.149599999997 28848.936110000002 34319.69652 15634.55704 28908.43481 16367.659889999999 27059.919159999998 32236.72298 23164.55371 24742.003770000003 26446.239069999996 22235.85763 9204.89906 28026.8958 15491.43226 29554.61754 8935.88654 21273.58718 28767.61466 30477.35012 
30462.41613 19239.18102 22159.582440000002 27619.19821 22737.07499 26625.15496 29981.84817 25789.01452 28583.28869 14560.87761 20662.358630000002 23521.57406 15243.77786 32133.052430000003 16062.35975 13078.98447 24905.76974 22298.15884 16727.898139999998 0 34817.664260000005 26618.99093 28532.72871 20353.46924 23430.38687 23961.27563 31538.206 12905.89998 34399.44682 13597.9663 28238.11576 22122.52583 18375.4876 27171.18095 27930.652589999998 32104.34932 28574.12556 26719.860370000002 19558.56866 25424.87485 23598.12883 29843.91773 26940.15936 21622.71545 20536.604330000002 27909.24865 40924.226 7792.0116 20933.52839 27821.519740000003 22267.472999999998 
32321.9954 39330.06522 21877.585180000002 31949.30675 24596.65426 27565.833720000002 28728.18544 19646.04423 25415.69075 35874.96765 34705.90655 27726.114169999997 19573.8864 30241.885420000002 40093.745859999995 31295.187000000005 23817.15259 26628.267379999998 22399.847869999998 34817.66426 0 30809.97837 34390.26935 32987.40309 32725.718739999997 39990.05681 33816.97635 39647.649900000004 25588.76249 27631.85431 27956.1185 26040.28295 29703.50807 27013.85062 30638.59365 29172.39688 29573.288409999997 31049.968909999996 34440.410780000006 22654.12082 34245.533610000006 22601.857630000002 13652.84098 13194.94881 32016.94555 6908.41561 7154.76967 31335.734409999997 25263.63693 25825.20388 26765.38528 
25616.85456 31815.488680000002 12084.30569 29801.45845 17891.51342 20044.464829999997 15691.12268 25468.19573 23019.04761 28391.94603 22924.28434 24946.8618 21508.60279 17204.822659999998 22062.18826 25695.47373 28458.55647 26737.08563 21970.9482 26618.99093 30809.97837 0 12439.92322 28501.11454 17660.689609999998 14163.27238 29576.476259999996 32907.20295 18457.419889999997 25107.33006 6005.77237 26866.59227 19023.85553 24617.207479999997 23124.01711 16364.086539999998 19120.51976 31745.69293 32043.767640000002 15139.54428 17993.65025 9564.79487 17157.13739 24183.23719 26780.860019999996 23901.56276 30638.895429999997 30906.83474 26474.19685 21475.2129 23621.023069999996 
26045.233040000003 33134.43331 12512.68417 34752.790010000004 18319.891900000002 32484.38805 11937.44637 27804.17697 28848.373720000003 28128.710269999996 24838.02212 26860.599580000002 23422.34057 23455.65637 23975.926040000002 20110.79906 30372.294250000003 30476.721550000002 22399.32668 28532.728710000003 34390.26935 12439.92322 0 30414.85232 19574.42739 16077.010160000002 29399.39585 29153.526639999996 20371.15767 27997.48771 6434.15085 18517.13797 22551.15109 22596.27012 24442.96174 18277.82432 19044.44244 22957.94813 35955.071130000004 17053.28206 5553.72703 15815.62858 29597.06061 29721.597350000004 35141.24325 27481.85374 32552.63321 21359.844259999998 28387.934630000003 23388.95068 25534.76085 
27660.16397 30037.51466 25742.03056 31569.33095 19934.82283 34290.233270000004 29769.73386 31456.17679 20472.56455 19978.280899999998 28879.60163 31738.81706 23461.02086 29330.80027 36415.828989999995 27082.57571 26680.58245 30515.40184 28997.35334 20353.46924 32987.40309000001 28501.11454 30414.852319999998 0 30893.863909999996 31987.422919999997 27985.940539999996 33259.36922 31690.594189999996 21815.209300000002 31820.563879999998 28903.71281 20410.95751 34789.066269999996 21346.04309 29597.260839999995 22662.73779 26330.83635 11447.844519999999 13361.57026 35968.57935 31726.041339999996 32823.41285 19792.45428 31636.96975 26078.987480000003 28860.921410000003 26747.146909999996 24883.66113 19697.23888 33983.465430000004 
34409.63855999999 31925.74878 20877.089689999997 28796.0101 26684.297419999995 28694.99248 21863.65926 21526.58262 28757.476899999998 29312.88609 17019.41862 18222.849449999998 26500.64565 28525.6442 7368.02712 15148.82199 32631.18627 26917.973759999997 30205.037879999996 23430.38687 32725.718739999997 17660.68961 19574.42739 30893.86391 0 15266.943 25212.61969 25592.46774 14093.563320000001 18128.58959 14798.556369999998 17531.33298 21820.44019 29241.018470000003 30107.74272 12000.22997 14756.66319 29602.696480000002 37782.19693 22123.26989 25128.15442 20885.61641 32561.728499999997 31587.565020000002 28863.6489 25817.303129999997 36416.84626 31222.39847 22110.34028 24223.54364 5960.33346 
38718.72142 35301.79706 26247.57807 36646.175050000005 30993.38028 34207.73721 23514.52699 29376.74757 30420.944320000002 35533.92 17550.30738 22900.49732 24994.91117 25028.22697 7898.91588 30415.764990000003 31944.86485 30879.589700000004 26707.620649999997 23961.27563 39990.056809999995 14163.27238 16077.010160000002 31987.42292 15266.943 0 33062.78464 36867.17561 21943.72827 30207.196219999998 20169.04475 32798.27598 24123.72169 32440.61179 26610.32549 19850.39492 22606.82814 36470.99368 37527.64173 18625.85266 21630.73719 17388.19918 31320.409770000002 31373.84876 36713.813850000006 33081.6412 34125.20381 31753.28723 29960.505230000002 24961.52128 21227.27646 
15598.793539999999 34294.2004 29131.342409999997 6891.23657 23324.13468 19178.5543 18255.90697 20149.42205 24669.37146 26404.962720000003 34818.62741 26219.330019999998 19266.65692 19487.87236 32580.64681 18459.221530000003 40029.59989 26321.037900000003 27516.570789999998 31538.206000000006 33816.97635 29576.47626 29399.39585 27985.94054 25212.61969 33062.78464 0 27960.91936 21898.59579 26125.07016 25604.83226 25527.81355 25130.839730000003 6803.12573 33305.092899999996 23916.016620000002 11148.910899999999 23742.471279999998 33694.09149 26710.5877 23845.66882 21855.53834 33091.547040000005 25645.594510000003 20330.21501 26908.56074 40971.74602 33173.82873 13576.90639 20374.91908 25258.60113 
20997.16884 6333.28104 26955.03018 21069.68279 28722.50998 14367.09954 17216.08027 20956.52863 30645.604060000005 27466.777589999998 31796.04496 28351.5597 20073.7635 30982.435869999998 28968.25973 10443.64575 36328.237629999996 27128.144480000003 29633.79812 12905.89998 39647.649900000004 32907.20295 29153.526639999996 33259.36922 25592.46774 36867.17561 27960.91936 0 32764.299600000006 23198.73848 33033.563500000004 31203.1338 17115.26395 24535.842230000002 15024.75261 30482.88128 24323.07634 21929.81456 32464.46864 23009.22544 23599.79961 23342.408079999997 28280.09228 26452.701090000002 7630.70435 32739.23429 38508.57659 20697.91158 14384.01297 25186.181020000004 19632.13428 
34824.17308 39097.58064000001 21673.81997 28200.63389 27481.0277 29691.81297 19753.65229 14942.44841 16441.1576 30109.616370000003 30002.31073 13998.87102 22276.667220000003 21267.352270000003 21461.59044 22320.653850000002 36239.01236 22693.995329999998 31001.76816 34399.446820000005 25588.76249 18457.41989 20371.15767 31690.59419 14093.563320000001 21943.72827 21898.59579 32764.299600000006 0 23836.68421 15595.28665 23239.4276 24967.29717 18039.31747 30904.472999999998 5416.09576 15553.39347 25167.802920000002 25465.87763 22920.00017 25271.000460000003 13627.324480000001 25424.77225 24966.880080000003 28268.27269 18680.34688 32743.532160000002 36878.48238 21514.96407 21873.31463 20053.896780000003 
32931.33252 29532.01952 30161.292240000002 29080.93827 27234.88498 26301.26322 22083.15533 19082.26684 23663.61247 28158.843909999996 20764.255540000002 13128.98502 16705.51792 28489.80714 25496.61671 12755.09273 26451.87397 21824.10933 30325.864439999998 13597.9663 27631.85431 25107.33006 27997.48771 21815.209300000002 18128.58959 30207.196219999998 26125.070160000003 23198.73848 23836.68421 0 29432.080619999997 12437.46855 6083.47453 25261.77234 21117.334609999998 21711.760280000002 14976.15926 27208.967220000002 21020.30872 13132.86178 22443.76068 20849.77935 27467.86407 23084.45551 29148.57707 20723.4387 28632.21293 21389.977899999998 22395.26845 19129.679210000002 12168.25613 
19611.08219 26700.282460000002 6078.53332 28318.63916 11885.74105 26050.237199999996 18371.59722 23028.30595 25682.44547 30814.60942 28930.056709999997 22084.72856 27514.375159999996 21281.71849 22166.583489999997 26544.949910000003 34464.32884 24746.83373 15965.17583 28238.11576 27956.1185 6005.77237 6434.15085 31820.56388 14798.556369999998 20169.04475 25604.832260000003 33033.563500000004 15595.28665 29432.08062 0 23952.403449999998 25029.6279 29030.42097 18008.81089 13501.9533 14455.92136 29267.45235 34707.1655 21145.31665 11987.87788 15570.56724 23162.90976 23287.446500000002 30365.372229999997 21047.70289 35110.88817 24901.06237 23612.063609999997 27480.98527 20758.88983 
30139.00252 26920.393170000003 17873.87013 27961.75514 23681.077859999998 23508.93322 19347.13028 14703.569660000001 15075.85498 17627.31996 16458.25886 12531.72841 20809.52461 27892.55053 24899.360099999998 20759.48805 16705.174320000002 21226.85272 21578.149599999997 22122.52583 26040.28295 26866.59227 18517.137970000003 28903.71281 17531.33298 32798.27598 25527.81355 31203.133800000003 23239.427600000003 12437.46855 23952.403449999998 0 18520.94308 24664.51573 18228.9216 21114.50367 14378.90265 30367.632040000004 24100.57501 15542.14255 12963.410940000002 20252.52274 20735.12018 26412.71529 28029.39394 20126.18209 18885.51328 14330.51423 21276.085320000002 18532.422599999998 11570.99952 
26847.857989999997 23448.544990000002 26958.618179999998 25640.51981 21151.41045 20217.788689999998 24395.03619 25165.74137 18844.478909999998 28868.214529999997 14680.78101 19212.45955 13265.099460000001 30547.387889999998 24332.17251 6671.6182 20368.39944 20319.48044 28848.93611 18375.4876 29703.508070000003 19023.85553 22551.15109 20410.95751 21820.44019 24123.72169 25130.83973 17115.26395 24967.29717 6083.47453 25029.6279 18520.94308 0 20763.81468 15033.860079999999 19551.20141 21059.63379 21125.49269 25797.83002 7049.38725 21228.69023 23862.340109999997 32674.995619999998 19644.03705 24745.9683 25930.570249999997 22548.738400000002 26167.4992 18954.849990000002 13385.05587 15860.10673 
22401.91927 30869.123270000004 24363.925499999998 13694.3623 30127.26041 25981.68003 21178.74042 26952.54778 17866.24573 33208.08845 35444.59569 25356.032199999998 26069.78265 22692.4404 36609.04559 14092.196479999999 41132.21412 33124.16363 34319.69652 27171.18095 27013.85062 24617.207479999997 22596.27012 34789.066269999996 29241.018470000003 32440.611789999995 6803.12573 24535.842230000002 18039.31747 25261.77234 29030.42097 24664.51573 20763.81468 0 35797.67476 23455.413230000002 17952.03663 16939.34555 26890.96576 27813.20193 17042.54309 15052.41261 26849.860380000002 26391.96821 27133.34074 20105.43501 34168.62029 32848.66032 20380.03212 23298.40276 23280.68501 
25462.82644 8691.47157 11930.27757 33236.99808 17737.4853 28392.041859999998 32240.83288 32932.49126 19779.564489999997 29803.300109999996 29714.641089999997 30760.65001 28298.959539999996 27133.462740000003 34447.24942 21705.47828 21303.48502 30598.577980000002 15634.55704 27930.65259 30638.593650000003 23124.01711 24442.96174 21346.04309 30107.74272 26610.325490000003 33305.092899999996 15024.75261 30904.472999999998 21117.334609999998 18008.81089 18228.9216 15033.860079999999 35797.67476 0 28811.139649999997 31567.57287 35119.1966 28804.284519999997 7984.47283 29996.68877 26348.94391 33643.87251 21944.12748 22655.45696 26899.44714 23483.82398 24570.44358 29408.76558 14320.14145 29799.921120000003 
31492.0951 36816.16232 19580.48662 22784.53813 25387.694349999998 29588.57212 20567.05619 9526.35265 21857.253360000002 25755.27607 24586.21497 8582.77526 16860.57146 26683.44803 19368.25709 26222.819610000002 34145.67901 17277.89957 28908.43481 32104.34932 29172.39688 16364.08654 18277.82432 29597.26084 12000.22997 19850.39492 23916.016620000002 30482.88128 5416.09576 21711.760280000002 13501.9533 21114.503670000002 19551.20141 23455.41323 28811.139649999997 0 13460.06012 28336.65397 30881.973390000003 20826.66682 23831.55135 19043.42024 28863.07629 23239.50905 22852.17693 22263.98127 36326.01797 32524.142079999998 16098.868310000002 27162.33544 17960.563430000002 
25572.197379999998 30656.35738 20534.45468 18040.14747 26341.662409999997 18942.12808 7106.99607 20451.72982 25597.9159 21081.75997 30837.16151 15070.419119999999 19568.96469 20873.35167 22124.690309999998 18222.79531 31084.076970000002 23765.543429999998 16367.659889999999 28574.12556 29573.288409999997 19120.51976 19044.44244 22662.73779 14756.66319 22606.828139999998 11148.910899999999 24323.07634 15553.39347 14976.15926 14455.92136 14378.90265 21059.63379 17952.03663 31567.572869999996 13460.06012 0 30894.93651 34110.58231 23583.100039999998 13490.71541 13233.32388 29409.29817 23356.4389 20632.52278 22664.872799999997 33264.41593 25303.54643 13879.21416 20138.49286 14109.69023 
9656.37016 28263.0956 23188.919030000005 18363.92713 17381.711300000003 16286.439460000001 23787.940440000002 23738.348700000002 23907.71186 39967.27212 27028.053 19753.87871 11476.08251 26777.688740000005 34755.46015 14453.874490000002 41493.89213 18530.463490000002 27059.91916 26719.860370000002 31049.96891 31745.692929999997 22957.948130000004 26330.836349999998 29602.696480000006 36470.99368 23742.471279999998 21929.81456 25167.802920000002 27208.967220000002 29267.452350000003 30367.632040000004 21125.492690000003 16939.34555 35119.1966 28336.65397 30894.936510000003 0 14882.991829999999 28174.879940000003 17404.221100000002 22180.89806 30199.4322 17855.0201 14299.110209999999 24141.5533 38204.73858 33210.338330000006 17165.83304 29196.409760000002 23642.363020000004 
24539.361989999998 37495.75609 28628.63218 29028.30668 31382.66735 29946.01111 28605.30058 28915.152520000003 9024.72003 31426.125419999997 28084.70105 24930.682530000002 16652.88633 30119.00056 35620.92840999999 29226.67834 34138.82388 23707.267310000003 32236.722980000002 19558.568659999997 34440.410780000006 32043.76764 35955.07113 11447.844519999999 37782.19693 37527.641729999996 33694.09149 32464.46864 25465.877630000003 21020.30872 34707.1655 24100.57501 25797.83002 26890.96576 28804.28452 30881.973390000003 34110.58231 14882.991829999999 0 20819.811690000002 32287.21293 22478.97277 34276.42054 23031.823920000003 29095.945480000002 27531.995170000002 36319.162840000005 27350.580259999995 22342.636860000002 14484.14307 31821.86347 
21827.36434 16675.9444 19909.230929999998 25252.52525 14102.0232 21797.53666 24490.79889 25183.08455 11795.09166 21818.827279999998 21730.16826 25559.60769 20314.48671 23498.00064 26524.76854 13721.00545 13319.012190000001 27368.86769 23164.55371 25424.87485 22654.12082 15139.54428 17053.28206 13361.57026 22123.26989 18625.85266 26710.587700000004 23009.225440000002 22920.00017 13132.86178 21145.31665 15542.14255 7049.38725 27813.201930000003 7984.47283 20826.66682 23583.10004 28174.879940000003 20819.811690000002 0 22607.00909 18364.47108 26990.613220000003 13959.65465 28533.93185 20246.187850000002 15499.35115 28587.693289999996 26004.237240000002 6335.66862 22909.49398 
27060.59126 29933.080650000004 18066.4112 30736.90539 23873.618929999997 28103.24252 6383.71934 27666.980600000003 25097.92872 22574.98324 29421.669800000003 25495.13935 28880.30361 20150.07494 29529.65307 14557.07203 29668.585260000003 33850.904859999995 24742.00377 23598.12883 34245.53361 17993.65025 5553.72703 35968.57935 25128.15442 21630.73719 23845.66882 23599.799610000002 25271.000460000003 22443.76068 11987.87788 12963.410940000002 21228.69023 17042.54309 29996.68877 23831.55135 13490.71541 17404.221100000002 32287.21293 22607.00909 0 12510.047149999999 33698.53112 33623.6512 31230.503960000002 27337.118000000002 31848.92422 15806.11723 27369.92957 28942.67771 23745.560559999998 
24761.346370000003 29675.689120000003 19951.93251 20236.66358 17036.005230000002 29609.259700000002 6126.32781 26897.32103 13454.25274 34315.08385 26149.21114 20944.03921 24733.52959 7640.02779 25287.11506 19333.74899 31683.48327 29639.16352 26446.239069999996 29843.91773 22601.857630000002 9564.79487 15815.62858 31726.04134 20885.61641 17388.19918 21855.53834 23342.40808 13627.324480000001 20849.77935 15570.56724 20252.52274 23862.340109999997 15052.41261 26348.943909999998 19043.42024 13233.32388 22180.89806 22478.97277 18364.47108 12510.047149999999 0 22437.867390000003 21979.97522 30973.11243 15693.442020000002 29756.6273 28316.164380000002 26922.3334 18886.40977 19983.31032 
20543.06204 34613.37332 21713.59494 29250.619010000002 23562.66791 13912.99274 28564.1952 19336.72364 25251.70051 22260.47394 21091.41284 27562.123929999998 19409.896159999997 30077.89518 27297.54877 27459.16323 36140.95876 23448.877330000003 22235.85763 26940.15936 13652.84098 17157.13739 29597.06061 32823.41285 32561.728499999997 31320.40977 33091.54704 28280.09228 25424.77225 27467.86407 23162.90976 20735.12018 32674.995619999994 26849.86038 33643.87251 28863.07629 29409.29817 30199.432200000003 34276.42054 26990.61322 33698.53112 22437.86739 0 13030.958569999999 20649.38793 6744.42537 20807.610650000002 29029.33995 25099.646689999998 27233.01316 26601.39504 
19127.04659 30635.599049999997 17208.913180000003 18754.357939999998 11401.705450000001 25558.391929999998 28106.30303 18641.20378 24793.80834 24909.65161 21930.90808 14656.73379 6378.93759 20797.682890000004 29658.31523 26315.65525 27278.66684 13433.31857 9204.89906 21622.71545 13194.94881 24183.23719 29721.597350000004 19792.45428 31587.56502 31373.84876 25645.59451 26452.70109 24966.880080000003 23084.45551 23287.446500000002 26412.71529 19644.03705 26391.96821 21944.12748 23239.50905 23356.4389 17855.0201 23031.82392 13959.65465 33623.6512 21979.97522 13030.958569999999 0 18821.99674 6286.5332 20349.71848 18140.7856 12068.688119999999 20295.32327 26143.50287 
13366.46449 13963.98539 26899.013360000004 13438.978439999999 21091.805630000003 6736.39519 24846.78462 13325.82428 27657.68627 29554.7477 27995.02964 20720.85535 12443.059150000001 26035.61423 35722.43679 18074.350100000003 41852.944039999995 19497.440130000003 28026.895800000002 20536.604330000002 32016.94555 26780.86002 35141.24325 31636.96975 28863.6489 36713.81385 20330.21501 7630.70435 28268.27269 29148.57707 30365.37223 28029.39394 24745.968300000004 27133.34074 22655.45696 22852.17693 20632.52278 14299.110209999999 29095.945480000002 28533.93185 31230.50396 30973.112429999997 20649.38793 18821.996740000002 0 25108.52994 39171.71522 28328.61593 6753.30862 22198.26323 27262.838630000006 
25413.57979 35590.91871 14969.169569999998 25040.89114 17688.23865 20657.41811 21819.76983 12737.62862 18507.275139999998 28966.55204 27797.49094 20817.69856 12665.47079 23333.469810000002 33185.33025 24386.77139 30725.5682 19719.85177 15491.43226 27909.24865 6908.41561 23901.56276 27481.85374 26078.98748 25817.30313 33081.6412 26908.56074 32739.23429 18680.34688 20723.4387 21047.702889999997 20126.18209 25930.570249999997 20105.43501 26899.447139999997 22263.98127 22664.872799999997 24141.5533 27531.99517 20246.18785 27337.118000000002 15693.44202 6744.42537 6286.5332 25108.52994 0 14063.18528 24427.3188 18355.22132 20488.58779 19856.96967 
37326.71549 32175.295550000003 29032.354849999996 39104.07642 29601.374350000002 34720.60339 35882.95511 26800.8139 27294.44281 36512.83324 35343.77214 31417.24169 26728.656069999997 37396.65509 41925.542069999996 29220.356600000003 16662.38292 33783.03705 29554.61754 40924.226 7154.76967 30638.89543 32552.63321 28860.92141 36416.84626 34125.20381 40971.74602 38508.576590000004 32743.532160000002 28632.21293 35110.88817 18885.51328 22548.738400000002 34168.62029 23483.82398 36326.01797 33264.41593 38204.73858 36319.162840000005 15499.35115 31848.92422 29756.6273 20807.61065 20349.71848 39171.71522 14063.18528 0 33216.02751 32418.4066 21835.01977 30456.5128 
37267.83219 27031.19262 24215.39211 35411.20981 29542.49105 31916.667389999995 22189.83657 22997.789429999997 29406.369209999997 6768.86601 24752.478629999998 26862.24264 23035.78946 35956.192169999995 23854.37135 20870.99607 31035.688550000003 30090.17044 8935.88654 7792.0116 31335.73441 30906.834739999995 21359.844259999998 26747.14691 31222.39847 31753.28723 33173.82873 20697.91158 36878.48238 21389.977899999998 24901.062369999996 14330.51423 26167.4992 32848.660319999995 24570.44358 32524.142079999998 25303.546429999995 33210.33833 27350.58026 28587.69329 15806.11723 28316.16438 29029.339949999998 18140.7856 28328.61593 24427.3188 33216.02751 0 28725.53999 32862.936830000006 25901.513750000002 
15393.22679 20717.294009999998 28406.54618 6685.66982 23118.56793 13489.703809999999 20986.21023 6572.51566 30879.35463 22801.43908 21241.72102 13967.546730000002 5689.75053 19282.30561 28969.12817 24827.65872 37981.259640000004 12744.13151 21273.58718 20933.52839 25263.636929999997 26474.19685 28387.93463 24883.66113 22110.34028 29960.505230000002 13576.90639 14384.01297 21514.96407 22395.268450000003 23612.06361 21276.085320000002 18954.849990000002 20380.03212 29408.76558 16098.868310000002 13879.21416 17165.833039999998 22342.63686 26004.237240000002 27369.92957 26922.3334 25099.646689999998 12068.688119999999 6753.30862 18355.221319999997 32418.406599999995 28725.539989999997 0 25419.93159 24788.31347 
22091.93734 23011.613019999997 25063.335189999998 18916.85663 20437.69182 15461.868040000001 25012.737579999997 18847.41593 5459.42304 28154.4959 28065.836880000003 19223.93907 26650.15533 26526.43756 31591.570760000002 14742.53527 19654.68081 27919.06338 28767.61466 27821.519740000003 25825.20388 21475.2129 23388.95068 19697.23888 24223.543640000004 24961.52128 20374.91908 25186.181020000004 21873.31463 19129.679210000002 27480.985269999997 18532.4226 13385.05587 23298.402759999997 14320.14145 27162.335440000003 20138.492860000002 29196.409760000002 14484.14307 6335.66862 28942.677710000004 18886.40977 27233.013160000002 20295.32327 22198.26323 20488.58779 21835.01977 32862.93683 25419.93159 0 18263.210180000002 
29364.72832 25965.41532 26837.42315 31473.98329 32644.630879999997 22734.65902 21216.6863 18215.79781 22797.14344 29198.31948 22979.75208 12262.51599 20540.31219 27623.33811 13328.36058 9188.48853 28276.17384 20957.6403 30477.350119999996 22267.473 26765.38528 23621.02307 25534.76085 33983.46543 5960.33346 21227.27646 25258.601130000003 19632.134280000002 20053.896780000003 12168.25613 20758.88983 11570.99952 15860.10673 23280.68501 29799.92112 17960.563430000002 14109.69023 23642.36302 31821.86347 22909.49398 23745.560559999998 19983.31032 26601.39504 26143.502869999997 27262.838630000002 19856.96967 30456.512799999997 25901.51375 24788.31347 18263.210180000002 0 
