16
Hogwarts Ilvermorny Hogsmeade Arda Rivendell Moira Mandos North Vale Dorne Westeros Pentos Braavos Valyria Ghis Soda
0 10.0 10.0 9.0 10.0 10.0 10.0 10.0 10.0 10.0 10.0 10.0 10.0 10.0 10.0 10.0 
10.0 0 2.0 1.0 2.0 2.0 2.0 2.0 2.0 2.0 2.0 2.0 2.0 2.0 2.0 10.0 
10.0 2.0 0 1.0 2.0 2.0 2.0 2.0 2.0 2.0 2.0 2.0 2.0 2.0 2.0 10.0 
9.0 1.0 1.0 0 1.0 1.0 1.0 1.0 1.0 1.0 1.0 1.0 1.0 1.0 1.0 9.0 
10.0 2.0 2.0 1.0 0 2.0 2.0 2.0 2.0 2.0 2.0 2.0 2.0 2.0 2.0 10.0 
10.0 2.0 2.0 1.0 2.0 0 2.0 2.0 2.0 2.0 2.0 2.0 2.0 2.0 2.0 10.0 
10.0 2.0 2.0 1.0 2.0 2.0 0 2.0 2.0 2.0 2.0 2.0 2.0 2.0 2.0 10.0 
10.0 2.0 2.0 1.0 2.0 2.0 2.0 0 2.0 2.0 2.0 2.0 2.0 2.0 2.0 10.0 
10.0 2.0 2.0 1.0 2.0 2.0 2.0 2.0 0 2.0 2.0 2.0 2.0 2.0 2.0 10.0 
10.0 2.0 2.0 1.0 2.0 2.0 2.0 2.0 2.0 0 2.0 2.0 2.0 2.0 2.0 10.0 
10.0 2.0 2.0 1.0 2.0 2.0 2.0 2.0 2.0 2.0 0 2.0 2.0 2.0 2.0 10.0 
10.0 2.0 2.0 1.0 2.0 2.0 2.0 2.0 2.0 2.0 2.0 0 2.0 2.0 2.0 10.0 
10.0 2.0 2.0 1.0 2.0 2.0 2.0 2.0 2.0 2.0 2.0 2.0 0 2.0 2.0 10.0 
10.0 2.0 2.0 1.0 2.0 2.0 2.0 2.0 2.0 2.0 2.0 2.0 2.0 0 2.0 10.0 
10.0 2.0 2.0 1.0 2.0 2.0 2.0 2.0 2.0 2.0 2.0 2.0 2.0 2.0 0 10.0 
10.0 10.0 10.0 9.0 10.0 10.0 10.0 10.0 10.0 10.0 10.0 10.0 10.0 10.0 10.0 0 
