51
h1 h2 h3 h4 h5 h6 h7 h8 h9 h10 h11 h12 h13 h14 h15 h16 h17 h18 h19 h20 h21 h22 h23 h24 h25 h26 h27 h28 h29 h30 h31 h32 h33 h34 h35 h36 h37 h38 h39 h40 h41 h42 h43 h44 h45 h46 h47 h48 h49 h50 h0
0 12.0 10.0 11.0 8.0 6.0 4.0 6.0 14.0 19.0 24.0 36.0 29.0 19.0 48.0 57.0 60.0 72.0 93.0 89.0 16.0 36.0 35.0 73.0 99.0 37.0 103.0 106.0 72.0 84.0 86.0 76.0 45.0 65.0 57.0 81.0 98.0 90.0 115.0 117.0 35.0 16.0 34.0 31.0 77.0 73.0 67.0 61.0 71.0 80.0 11.0 
12.0 0 22.0 23.0 20.0 18.0 16.0 18.0 26.0 31.0 36.0 43.0 41.0 22.0 60.0 59.0 50.0 60.0 81.0 77.0 4.0 24.0 39.0 61.0 87.0 25.0 91.0 94.0 60.0 88.0 90.0 80.0 49.0 69.0 45.0 69.0 86.0 86.0 103.0 105.0 23.0 20.0 38.0 35.0 65.0 61.0 55.0 49.0 61.0 68.0 15.0 
10.0 22.0 0 5.0 16.0 10.0 6.0 14.0 10.0 15.0 20.0 32.0 25.0 23.0 44.0 53.0 56.0 73.0 100.0 90.0 26.0 46.0 45.0 83.0 109.0 47.0 104.0 110.0 82.0 94.0 96.0 86.0 55.0 75.0 67.0 88.0 108.0 100.0 125.0 121.0 43.0 26.0 44.0 41.0 87.0 83.0 77.0 62.0 67.0 78.0 21.0 
11.0 23.0 5.0 0 11.0 5.0 11.0 9.0 15.0 20.0 25.0 37.0 30.0 28.0 49.0 58.0 61.0 78.0 104.0 95.0 27.0 47.0 42.0 84.0 110.0 48.0 109.0 115.0 83.0 91.0 93.0 83.0 52.0 72.0 68.0 92.0 109.0 97.0 126.0 126.0 46.0 23.0 41.0 38.0 88.0 84.0 78.0 67.0 72.0 83.0 18.0 
8.0 20.0 16.0 11.0 0 6.0 12.0 2.0 22.0 27.0 32.0 44.0 37.0 27.0 56.0 65.0 68.0 80.0 101.0 97.0 22.0 44.0 35.0 77.0 105.0 41.0 111.0 114.0 76.0 84.0 86.0 76.0 45.0 65.0 65.0 89.0 106.0 90.0 121.0 125.0 43.0 16.0 34.0 31.0 83.0 81.0 75.0 69.0 79.0 88.0 11.0 
6.0 18.0 10.0 5.0 6.0 0 7.0 4.0 20.0 25.0 30.0 42.0 35.0 25.0 54.0 63.0 66.0 78.0 99.0 95.0 22.0 42.0 37.0 79.0 105.0 43.0 109.0 112.0 78.0 86.0 88.0 78.0 47.0 67.0 63.0 87.0 104.0 92.0 121.0 123.0 41.0 18.0 36.0 33.0 83.0 79.0 73.0 67.0 77.0 86.0 13.0 
4.0 16.0 6.0 11.0 12.0 7.0 0 10.0 14.0 19.0 24.0 36.0 29.0 19.0 48.0 57.0 60.0 76.0 97.0 93.0 20.0 40.0 39.0 77.0 103.0 41.0 107.0 110.0 76.0 88.0 90.0 80.0 49.0 69.0 61.0 85.0 102.0 94.0 119.0 121.0 39.0 20.0 38.0 35.0 81.0 77.0 71.0 65.0 71.0 82.0 15.0 
6.0 18.0 14.0 9.0 2.0 4.0 10.0 0 20.0 25.0 30.0 42.0 35.0 25.0 54.0 63.0 66.0 78.0 99.0 95.0 20.0 42.0 33.0 75.0 103.0 39.0 109.0 112.0 74.0 82.0 84.0 74.0 43.0 63.0 63.0 87.0 104.0 88.0 119.0 123.0 41.0 14.0 32.0 29.0 81.0 79.0 73.0 67.0 77.0 86.0 9.0 
14.0 26.0 10.0 15.0 22.0 20.0 14.0 20.0 0 5.0 10.0 22.0 15.0 13.0 34.0 43.0 46.0 63.0 90.0 80.0 30.0 46.0 49.0 87.0 105.0 51.0 94.0 100.0 86.0 98.0 100.0 90.0 59.0 79.0 63.0 78.0 101.0 104.0 121.0 111.0 33.0 30.0 48.0 45.0 83.0 79.0 73.0 52.0 57.0 68.0 25.0 
19.0 31.0 15.0 20.0 27.0 25.0 19.0 25.0 5.0 0 8.0 20.0 10.0 18.0 29.0 41.0 44.0 61.0 88.0 78.0 35.0 45.0 54.0 92.0 103.0 56.0 92.0 98.0 91.0 103.0 105.0 95.0 64.0 84.0 61.0 76.0 99.0 109.0 119.0 109.0 32.0 35.0 53.0 50.0 81.0 77.0 71.0 50.0 55.0 66.0 30.0 
24.0 36.0 20.0 25.0 32.0 30.0 24.0 30.0 10.0 8.0 0 12.0 18.0 23.0 29.0 33.0 36.0 53.0 80.0 70.0 40.0 37.0 59.0 97.0 95.0 61.0 84.0 90.0 96.0 108.0 110.0 100.0 69.0 89.0 53.0 68.0 91.0 114.0 111.0 101.0 24.0 40.0 58.0 55.0 73.0 69.0 63.0 42.0 47.0 58.0 35.0 
36.0 43.0 32.0 37.0 44.0 42.0 36.0 42.0 22.0 20.0 12.0 0 21.0 35.0 17.0 21.0 29.0 49.0 76.0 66.0 47.0 33.0 71.0 104.0 91.0 68.0 80.0 86.0 103.0 120.0 122.0 112.0 81.0 101.0 49.0 64.0 87.0 126.0 107.0 97.0 20.0 52.0 70.0 67.0 69.0 65.0 59.0 38.0 39.0 50.0 47.0 
29.0 41.0 25.0 30.0 37.0 35.0 29.0 35.0 15.0 10.0 18.0 21.0 0 28.0 19.0 37.0 50.0 70.0 97.0 87.0 45.0 54.0 64.0 102.0 112.0 66.0 101.0 107.0 101.0 113.0 115.0 105.0 74.0 94.0 70.0 85.0 108.0 119.0 128.0 118.0 41.0 45.0 63.0 60.0 90.0 86.0 80.0 59.0 55.0 66.0 40.0 
19.0 22.0 23.0 28.0 27.0 25.0 19.0 25.0 13.0 18.0 23.0 35.0 28.0 0 47.0 56.0 47.0 57.0 84.0 74.0 26.0 33.0 54.0 83.0 96.0 47.0 88.0 94.0 82.0 103.0 105.0 95.0 64.0 84.0 54.0 72.0 95.0 108.0 112.0 105.0 20.0 35.0 53.0 50.0 74.0 70.0 64.0 46.0 58.0 65.0 30.0 
48.0 60.0 44.0 49.0 56.0 54.0 48.0 54.0 34.0 29.0 29.0 17.0 19.0 47.0 0 18.0 38.0 55.0 82.0 72.0 64.0 50.0 83.0 121.0 107.0 85.0 86.0 92.0 120.0 132.0 134.0 124.0 93.0 113.0 66.0 70.0 93.0 138.0 119.0 103.0 37.0 64.0 82.0 79.0 85.0 81.0 76.0 55.0 36.0 47.0 59.0 
57.0 59.0 53.0 58.0 65.0 63.0 57.0 63.0 43.0 41.0 33.0 21.0 37.0 56.0 18.0 0 20.0 37.0 64.0 54.0 63.0 49.0 92.0 120.0 89.0 84.0 68.0 74.0 119.0 141.0 143.0 133.0 102.0 122.0 57.0 52.0 75.0 145.0 101.0 85.0 36.0 73.0 91.0 88.0 67.0 63.0 66.0 46.0 18.0 29.0 68.0 
60.0 50.0 56.0 61.0 68.0 66.0 60.0 66.0 46.0 44.0 36.0 29.0 50.0 47.0 38.0 20.0 0 41.0 68.0 58.0 54.0 40.0 89.0 111.0 90.0 75.0 72.0 78.0 110.0 138.0 140.0 130.0 99.0 119.0 48.0 56.0 79.0 136.0 105.0 89.0 27.0 70.0 88.0 85.0 68.0 64.0 58.0 37.0 22.0 33.0 65.0 
72.0 60.0 73.0 78.0 80.0 78.0 76.0 78.0 63.0 61.0 53.0 49.0 70.0 57.0 55.0 37.0 41.0 0 27.0 17.0 64.0 50.0 99.0 98.0 52.0 72.0 31.0 37.0 97.0 139.0 139.0 137.0 109.0 129.0 39.0 15.0 38.0 123.0 64.0 48.0 37.0 80.0 98.0 95.0 30.0 26.0 29.0 31.0 20.0 8.0 75.0 
93.0 81.0 100.0 104.0 101.0 99.0 97.0 99.0 90.0 88.0 80.0 76.0 97.0 84.0 82.0 64.0 68.0 27.0 0 44.0 85.0 62.0 120.0 95.0 49.0 69.0 33.0 27.0 94.0 136.0 136.0 134.0 130.0 146.0 36.0 12.0 19.0 120.0 54.0 38.0 64.0 101.0 119.0 116.0 27.0 23.0 26.0 47.0 47.0 35.0 96.0 
89.0 77.0 90.0 95.0 97.0 95.0 93.0 95.0 80.0 78.0 70.0 66.0 87.0 74.0 72.0 54.0 58.0 17.0 44.0 0 81.0 67.0 116.0 115.0 69.0 89.0 14.0 20.0 114.0 156.0 156.0 154.0 126.0 146.0 56.0 32.0 28.0 140.0 47.0 31.0 54.0 97.0 115.0 112.0 47.0 43.0 46.0 48.0 37.0 25.0 92.0 
16.0 4.0 26.0 27.0 22.0 22.0 20.0 20.0 30.0 35.0 40.0 47.0 45.0 26.0 64.0 63.0 54.0 64.0 85.0 81.0 0 28.0 35.0 57.0 85.0 21.0 95.0 98.0 56.0 84.0 86.0 76.0 45.0 65.0 49.0 73.0 90.0 82.0 101.0 109.0 27.0 16.0 34.0 31.0 63.0 65.0 59.0 53.0 65.0 72.0 11.0 
36.0 24.0 46.0 47.0 44.0 42.0 40.0 42.0 46.0 45.0 37.0 33.0 54.0 33.0 50.0 49.0 40.0 50.0 62.0 67.0 28.0 0 63.0 85.0 68.0 49.0 81.0 75.0 84.0 112.0 114.0 104.0 73.0 93.0 26.0 50.0 67.0 110.0 84.0 86.0 13.0 44.0 62.0 59.0 46.0 42.0 36.0 37.0 51.0 58.0 39.0 
35.0 39.0 45.0 42.0 35.0 37.0 39.0 33.0 49.0 54.0 59.0 71.0 64.0 54.0 83.0 92.0 89.0 99.0 120.0 116.0 35.0 63.0 0 90.0 118.0 54.0 130.0 133.0 81.0 49.0 51.0 41.0 10.0 30.0 84.0 108.0 125.0 55.0 134.0 144.0 62.0 19.0 23.0 4.0 96.0 100.0 94.0 88.0 100.0 107.0 24.0 
73.0 61.0 83.0 84.0 77.0 79.0 77.0 75.0 87.0 92.0 97.0 104.0 102.0 83.0 121.0 120.0 111.0 98.0 95.0 115.0 57.0 85.0 90.0 0 90.0 36.0 111.0 105.0 21.0 56.0 56.0 54.0 86.0 66.0 88.0 83.0 97.0 40.0 106.0 116.0 84.0 71.0 89.0 86.0 68.0 72.0 78.0 99.0 118.0 106.0 66.0 
99.0 87.0 109.0 110.0 105.0 105.0 103.0 103.0 105.0 103.0 95.0 91.0 112.0 96.0 107.0 89.0 90.0 52.0 49.0 69.0 85.0 68.0 118.0 90.0 0 64.0 65.0 59.0 89.0 131.0 131.0 129.0 128.0 141.0 42.0 37.0 51.0 115.0 60.0 70.0 76.0 99.0 117.0 114.0 22.0 26.0 32.0 53.0 72.0 60.0 94.0 
37.0 25.0 47.0 48.0 41.0 43.0 41.0 39.0 51.0 56.0 61.0 68.0 66.0 47.0 85.0 84.0 75.0 72.0 69.0 89.0 21.0 49.0 54.0 36.0 64.0 0 85.0 79.0 35.0 77.0 77.0 75.0 64.0 84.0 62.0 57.0 71.0 61.0 80.0 90.0 48.0 35.0 53.0 50.0 42.0 46.0 52.0 73.0 86.0 80.0 30.0 
103.0 91.0 104.0 109.0 111.0 109.0 107.0 109.0 94.0 92.0 84.0 80.0 101.0 88.0 86.0 68.0 72.0 31.0 33.0 14.0 95.0 81.0 130.0 111.0 65.0 85.0 0 6.0 110.0 152.0 152.0 150.0 140.0 160.0 55.0 37.0 14.0 136.0 33.0 17.0 68.0 111.0 129.0 126.0 43.0 39.0 45.0 62.0 51.0 39.0 106.0 
106.0 94.0 110.0 115.0 114.0 112.0 110.0 112.0 100.0 98.0 90.0 86.0 107.0 94.0 92.0 74.0 78.0 37.0 27.0 20.0 98.0 75.0 133.0 105.0 59.0 79.0 6.0 0 104.0 146.0 146.0 144.0 143.0 156.0 49.0 31.0 8.0 130.0 27.0 11.0 74.0 114.0 132.0 129.0 37.0 33.0 39.0 60.0 57.0 45.0 109.0 
72.0 60.0 82.0 83.0 76.0 78.0 76.0 74.0 86.0 91.0 96.0 103.0 101.0 82.0 120.0 119.0 110.0 97.0 94.0 114.0 56.0 84.0 81.0 21.0 89.0 35.0 110.0 104.0 0 42.0 42.0 40.0 72.0 52.0 87.0 82.0 96.0 26.0 105.0 115.0 83.0 70.0 88.0 85.0 67.0 71.0 77.0 98.0 117.0 105.0 65.0 
84.0 88.0 94.0 91.0 84.0 86.0 88.0 82.0 98.0 103.0 108.0 120.0 113.0 103.0 132.0 141.0 138.0 139.0 136.0 156.0 84.0 112.0 49.0 56.0 131.0 77.0 152.0 146.0 42.0 0 12.0 8.0 40.0 20.0 129.0 124.0 138.0 16.0 147.0 157.0 111.0 68.0 72.0 53.0 109.0 113.0 119.0 137.0 149.0 147.0 73.0 
86.0 90.0 96.0 93.0 86.0 88.0 90.0 84.0 100.0 105.0 110.0 122.0 115.0 105.0 134.0 143.0 140.0 139.0 136.0 156.0 86.0 114.0 51.0 56.0 131.0 77.0 152.0 146.0 42.0 12.0 0 10.0 42.0 22.0 129.0 124.0 138.0 16.0 147.0 157.0 113.0 70.0 74.0 55.0 109.0 113.0 119.0 139.0 151.0 147.0 75.0 
76.0 80.0 86.0 83.0 76.0 78.0 80.0 74.0 90.0 95.0 100.0 112.0 105.0 95.0 124.0 133.0 130.0 137.0 134.0 154.0 76.0 104.0 41.0 54.0 129.0 75.0 150.0 144.0 40.0 8.0 10.0 0 32.0 12.0 125.0 122.0 136.0 14.0 145.0 155.0 103.0 60.0 64.0 45.0 107.0 111.0 117.0 129.0 141.0 145.0 65.0 
45.0 49.0 55.0 52.0 45.0 47.0 49.0 43.0 59.0 64.0 69.0 81.0 74.0 64.0 93.0 102.0 99.0 109.0 130.0 126.0 45.0 73.0 10.0 86.0 128.0 64.0 140.0 143.0 72.0 40.0 42.0 32.0 0 20.0 94.0 118.0 135.0 46.0 144.0 154.0 72.0 29.0 33.0 14.0 106.0 110.0 104.0 98.0 110.0 117.0 34.0 
65.0 69.0 75.0 72.0 65.0 67.0 69.0 63.0 79.0 84.0 89.0 101.0 94.0 84.0 113.0 122.0 119.0 129.0 146.0 146.0 65.0 93.0 30.0 66.0 141.0 84.0 160.0 156.0 52.0 20.0 22.0 12.0 20.0 0 114.0 134.0 148.0 26.0 157.0 167.0 92.0 49.0 53.0 34.0 119.0 123.0 124.0 118.0 130.0 137.0 54.0 
57.0 45.0 67.0 68.0 65.0 63.0 61.0 63.0 63.0 61.0 53.0 49.0 70.0 54.0 66.0 57.0 48.0 39.0 36.0 56.0 49.0 26.0 84.0 88.0 42.0 62.0 55.0 49.0 87.0 129.0 129.0 125.0 94.0 114.0 0 24.0 41.0 113.0 58.0 60.0 34.0 65.0 83.0 80.0 20.0 16.0 10.0 11.0 59.0 47.0 60.0 
81.0 69.0 88.0 92.0 89.0 87.0 85.0 87.0 78.0 76.0 68.0 64.0 85.0 72.0 70.0 52.0 56.0 15.0 12.0 32.0 73.0 50.0 108.0 83.0 37.0 57.0 37.0 31.0 82.0 124.0 124.0 122.0 118.0 134.0 24.0 0 23.0 108.0 53.0 42.0 52.0 89.0 107.0 104.0 15.0 11.0 14.0 35.0 35.0 23.0 84.0 
98.0 86.0 108.0 109.0 106.0 104.0 102.0 104.0 101.0 99.0 91.0 87.0 108.0 95.0 93.0 75.0 79.0 38.0 19.0 28.0 90.0 67.0 125.0 97.0 51.0 71.0 14.0 8.0 96.0 138.0 138.0 136.0 135.0 148.0 41.0 23.0 0 122.0 35.0 19.0 75.0 106.0 124.0 121.0 29.0 25.0 31.0 52.0 58.0 46.0 101.0 
90.0 86.0 100.0 97.0 90.0 92.0 94.0 88.0 104.0 109.0 114.0 126.0 119.0 108.0 138.0 145.0 136.0 123.0 120.0 140.0 82.0 110.0 55.0 40.0 115.0 61.0 136.0 130.0 26.0 16.0 16.0 14.0 46.0 26.0 113.0 108.0 122.0 0 131.0 141.0 109.0 74.0 78.0 59.0 93.0 97.0 103.0 124.0 143.0 131.0 79.0 
115.0 103.0 125.0 126.0 121.0 121.0 119.0 119.0 121.0 119.0 111.0 107.0 128.0 112.0 119.0 101.0 105.0 64.0 54.0 47.0 101.0 84.0 134.0 106.0 60.0 80.0 33.0 27.0 105.0 147.0 147.0 145.0 144.0 157.0 58.0 53.0 35.0 131.0 0 16.0 92.0 115.0 133.0 130.0 38.0 42.0 48.0 69.0 84.0 72.0 110.0 
117.0 105.0 121.0 126.0 125.0 123.0 121.0 123.0 111.0 109.0 101.0 97.0 118.0 105.0 103.0 85.0 89.0 48.0 38.0 31.0 109.0 86.0 144.0 116.0 70.0 90.0 17.0 11.0 115.0 157.0 157.0 155.0 154.0 167.0 60.0 42.0 19.0 141.0 16.0 0 85.0 125.0 143.0 140.0 48.0 44.0 50.0 71.0 68.0 56.0 120.0 
35.0 23.0 43.0 46.0 43.0 41.0 39.0 41.0 33.0 32.0 24.0 20.0 41.0 20.0 37.0 36.0 27.0 37.0 64.0 54.0 27.0 13.0 62.0 84.0 76.0 48.0 68.0 74.0 83.0 111.0 113.0 103.0 72.0 92.0 34.0 52.0 75.0 109.0 92.0 85.0 0 43.0 61.0 58.0 54.0 50.0 44.0 26.0 38.0 45.0 38.0 
16.0 20.0 26.0 23.0 16.0 18.0 20.0 14.0 30.0 35.0 40.0 52.0 45.0 35.0 64.0 73.0 70.0 80.0 101.0 97.0 16.0 44.0 19.0 71.0 99.0 35.0 111.0 114.0 70.0 68.0 70.0 60.0 29.0 49.0 65.0 89.0 106.0 74.0 115.0 125.0 43.0 0 18.0 15.0 77.0 81.0 75.0 69.0 81.0 88.0 5.0 
34.0 38.0 44.0 41.0 34.0 36.0 38.0 32.0 48.0 53.0 58.0 70.0 63.0 53.0 82.0 91.0 88.0 98.0 119.0 115.0 34.0 62.0 23.0 89.0 117.0 53.0 129.0 132.0 88.0 72.0 74.0 64.0 33.0 53.0 83.0 107.0 124.0 78.0 133.0 143.0 61.0 18.0 0 19.0 95.0 99.0 93.0 87.0 99.0 106.0 23.0 
31.0 35.0 41.0 38.0 31.0 33.0 35.0 29.0 45.0 50.0 55.0 67.0 60.0 50.0 79.0 88.0 85.0 95.0 116.0 112.0 31.0 59.0 4.0 86.0 114.0 50.0 126.0 129.0 85.0 53.0 55.0 45.0 14.0 34.0 80.0 104.0 121.0 59.0 130.0 140.0 58.0 15.0 19.0 0 92.0 96.0 90.0 84.0 96.0 103.0 20.0 
77.0 65.0 87.0 88.0 83.0 83.0 81.0 81.0 83.0 81.0 73.0 69.0 90.0 74.0 85.0 67.0 68.0 30.0 27.0 47.0 63.0 46.0 96.0 68.0 22.0 42.0 43.0 37.0 67.0 109.0 109.0 107.0 106.0 119.0 20.0 15.0 29.0 93.0 38.0 48.0 54.0 77.0 95.0 92.0 0 4.0 10.0 31.0 50.0 38.0 72.0 
73.0 61.0 83.0 84.0 81.0 79.0 77.0 79.0 79.0 77.0 69.0 65.0 86.0 70.0 81.0 63.0 64.0 26.0 23.0 43.0 65.0 42.0 100.0 72.0 26.0 46.0 39.0 33.0 71.0 113.0 113.0 111.0 110.0 123.0 16.0 11.0 25.0 97.0 42.0 44.0 50.0 81.0 99.0 96.0 4.0 0 6.0 27.0 46.0 34.0 76.0 
67.0 55.0 77.0 78.0 75.0 73.0 71.0 73.0 73.0 71.0 63.0 59.0 80.0 64.0 76.0 66.0 58.0 29.0 26.0 46.0 59.0 36.0 94.0 78.0 32.0 52.0 45.0 39.0 77.0 119.0 119.0 117.0 104.0 124.0 10.0 14.0 31.0 103.0 48.0 50.0 44.0 75.0 93.0 90.0 10.0 6.0 0 21.0 49.0 37.0 70.0 
61.0 49.0 62.0 67.0 69.0 67.0 65.0 67.0 52.0 50.0 42.0 38.0 59.0 46.0 55.0 46.0 37.0 31.0 47.0 48.0 53.0 37.0 88.0 99.0 53.0 73.0 62.0 60.0 98.0 137.0 139.0 129.0 98.0 118.0 11.0 35.0 52.0 124.0 69.0 71.0 26.0 69.0 87.0 84.0 31.0 27.0 21.0 0 48.0 39.0 64.0 
71.0 61.0 67.0 72.0 79.0 77.0 71.0 77.0 57.0 55.0 47.0 39.0 55.0 58.0 36.0 18.0 22.0 20.0 47.0 37.0 65.0 51.0 100.0 118.0 72.0 86.0 51.0 57.0 117.0 149.0 151.0 141.0 110.0 130.0 59.0 35.0 58.0 143.0 84.0 68.0 38.0 81.0 99.0 96.0 50.0 46.0 49.0 48.0 0 12.0 76.0 
80.0 68.0 78.0 83.0 88.0 86.0 82.0 86.0 68.0 66.0 58.0 50.0 66.0 65.0 47.0 29.0 33.0 8.0 35.0 25.0 72.0 58.0 107.0 106.0 60.0 80.0 39.0 45.0 105.0 147.0 147.0 145.0 117.0 137.0 47.0 23.0 46.0 131.0 72.0 56.0 45.0 88.0 106.0 103.0 38.0 34.0 37.0 39.0 12.0 0 83.0 
11.0 15.0 21.0 18.0 11.0 13.0 15.0 9.0 25.0 30.0 35.0 47.0 40.0 30.0 59.0 68.0 65.0 75.0 96.0 92.0 11.0 39.0 24.0 66.0 94.0 30.0 106.0 109.0 65.0 73.0 75.0 65.0 34.0 54.0 60.0 84.0 101.0 79.0 110.0 120.0 38.0 5.0 23.0 20.0 72.0 76.0 70.0 64.0 76.0 83.0 0 
