50
shy swear dough pain buffet linger circulation class nationalist tool honor prison imposter guarantee exclusive other rob sunrise voice winner vegetarian tolerate lake headline throne seize glasses paper tablet legislation enter enhance quality injury bitter dip page mystery figure autonomy likely demand output thumb cigarette brake financial title king sign pace
0 2 3 2 3 3 3 3 1 3 2 2 2 3 3 3 2 2 3 4 2 3 2 2 1 2 2 3 1 2 3 3 2 1 3 2 2 2 2 3 2 2 3 2 2 3 3 1 3 2 2 
2 0 2 2 2 3 2 2 3 3 2 3 2 3 1 1 2 2 2 3 3 3 3 2 3 3 2 2 1 3 4 2 2 3 3 2 2 3 3 3 3 3 2 3 2 2 1 2 3 2 3 
3 2 0 2 3 1 2 3 3 1 4 3 3 3 3 3 3 3 2 3 2 2 3 3 3 3 2 3 3 2 2 1 3 3 3 3 4 3 4 3 2 3 3 2 3 3 1 2 4 3 3 
2 2 2 0 2 3 1 1 3 2 2 2 1 3 2 2 2 3 4 4 3 2 3 3 2 2 3 2 3 2 3 1 2 1 3 3 2 2 2 3 2 1 2 2 2 3 3 2 3 2 3 
3 2 3 2 0 4 3 2 3 3 2 3 2 1 1 2 3 3 4 5 4 3 3 2 3 3 4 3 3 2 4 2 2 3 2 2 2 3 3 4 3 3 3 2 4 2 3 2 2 2 3 
3 3 1 3 4 0 3 2 4 2 3 2 3 4 3 4 3 3 3 3 1 3 4 3 2 3 3 2 2 3 3 2 3 3 3 4 3 2 3 4 3 3 4 3 2 2 2 3 3 3 3 
3 2 2 1 3 3 0 2 3 1 2 2 2 3 2 3 1 2 3 3 3 3 2 2 2 3 2 2 2 3 3 2 3 2 2 3 3 2 3 2 3 2 1 2 3 3 3 2 3 2 2 
3 2 3 1 2 2 2 0 3 3 2 3 1 3 1 3 3 3 4 4 3 2 3 3 2 3 2 2 2 2 3 2 3 2 3 2 3 2 3 3 3 2 2 3 3 2 3 3 3 1 3 
1 3 3 3 3 4 3 3 0 3 1 2 3 3 2 3 2 3 3 4 3 3 3 3 2 3 3 3 2 3 4 2 3 2 3 1 3 3 3 3 3 3 2 1 3 3 3 2 3 3 2 
3 3 1 2 3 2 1 3 3 0 3 2 3 2 3 3 2 3 3 2 3 3 3 3 2 2 1 3 3 3 3 2 3 2 3 2 3 3 3 2 2 3 2 3 3 2 2 2 3 3 3 
2 2 4 2 2 3 2 2 1 3 0 2 2 3 1 3 1 2 2 4 4 3 2 2 3 3 2 2 2 2 4 3 3 1 2 2 3 3 3 3 3 3 3 2 3 3 3 2 2 2 1 
2 3 3 2 3 2 2 3 2 2 2 0 2 2 2 3 3 2 3 2 2 2 2 3 2 3 3 2 2 3 3 2 3 1 3 3 3 2 3 3 2 2 2 1 1 3 2 1 3 2 2 
2 2 3 1 2 3 2 1 3 3 2 2 0 2 2 3 3 2 4 3 2 3 2 3 1 3 3 1 2 3 3 2 2 2 3 3 2 2 3 4 3 2 3 2 3 3 3 2 2 2 3 
3 3 3 3 1 4 3 3 3 2 3 2 2 0 2 2 2 2 3 4 4 3 3 3 3 2 3 3 2 2 5 3 2 3 1 3 2 4 3 4 2 3 3 2 3 3 3 3 1 3 2 
3 1 3 2 1 3 2 1 2 3 1 2 2 2 0 2 2 3 3 4 3 2 3 3 2 3 3 3 2 2 4 3 3 2 3 1 3 3 2 4 4 3 3 3 3 3 2 2 3 1 2 
3 1 3 2 2 4 3 3 3 3 3 3 3 2 2 0 3 3 3 4 3 3 3 3 2 2 3 3 2 2 3 3 3 3 3 3 2 2 4 4 4 3 3 2 3 3 2 3 3 3 4 
2 2 3 2 3 3 1 3 2 2 1 3 3 2 2 3 0 3 3 4 3 3 1 1 2 3 3 3 1 2 4 3 2 2 1 3 2 3 4 3 3 3 2 3 2 3 3 2 3 3 2 
2 2 3 3 3 3 2 3 3 3 2 2 2 2 3 3 3 0 3 3 4 3 2 2 3 1 3 2 2 2 3 3 2 3 3 3 2 3 3 3 2 2 3 3 3 3 3 1 3 2 2 
3 2 2 4 4 3 3 4 3 3 2 3 4 3 3 3 3 3 0 3 4 3 3 3 3 3 4 4 3 4 4 3 3 3 3 3 3 4 4 4 3 4 3 4 4 4 1 3 2 3 1 
4 3 3 4 5 3 3 4 4 2 4 2 3 4 4 4 4 3 3 0 2 2 4 4 3 4 3 3 4 3 5 3 4 3 3 4 5 4 3 4 4 4 4 3 3 4 2 3 3 3 3 
2 3 2 3 4 1 3 3 3 3 4 2 2 4 3 3 3 4 4 2 0 2 4 3 1 3 4 3 2 3 3 3 2 3 4 3 3 2 4 4 4 2 4 3 1 3 3 3 3 3 3 
3 3 2 2 3 3 3 2 3 3 3 2 3 3 2 3 3 3 3 2 2 0 4 3 3 3 3 3 2 1 4 1 3 2 2 3 3 3 3 4 2 2 3 2 1 3 2 3 3 1 3 
2 3 3 3 3 4 2 3 3 3 2 2 2 3 3 3 1 2 3 4 4 4 0 2 3 2 3 3 2 3 3 3 2 2 2 2 1 3 4 3 3 2 2 3 3 3 2 1 4 3 3 
2 2 3 3 2 3 2 3 3 3 2 3 3 3 3 3 1 2 3 4 3 3 2 0 2 2 3 3 2 3 4 2 1 3 2 3 2 3 3 3 2 3 3 3 3 2 3 3 3 3 2 
1 3 3 2 3 2 2 2 2 2 3 2 1 3 2 2 2 3 3 3 1 3 3 2 0 2 3 2 2 3 2 3 1 2 3 2 2 1 3 3 3 2 3 3 2 2 3 2 2 2 2 
2 3 3 2 3 3 3 3 3 2 3 3 3 2 3 2 3 1 3 4 3 3 2 2 2 0 3 2 3 3 3 3 2 2 3 2 2 2 2 3 2 1 2 3 2 3 2 2 2 3 2 
2 2 2 3 4 3 2 2 3 1 2 3 3 3 3 3 3 3 4 3 4 3 3 3 3 3 0 2 3 2 2 3 3 3 3 3 4 3 3 1 3 3 1 2 4 3 3 2 3 3 3 
3 2 3 2 3 2 2 2 3 3 2 2 1 3 3 3 3 2 4 3 3 3 3 3 2 2 2 0 2 3 2 3 3 3 3 3 3 1 2 3 3 2 2 3 3 3 3 2 3 2 3 
1 1 3 3 3 2 2 2 2 3 2 2 2 2 2 2 1 2 3 4 2 2 2 2 2 3 3 2 0 3 3 3 3 2 2 3 3 2 3 4 3 2 3 2 1 3 2 1 3 3 3 
2 3 2 2 2 3 3 2 3 3 2 3 3 2 2 2 2 2 4 3 3 1 3 3 3 3 2 3 3 0 4 1 4 2 1 3 4 3 3 3 2 3 3 2 2 3 3 3 3 1 3 
3 4 2 3 4 3 3 3 4 3 4 3 3 5 4 3 4 3 4 5 3 4 3 4 2 3 2 2 3 4 0 3 3 3 4 4 3 1 3 1 4 2 2 3 3 3 3 2 4 4 4 
3 2 1 1 2 2 2 2 2 2 3 2 2 3 3 3 3 3 3 3 3 1 3 2 3 3 3 3 3 1 3 0 3 2 2 3 3 3 3 3 1 2 2 1 2 2 2 2 3 2 3 
2 2 3 2 2 3 3 3 3 3 3 3 2 2 3 3 2 2 3 4 2 3 2 1 1 2 3 3 3 4 3 3 0 3 3 2 2 2 4 3 3 3 2 3 3 3 2 3 3 3 3 
1 3 3 1 3 3 2 2 2 2 1 1 2 3 2 3 2 3 3 3 3 2 2 3 2 2 3 3 2 2 3 2 3 0 3 3 3 3 3 3 3 2 2 2 2 3 3 2 3 1 2 
3 3 3 3 2 3 2 3 3 3 2 3 3 1 3 3 1 3 3 3 4 2 2 2 3 3 3 3 2 1 4 2 3 3 0 4 3 3 3 4 3 3 3 3 3 4 2 2 2 2 2 
2 2 3 3 2 4 3 2 1 2 2 3 3 3 1 3 3 3 3 4 3 3 2 3 2 2 3 3 3 3 4 3 2 3 4 0 3 3 3 3 3 2 2 2 3 2 2 2 3 2 3 
2 2 4 2 2 3 3 3 3 3 3 3 2 2 3 2 2 2 3 5 3 3 1 2 2 2 4 3 3 4 3 3 2 3 3 3 0 2 4 4 2 1 3 4 2 3 3 2 3 3 2 
2 3 3 2 3 2 2 2 3 3 3 2 2 4 3 2 3 3 4 4 2 3 3 3 1 2 3 1 2 3 1 3 2 3 3 3 2 0 2 2 3 1 3 3 2 2 4 2 3 3 3 
2 3 4 2 3 3 3 3 3 3 3 3 3 3 2 4 4 3 4 3 4 3 4 3 3 2 3 2 3 3 3 3 4 3 3 3 4 2 0 3 3 3 3 2 4 3 3 3 2 2 3 
3 3 3 3 4 4 2 3 3 2 3 3 4 4 4 4 3 3 4 4 4 4 3 3 3 3 1 3 4 3 1 3 3 3 4 3 4 2 3 0 3 3 1 2 4 4 3 3 4 4 4 
2 3 2 2 3 3 3 3 3 2 3 2 3 2 4 4 3 2 3 4 4 2 3 2 3 2 3 3 3 2 4 1 3 3 3 3 2 3 3 3 0 3 3 2 3 3 3 3 3 3 2 
2 3 3 1 3 3 2 2 3 3 3 2 2 3 3 3 3 2 4 4 2 2 2 3 2 1 3 2 2 3 2 2 3 2 3 2 1 1 3 3 3 0 3 3 1 3 3 1 3 3 3 
3 2 3 2 3 4 1 2 2 2 3 2 3 3 3 3 2 3 3 4 4 3 2 3 3 2 1 2 3 3 2 2 2 2 3 2 3 3 3 1 3 3 0 1 3 4 2 3 3 3 3 
2 3 2 2 2 3 2 3 1 3 2 1 2 2 3 2 3 3 4 3 3 2 3 3 3 3 2 3 2 2 3 1 3 2 3 2 4 3 2 2 2 3 1 0 2 3 3 2 2 2 3 
2 2 3 2 4 2 3 3 3 3 3 1 3 3 3 3 2 3 4 3 1 1 3 3 2 2 4 3 1 2 3 2 3 2 3 3 2 2 4 4 3 1 3 2 0 4 3 2 4 2 3 
3 2 3 3 2 2 3 2 3 2 3 3 3 3 3 3 3 3 4 4 3 3 3 2 2 3 3 3 3 3 3 2 3 3 4 2 3 2 3 4 3 3 4 3 4 0 3 2 3 3 3 
3 1 1 3 3 2 3 3 3 2 3 2 3 3 2 2 3 3 1 2 3 2 2 3 3 2 3 3 2 3 3 2 2 3 2 2 3 4 3 3 3 3 2 3 3 3 0 2 3 2 2 
1 2 2 2 2 3 2 3 2 2 2 1 2 3 2 3 2 1 3 3 3 3 1 3 2 2 2 2 1 3 2 2 3 2 2 2 2 2 3 3 3 1 3 2 2 2 2 0 3 2 2 
3 3 4 3 2 3 3 3 3 3 2 3 2 1 3 3 3 3 2 3 3 3 4 3 2 2 3 3 3 3 4 3 3 3 2 3 3 3 2 4 3 3 3 2 4 3 3 3 0 2 1 
2 2 3 2 2 3 2 1 3 3 2 2 2 3 1 3 3 2 3 3 3 1 3 3 2 3 3 2 3 1 4 2 3 1 2 2 3 3 2 4 3 3 3 2 2 3 2 2 2 0 2 
2 3 3 3 3 3 2 3 2 3 1 2 3 2 2 4 2 2 1 3 3 3 3 2 2 2 3 3 3 3 4 3 3 2 2 3 2 3 3 4 2 3 3 3 3 3 2 2 1 2 0 
