101
pLg86 p4kTx kNG2j aWuHk uPUO1 4AhmX bMhFI 7kY28 HOuAL Zok18 Zxvdf cu5FB 0moVI VG4na UqGfS xKTIz z82fM iIQll NqBQW OWqP4 URrao DuU0x zrVPv WVEjT DaieK RN9nS R6NzB TzGS5 Pk19A 4Tt2a 5h4rt SEkfX 4jcrD cC0Rg vfAR8 gNinx Q8lcd iHR3J GxQg8 HAKlt 2LhKB fExZu jesVt 4PXv9 O8CwF CHx6u fWz4T BIY9X 9tf0w H1xt8 1gvq4 J0OP0 bW6Ms lJnz7 mdIe6 1VA1I X2hjX SxklZ aegld AwFdf eVDVP ox9Gx VESmp iKwe0 v7hOX p3gJd Ia6ul E6pda 0F8yg acHTt iimZq 6owsT wnnBN UbqWX Vg6Sz 5EAEu zcuSA cpzS8 IOpdQ Lusir iqOI4 BaYb3 EgumV Ssao4 rH3nx 8Qx0C TlJnt wedr3 69WZh ED9em fiXIW gpbSj DmTRc 2GCiD v9joy iaaYU Agb0E lF8gH Cg1yP u60s4 HAZtD
0 323.0 217.0 148.0 167.0 215.0 319.0 21.0 377.0 103.0 155.0 240.0 154.0 315.0 199.0 474.0 240.0 258.0 185.0 144.0 30.0 384.0 218.0 257.0 154.0 174.0 185.0 372.0 179.0 334.0 256.0 299.0 246.0 113.0 213.0 279.0 222.0 218.0 217.0 159.0 462.0 188.0 203.0 450.0 148.0 309.0 243.0 390.0 403.0 355.0 166.0 216.0 222.0 174.0 201.0 74.0 243.0 93.0 218.0 173.0 243.0 193.0 171.0 218.0 203.0 138.0 232.0 394.0 91.0 157.0 141.0 164.0 289.0 298.0 255.0 204.0 77.0 148.0 48.0 200.0 147.0 53.0 239.0 217.0 153.0 171.0 195.0 232.0 194.0 207.0 50.0 89.0 195.0 201.0 283.0 304.0 282.0 328.0 229.0 77.0 314.0 
323.0 0 394.0 339.0 358.0 314.0 146.0 302.0 194.0 320.0 396.0 339.0 169.0 458.0 390.0 301.0 431.0 65.0 436.0 237.0 311.0 351.0 335.0 448.0 345.0 365.0 240.0 427.0 184.0 525.0 447.0 466.0 169.0 354.0 404.0 116.0 155.0 273.0 408.0 164.0 429.0 379.0 302.0 641.0 339.0 126.0 298.0 357.0 220.0 288.0 357.0 407.0 413.0 365.0 318.0 291.0 434.0 230.0 363.0 364.0 356.0 340.0 308.0 409.0 376.0 329.0 345.0 361.0 324.0 348.0 182.0 205.0 480.0 115.0 68.0 321.0 338.0 339.0 275.0 391.0 338.0 270.0 318.0 408.0 344.0 250.0 386.0 349.0 311.0 398.0 331.0 330.0 200.0 258.0 112.0 121.0 429.0 155.0 420.0 318.0 505.0 
217.0 394.0 0 89.0 108.0 156.0 318.0 226.0 376.0 308.0 218.0 181.0 359.0 192.0 140.0 473.0 181.0 329.0 186.0 349.0 235.0 589.0 159.0 128.0 95.0 115.0 154.0 259.0 384.0 275.0 197.0 170.0 245.0 104.0 154.0 278.0 419.0 139.0 158.0 364.0 667.0 59.0 144.0 391.0 89.0 308.0 96.0 595.0 402.0 552.0 107.0 157.0 163.0 115.0 142.0 279.0 184.0 298.0 159.0 44.0 184.0 134.0 376.0 159.0 74.0 79.0 173.0 577.0 164.0 60.0 346.0 369.0 230.0 297.0 332.0 217.0 178.0 69.0 253.0 141.0 88.0 258.0 76.0 158.0 94.0 376.0 136.0 173.0 135.0 148.0 255.0 128.0 194.0 202.0 282.0 303.0 159.0 327.0 170.0 140.0 255.0 
148.0 339.0 89.0 0 39.0 87.0 263.0 157.0 321.0 239.0 149.0 112.0 290.0 187.0 61.0 418.0 92.0 274.0 107.0 280.0 166.0 520.0 90.0 129.0 26.0 26.0 129.0 294.0 315.0 196.0 108.0 171.0 190.0 35.0 65.0 223.0 358.0 162.0 69.0 295.0 598.0 60.0 75.0 312.0 6.0 253.0 131.0 526.0 347.0 491.0 18.0 68.0 74.0 26.0 73.0 210.0 105.0 229.0 76.0 45.0 115.0 65.0 307.0 70.0 75.0 10.0 104.0 522.0 95.0 29.0 277.0 300.0 141.0 242.0 277.0 148.0 109.0 20.0 184.0 52.0 9.0 189.0 111.0 79.0 25.0 307.0 53.0 104.0 66.0 59.0 186.0 59.0 139.0 145.0 227.0 248.0 154.0 272.0 81.0 71.0 166.0 
167.0 358.0 108.0 39.0 0 106.0 282.0 176.0 340.0 258.0 168.0 131.0 309.0 206.0 90.0 437.0 131.0 293.0 136.0 299.0 185.0 539.0 109.0 148.0 13.0 65.0 148.0 313.0 334.0 225.0 147.0 190.0 209.0 54.0 104.0 242.0 377.0 181.0 108.0 314.0 617.0 79.0 94.0 341.0 33.0 272.0 150.0 545.0 366.0 510.0 57.0 107.0 113.0 65.0 92.0 229.0 134.0 248.0 103.0 64.0 134.0 84.0 326.0 109.0 94.0 29.0 123.0 541.0 114.0 48.0 296.0 319.0 180.0 261.0 296.0 167.0 128.0 39.0 203.0 91.0 38.0 208.0 130.0 108.0 44.0 326.0 80.0 123.0 85.0 98.0 205.0 78.0 158.0 164.0 246.0 267.0 173.0 291.0 120.0 90.0 205.0 
215.0 314.0 156.0 87.0 106.0 0 238.0 224.0 296.0 306.0 216.0 25.0 353.0 172.0 138.0 393.0 179.0 249.0 184.0 347.0 233.0 535.0 45.0 170.0 93.0 113.0 104.0 291.0 368.0 273.0 195.0 176.0 165.0 102.0 152.0 198.0 339.0 119.0 126.0 348.0 613.0 101.0 12.0 389.0 87.0 228.0 162.0 541.0 322.0 472.0 75.0 155.0 161.0 83.0 28.0 277.0 182.0 296.0 49.0 112.0 70.0 50.0 374.0 157.0 86.0 77.0 59.0 497.0 162.0 96.0 344.0 367.0 228.0 217.0 252.0 185.0 176.0 87.0 251.0 139.0 86.0 256.0 142.0 156.0 62.0 374.0 134.0 59.0 21.0 146.0 253.0 126.0 114.0 122.0 202.0 223.0 139.0 247.0 168.0 138.0 253.0 
319.0 146.0 318.0 263.0 282.0 238.0 0 318.0 92.0 336.0 320.0 263.0 185.0 382.0 314.0 155.0 355.0 81.0 360.0 253.0 327.0 315.0 259.0 372.0 269.0 289.0 164.0 351.0 200.0 449.0 371.0 390.0 175.0 278.0 328.0 50.0 171.0 197.0 332.0 180.0 393.0 303.0 226.0 565.0 263.0 20.0 222.0 321.0 118.0 304.0 281.0 331.0 337.0 289.0 242.0 307.0 358.0 246.0 287.0 288.0 280.0 264.0 324.0 333.0 300.0 253.0 269.0 259.0 248.0 272.0 198.0 221.0 404.0 49.0 84.0 245.0 262.0 263.0 291.0 315.0 262.0 286.0 242.0 332.0 268.0 266.0 310.0 273.0 235.0 322.0 347.0 254.0 124.0 182.0 46.0 55.0 353.0 9.0 344.0 242.0 429.0 
21.0 302.0 226.0 157.0 176.0 224.0 318.0 0 366.0 82.0 164.0 249.0 133.0 324.0 208.0 473.0 249.0 237.0 194.0 123.0 9.0 363.0 227.0 266.0 163.0 183.0 194.0 381.0 158.0 343.0 265.0 308.0 255.0 122.0 222.0 288.0 201.0 227.0 226.0 138.0 441.0 197.0 212.0 459.0 157.0 298.0 252.0 369.0 392.0 334.0 175.0 225.0 231.0 183.0 210.0 53.0 252.0 72.0 227.0 182.0 252.0 202.0 150.0 227.0 212.0 147.0 241.0 373.0 100.0 166.0 120.0 143.0 298.0 287.0 234.0 213.0 86.0 157.0 27.0 209.0 156.0 32.0 248.0 226.0 162.0 150.0 204.0 241.0 203.0 216.0 29.0 98.0 204.0 210.0 284.0 293.0 291.0 327.0 238.0 86.0 323.0 
377.0 194.0 376.0 321.0 340.0 296.0 92.0 366.0 0 384.0 378.0 321.0 233.0 440.0 372.0 211.0 413.0 129.0 418.0 301.0 375.0 371.0 317.0 430.0 327.0 347.0 222.0 409.0 248.0 507.0 429.0 448.0 233.0 336.0 386.0 98.0 219.0 255.0 390.0 228.0 449.0 361.0 284.0 623.0 321.0 72.0 280.0 377.0 166.0 352.0 339.0 389.0 395.0 347.0 300.0 355.0 416.0 294.0 345.0 346.0 338.0 322.0 372.0 391.0 358.0 311.0 327.0 315.0 306.0 330.0 246.0 269.0 462.0 97.0 132.0 303.0 320.0 321.0 339.0 373.0 320.0 334.0 300.0 390.0 326.0 314.0 368.0 331.0 293.0 380.0 395.0 312.0 182.0 240.0 94.0 103.0 411.0 101.0 402.0 300.0 487.0 
103.0 320.0 308.0 239.0 258.0 306.0 336.0 82.0 384.0 0 246.0 331.0 151.0 406.0 290.0 491.0 331.0 255.0 276.0 153.0 91.0 381.0 309.0 348.0 245.0 265.0 276.0 463.0 176.0 425.0 347.0 390.0 337.0 204.0 304.0 306.0 219.0 309.0 308.0 156.0 459.0 279.0 294.0 541.0 239.0 316.0 334.0 387.0 410.0 352.0 257.0 307.0 313.0 265.0 292.0 29.0 334.0 90.0 309.0 264.0 334.0 284.0 168.0 309.0 294.0 229.0 323.0 391.0 182.0 248.0 164.0 185.0 380.0 305.0 252.0 295.0 168.0 239.0 55.0 291.0 238.0 50.0 330.0 308.0 244.0 232.0 286.0 323.0 285.0 298.0 111.0 180.0 286.0 292.0 302.0 311.0 373.0 345.0 320.0 168.0 405.0 
155.0 396.0 218.0 149.0 168.0 216.0 320.0 164.0 378.0 246.0 0 241.0 297.0 316.0 200.0 475.0 241.0 331.0 246.0 287.0 173.0 527.0 219.0 258.0 155.0 175.0 186.0 373.0 322.0 335.0 257.0 300.0 247.0 114.0 214.0 280.0 365.0 219.0 218.0 302.0 605.0 189.0 204.0 451.0 149.0 310.0 244.0 533.0 404.0 498.0 167.0 217.0 223.0 175.0 202.0 217.0 244.0 236.0 219.0 174.0 244.0 194.0 314.0 219.0 204.0 139.0 233.0 537.0 152.0 158.0 284.0 307.0 290.0 299.0 334.0 205.0 166.0 149.0 191.0 201.0 148.0 196.0 240.0 218.0 154.0 314.0 196.0 233.0 195.0 208.0 193.0 90.0 196.0 202.0 284.0 305.0 283.0 329.0 230.0 78.0 315.0 
240.0 339.0 181.0 112.0 131.0 25.0 263.0 249.0 321.0 331.0 241.0 0 378.0 197.0 163.0 418.0 204.0 274.0 209.0 372.0 258.0 560.0 70.0 195.0 118.0 138.0 129.0 316.0 393.0 298.0 220.0 201.0 190.0 127.0 177.0 223.0 364.0 144.0 151.0 373.0 638.0 126.0 37.0 414.0 112.0 253.0 187.0 566.0 347.0 497.0 100.0 180.0 186.0 108.0 53.0 302.0 207.0 321.0 42.0 137.0 95.0 75.0 399.0 182.0 111.0 102.0 84.0 522.0 187.0 121.0 369.0 392.0 253.0 242.0 277.0 210.0 201.0 112.0 276.0 164.0 111.0 281.0 167.0 181.0 87.0 399.0 159.0 84.0 46.0 171.0 278.0 151.0 139.0 147.0 227.0 248.0 164.0 272.0 193.0 163.0 278.0 
154.0 169.0 359.0 290.0 309.0 353.0 185.0 133.0 233.0 151.0 297.0 378.0 0 457.0 341.0 340.0 382.0 104.0 327.0 68.0 142.0 230.0 360.0 399.0 296.0 316.0 279.0 466.0 25.0 476.0 398.0 441.0 202.0 255.0 355.0 155.0 68.0 312.0 359.0 5.0 308.0 330.0 341.0 592.0 290.0 165.0 337.0 236.0 259.0 201.0 308.0 358.0 364.0 316.0 343.0 122.0 385.0 61.0 360.0 315.0 385.0 335.0 139.0 360.0 345.0 280.0 374.0 240.0 233.0 299.0 13.0 36.0 431.0 154.0 101.0 346.0 219.0 290.0 106.0 342.0 289.0 101.0 357.0 359.0 295.0 141.0 337.0 374.0 336.0 349.0 162.0 231.0 239.0 297.0 151.0 160.0 424.0 194.0 371.0 219.0 456.0 
315.0 458.0 192.0 187.0 206.0 172.0 382.0 324.0 440.0 406.0 316.0 197.0 457.0 0 238.0 537.0 279.0 393.0 284.0 447.0 333.0 679.0 175.0 64.0 193.0 213.0 218.0 405.0 482.0 373.0 295.0 182.0 309.0 202.0 252.0 342.0 483.0 233.0 256.0 462.0 757.0 133.0 160.0 489.0 187.0 372.0 262.0 685.0 466.0 616.0 205.0 255.0 261.0 213.0 158.0 377.0 282.0 396.0 221.0 148.0 128.0 150.0 474.0 257.0 148.0 177.0 117.0 641.0 262.0 182.0 444.0 467.0 328.0 361.0 396.0 315.0 276.0 173.0 351.0 239.0 186.0 356.0 242.0 256.0 192.0 474.0 234.0 189.0 151.0 246.0 353.0 226.0 258.0 266.0 346.0 367.0 33.0 391.0 268.0 238.0 353.0 
199.0 390.0 140.0 61.0 90.0 138.0 314.0 208.0 372.0 290.0 200.0 163.0 341.0 238.0 0 469.0 81.0 325.0 46.0 331.0 217.0 571.0 141.0 180.0 77.0 87.0 180.0 345.0 366.0 135.0 169.0 222.0 241.0 86.0 46.0 274.0 409.0 213.0 130.0 346.0 649.0 111.0 126.0 251.0 61.0 304.0 182.0 577.0 398.0 542.0 79.0 105.0 55.0 87.0 124.0 261.0 44.0 280.0 131.0 96.0 166.0 116.0 358.0 103.0 126.0 61.0 155.0 573.0 146.0 80.0 328.0 351.0 194.0 293.0 328.0 199.0 160.0 71.0 235.0 113.0 52.0 240.0 162.0 18.0 76.0 358.0 108.0 155.0 117.0 120.0 237.0 110.0 190.0 196.0 278.0 299.0 205.0 323.0 118.0 122.0 169.0 
474.0 301.0 473.0 418.0 437.0 393.0 155.0 473.0 211.0 491.0 475.0 418.0 340.0 537.0 469.0 0 510.0 236.0 515.0 408.0 482.0 160.0 414.0 527.0 424.0 444.0 319.0 506.0 355.0 604.0 526.0 545.0 330.0 433.0 483.0 205.0 326.0 352.0 487.0 335.0 238.0 458.0 381.0 720.0 418.0 175.0 377.0 166.0 273.0 373.0 436.0 486.0 492.0 444.0 397.0 462.0 513.0 401.0 442.0 443.0 435.0 419.0 479.0 488.0 455.0 408.0 424.0 104.0 403.0 427.0 353.0 376.0 559.0 204.0 239.0 400.0 417.0 418.0 446.0 470.0 417.0 441.0 397.0 487.0 423.0 421.0 465.0 428.0 390.0 477.0 502.0 409.0 279.0 337.0 201.0 210.0 508.0 164.0 499.0 397.0 584.0 
240.0 431.0 181.0 92.0 131.0 179.0 355.0 249.0 413.0 331.0 241.0 204.0 382.0 279.0 81.0 510.0 0 366.0 127.0 372.0 258.0 612.0 182.0 221.0 118.0 66.0 221.0 386.0 407.0 144.0 178.0 263.0 282.0 127.0 35.0 315.0 450.0 254.0 139.0 387.0 690.0 152.0 167.0 260.0 98.0 345.0 223.0 618.0 439.0 583.0 110.0 40.0 44.0 118.0 165.0 302.0 83.0 321.0 168.0 137.0 207.0 157.0 399.0 42.0 167.0 102.0 196.0 614.0 187.0 121.0 369.0 392.0 113.0 334.0 369.0 240.0 201.0 112.0 276.0 122.0 101.0 281.0 203.0 99.0 117.0 399.0 145.0 196.0 158.0 129.0 278.0 151.0 231.0 237.0 319.0 340.0 246.0 364.0 53.0 163.0 138.0 
258.0 65.0 329.0 274.0 293.0 249.0 81.0 237.0 129.0 255.0 331.0 274.0 104.0 393.0 325.0 236.0 366.0 0 371.0 172.0 246.0 286.0 270.0 383.0 280.0 300.0 175.0 362.0 119.0 460.0 382.0 401.0 104.0 289.0 339.0 51.0 90.0 208.0 343.0 99.0 364.0 314.0 237.0 576.0 274.0 61.0 233.0 292.0 155.0 223.0 292.0 342.0 348.0 300.0 253.0 226.0 369.0 165.0 298.0 299.0 291.0 275.0 243.0 344.0 311.0 264.0 280.0 296.0 259.0 283.0 117.0 140.0 415.0 50.0 3.0 256.0 273.0 274.0 210.0 326.0 273.0 205.0 253.0 343.0 279.0 185.0 321.0 284.0 246.0 333.0 266.0 265.0 135.0 193.0 47.0 56.0 364.0 90.0 355.0 253.0 440.0 
185.0 436.0 186.0 107.0 136.0 184.0 360.0 194.0 418.0 276.0 246.0 209.0 327.0 284.0 46.0 515.0 127.0 371.0 0 317.0 203.0 557.0 187.0 226.0 123.0 133.0 226.0 391.0 352.0 181.0 215.0 268.0 287.0 132.0 92.0 320.0 395.0 259.0 176.0 332.0 635.0 157.0 172.0 297.0 107.0 350.0 228.0 563.0 444.0 528.0 125.0 151.0 101.0 133.0 170.0 247.0 90.0 266.0 177.0 142.0 212.0 162.0 344.0 149.0 172.0 107.0 201.0 567.0 192.0 126.0 314.0 337.0 240.0 339.0 374.0 245.0 206.0 117.0 221.0 159.0 98.0 226.0 208.0 64.0 122.0 344.0 154.0 201.0 163.0 166.0 223.0 156.0 236.0 242.0 324.0 345.0 251.0 369.0 164.0 168.0 215.0 
144.0 237.0 349.0 280.0 299.0 347.0 253.0 123.0 301.0 153.0 287.0 372.0 68.0 447.0 331.0 408.0 372.0 172.0 317.0 0 114.0 298.0 350.0 389.0 286.0 306.0 317.0 504.0 93.0 466.0 388.0 431.0 270.0 245.0 345.0 223.0 136.0 350.0 349.0 73.0 376.0 320.0 335.0 582.0 280.0 233.0 375.0 304.0 327.0 269.0 298.0 348.0 354.0 306.0 333.0 124.0 375.0 63.0 350.0 305.0 375.0 325.0 141.0 350.0 335.0 270.0 364.0 308.0 223.0 289.0 55.0 32.0 421.0 222.0 169.0 336.0 209.0 280.0 108.0 332.0 279.0 103.0 371.0 349.0 285.0 183.0 327.0 364.0 326.0 339.0 94.0 221.0 307.0 333.0 219.0 228.0 414.0 262.0 361.0 209.0 446.0 
30.0 311.0 235.0 166.0 185.0 233.0 327.0 9.0 375.0 91.0 173.0 258.0 142.0 333.0 217.0 482.0 258.0 246.0 203.0 114.0 0 372.0 236.0 275.0 172.0 192.0 203.0 390.0 167.0 352.0 274.0 317.0 264.0 131.0 231.0 297.0 210.0 236.0 235.0 147.0 450.0 206.0 221.0 468.0 166.0 307.0 261.0 378.0 401.0 343.0 184.0 234.0 240.0 192.0 219.0 62.0 261.0 81.0 236.0 191.0 261.0 211.0 159.0 236.0 221.0 156.0 250.0 382.0 109.0 175.0 129.0 146.0 307.0 296.0 243.0 222.0 95.0 166.0 36.0 218.0 165.0 41.0 257.0 235.0 171.0 159.0 213.0 250.0 212.0 225.0 20.0 107.0 213.0 219.0 293.0 302.0 300.0 336.0 247.0 95.0 332.0 
384.0 351.0 589.0 520.0 539.0 535.0 315.0 363.0 371.0 381.0 527.0 560.0 230.0 679.0 571.0 160.0 612.0 286.0 557.0 298.0 372.0 0 556.0 629.0 526.0 546.0 461.0 648.0 245.0 706.0 628.0 671.0 384.0 485.0 585.0 337.0 250.0 494.0 589.0 225.0 124.0 560.0 523.0 822.0 520.0 335.0 519.0 6.0 433.0 259.0 538.0 588.0 594.0 546.0 539.0 352.0 615.0 291.0 584.0 545.0 577.0 561.0 369.0 590.0 575.0 510.0 566.0 56.0 463.0 529.0 243.0 266.0 661.0 336.0 283.0 542.0 449.0 520.0 336.0 572.0 519.0 331.0 539.0 589.0 525.0 345.0 567.0 570.0 532.0 579.0 392.0 461.0 421.0 479.0 333.0 342.0 650.0 324.0 601.0 449.0 686.0 
218.0 335.0 159.0 90.0 109.0 45.0 259.0 227.0 317.0 309.0 219.0 70.0 360.0 175.0 141.0 414.0 182.0 270.0 187.0 350.0 236.0 556.0 0 173.0 96.0 116.0 107.0 294.0 385.0 276.0 198.0 179.0 186.0 105.0 155.0 219.0 360.0 122.0 159.0 365.0 634.0 104.0 33.0 392.0 90.0 249.0 165.0 562.0 343.0 493.0 108.0 158.0 164.0 116.0 31.0 280.0 185.0 299.0 94.0 115.0 73.0 53.0 377.0 160.0 89.0 80.0 62.0 518.0 165.0 99.0 347.0 370.0 231.0 238.0 273.0 206.0 179.0 90.0 254.0 142.0 89.0 259.0 145.0 159.0 95.0 377.0 137.0 14.0 24.0 149.0 256.0 129.0 135.0 143.0 223.0 244.0 142.0 268.0 171.0 141.0 256.0 
257.0 448.0 128.0 129.0 148.0 170.0 372.0 266.0 430.0 348.0 258.0 195.0 399.0 64.0 180.0 527.0 221.0 383.0 226.0 389.0 275.0 629.0 173.0 0 135.0 155.0 232.0 383.0 424.0 315.0 237.0 180.0 299.0 144.0 194.0 332.0 467.0 247.0 198.0 404.0 707.0 69.0 158.0 431.0 129.0 362.0 220.0 635.0 456.0 600.0 147.0 197.0 203.0 155.0 156.0 319.0 224.0 338.0 199.0 84.0 126.0 148.0 416.0 199.0 84.0 119.0 137.0 631.0 204.0 118.0 386.0 409.0 270.0 351.0 386.0 257.0 218.0 109.0 293.0 181.0 128.0 298.0 200.0 198.0 134.0 416.0 176.0 187.0 149.0 188.0 295.0 168.0 248.0 254.0 336.0 357.0 31.0 381.0 210.0 180.0 295.0 
154.0 345.0 95.0 26.0 13.0 93.0 269.0 163.0 327.0 245.0 155.0 118.0 296.0 193.0 77.0 424.0 118.0 280.0 123.0 286.0 172.0 526.0 96.0 135.0 0 52.0 135.0 300.0 321.0 212.0 134.0 177.0 196.0 41.0 91.0 229.0 364.0 168.0 95.0 301.0 604.0 66.0 81.0 328.0 20.0 259.0 137.0 532.0 353.0 497.0 44.0 94.0 100.0 52.0 79.0 216.0 121.0 235.0 90.0 51.0 121.0 71.0 313.0 96.0 81.0 16.0 110.0 528.0 101.0 35.0 283.0 306.0 167.0 248.0 283.0 154.0 115.0 26.0 190.0 78.0 25.0 195.0 117.0 95.0 31.0 313.0 67.0 110.0 72.0 85.0 192.0 65.0 145.0 151.0 233.0 254.0 160.0 278.0 107.0 77.0 192.0 
174.0 365.0 115.0 26.0 65.0 113.0 289.0 183.0 347.0 265.0 175.0 138.0 316.0 213.0 87.0 444.0 66.0 300.0 133.0 306.0 192.0 546.0 116.0 155.0 52.0 0 155.0 320.0 341.0 210.0 112.0 197.0 216.0 61.0 61.0 249.0 384.0 188.0 73.0 321.0 624.0 86.0 101.0 326.0 32.0 279.0 157.0 552.0 373.0 517.0 44.0 42.0 52.0 52.0 99.0 236.0 109.0 255.0 102.0 71.0 141.0 91.0 333.0 44.0 101.0 36.0 130.0 548.0 121.0 55.0 303.0 326.0 115.0 268.0 303.0 174.0 135.0 46.0 210.0 56.0 35.0 215.0 137.0 105.0 51.0 333.0 79.0 130.0 92.0 63.0 212.0 85.0 165.0 171.0 253.0 274.0 180.0 298.0 55.0 97.0 140.0 
185.0 240.0 154.0 129.0 148.0 104.0 164.0 194.0 222.0 276.0 186.0 129.0 279.0 218.0 180.0 319.0 221.0 175.0 226.0 317.0 203.0 461.0 107.0 232.0 135.0 155.0 0 187.0 294.0 315.0 237.0 238.0 91.0 144.0 194.0 124.0 265.0 33.0 198.0 274.0 539.0 163.0 92.0 431.0 129.0 154.0 58.0 467.0 248.0 398.0 147.0 197.0 203.0 155.0 90.0 247.0 224.0 266.0 153.0 154.0 116.0 112.0 344.0 199.0 148.0 119.0 105.0 423.0 114.0 138.0 292.0 315.0 270.0 143.0 178.0 111.0 128.0 129.0 221.0 181.0 128.0 226.0 78.0 198.0 134.0 344.0 176.0 121.0 83.0 188.0 223.0 120.0 40.0 48.0 128.0 149.0 201.0 173.0 210.0 108.0 295.0 
372.0 427.0 259.0 294.0 313.0 291.0 351.0 381.0 409.0 463.0 373.0 316.0 466.0 405.0 345.0 506.0 386.0 362.0 391.0 504.0 390.0 648.0 294.0 383.0 300.0 320.0 187.0 0 481.0 480.0 402.0 425.0 278.0 309.0 359.0 311.0 452.0 172.0 363.0 461.0 726.0 314.0 279.0 596.0 294.0 341.0 163.0 654.0 435.0 585.0 312.0 362.0 368.0 320.0 277.0 434.0 389.0 453.0 340.0 299.0 303.0 275.0 531.0 364.0 329.0 284.0 292.0 610.0 301.0 265.0 479.0 502.0 435.0 330.0 365.0 298.0 315.0 274.0 408.0 346.0 293.0 413.0 183.0 363.0 299.0 531.0 341.0 308.0 270.0 353.0 410.0 307.0 227.0 235.0 315.0 336.0 388.0 360.0 375.0 295.0 460.0 
179.0 184.0 384.0 315.0 334.0 368.0 200.0 158.0 248.0 176.0 322.0 393.0 25.0 482.0 366.0 355.0 407.0 119.0 352.0 93.0 167.0 245.0 385.0 424.0 321.0 341.0 294.0 481.0 0 501.0 423.0 466.0 217.0 280.0 380.0 170.0 83.0 327.0 384.0 20.0 323.0 355.0 356.0 617.0 315.0 180.0 352.0 251.0 274.0 216.0 333.0 383.0 389.0 341.0 368.0 147.0 410.0 86.0 385.0 340.0 410.0 360.0 164.0 385.0 370.0 305.0 399.0 255.0 258.0 324.0 38.0 61.0 456.0 169.0 116.0 371.0 244.0 315.0 131.0 367.0 314.0 126.0 372.0 384.0 320.0 166.0 362.0 399.0 361.0 374.0 187.0 256.0 254.0 312.0 166.0 175.0 449.0 209.0 396.0 244.0 481.0 
334.0 525.0 275.0 196.0 225.0 273.0 449.0 343.0 507.0 425.0 335.0 298.0 476.0 373.0 135.0 604.0 144.0 460.0 181.0 466.0 352.0 706.0 276.0 315.0 212.0 210.0 315.0 480.0 501.0 0 304.0 357.0 376.0 221.0 179.0 409.0 544.0 348.0 265.0 481.0 784.0 246.0 261.0 162.0 196.0 439.0 317.0 712.0 533.0 677.0 214.0 184.0 188.0 222.0 259.0 396.0 179.0 415.0 266.0 231.0 301.0 251.0 493.0 186.0 261.0 196.0 290.0 708.0 281.0 215.0 463.0 486.0 115.0 428.0 463.0 334.0 295.0 206.0 370.0 248.0 187.0 375.0 297.0 153.0 211.0 493.0 243.0 290.0 252.0 255.0 372.0 245.0 325.0 331.0 413.0 434.0 340.0 458.0 191.0 257.0 80.0 
256.0 447.0 197.0 108.0 147.0 195.0 371.0 265.0 429.0 347.0 257.0 220.0 398.0 295.0 169.0 526.0 178.0 382.0 215.0 388.0 274.0 628.0 198.0 237.0 134.0 112.0 237.0 402.0 423.0 304.0 0 279.0 298.0 143.0 173.0 331.0 466.0 270.0 155.0 403.0 706.0 168.0 183.0 420.0 114.0 361.0 239.0 634.0 455.0 599.0 126.0 154.0 164.0 134.0 181.0 318.0 213.0 337.0 184.0 153.0 223.0 173.0 415.0 156.0 183.0 118.0 212.0 630.0 203.0 137.0 385.0 408.0 227.0 350.0 385.0 256.0 217.0 128.0 292.0 116.0 117.0 297.0 219.0 187.0 133.0 415.0 161.0 212.0 174.0 49.0 294.0 167.0 247.0 253.0 335.0 356.0 262.0 380.0 167.0 179.0 252.0 
299.0 466.0 170.0 171.0 190.0 176.0 390.0 308.0 448.0 390.0 300.0 201.0 441.0 182.0 222.0 545.0 263.0 401.0 268.0 431.0 317.0 671.0 179.0 180.0 177.0 197.0 238.0 425.0 466.0 357.0 279.0 0 317.0 186.0 236.0 350.0 491.0 253.0 240.0 446.0 749.0 111.0 164.0 473.0 171.0 380.0 262.0 677.0 474.0 624.0 189.0 239.0 245.0 197.0 162.0 361.0 266.0 380.0 225.0 126.0 132.0 154.0 458.0 241.0 96.0 161.0 143.0 649.0 246.0 160.0 428.0 451.0 312.0 369.0 404.0 299.0 260.0 151.0 335.0 223.0 170.0 340.0 242.0 240.0 176.0 458.0 218.0 193.0 155.0 230.0 337.0 210.0 266.0 274.0 354.0 375.0 149.0 399.0 252.0 222.0 337.0 
246.0 169.0 245.0 190.0 209.0 165.0 175.0 255.0 233.0 337.0 247.0 190.0 202.0 309.0 241.0 330.0 282.0 104.0 287.0 270.0 264.0 384.0 186.0 299.0 196.0 216.0 91.0 278.0 217.0 376.0 298.0 317.0 0 205.0 255.0 135.0 188.0 124.0 259.0 197.0 462.0 230.0 153.0 492.0 190.0 165.0 149.0 390.0 259.0 321.0 208.0 258.0 264.0 216.0 169.0 308.0 285.0 263.0 214.0 215.0 207.0 191.0 341.0 260.0 227.0 180.0 196.0 394.0 175.0 199.0 215.0 238.0 331.0 154.0 101.0 172.0 189.0 190.0 282.0 242.0 189.0 287.0 169.0 259.0 195.0 283.0 237.0 200.0 162.0 249.0 284.0 181.0 51.0 109.0 139.0 130.0 280.0 184.0 271.0 169.0 356.0 
113.0 354.0 104.0 35.0 54.0 102.0 278.0 122.0 336.0 204.0 114.0 127.0 255.0 202.0 86.0 433.0 127.0 289.0 132.0 245.0 131.0 485.0 105.0 144.0 41.0 61.0 144.0 309.0 280.0 221.0 143.0 186.0 205.0 0 100.0 238.0 323.0 177.0 104.0 260.0 563.0 75.0 90.0 337.0 35.0 268.0 146.0 491.0 362.0 456.0 53.0 103.0 109.0 61.0 88.0 175.0 130.0 194.0 105.0 60.0 130.0 80.0 272.0 105.0 90.0 25.0 119.0 495.0 110.0 44.0 242.0 265.0 176.0 257.0 292.0 163.0 124.0 35.0 149.0 87.0 34.0 154.0 126.0 104.0 40.0 272.0 82.0 119.0 81.0 94.0 151.0 24.0 154.0 160.0 242.0 263.0 169.0 287.0 116.0 36.0 201.0 
213.0 404.0 154.0 65.0 104.0 152.0 328.0 222.0 386.0 304.0 214.0 177.0 355.0 252.0 46.0 483.0 35.0 339.0 92.0 345.0 231.0 585.0 155.0 194.0 91.0 61.0 194.0 359.0 380.0 179.0 173.0 236.0 255.0 100.0 0 288.0 423.0 227.0 134.0 360.0 663.0 125.0 140.0 295.0 71.0 318.0 196.0 591.0 412.0 556.0 83.0 59.0 9.0 91.0 138.0 275.0 48.0 294.0 141.0 110.0 180.0 130.0 372.0 57.0 140.0 75.0 169.0 587.0 160.0 94.0 342.0 365.0 148.0 307.0 342.0 213.0 174.0 85.0 249.0 117.0 74.0 254.0 176.0 64.0 90.0 372.0 118.0 169.0 131.0 124.0 251.0 124.0 204.0 210.0 292.0 313.0 219.0 337.0 72.0 136.0 173.0 
279.0 116.0 278.0 223.0 242.0 198.0 50.0 288.0 98.0 306.0 280.0 223.0 155.0 342.0 274.0 205.0 315.0 51.0 320.0 223.0 297.0 337.0 219.0 332.0 229.0 249.0 124.0 311.0 170.0 409.0 331.0 350.0 135.0 238.0 288.0 0 141.0 157.0 292.0 150.0 415.0 263.0 186.0 525.0 223.0 30.0 182.0 343.0 124.0 274.0 241.0 291.0 297.0 249.0 202.0 277.0 318.0 216.0 247.0 248.0 240.0 224.0 294.0 293.0 260.0 213.0 229.0 309.0 208.0 232.0 168.0 191.0 364.0 19.0 54.0 205.0 222.0 223.0 261.0 275.0 222.0 256.0 202.0 292.0 228.0 236.0 270.0 233.0 195.0 282.0 317.0 214.0 84.0 142.0 16.0 25.0 313.0 59.0 304.0 202.0 389.0 
222.0 155.0 419.0 358.0 377.0 339.0 171.0 201.0 219.0 219.0 365.0 364.0 68.0 483.0 409.0 326.0 450.0 90.0 395.0 136.0 210.0 250.0 360.0 467.0 364.0 384.0 265.0 452.0 83.0 544.0 466.0 491.0 188.0 323.0 423.0 141.0 0 298.0 427.0 63.0 328.0 398.0 327.0 660.0 358.0 151.0 323.0 256.0 245.0 133.0 376.0 426.0 432.0 384.0 343.0 190.0 453.0 129.0 388.0 383.0 381.0 365.0 207.0 428.0 401.0 348.0 370.0 260.0 301.0 367.0 81.0 104.0 499.0 140.0 87.0 346.0 287.0 358.0 174.0 410.0 357.0 169.0 343.0 427.0 363.0 149.0 405.0 374.0 336.0 417.0 230.0 299.0 225.0 283.0 137.0 146.0 454.0 180.0 439.0 287.0 524.0 
218.0 273.0 139.0 162.0 181.0 119.0 197.0 227.0 255.0 309.0 219.0 144.0 312.0 233.0 213.0 352.0 254.0 208.0 259.0 350.0 236.0 494.0 122.0 247.0 168.0 188.0 33.0 172.0 327.0 348.0 270.0 253.0 124.0 177.0 227.0 157.0 298.0 0 231.0 307.0 572.0 178.0 107.0 464.0 162.0 187.0 43.0 500.0 281.0 431.0 180.0 230.0 236.0 188.0 105.0 280.0 257.0 299.0 168.0 179.0 131.0 127.0 377.0 232.0 163.0 152.0 120.0 456.0 147.0 145.0 325.0 348.0 303.0 176.0 211.0 144.0 161.0 154.0 254.0 214.0 161.0 259.0 63.0 231.0 167.0 377.0 209.0 136.0 98.0 221.0 256.0 153.0 73.0 81.0 161.0 182.0 216.0 206.0 243.0 141.0 328.0 
217.0 408.0 158.0 69.0 108.0 126.0 332.0 226.0 390.0 308.0 218.0 151.0 359.0 256.0 130.0 487.0 139.0 343.0 176.0 349.0 235.0 589.0 159.0 198.0 95.0 73.0 198.0 363.0 384.0 265.0 155.0 240.0 259.0 104.0 134.0 292.0 427.0 231.0 0 364.0 667.0 129.0 138.0 381.0 75.0 322.0 200.0 595.0 416.0 560.0 51.0 115.0 125.0 43.0 142.0 279.0 86.0 298.0 145.0 114.0 184.0 134.0 376.0 117.0 144.0 79.0 173.0 591.0 164.0 98.0 346.0 369.0 188.0 311.0 346.0 217.0 178.0 89.0 253.0 99.0 78.0 258.0 180.0 148.0 64.0 376.0 122.0 173.0 135.0 106.0 255.0 128.0 208.0 214.0 296.0 317.0 223.0 341.0 128.0 140.0 213.0 
159.0 164.0 364.0 295.0 314.0 348.0 180.0 138.0 228.0 156.0 302.0 373.0 5.0 462.0 346.0 335.0 387.0 99.0 332.0 73.0 147.0 225.0 365.0 404.0 301.0 321.0 274.0 461.0 20.0 481.0 403.0 446.0 197.0 260.0 360.0 150.0 63.0 307.0 364.0 0 303.0 335.0 336.0 597.0 295.0 160.0 332.0 231.0 254.0 196.0 313.0 363.0 369.0 321.0 348.0 127.0 390.0 66.0 365.0 320.0 390.0 340.0 144.0 365.0 350.0 285.0 379.0 235.0 238.0 304.0 18.0 41.0 436.0 149.0 96.0 351.0 224.0 295.0 111.0 347.0 294.0 106.0 352.0 364.0 300.0 146.0 342.0 379.0 341.0 354.0 167.0 236.0 234.0 292.0 146.0 155.0 429.0 189.0 376.0 224.0 461.0 
462.0 429.0 667.0 598.0 617.0 613.0 393.0 441.0 449.0 459.0 605.0 638.0 308.0 757.0 649.0 238.0 690.0 364.0 635.0 376.0 450.0 124.0 634.0 707.0 604.0 624.0 539.0 726.0 323.0 784.0 706.0 749.0 462.0 563.0 663.0 415.0 328.0 572.0 667.0 303.0 0 638.0 601.0 900.0 598.0 413.0 597.0 130.0 511.0 337.0 616.0 666.0 672.0 624.0 617.0 430.0 693.0 369.0 662.0 623.0 655.0 639.0 447.0 668.0 653.0 588.0 644.0 134.0 541.0 607.0 321.0 344.0 739.0 414.0 361.0 620.0 527.0 598.0 414.0 650.0 597.0 409.0 617.0 667.0 603.0 423.0 645.0 648.0 610.0 657.0 470.0 539.0 499.0 557.0 411.0 420.0 728.0 402.0 679.0 527.0 764.0 
188.0 379.0 59.0 60.0 79.0 101.0 303.0 197.0 361.0 279.0 189.0 126.0 330.0 133.0 111.0 458.0 152.0 314.0 157.0 320.0 206.0 560.0 104.0 69.0 66.0 86.0 163.0 314.0 355.0 246.0 168.0 111.0 230.0 75.0 125.0 263.0 398.0 178.0 129.0 335.0 638.0 0 89.0 362.0 60.0 293.0 151.0 566.0 387.0 531.0 78.0 128.0 134.0 86.0 87.0 250.0 155.0 269.0 130.0 15.0 129.0 79.0 347.0 130.0 15.0 50.0 118.0 562.0 135.0 49.0 317.0 340.0 201.0 282.0 317.0 188.0 149.0 40.0 224.0 112.0 59.0 229.0 131.0 129.0 65.0 347.0 107.0 118.0 80.0 119.0 226.0 99.0 179.0 185.0 267.0 288.0 100.0 312.0 141.0 111.0 226.0 
203.0 302.0 144.0 75.0 94.0 12.0 226.0 212.0 284.0 294.0 204.0 37.0 341.0 160.0 126.0 381.0 167.0 237.0 172.0 335.0 221.0 523.0 33.0 158.0 81.0 101.0 92.0 279.0 356.0 261.0 183.0 164.0 153.0 90.0 140.0 186.0 327.0 107.0 138.0 336.0 601.0 89.0 0 377.0 75.0 216.0 150.0 529.0 310.0 460.0 87.0 143.0 149.0 95.0 16.0 265.0 170.0 284.0 61.0 100.0 58.0 38.0 362.0 145.0 74.0 65.0 47.0 485.0 150.0 84.0 332.0 355.0 216.0 205.0 240.0 173.0 164.0 75.0 239.0 127.0 74.0 244.0 130.0 144.0 74.0 362.0 122.0 47.0 9.0 134.0 241.0 114.0 102.0 110.0 190.0 211.0 127.0 235.0 156.0 126.0 241.0 
450.0 641.0 391.0 312.0 341.0 389.0 565.0 459.0 623.0 541.0 451.0 414.0 592.0 489.0 251.0 720.0 260.0 576.0 297.0 582.0 468.0 822.0 392.0 431.0 328.0 326.0 431.0 596.0 617.0 162.0 420.0 473.0 492.0 337.0 295.0 525.0 660.0 464.0 381.0 597.0 900.0 362.0 377.0 0 312.0 555.0 433.0 828.0 649.0 793.0 330.0 300.0 304.0 338.0 375.0 512.0 295.0 531.0 382.0 347.0 417.0 367.0 609.0 302.0 377.0 312.0 406.0 824.0 397.0 331.0 579.0 602.0 231.0 544.0 579.0 450.0 411.0 322.0 486.0 364.0 303.0 491.0 413.0 269.0 327.0 609.0 359.0 406.0 368.0 371.0 488.0 361.0 441.0 447.0 529.0 550.0 456.0 574.0 307.0 373.0 196.0 
148.0 339.0 89.0 6.0 33.0 87.0 263.0 157.0 321.0 239.0 149.0 112.0 290.0 187.0 61.0 418.0 98.0 274.0 107.0 280.0 166.0 520.0 90.0 129.0 20.0 32.0 129.0 294.0 315.0 196.0 114.0 171.0 190.0 35.0 71.0 223.0 358.0 162.0 75.0 295.0 598.0 60.0 75.0 312.0 0 253.0 131.0 526.0 347.0 491.0 24.0 74.0 80.0 32.0 73.0 210.0 105.0 229.0 70.0 45.0 115.0 65.0 307.0 76.0 75.0 10.0 104.0 522.0 95.0 29.0 277.0 300.0 147.0 242.0 277.0 148.0 109.0 20.0 184.0 58.0 9.0 189.0 111.0 79.0 25.0 307.0 47.0 104.0 66.0 65.0 186.0 59.0 139.0 145.0 227.0 248.0 154.0 272.0 87.0 71.0 172.0 
309.0 126.0 308.0 253.0 272.0 228.0 20.0 298.0 72.0 316.0 310.0 253.0 165.0 372.0 304.0 175.0 345.0 61.0 350.0 233.0 307.0 335.0 249.0 362.0 259.0 279.0 154.0 341.0 180.0 439.0 361.0 380.0 165.0 268.0 318.0 30.0 151.0 187.0 322.0 160.0 413.0 293.0 216.0 555.0 253.0 0 212.0 341.0 98.0 284.0 271.0 321.0 327.0 279.0 232.0 287.0 348.0 226.0 277.0 278.0 270.0 254.0 304.0 323.0 290.0 243.0 259.0 279.0 238.0 262.0 178.0 201.0 394.0 29.0 64.0 235.0 252.0 253.0 271.0 305.0 252.0 266.0 232.0 322.0 258.0 246.0 300.0 263.0 225.0 312.0 327.0 244.0 114.0 172.0 26.0 35.0 343.0 29.0 334.0 232.0 419.0 
243.0 298.0 96.0 131.0 150.0 162.0 222.0 252.0 280.0 334.0 244.0 187.0 337.0 262.0 182.0 377.0 223.0 233.0 228.0 375.0 261.0 519.0 165.0 220.0 137.0 157.0 58.0 163.0 352.0 317.0 239.0 262.0 149.0 146.0 196.0 182.0 323.0 43.0 200.0 332.0 597.0 151.0 150.0 433.0 131.0 212.0 0 525.0 306.0 456.0 149.0 199.0 205.0 157.0 148.0 305.0 226.0 324.0 201.0 136.0 174.0 112.0 402.0 201.0 166.0 121.0 163.0 481.0 172.0 102.0 350.0 373.0 272.0 201.0 236.0 169.0 186.0 111.0 279.0 183.0 130.0 284.0 20.0 200.0 136.0 402.0 178.0 179.0 141.0 190.0 281.0 170.0 98.0 106.0 186.0 207.0 229.0 231.0 212.0 166.0 297.0 
390.0 357.0 595.0 526.0 545.0 541.0 321.0 369.0 377.0 387.0 533.0 566.0 236.0 685.0 577.0 166.0 618.0 292.0 563.0 304.0 378.0 6.0 562.0 635.0 532.0 552.0 467.0 654.0 251.0 712.0 634.0 677.0 390.0 491.0 591.0 343.0 256.0 500.0 595.0 231.0 130.0 566.0 529.0 828.0 526.0 341.0 525.0 0 439.0 265.0 544.0 594.0 600.0 552.0 545.0 358.0 621.0 297.0 590.0 551.0 583.0 567.0 375.0 596.0 581.0 516.0 572.0 62.0 469.0 535.0 249.0 272.0 667.0 342.0 289.0 548.0 455.0 526.0 342.0 578.0 525.0 337.0 545.0 595.0 531.0 351.0 573.0 576.0 538.0 585.0 398.0 467.0 427.0 485.0 339.0 348.0 656.0 330.0 607.0 455.0 692.0 
403.0 220.0 402.0 347.0 366.0 322.0 118.0 392.0 166.0 410.0 404.0 347.0 259.0 466.0 398.0 273.0 439.0 155.0 444.0 327.0 401.0 433.0 343.0 456.0 353.0 373.0 248.0 435.0 274.0 533.0 455.0 474.0 259.0 362.0 412.0 124.0 245.0 281.0 416.0 254.0 511.0 387.0 310.0 649.0 347.0 98.0 306.0 439.0 0 378.0 365.0 415.0 421.0 373.0 326.0 381.0 442.0 320.0 371.0 372.0 364.0 348.0 398.0 417.0 384.0 337.0 353.0 377.0 332.0 356.0 272.0 295.0 488.0 123.0 158.0 329.0 346.0 347.0 365.0 399.0 346.0 360.0 326.0 416.0 352.0 340.0 394.0 357.0 319.0 406.0 421.0 338.0 208.0 266.0 120.0 129.0 437.0 127.0 428.0 326.0 513.0 
355.0 288.0 552.0 491.0 510.0 472.0 304.0 334.0 352.0 352.0 498.0 497.0 201.0 616.0 542.0 373.0 583.0 223.0 528.0 269.0 343.0 259.0 493.0 600.0 497.0 517.0 398.0 585.0 216.0 677.0 599.0 624.0 321.0 456.0 556.0 274.0 133.0 431.0 560.0 196.0 337.0 531.0 460.0 793.0 491.0 284.0 456.0 265.0 378.0 0 509.0 559.0 565.0 517.0 476.0 323.0 586.0 262.0 521.0 516.0 514.0 498.0 340.0 561.0 534.0 481.0 503.0 269.0 434.0 500.0 214.0 237.0 632.0 273.0 220.0 479.0 420.0 491.0 307.0 543.0 490.0 302.0 476.0 560.0 496.0 282.0 538.0 507.0 469.0 550.0 363.0 432.0 358.0 416.0 270.0 279.0 587.0 313.0 572.0 420.0 657.0 
166.0 357.0 107.0 18.0 57.0 75.0 281.0 175.0 339.0 257.0 167.0 100.0 308.0 205.0 79.0 436.0 110.0 292.0 125.0 298.0 184.0 538.0 108.0 147.0 44.0 44.0 147.0 312.0 333.0 214.0 126.0 189.0 208.0 53.0 83.0 241.0 376.0 180.0 51.0 313.0 616.0 78.0 87.0 330.0 24.0 271.0 149.0 544.0 365.0 509.0 0 86.0 92.0 8.0 91.0 228.0 123.0 247.0 94.0 63.0 133.0 83.0 325.0 88.0 93.0 28.0 122.0 540.0 113.0 47.0 295.0 318.0 159.0 260.0 295.0 166.0 127.0 38.0 202.0 70.0 27.0 207.0 129.0 97.0 13.0 325.0 71.0 122.0 84.0 77.0 204.0 77.0 157.0 163.0 245.0 266.0 172.0 290.0 99.0 89.0 184.0 
216.0 407.0 157.0 68.0 107.0 155.0 331.0 225.0 389.0 307.0 217.0 180.0 358.0 255.0 105.0 486.0 40.0 342.0 151.0 348.0 234.0 588.0 158.0 197.0 94.0 42.0 197.0 362.0 383.0 184.0 154.0 239.0 258.0 103.0 59.0 291.0 426.0 230.0 115.0 363.0 666.0 128.0 143.0 300.0 74.0 321.0 199.0 594.0 415.0 559.0 86.0 0 68.0 94.0 141.0 278.0 107.0 297.0 144.0 113.0 183.0 133.0 375.0 2.0 143.0 78.0 172.0 590.0 163.0 97.0 345.0 368.0 89.0 310.0 345.0 216.0 177.0 88.0 252.0 98.0 77.0 257.0 179.0 123.0 93.0 375.0 121.0 172.0 134.0 105.0 254.0 127.0 207.0 213.0 295.0 316.0 222.0 340.0 13.0 139.0 114.0 
222.0 413.0 163.0 74.0 113.0 161.0 337.0 231.0 395.0 313.0 223.0 186.0 364.0 261.0 55.0 492.0 44.0 348.0 101.0 354.0 240.0 594.0 164.0 203.0 100.0 52.0 203.0 368.0 389.0 188.0 164.0 245.0 264.0 109.0 9.0 297.0 432.0 236.0 125.0 369.0 672.0 134.0 149.0 304.0 80.0 327.0 205.0 600.0 421.0 565.0 92.0 68.0 0 100.0 147.0 284.0 57.0 303.0 150.0 119.0 189.0 139.0 381.0 66.0 149.0 84.0 178.0 596.0 169.0 103.0 351.0 374.0 157.0 316.0 351.0 222.0 183.0 94.0 258.0 108.0 83.0 263.0 185.0 73.0 99.0 381.0 127.0 178.0 140.0 115.0 260.0 133.0 213.0 219.0 301.0 322.0 228.0 346.0 81.0 145.0 182.0 
174.0 365.0 115.0 26.0 65.0 83.0 289.0 183.0 347.0 265.0 175.0 108.0 316.0 213.0 87.0 444.0 118.0 300.0 133.0 306.0 192.0 546.0 116.0 155.0 52.0 52.0 155.0 320.0 341.0 222.0 134.0 197.0 216.0 61.0 91.0 249.0 384.0 188.0 43.0 321.0 624.0 86.0 95.0 338.0 32.0 279.0 157.0 552.0 373.0 517.0 8.0 94.0 100.0 0 99.0 236.0 129.0 255.0 102.0 71.0 141.0 91.0 333.0 96.0 101.0 36.0 130.0 548.0 121.0 55.0 303.0 326.0 167.0 268.0 303.0 174.0 135.0 46.0 210.0 78.0 35.0 215.0 137.0 105.0 21.0 333.0 79.0 130.0 92.0 85.0 212.0 85.0 165.0 171.0 253.0 274.0 180.0 298.0 107.0 97.0 192.0 
201.0 318.0 142.0 73.0 92.0 28.0 242.0 210.0 300.0 292.0 202.0 53.0 343.0 158.0 124.0 397.0 165.0 253.0 170.0 333.0 219.0 539.0 31.0 156.0 79.0 99.0 90.0 277.0 368.0 259.0 181.0 162.0 169.0 88.0 138.0 202.0 343.0 105.0 142.0 348.0 617.0 87.0 16.0 375.0 73.0 232.0 148.0 545.0 326.0 476.0 91.0 141.0 147.0 99.0 0 263.0 168.0 282.0 77.0 98.0 56.0 36.0 360.0 143.0 72.0 63.0 45.0 501.0 148.0 82.0 330.0 353.0 214.0 221.0 256.0 189.0 162.0 73.0 237.0 125.0 72.0 242.0 128.0 142.0 78.0 360.0 120.0 45.0 7.0 132.0 239.0 112.0 118.0 126.0 206.0 227.0 125.0 251.0 154.0 124.0 239.0 
74.0 291.0 279.0 210.0 229.0 277.0 307.0 53.0 355.0 29.0 217.0 302.0 122.0 377.0 261.0 462.0 302.0 226.0 247.0 124.0 62.0 352.0 280.0 319.0 216.0 236.0 247.0 434.0 147.0 396.0 318.0 361.0 308.0 175.0 275.0 277.0 190.0 280.0 279.0 127.0 430.0 250.0 265.0 512.0 210.0 287.0 305.0 358.0 381.0 323.0 228.0 278.0 284.0 236.0 263.0 0 305.0 61.0 280.0 235.0 305.0 255.0 139.0 280.0 265.0 200.0 294.0 362.0 153.0 219.0 135.0 156.0 351.0 276.0 223.0 266.0 139.0 210.0 26.0 262.0 209.0 21.0 301.0 279.0 215.0 203.0 257.0 294.0 256.0 269.0 82.0 151.0 257.0 263.0 273.0 282.0 344.0 316.0 291.0 139.0 376.0 
243.0 434.0 184.0 105.0 134.0 182.0 358.0 252.0 416.0 334.0 244.0 207.0 385.0 282.0 44.0 513.0 83.0 369.0 90.0 375.0 261.0 615.0 185.0 224.0 121.0 109.0 224.0 389.0 410.0 179.0 213.0 266.0 285.0 130.0 48.0 318.0 453.0 257.0 86.0 390.0 693.0 155.0 170.0 295.0 105.0 348.0 226.0 621.0 442.0 586.0 123.0 107.0 57.0 129.0 168.0 305.0 0 324.0 175.0 140.0 210.0 160.0 402.0 105.0 170.0 105.0 199.0 617.0 190.0 124.0 372.0 395.0 196.0 337.0 372.0 243.0 204.0 115.0 279.0 157.0 96.0 284.0 206.0 62.0 120.0 402.0 152.0 199.0 161.0 164.0 281.0 154.0 234.0 240.0 322.0 343.0 249.0 367.0 120.0 166.0 213.0 
93.0 230.0 298.0 229.0 248.0 296.0 246.0 72.0 294.0 90.0 236.0 321.0 61.0 396.0 280.0 401.0 321.0 165.0 266.0 63.0 81.0 291.0 299.0 338.0 235.0 255.0 266.0 453.0 86.0 415.0 337.0 380.0 263.0 194.0 294.0 216.0 129.0 299.0 298.0 66.0 369.0 269.0 284.0 531.0 229.0 226.0 324.0 297.0 320.0 262.0 247.0 297.0 303.0 255.0 282.0 61.0 324.0 0 299.0 254.0 324.0 274.0 78.0 299.0 284.0 219.0 313.0 301.0 172.0 238.0 74.0 95.0 370.0 215.0 162.0 285.0 158.0 229.0 45.0 281.0 228.0 40.0 320.0 298.0 234.0 202.0 276.0 313.0 275.0 288.0 101.0 170.0 276.0 282.0 212.0 221.0 363.0 255.0 310.0 158.0 395.0 
218.0 363.0 159.0 76.0 103.0 49.0 287.0 227.0 345.0 309.0 219.0 42.0 360.0 221.0 131.0 442.0 168.0 298.0 177.0 350.0 236.0 584.0 94.0 199.0 90.0 102.0 153.0 340.0 385.0 266.0 184.0 225.0 214.0 105.0 141.0 247.0 388.0 168.0 145.0 365.0 662.0 130.0 61.0 382.0 70.0 277.0 201.0 590.0 371.0 521.0 94.0 144.0 150.0 102.0 77.0 280.0 175.0 299.0 0 115.0 119.0 99.0 377.0 146.0 135.0 80.0 108.0 546.0 165.0 99.0 347.0 370.0 217.0 266.0 301.0 218.0 179.0 90.0 254.0 128.0 79.0 259.0 181.0 149.0 95.0 377.0 117.0 108.0 70.0 135.0 256.0 129.0 163.0 171.0 251.0 272.0 188.0 296.0 157.0 141.0 242.0 
173.0 364.0 44.0 45.0 64.0 112.0 288.0 182.0 346.0 264.0 174.0 137.0 315.0 148.0 96.0 443.0 137.0 299.0 142.0 305.0 191.0 545.0 115.0 84.0 51.0 71.0 154.0 299.0 340.0 231.0 153.0 126.0 215.0 60.0 110.0 248.0 383.0 179.0 114.0 320.0 623.0 15.0 100.0 347.0 45.0 278.0 136.0 551.0 372.0 516.0 63.0 113.0 119.0 71.0 98.0 235.0 140.0 254.0 115.0 0 140.0 90.0 332.0 115.0 30.0 35.0 129.0 547.0 120.0 34.0 302.0 325.0 186.0 267.0 302.0 173.0 134.0 25.0 209.0 97.0 44.0 214.0 116.0 114.0 50.0 332.0 92.0 129.0 91.0 104.0 211.0 84.0 164.0 170.0 252.0 273.0 115.0 297.0 126.0 96.0 211.0 
243.0 356.0 184.0 115.0 134.0 70.0 280.0 252.0 338.0 334.0 244.0 95.0 385.0 128.0 166.0 435.0 207.0 291.0 212.0 375.0 261.0 577.0 73.0 126.0 121.0 141.0 116.0 303.0 410.0 301.0 223.0 132.0 207.0 130.0 180.0 240.0 381.0 131.0 184.0 390.0 655.0 129.0 58.0 417.0 115.0 270.0 174.0 583.0 364.0 514.0 133.0 183.0 189.0 141.0 56.0 305.0 210.0 324.0 119.0 140.0 0 78.0 402.0 185.0 114.0 105.0 11.0 539.0 190.0 124.0 372.0 395.0 256.0 259.0 294.0 227.0 204.0 115.0 279.0 167.0 114.0 284.0 170.0 184.0 120.0 402.0 162.0 87.0 49.0 174.0 281.0 154.0 156.0 164.0 244.0 265.0 95.0 289.0 196.0 166.0 281.0 
193.0 340.0 134.0 65.0 84.0 50.0 264.0 202.0 322.0 284.0 194.0 75.0 335.0 150.0 116.0 419.0 157.0 275.0 162.0 325.0 211.0 561.0 53.0 148.0 71.0 91.0 112.0 275.0 360.0 251.0 173.0 154.0 191.0 80.0 130.0 224.0 365.0 127.0 134.0 340.0 639.0 79.0 38.0 367.0 65.0 254.0 112.0 567.0 348.0 498.0 83.0 133.0 139.0 91.0 36.0 255.0 160.0 274.0 99.0 90.0 78.0 0 352.0 135.0 64.0 55.0 67.0 523.0 140.0 74.0 322.0 345.0 206.0 243.0 278.0 193.0 154.0 65.0 229.0 117.0 64.0 234.0 92.0 134.0 70.0 352.0 112.0 67.0 29.0 124.0 231.0 104.0 140.0 148.0 228.0 249.0 117.0 273.0 146.0 116.0 231.0 
171.0 308.0 376.0 307.0 326.0 374.0 324.0 150.0 372.0 168.0 314.0 399.0 139.0 474.0 358.0 479.0 399.0 243.0 344.0 141.0 159.0 369.0 377.0 416.0 313.0 333.0 344.0 531.0 164.0 493.0 415.0 458.0 341.0 272.0 372.0 294.0 207.0 377.0 376.0 144.0 447.0 347.0 362.0 609.0 307.0 304.0 402.0 375.0 398.0 340.0 325.0 375.0 381.0 333.0 360.0 139.0 402.0 78.0 377.0 332.0 402.0 352.0 0 377.0 362.0 297.0 391.0 379.0 250.0 316.0 152.0 173.0 448.0 293.0 240.0 363.0 236.0 307.0 123.0 359.0 306.0 118.0 398.0 376.0 312.0 280.0 354.0 391.0 353.0 366.0 179.0 248.0 354.0 360.0 290.0 299.0 441.0 333.0 388.0 236.0 473.0 
218.0 409.0 159.0 70.0 109.0 157.0 333.0 227.0 391.0 309.0 219.0 182.0 360.0 257.0 103.0 488.0 42.0 344.0 149.0 350.0 236.0 590.0 160.0 199.0 96.0 44.0 199.0 364.0 385.0 186.0 156.0 241.0 260.0 105.0 57.0 293.0 428.0 232.0 117.0 365.0 668.0 130.0 145.0 302.0 76.0 323.0 201.0 596.0 417.0 561.0 88.0 2.0 66.0 96.0 143.0 280.0 105.0 299.0 146.0 115.0 185.0 135.0 377.0 0 145.0 80.0 174.0 592.0 165.0 99.0 347.0 370.0 91.0 312.0 347.0 218.0 179.0 90.0 254.0 100.0 79.0 259.0 181.0 121.0 95.0 377.0 123.0 174.0 136.0 107.0 256.0 129.0 209.0 215.0 297.0 318.0 224.0 342.0 15.0 141.0 116.0 
203.0 376.0 74.0 75.0 94.0 86.0 300.0 212.0 358.0 294.0 204.0 111.0 345.0 148.0 126.0 455.0 167.0 311.0 172.0 335.0 221.0 575.0 89.0 84.0 81.0 101.0 148.0 329.0 370.0 261.0 183.0 96.0 227.0 90.0 140.0 260.0 401.0 163.0 144.0 350.0 653.0 15.0 74.0 377.0 75.0 290.0 166.0 581.0 384.0 534.0 93.0 143.0 149.0 101.0 72.0 265.0 170.0 284.0 135.0 30.0 114.0 64.0 362.0 145.0 0 65.0 103.0 559.0 150.0 64.0 332.0 355.0 216.0 279.0 314.0 203.0 164.0 55.0 239.0 127.0 74.0 244.0 146.0 144.0 80.0 362.0 122.0 103.0 65.0 134.0 241.0 114.0 176.0 184.0 264.0 285.0 115.0 309.0 156.0 126.0 241.0 
138.0 329.0 79.0 10.0 29.0 77.0 253.0 147.0 311.0 229.0 139.0 102.0 280.0 177.0 61.0 408.0 102.0 264.0 107.0 270.0 156.0 510.0 80.0 119.0 16.0 36.0 119.0 284.0 305.0 196.0 118.0 161.0 180.0 25.0 75.0 213.0 348.0 152.0 79.0 285.0 588.0 50.0 65.0 312.0 10.0 243.0 121.0 516.0 337.0 481.0 28.0 78.0 84.0 36.0 63.0 200.0 105.0 219.0 80.0 35.0 105.0 55.0 297.0 80.0 65.0 0 94.0 512.0 85.0 19.0 267.0 290.0 151.0 232.0 267.0 138.0 99.0 10.0 174.0 62.0 9.0 179.0 101.0 79.0 15.0 297.0 57.0 94.0 56.0 69.0 176.0 49.0 129.0 135.0 217.0 238.0 144.0 262.0 91.0 61.0 176.0 
232.0 345.0 173.0 104.0 123.0 59.0 269.0 241.0 327.0 323.0 233.0 84.0 374.0 117.0 155.0 424.0 196.0 280.0 201.0 364.0 250.0 566.0 62.0 137.0 110.0 130.0 105.0 292.0 399.0 290.0 212.0 143.0 196.0 119.0 169.0 229.0 370.0 120.0 173.0 379.0 644.0 118.0 47.0 406.0 104.0 259.0 163.0 572.0 353.0 503.0 122.0 172.0 178.0 130.0 45.0 294.0 199.0 313.0 108.0 129.0 11.0 67.0 391.0 174.0 103.0 94.0 0 528.0 179.0 113.0 361.0 384.0 245.0 248.0 283.0 216.0 193.0 104.0 268.0 156.0 103.0 273.0 159.0 173.0 109.0 391.0 151.0 76.0 38.0 163.0 270.0 143.0 145.0 153.0 233.0 254.0 106.0 278.0 185.0 155.0 270.0 
394.0 361.0 577.0 522.0 541.0 497.0 259.0 373.0 315.0 391.0 537.0 522.0 240.0 641.0 573.0 104.0 614.0 296.0 567.0 308.0 382.0 56.0 518.0 631.0 528.0 548.0 423.0 610.0 255.0 708.0 630.0 649.0 394.0 495.0 587.0 309.0 260.0 456.0 591.0 235.0 134.0 562.0 485.0 824.0 522.0 279.0 481.0 62.0 377.0 269.0 540.0 590.0 596.0 548.0 501.0 362.0 617.0 301.0 546.0 547.0 539.0 523.0 379.0 592.0 559.0 512.0 528.0 0 473.0 531.0 253.0 276.0 663.0 308.0 293.0 504.0 459.0 522.0 346.0 574.0 521.0 341.0 501.0 591.0 527.0 355.0 569.0 532.0 494.0 581.0 402.0 471.0 383.0 441.0 305.0 314.0 612.0 268.0 603.0 459.0 688.0 
91.0 324.0 164.0 95.0 114.0 162.0 248.0 100.0 306.0 182.0 152.0 187.0 233.0 262.0 146.0 403.0 187.0 259.0 192.0 223.0 109.0 463.0 165.0 204.0 101.0 121.0 114.0 301.0 258.0 281.0 203.0 246.0 175.0 110.0 160.0 208.0 301.0 147.0 164.0 238.0 541.0 135.0 150.0 397.0 95.0 238.0 172.0 469.0 332.0 434.0 113.0 163.0 169.0 121.0 148.0 153.0 190.0 172.0 165.0 120.0 190.0 140.0 250.0 165.0 150.0 85.0 179.0 473.0 0 104.0 220.0 243.0 236.0 227.0 262.0 133.0 14.0 95.0 127.0 147.0 94.0 132.0 186.0 164.0 100.0 250.0 142.0 179.0 141.0 154.0 129.0 86.0 124.0 130.0 212.0 233.0 229.0 257.0 176.0 74.0 261.0 
157.0 348.0 60.0 29.0 48.0 96.0 272.0 166.0 330.0 248.0 158.0 121.0 299.0 182.0 80.0 427.0 121.0 283.0 126.0 289.0 175.0 529.0 99.0 118.0 35.0 55.0 138.0 265.0 324.0 215.0 137.0 160.0 199.0 44.0 94.0 232.0 367.0 145.0 98.0 304.0 607.0 49.0 84.0 331.0 29.0 262.0 102.0 535.0 356.0 500.0 47.0 97.0 103.0 55.0 82.0 219.0 124.0 238.0 99.0 34.0 124.0 74.0 316.0 99.0 64.0 19.0 113.0 531.0 104.0 0 286.0 309.0 170.0 251.0 286.0 157.0 118.0 9.0 193.0 81.0 28.0 198.0 82.0 98.0 34.0 316.0 76.0 113.0 75.0 88.0 195.0 68.0 148.0 154.0 236.0 257.0 149.0 281.0 110.0 80.0 195.0 
141.0 182.0 346.0 277.0 296.0 344.0 198.0 120.0 246.0 164.0 284.0 369.0 13.0 444.0 328.0 353.0 369.0 117.0 314.0 55.0 129.0 243.0 347.0 386.0 283.0 303.0 292.0 479.0 38.0 463.0 385.0 428.0 215.0 242.0 342.0 168.0 81.0 325.0 346.0 18.0 321.0 317.0 332.0 579.0 277.0 178.0 350.0 249.0 272.0 214.0 295.0 345.0 351.0 303.0 330.0 135.0 372.0 74.0 347.0 302.0 372.0 322.0 152.0 347.0 332.0 267.0 361.0 253.0 220.0 286.0 0 23.0 418.0 167.0 114.0 333.0 206.0 277.0 119.0 329.0 276.0 114.0 368.0 346.0 282.0 128.0 324.0 361.0 323.0 336.0 149.0 218.0 252.0 310.0 164.0 173.0 411.0 207.0 358.0 206.0 443.0 
164.0 205.0 369.0 300.0 319.0 367.0 221.0 143.0 269.0 185.0 307.0 392.0 36.0 467.0 351.0 376.0 392.0 140.0 337.0 32.0 146.0 266.0 370.0 409.0 306.0 326.0 315.0 502.0 61.0 486.0 408.0 451.0 238.0 265.0 365.0 191.0 104.0 348.0 369.0 41.0 344.0 340.0 355.0 602.0 300.0 201.0 373.0 272.0 295.0 237.0 318.0 368.0 374.0 326.0 353.0 156.0 395.0 95.0 370.0 325.0 395.0 345.0 173.0 370.0 355.0 290.0 384.0 276.0 243.0 309.0 23.0 0 441.0 190.0 137.0 356.0 229.0 300.0 140.0 352.0 299.0 135.0 391.0 369.0 305.0 151.0 347.0 384.0 346.0 359.0 126.0 241.0 275.0 333.0 187.0 196.0 434.0 230.0 381.0 229.0 466.0 
289.0 480.0 230.0 141.0 180.0 228.0 404.0 298.0 462.0 380.0 290.0 253.0 431.0 328.0 194.0 559.0 113.0 415.0 240.0 421.0 307.0 661.0 231.0 270.0 167.0 115.0 270.0 435.0 456.0 115.0 227.0 312.0 331.0 176.0 148.0 364.0 499.0 303.0 188.0 436.0 739.0 201.0 216.0 231.0 147.0 394.0 272.0 667.0 488.0 632.0 159.0 89.0 157.0 167.0 214.0 351.0 196.0 370.0 217.0 186.0 256.0 206.0 448.0 91.0 216.0 151.0 245.0 663.0 236.0 170.0 418.0 441.0 0 383.0 418.0 289.0 250.0 161.0 325.0 171.0 150.0 330.0 252.0 212.0 166.0 448.0 194.0 245.0 207.0 178.0 327.0 200.0 280.0 286.0 368.0 389.0 295.0 413.0 76.0 212.0 35.0 
298.0 115.0 297.0 242.0 261.0 217.0 49.0 287.0 97.0 305.0 299.0 242.0 154.0 361.0 293.0 204.0 334.0 50.0 339.0 222.0 296.0 336.0 238.0 351.0 248.0 268.0 143.0 330.0 169.0 428.0 350.0 369.0 154.0 257.0 307.0 19.0 140.0 176.0 311.0 149.0 414.0 282.0 205.0 544.0 242.0 29.0 201.0 342.0 123.0 273.0 260.0 310.0 316.0 268.0 221.0 276.0 337.0 215.0 266.0 267.0 259.0 243.0 293.0 312.0 279.0 232.0 248.0 308.0 227.0 251.0 167.0 190.0 383.0 0 53.0 224.0 241.0 242.0 260.0 294.0 241.0 255.0 221.0 311.0 247.0 235.0 289.0 252.0 214.0 301.0 316.0 233.0 103.0 161.0 15.0 24.0 332.0 58.0 323.0 221.0 408.0 
255.0 68.0 332.0 277.0 296.0 252.0 84.0 234.0 132.0 252.0 334.0 277.0 101.0 396.0 328.0 239.0 369.0 3.0 374.0 169.0 243.0 283.0 273.0 386.0 283.0 303.0 178.0 365.0 116.0 463.0 385.0 404.0 101.0 292.0 342.0 54.0 87.0 211.0 346.0 96.0 361.0 317.0 240.0 579.0 277.0 64.0 236.0 289.0 158.0 220.0 295.0 345.0 351.0 303.0 256.0 223.0 372.0 162.0 301.0 302.0 294.0 278.0 240.0 347.0 314.0 267.0 283.0 293.0 262.0 286.0 114.0 137.0 418.0 53.0 0 259.0 276.0 277.0 207.0 329.0 276.0 202.0 256.0 346.0 282.0 182.0 324.0 287.0 249.0 336.0 263.0 268.0 138.0 196.0 50.0 59.0 367.0 93.0 358.0 256.0 443.0 
204.0 321.0 217.0 148.0 167.0 185.0 245.0 213.0 303.0 295.0 205.0 210.0 346.0 315.0 199.0 400.0 240.0 256.0 245.0 336.0 222.0 542.0 206.0 257.0 154.0 174.0 111.0 298.0 371.0 334.0 256.0 299.0 172.0 163.0 213.0 205.0 346.0 144.0 217.0 351.0 620.0 188.0 173.0 450.0 148.0 235.0 169.0 548.0 329.0 479.0 166.0 216.0 222.0 174.0 189.0 266.0 243.0 285.0 218.0 173.0 227.0 193.0 363.0 218.0 203.0 138.0 216.0 504.0 133.0 157.0 333.0 356.0 289.0 224.0 259.0 0 147.0 148.0 240.0 200.0 147.0 245.0 189.0 217.0 153.0 363.0 195.0 220.0 182.0 207.0 242.0 139.0 121.0 129.0 209.0 230.0 282.0 254.0 229.0 127.0 314.0 
77.0 338.0 178.0 109.0 128.0 176.0 262.0 86.0 320.0 168.0 166.0 201.0 219.0 276.0 160.0 417.0 201.0 273.0 206.0 209.0 95.0 449.0 179.0 218.0 115.0 135.0 128.0 315.0 244.0 295.0 217.0 260.0 189.0 124.0 174.0 222.0 287.0 161.0 178.0 224.0 527.0 149.0 164.0 411.0 109.0 252.0 186.0 455.0 346.0 420.0 127.0 177.0 183.0 135.0 162.0 139.0 204.0 158.0 179.0 134.0 204.0 154.0 236.0 179.0 164.0 99.0 193.0 459.0 14.0 118.0 206.0 229.0 250.0 241.0 276.0 147.0 0 109.0 113.0 161.0 108.0 118.0 200.0 178.0 114.0 236.0 156.0 193.0 155.0 168.0 115.0 100.0 138.0 144.0 226.0 247.0 243.0 271.0 190.0 88.0 275.0 
148.0 339.0 69.0 20.0 39.0 87.0 263.0 157.0 321.0 239.0 149.0 112.0 290.0 173.0 71.0 418.0 112.0 274.0 117.0 280.0 166.0 520.0 90.0 109.0 26.0 46.0 129.0 274.0 315.0 206.0 128.0 151.0 190.0 35.0 85.0 223.0 358.0 154.0 89.0 295.0 598.0 40.0 75.0 322.0 20.0 253.0 111.0 526.0 347.0 491.0 38.0 88.0 94.0 46.0 73.0 210.0 115.0 229.0 90.0 25.0 115.0 65.0 307.0 90.0 55.0 10.0 104.0 522.0 95.0 9.0 277.0 300.0 161.0 242.0 277.0 148.0 109.0 0 184.0 72.0 19.0 189.0 91.0 89.0 25.0 307.0 67.0 104.0 66.0 79.0 186.0 59.0 139.0 145.0 227.0 248.0 140.0 272.0 101.0 71.0 186.0 
48.0 275.0 253.0 184.0 203.0 251.0 291.0 27.0 339.0 55.0 191.0 276.0 106.0 351.0 235.0 446.0 276.0 210.0 221.0 108.0 36.0 336.0 254.0 293.0 190.0 210.0 221.0 408.0 131.0 370.0 292.0 335.0 282.0 149.0 249.0 261.0 174.0 254.0 253.0 111.0 414.0 224.0 239.0 486.0 184.0 271.0 279.0 342.0 365.0 307.0 202.0 252.0 258.0 210.0 237.0 26.0 279.0 45.0 254.0 209.0 279.0 229.0 123.0 254.0 239.0 174.0 268.0 346.0 127.0 193.0 119.0 140.0 325.0 260.0 207.0 240.0 113.0 184.0 0 236.0 183.0 5.0 275.0 253.0 189.0 177.0 231.0 268.0 230.0 243.0 56.0 125.0 231.0 237.0 257.0 266.0 318.0 300.0 265.0 113.0 350.0 
200.0 391.0 141.0 52.0 91.0 139.0 315.0 209.0 373.0 291.0 201.0 164.0 342.0 239.0 113.0 470.0 122.0 326.0 159.0 332.0 218.0 572.0 142.0 181.0 78.0 56.0 181.0 346.0 367.0 248.0 116.0 223.0 242.0 87.0 117.0 275.0 410.0 214.0 99.0 347.0 650.0 112.0 127.0 364.0 58.0 305.0 183.0 578.0 399.0 543.0 70.0 98.0 108.0 78.0 125.0 262.0 157.0 281.0 128.0 97.0 167.0 117.0 359.0 100.0 127.0 62.0 156.0 574.0 147.0 81.0 329.0 352.0 171.0 294.0 329.0 200.0 161.0 72.0 236.0 0 61.0 241.0 163.0 131.0 77.0 359.0 105.0 156.0 118.0 67.0 238.0 111.0 191.0 197.0 279.0 300.0 206.0 324.0 111.0 123.0 196.0 
147.0 338.0 88.0 9.0 38.0 86.0 262.0 156.0 320.0 238.0 148.0 111.0 289.0 186.0 52.0 417.0 101.0 273.0 98.0 279.0 165.0 519.0 89.0 128.0 25.0 35.0 128.0 293.0 314.0 187.0 117.0 170.0 189.0 34.0 74.0 222.0 357.0 161.0 78.0 294.0 597.0 59.0 74.0 303.0 9.0 252.0 130.0 525.0 346.0 490.0 27.0 77.0 83.0 35.0 72.0 209.0 96.0 228.0 79.0 44.0 114.0 64.0 306.0 79.0 74.0 9.0 103.0 521.0 94.0 28.0 276.0 299.0 150.0 241.0 276.0 147.0 108.0 19.0 183.0 61.0 0 188.0 110.0 70.0 24.0 306.0 56.0 103.0 65.0 68.0 185.0 58.0 138.0 144.0 226.0 247.0 153.0 271.0 90.0 70.0 175.0 
53.0 270.0 258.0 189.0 208.0 256.0 286.0 32.0 334.0 50.0 196.0 281.0 101.0 356.0 240.0 441.0 281.0 205.0 226.0 103.0 41.0 331.0 259.0 298.0 195.0 215.0 226.0 413.0 126.0 375.0 297.0 340.0 287.0 154.0 254.0 256.0 169.0 259.0 258.0 106.0 409.0 229.0 244.0 491.0 189.0 266.0 284.0 337.0 360.0 302.0 207.0 257.0 263.0 215.0 242.0 21.0 284.0 40.0 259.0 214.0 284.0 234.0 118.0 259.0 244.0 179.0 273.0 341.0 132.0 198.0 114.0 135.0 330.0 255.0 202.0 245.0 118.0 189.0 5.0 241.0 188.0 0 280.0 258.0 194.0 182.0 236.0 273.0 235.0 248.0 61.0 130.0 236.0 242.0 252.0 261.0 323.0 295.0 270.0 118.0 355.0 
239.0 318.0 76.0 111.0 130.0 142.0 242.0 248.0 300.0 330.0 240.0 167.0 357.0 242.0 162.0 397.0 203.0 253.0 208.0 371.0 257.0 539.0 145.0 200.0 117.0 137.0 78.0 183.0 372.0 297.0 219.0 242.0 169.0 126.0 176.0 202.0 343.0 63.0 180.0 352.0 617.0 131.0 130.0 413.0 111.0 232.0 20.0 545.0 326.0 476.0 129.0 179.0 185.0 137.0 128.0 301.0 206.0 320.0 181.0 116.0 170.0 92.0 398.0 181.0 146.0 101.0 159.0 501.0 186.0 82.0 368.0 391.0 252.0 221.0 256.0 189.0 200.0 91.0 275.0 163.0 110.0 280.0 0 180.0 116.0 398.0 158.0 159.0 121.0 170.0 277.0 150.0 118.0 126.0 206.0 227.0 209.0 251.0 192.0 162.0 277.0 
217.0 408.0 158.0 79.0 108.0 156.0 332.0 226.0 390.0 308.0 218.0 181.0 359.0 256.0 18.0 487.0 99.0 343.0 64.0 349.0 235.0 589.0 159.0 198.0 95.0 105.0 198.0 363.0 384.0 153.0 187.0 240.0 259.0 104.0 64.0 292.0 427.0 231.0 148.0 364.0 667.0 129.0 144.0 269.0 79.0 322.0 200.0 595.0 416.0 560.0 97.0 123.0 73.0 105.0 142.0 279.0 62.0 298.0 149.0 114.0 184.0 134.0 376.0 121.0 144.0 79.0 173.0 591.0 164.0 98.0 346.0 369.0 212.0 311.0 346.0 217.0 178.0 89.0 253.0 131.0 70.0 258.0 180.0 0 94.0 376.0 126.0 173.0 135.0 138.0 255.0 128.0 208.0 214.0 296.0 317.0 223.0 341.0 136.0 140.0 187.0 
153.0 344.0 94.0 25.0 44.0 62.0 268.0 162.0 326.0 244.0 154.0 87.0 295.0 192.0 76.0 423.0 117.0 279.0 122.0 285.0 171.0 525.0 95.0 134.0 31.0 51.0 134.0 299.0 320.0 211.0 133.0 176.0 195.0 40.0 90.0 228.0 363.0 167.0 64.0 300.0 603.0 65.0 74.0 327.0 25.0 258.0 136.0 531.0 352.0 496.0 13.0 93.0 99.0 21.0 78.0 215.0 120.0 234.0 95.0 50.0 120.0 70.0 312.0 95.0 80.0 15.0 109.0 527.0 100.0 34.0 282.0 305.0 166.0 247.0 282.0 153.0 114.0 25.0 189.0 77.0 24.0 194.0 116.0 94.0 0 312.0 72.0 109.0 71.0 84.0 191.0 64.0 144.0 150.0 232.0 253.0 159.0 277.0 106.0 76.0 191.0 
171.0 250.0 376.0 307.0 326.0 374.0 266.0 150.0 314.0 232.0 314.0 399.0 141.0 474.0 358.0 421.0 399.0 185.0 344.0 183.0 159.0 345.0 377.0 416.0 313.0 333.0 344.0 531.0 166.0 493.0 415.0 458.0 283.0 272.0 372.0 236.0 149.0 377.0 376.0 146.0 423.0 347.0 362.0 609.0 307.0 246.0 402.0 351.0 340.0 282.0 325.0 375.0 381.0 333.0 360.0 203.0 402.0 202.0 377.0 332.0 402.0 352.0 280.0 377.0 362.0 297.0 391.0 355.0 250.0 316.0 128.0 151.0 448.0 235.0 182.0 363.0 236.0 307.0 177.0 359.0 306.0 182.0 398.0 376.0 312.0 0 354.0 391.0 353.0 366.0 179.0 248.0 320.0 360.0 232.0 241.0 441.0 275.0 388.0 236.0 473.0 
195.0 386.0 136.0 53.0 80.0 134.0 310.0 204.0 368.0 286.0 196.0 159.0 337.0 234.0 108.0 465.0 145.0 321.0 154.0 327.0 213.0 567.0 137.0 176.0 67.0 79.0 176.0 341.0 362.0 243.0 161.0 218.0 237.0 82.0 118.0 270.0 405.0 209.0 122.0 342.0 645.0 107.0 122.0 359.0 47.0 300.0 178.0 573.0 394.0 538.0 71.0 121.0 127.0 79.0 120.0 257.0 152.0 276.0 117.0 92.0 162.0 112.0 354.0 123.0 122.0 57.0 151.0 569.0 142.0 76.0 324.0 347.0 194.0 289.0 324.0 195.0 156.0 67.0 231.0 105.0 56.0 236.0 158.0 126.0 72.0 354.0 0 151.0 113.0 112.0 233.0 106.0 186.0 192.0 274.0 295.0 201.0 319.0 134.0 118.0 219.0 
232.0 349.0 173.0 104.0 123.0 59.0 273.0 241.0 331.0 323.0 233.0 84.0 374.0 189.0 155.0 428.0 196.0 284.0 201.0 364.0 250.0 570.0 14.0 187.0 110.0 130.0 121.0 308.0 399.0 290.0 212.0 193.0 200.0 119.0 169.0 233.0 374.0 136.0 173.0 379.0 648.0 118.0 47.0 406.0 104.0 263.0 179.0 576.0 357.0 507.0 122.0 172.0 178.0 130.0 45.0 294.0 199.0 313.0 108.0 129.0 87.0 67.0 391.0 174.0 103.0 94.0 76.0 532.0 179.0 113.0 361.0 384.0 245.0 252.0 287.0 220.0 193.0 104.0 268.0 156.0 103.0 273.0 159.0 173.0 109.0 391.0 151.0 0 38.0 163.0 270.0 143.0 149.0 157.0 237.0 258.0 156.0 282.0 185.0 155.0 270.0 
194.0 311.0 135.0 66.0 85.0 21.0 235.0 203.0 293.0 285.0 195.0 46.0 336.0 151.0 117.0 390.0 158.0 246.0 163.0 326.0 212.0 532.0 24.0 149.0 72.0 92.0 83.0 270.0 361.0 252.0 174.0 155.0 162.0 81.0 131.0 195.0 336.0 98.0 135.0 341.0 610.0 80.0 9.0 368.0 66.0 225.0 141.0 538.0 319.0 469.0 84.0 134.0 140.0 92.0 7.0 256.0 161.0 275.0 70.0 91.0 49.0 29.0 353.0 136.0 65.0 56.0 38.0 494.0 141.0 75.0 323.0 346.0 207.0 214.0 249.0 182.0 155.0 66.0 230.0 118.0 65.0 235.0 121.0 135.0 71.0 353.0 113.0 38.0 0 125.0 232.0 105.0 111.0 119.0 199.0 220.0 118.0 244.0 147.0 117.0 232.0 
207.0 398.0 148.0 59.0 98.0 146.0 322.0 216.0 380.0 298.0 208.0 171.0 349.0 246.0 120.0 477.0 129.0 333.0 166.0 339.0 225.0 579.0 149.0 188.0 85.0 63.0 188.0 353.0 374.0 255.0 49.0 230.0 249.0 94.0 124.0 282.0 417.0 221.0 106.0 354.0 657.0 119.0 134.0 371.0 65.0 312.0 190.0 585.0 406.0 550.0 77.0 105.0 115.0 85.0 132.0 269.0 164.0 288.0 135.0 104.0 174.0 124.0 366.0 107.0 134.0 69.0 163.0 581.0 154.0 88.0 336.0 359.0 178.0 301.0 336.0 207.0 168.0 79.0 243.0 67.0 68.0 248.0 170.0 138.0 84.0 366.0 112.0 163.0 125.0 0 245.0 118.0 198.0 204.0 286.0 307.0 213.0 331.0 118.0 130.0 203.0 
50.0 331.0 255.0 186.0 205.0 253.0 347.0 29.0 395.0 111.0 193.0 278.0 162.0 353.0 237.0 502.0 278.0 266.0 223.0 94.0 20.0 392.0 256.0 295.0 192.0 212.0 223.0 410.0 187.0 372.0 294.0 337.0 284.0 151.0 251.0 317.0 230.0 256.0 255.0 167.0 470.0 226.0 241.0 488.0 186.0 327.0 281.0 398.0 421.0 363.0 204.0 254.0 260.0 212.0 239.0 82.0 281.0 101.0 256.0 211.0 281.0 231.0 179.0 256.0 241.0 176.0 270.0 402.0 129.0 195.0 149.0 126.0 327.0 316.0 263.0 242.0 115.0 186.0 56.0 238.0 185.0 61.0 277.0 255.0 191.0 179.0 233.0 270.0 232.0 245.0 0 127.0 233.0 239.0 313.0 322.0 320.0 356.0 267.0 115.0 352.0 
89.0 330.0 128.0 59.0 78.0 126.0 254.0 98.0 312.0 180.0 90.0 151.0 231.0 226.0 110.0 409.0 151.0 265.0 156.0 221.0 107.0 461.0 129.0 168.0 65.0 85.0 120.0 307.0 256.0 245.0 167.0 210.0 181.0 24.0 124.0 214.0 299.0 153.0 128.0 236.0 539.0 99.0 114.0 361.0 59.0 244.0 170.0 467.0 338.0 432.0 77.0 127.0 133.0 85.0 112.0 151.0 154.0 170.0 129.0 84.0 154.0 104.0 248.0 129.0 114.0 49.0 143.0 471.0 86.0 68.0 218.0 241.0 200.0 233.0 268.0 139.0 100.0 59.0 125.0 111.0 58.0 130.0 150.0 128.0 64.0 248.0 106.0 143.0 105.0 118.0 127.0 0 130.0 136.0 218.0 239.0 193.0 263.0 140.0 12.0 225.0 
195.0 200.0 194.0 139.0 158.0 114.0 124.0 204.0 182.0 286.0 196.0 139.0 239.0 258.0 190.0 279.0 231.0 135.0 236.0 307.0 213.0 421.0 135.0 248.0 145.0 165.0 40.0 227.0 254.0 325.0 247.0 266.0 51.0 154.0 204.0 84.0 225.0 73.0 208.0 234.0 499.0 179.0 102.0 441.0 139.0 114.0 98.0 427.0 208.0 358.0 157.0 207.0 213.0 165.0 118.0 257.0 234.0 276.0 163.0 164.0 156.0 140.0 354.0 209.0 176.0 129.0 145.0 383.0 124.0 148.0 252.0 275.0 280.0 103.0 138.0 121.0 138.0 139.0 231.0 191.0 138.0 236.0 118.0 208.0 144.0 320.0 186.0 149.0 111.0 198.0 233.0 130.0 0 58.0 88.0 109.0 229.0 133.0 220.0 118.0 305.0 
201.0 258.0 202.0 145.0 164.0 122.0 182.0 210.0 240.0 292.0 202.0 147.0 297.0 266.0 196.0 337.0 237.0 193.0 242.0 333.0 219.0 479.0 143.0 254.0 151.0 171.0 48.0 235.0 312.0 331.0 253.0 274.0 109.0 160.0 210.0 142.0 283.0 81.0 214.0 292.0 557.0 185.0 110.0 447.0 145.0 172.0 106.0 485.0 266.0 416.0 163.0 213.0 219.0 171.0 126.0 263.0 240.0 282.0 171.0 170.0 164.0 148.0 360.0 215.0 184.0 135.0 153.0 441.0 130.0 154.0 310.0 333.0 286.0 161.0 196.0 129.0 144.0 145.0 237.0 197.0 144.0 242.0 126.0 214.0 150.0 360.0 192.0 157.0 119.0 204.0 239.0 136.0 58.0 0 146.0 167.0 237.0 191.0 226.0 124.0 311.0 
283.0 112.0 282.0 227.0 246.0 202.0 46.0 284.0 94.0 302.0 284.0 227.0 151.0 346.0 278.0 201.0 319.0 47.0 324.0 219.0 293.0 333.0 223.0 336.0 233.0 253.0 128.0 315.0 166.0 413.0 335.0 354.0 139.0 242.0 292.0 16.0 137.0 161.0 296.0 146.0 411.0 267.0 190.0 529.0 227.0 26.0 186.0 339.0 120.0 270.0 245.0 295.0 301.0 253.0 206.0 273.0 322.0 212.0 251.0 252.0 244.0 228.0 290.0 297.0 264.0 217.0 233.0 305.0 212.0 236.0 164.0 187.0 368.0 15.0 50.0 209.0 226.0 227.0 257.0 279.0 226.0 252.0 206.0 296.0 232.0 232.0 274.0 237.0 199.0 286.0 313.0 218.0 88.0 146.0 0 21.0 317.0 55.0 308.0 206.0 393.0 
304.0 121.0 303.0 248.0 267.0 223.0 55.0 293.0 103.0 311.0 305.0 248.0 160.0 367.0 299.0 210.0 340.0 56.0 345.0 228.0 302.0 342.0 244.0 357.0 254.0 274.0 149.0 336.0 175.0 434.0 356.0 375.0 130.0 263.0 313.0 25.0 146.0 182.0 317.0 155.0 420.0 288.0 211.0 550.0 248.0 35.0 207.0 348.0 129.0 279.0 266.0 316.0 322.0 274.0 227.0 282.0 343.0 221.0 272.0 273.0 265.0 249.0 299.0 318.0 285.0 238.0 254.0 314.0 233.0 257.0 173.0 196.0 389.0 24.0 59.0 230.0 247.0 248.0 266.0 300.0 247.0 261.0 227.0 317.0 253.0 241.0 295.0 258.0 220.0 307.0 322.0 239.0 109.0 167.0 21.0 0 338.0 64.0 329.0 227.0 414.0 
282.0 429.0 159.0 154.0 173.0 139.0 353.0 291.0 411.0 373.0 283.0 164.0 424.0 33.0 205.0 508.0 246.0 364.0 251.0 414.0 300.0 650.0 142.0 31.0 160.0 180.0 201.0 388.0 449.0 340.0 262.0 149.0 280.0 169.0 219.0 313.0 454.0 216.0 223.0 429.0 728.0 100.0 127.0 456.0 154.0 343.0 229.0 656.0 437.0 587.0 172.0 222.0 228.0 180.0 125.0 344.0 249.0 363.0 188.0 115.0 95.0 117.0 441.0 224.0 115.0 144.0 106.0 612.0 229.0 149.0 411.0 434.0 295.0 332.0 367.0 282.0 243.0 140.0 318.0 206.0 153.0 323.0 209.0 223.0 159.0 441.0 201.0 156.0 118.0 213.0 320.0 193.0 229.0 237.0 317.0 338.0 0 362.0 235.0 205.0 320.0 
328.0 155.0 327.0 272.0 291.0 247.0 9.0 327.0 101.0 345.0 329.0 272.0 194.0 391.0 323.0 164.0 364.0 90.0 369.0 262.0 336.0 324.0 268.0 381.0 278.0 298.0 173.0 360.0 209.0 458.0 380.0 399.0 184.0 287.0 337.0 59.0 180.0 206.0 341.0 189.0 402.0 312.0 235.0 574.0 272.0 29.0 231.0 330.0 127.0 313.0 290.0 340.0 346.0 298.0 251.0 316.0 367.0 255.0 296.0 297.0 289.0 273.0 333.0 342.0 309.0 262.0 278.0 268.0 257.0 281.0 207.0 230.0 413.0 58.0 93.0 254.0 271.0 272.0 300.0 324.0 271.0 295.0 251.0 341.0 277.0 275.0 319.0 282.0 244.0 331.0 356.0 263.0 133.0 191.0 55.0 64.0 362.0 0 353.0 251.0 438.0 
229.0 420.0 170.0 81.0 120.0 168.0 344.0 238.0 402.0 320.0 230.0 193.0 371.0 268.0 118.0 499.0 53.0 355.0 164.0 361.0 247.0 601.0 171.0 210.0 107.0 55.0 210.0 375.0 396.0 191.0 167.0 252.0 271.0 116.0 72.0 304.0 439.0 243.0 128.0 376.0 679.0 141.0 156.0 307.0 87.0 334.0 212.0 607.0 428.0 572.0 99.0 13.0 81.0 107.0 154.0 291.0 120.0 310.0 157.0 126.0 196.0 146.0 388.0 15.0 156.0 91.0 185.0 603.0 176.0 110.0 358.0 381.0 76.0 323.0 358.0 229.0 190.0 101.0 265.0 111.0 90.0 270.0 192.0 136.0 106.0 388.0 134.0 185.0 147.0 118.0 267.0 140.0 220.0 226.0 308.0 329.0 235.0 353.0 0 152.0 111.0 
77.0 318.0 140.0 71.0 90.0 138.0 242.0 86.0 300.0 168.0 78.0 163.0 219.0 238.0 122.0 397.0 163.0 253.0 168.0 209.0 95.0 449.0 141.0 180.0 77.0 97.0 108.0 295.0 244.0 257.0 179.0 222.0 169.0 36.0 136.0 202.0 287.0 141.0 140.0 224.0 527.0 111.0 126.0 373.0 71.0 232.0 166.0 455.0 326.0 420.0 89.0 139.0 145.0 97.0 124.0 139.0 166.0 158.0 141.0 96.0 166.0 116.0 236.0 141.0 126.0 61.0 155.0 459.0 74.0 80.0 206.0 229.0 212.0 221.0 256.0 127.0 88.0 71.0 113.0 123.0 70.0 118.0 162.0 140.0 76.0 236.0 118.0 155.0 117.0 130.0 115.0 12.0 118.0 124.0 206.0 227.0 205.0 251.0 152.0 0 237.0 
314.0 505.0 255.0 166.0 205.0 253.0 429.0 323.0 487.0 405.0 315.0 278.0 456.0 353.0 169.0 584.0 138.0 440.0 215.0 446.0 332.0 686.0 256.0 295.0 192.0 140.0 295.0 460.0 481.0 80.0 252.0 337.0 356.0 201.0 173.0 389.0 524.0 328.0 213.0 461.0 764.0 226.0 241.0 196.0 172.0 419.0 297.0 692.0 513.0 657.0 184.0 114.0 182.0 192.0 239.0 376.0 213.0 395.0 242.0 211.0 281.0 231.0 473.0 116.0 241.0 176.0 270.0 688.0 261.0 195.0 443.0 466.0 35.0 408.0 443.0 314.0 275.0 186.0 350.0 196.0 175.0 355.0 277.0 187.0 191.0 473.0 219.0 270.0 232.0 203.0 352.0 225.0 305.0 311.0 393.0 414.0 320.0 438.0 111.0 237.0 0 
