40
90 42 58 72 92 11 87 26 83 45 66 5 99 34 12 63 73 100 84 28 8 50 79 78 89 93 46 33 10 91 86 64 95 52 69 7 3 14 98 1
0 3 3 3 2 2 4 2 2 4 3 2 3 1 2 2 3 3 3 1 4 3 1 4 4 4 3 4 4 2 3 4 4 1 4 3 3 3 3 3 
3 0 3 3 1 3 3 3 3 3 3 3 3 2 3 3 2 2 3 4 3 3 2 4 4 3 3 4 3 2 4 3 3 4 2 3 2 3 2 1 
3 3 0 2 2 2 3 3 2 3 2 3 2 3 2 3 3 3 4 4 3 4 2 4 1 4 3 3 3 4 3 3 3 3 3 5 2 4 3 3 
3 3 2 0 2 2 1 3 3 3 2 3 3 3 2 3 3 3 2 2 2 3 2 3 3 4 3 1 3 3 3 3 1 3 3 4 2 2 3 3 
2 1 2 2 0 2 3 3 2 3 2 3 2 1 4 3 3 3 3 3 2 3 2 4 3 4 2 3 4 2 4 3 2 3 2 3 2 3 1 2 
2 3 2 2 2 0 3 2 2 2 2 1 2 3 2 2 2 2 2 2 3 2 1 4 3 2 3 3 3 3 3 3 3 3 3 3 2 3 3 3 
4 3 3 1 3 3 0 3 3 3 3 3 3 3 2 2 2 2 2 3 1 3 3 2 4 3 2 2 2 3 3 3 1 3 2 4 3 2 3 3 
2 3 3 3 3 2 3 0 3 2 3 2 3 3 3 2 1 2 3 3 2 2 1 3 3 2 3 4 2 3 3 3 2 3 2 4 2 3 4 3 
2 3 2 3 2 2 3 3 0 3 3 3 2 1 2 3 2 2 3 3 3 3 2 4 3 3 1 4 3 2 3 3 3 3 3 3 1 3 2 2 
4 3 3 3 3 2 3 2 3 0 3 2 2 4 3 3 2 3 3 3 3 3 3 3 3 3 2 4 3 4 3 4 2 4 2 4 4 4 3 3 
3 3 2 2 2 2 3 3 3 3 0 3 4 3 4 3 4 4 4 4 4 4 2 4 2 4 3 3 4 4 4 4 3 3 3 5 2 4 3 3 
2 3 3 3 3 1 3 2 3 2 3 0 3 3 2 3 2 3 1 1 3 3 2 3 3 2 4 3 2 3 3 3 2 3 2 2 3 4 3 3 
3 3 2 3 2 2 3 3 2 2 4 3 0 3 2 3 3 1 3 4 2 3 2 3 3 3 3 4 2 4 4 3 2 3 3 5 3 3 3 2 
1 2 3 3 1 3 3 3 1 4 3 3 3 0 3 3 3 3 3 2 3 3 2 4 3 4 2 4 3 1 3 3 3 2 3 2 2 2 2 2 
2 3 2 2 4 2 2 3 2 3 4 2 2 3 0 2 3 3 3 3 3 3 2 2 3 3 3 3 2 3 3 3 3 1 2 4 3 4 4 4 
2 3 3 3 3 2 2 2 3 3 3 3 3 3 2 0 3 3 4 3 3 1 1 2 2 3 3 4 2 3 2 3 3 3 2 4 3 3 4 3 
3 2 3 3 3 2 2 1 2 2 4 2 3 3 3 3 0 2 3 3 1 3 2 4 3 1 3 3 3 3 3 3 2 3 2 3 3 4 3 3 
3 2 3 3 3 2 2 2 2 3 4 3 1 3 3 3 2 0 3 3 3 2 2 3 4 2 2 4 1 3 3 2 3 3 2 4 3 3 3 3 
3 3 4 2 3 2 2 3 3 3 4 1 3 3 3 4 3 3 0 2 3 4 3 3 4 3 3 3 3 3 4 2 1 4 3 3 3 4 2 2 
1 4 4 2 3 2 3 3 3 3 4 1 4 2 3 3 3 3 2 0 4 4 2 4 3 3 3 3 3 3 3 3 3 2 3 3 4 4 3 3 
4 3 3 2 2 3 1 2 3 3 4 3 2 3 3 3 1 3 3 4 0 4 3 3 3 2 3 2 3 3 2 2 2 3 3 4 3 3 3 2 
3 3 4 3 3 2 3 2 3 3 4 3 3 3 3 1 3 2 4 4 4 0 2 3 3 2 4 4 3 2 2 4 3 4 1 3 4 3 4 3 
1 2 2 2 2 1 3 1 2 3 2 2 2 2 2 1 2 2 3 2 3 2 0 3 3 3 3 3 3 2 2 3 3 2 3 3 2 2 3 2 
4 4 4 3 4 4 2 3 4 3 4 3 3 4 2 2 4 3 3 4 3 3 3 0 3 3 3 3 2 3 3 1 3 3 2 4 3 4 3 3 
4 4 1 3 3 3 4 3 3 3 2 3 3 3 3 2 3 4 4 3 3 3 3 3 0 4 3 4 3 4 2 2 3 4 2 5 2 3 4 3 
4 3 4 4 4 2 3 2 3 3 4 2 3 4 3 3 1 2 3 3 2 2 3 3 4 0 2 4 3 3 4 4 3 4 3 2 4 4 3 4 
3 3 3 3 2 3 2 3 1 2 3 4 3 2 3 3 3 2 3 3 3 4 3 3 3 2 0 4 3 2 4 3 2 4 3 3 2 2 1 3 
4 4 3 1 3 3 2 4 4 4 3 3 4 4 3 4 3 4 3 3 2 4 3 3 4 4 4 0 3 4 2 2 2 4 4 5 3 3 4 4 
4 3 3 3 4 3 2 2 3 3 4 2 2 3 2 2 3 1 3 3 3 3 3 2 3 3 3 3 0 3 3 1 3 3 2 4 3 2 3 3 
2 2 4 3 2 3 3 3 2 4 4 3 4 1 3 3 3 3 3 3 3 2 2 3 4 3 2 4 3 0 2 4 2 3 3 1 3 3 3 3 
3 4 3 3 4 3 3 3 3 3 4 3 4 3 3 2 3 3 4 3 2 2 2 3 2 4 4 2 3 2 0 2 3 4 2 3 4 3 4 3 
4 3 3 3 3 3 3 3 3 4 4 3 3 3 3 3 3 2 2 3 2 4 3 1 2 4 3 2 1 4 2 0 3 4 3 5 2 3 2 2 
4 3 3 1 2 3 1 2 3 2 3 2 2 3 3 3 2 3 1 3 2 3 3 3 3 3 2 2 3 2 3 3 0 4 2 3 3 3 3 2 
1 4 3 3 3 3 3 3 3 4 3 3 3 2 1 3 3 3 4 2 3 4 2 3 4 4 4 4 3 3 4 4 4 0 3 4 3 4 4 4 
4 2 3 3 2 3 2 2 3 2 3 2 3 3 2 2 2 2 3 3 3 1 3 2 2 3 3 4 2 3 2 3 2 3 0 4 3 3 3 3 
3 3 5 4 3 3 4 4 3 4 5 2 5 2 4 4 3 4 3 3 4 3 3 4 5 2 3 5 4 1 3 5 3 4 4 0 4 4 4 4 
3 2 2 2 2 2 3 2 1 4 2 3 3 2 3 3 3 3 3 4 3 4 2 3 2 4 2 3 3 3 4 2 3 3 3 4 0 3 3 1 
3 3 4 2 3 3 2 3 3 4 4 4 3 2 4 3 4 3 4 4 3 3 2 4 3 4 2 3 2 3 3 3 3 4 3 4 3 0 3 2 
3 2 3 3 1 3 3 4 2 3 3 3 3 2 4 4 3 3 2 3 3 4 3 3 4 3 1 4 3 3 4 2 3 4 3 4 3 3 0 2 
3 1 3 3 2 3 3 3 2 3 3 3 2 2 4 3 3 3 2 3 2 3 2 3 3 4 3 4 3 3 3 2 2 4 3 4 1 2 2 0 
