40
Alexia Avni Ayanna Beatrice Carlee Dana Eden Harley Haven Helen Isabella Jamiya Jordin Karma Kayley Kiera Kimberly Kristina Lana Liberty Lilia Lillie Lisa Maeve Marisol Matilda Mckinley Mira Nora Presley Rayna Rebecca Riley Ruth Shannon Sophia Tanya Tara Vivian Yoselin Abbey
0 2 1 1 2 1 1 2 2 1 1 1 2 2 1 2 2 1 1 2 1 2 2 1 1 1 1 1 2 1 1 2 1 2 2 1 1 2 2 2 2 
2 0 2 1 2 1 1 2 1 1 1 1 1 1 1 1 1 1 2 1 2 1 1 2 2 2 1 2 1 1 1 1 1 2 2 2 1 2 2 1 1 
1 2 0 2 2 1 2 1 1 1 2 1 1 2 1 1 2 2 2 2 1 2 1 1 1 1 2 2 1 2 1 1 1 2 2 2 1 1 1 2 1 
1 1 2 0 2 2 1 1 2 1 1 1 2 2 2 2 1 2 1 1 2 2 2 2 2 2 2 2 1 1 2 2 1 1 2 1 1 2 1 2 2 
2 2 2 2 0 2 2 1 2 2 2 1 1 1 2 1 2 1 1 1 2 2 2 1 1 2 2 1 1 2 2 1 1 2 1 1 2 2 2 1 2 
1 1 1 2 2 0 1 2 1 2 1 1 1 1 1 1 1 1 1 1 2 1 2 2 2 1 2 2 2 1 1 2 2 2 1 1 2 1 1 1 2 
1 1 2 1 2 1 0 1 1 2 2 2 2 1 2 1 1 2 1 1 2 1 2 2 1 2 1 1 2 1 2 1 1 2 1 1 2 2 1 2 1 
2 2 1 1 1 2 1 0 1 1 2 2 2 2 2 2 1 2 2 1 2 1 2 2 1 2 2 2 2 2 1 1 1 1 2 2 2 1 2 2 2 
2 1 1 2 2 1 1 1 0 2 1 2 2 2 2 2 2 1 2 2 2 1 1 1 1 1 1 1 2 1 2 1 1 2 1 2 2 2 1 1 2 
1 1 1 1 2 2 2 1 2 0 1 1 2 1 2 1 1 2 1 1 1 2 2 2 2 2 2 2 2 2 2 1 2 2 2 1 1 2 2 1 2 
1 1 2 1 2 1 2 2 1 1 0 2 2 1 2 1 1 1 2 1 1 2 2 1 1 1 2 1 2 1 1 1 2 1 1 2 2 1 2 2 1 
1 1 1 1 1 1 2 2 2 1 2 0 1 1 1 2 1 1 2 1 1 1 1 2 2 1 1 2 2 1 1 1 2 2 1 2 2 2 1 1 1 
2 1 1 2 1 1 2 2 2 2 2 1 0 1 1 2 2 1 1 1 1 1 2 1 1 1 1 1 1 2 1 2 1 2 1 1 2 1 1 2 1 
2 1 2 2 1 1 1 2 2 1 1 1 1 0 2 1 1 1 1 2 1 2 2 1 1 1 2 1 2 2 2 1 1 1 1 2 2 1 1 1 2 
1 1 1 2 2 1 2 2 2 2 2 1 1 2 0 2 2 2 1 1 1 1 1 1 2 1 2 1 2 1 1 2 1 1 2 1 1 1 2 2 1 
2 1 1 2 1 1 1 2 2 1 1 2 2 1 2 0 1 2 2 1 2 2 2 1 2 2 1 2 1 2 1 2 2 1 2 1 1 1 2 1 2 
2 1 2 1 2 1 1 1 2 1 1 1 2 1 2 1 0 2 2 2 1 1 2 1 2 2 1 1 1 2 1 1 2 2 1 2 1 1 1 2 1 
1 1 2 2 1 1 2 2 1 2 1 1 1 1 2 2 2 0 1 2 2 1 1 2 2 1 2 1 2 2 2 1 2 2 2 1 1 2 1 1 1 
1 2 2 1 1 1 1 2 2 1 2 2 1 1 1 2 2 1 0 1 1 1 1 2 1 1 1 1 2 2 2 1 2 2 2 1 2 1 1 1 2 
2 1 2 1 1 1 1 1 2 1 1 1 1 2 1 1 2 2 1 0 1 1 2 1 2 2 1 1 1 1 1 2 1 1 2 1 2 1 2 2 1 
1 2 1 2 2 2 2 2 2 1 1 1 1 1 1 2 1 2 1 1 0 1 2 2 2 2 2 2 1 1 1 1 1 2 1 2 2 1 2 1 1 
2 1 2 2 2 1 1 1 1 2 2 1 1 2 1 2 1 1 1 1 1 0 1 2 2 2 1 1 1 2 1 2 2 1 2 2 2 2 1 1 2 
2 1 1 2 2 2 2 2 1 2 2 1 2 2 1 2 2 1 1 2 2 1 0 1 2 2 2 2 2 2 2 2 1 2 1 2 2 1 1 2 1 
1 2 1 2 1 2 2 2 1 2 1 2 1 1 1 1 1 2 2 1 2 2 1 0 1 1 1 2 2 2 2 2 2 1 1 1 1 1 2 2 2 
1 2 1 2 1 2 1 1 1 2 1 2 1 1 2 2 2 2 1 2 2 2 2 1 0 1 1 1 2 2 1 1 2 2 1 2 2 1 2 2 2 
1 2 1 2 2 1 2 2 1 2 1 1 1 1 1 2 2 1 1 2 2 2 2 1 1 0 1 1 2 2 2 1 2 2 1 2 1 2 2 1 1 
1 1 2 2 2 2 1 2 1 2 2 1 1 2 2 1 1 2 1 1 2 1 2 1 1 1 0 1 2 2 2 1 1 2 2 1 1 2 2 2 2 
1 2 2 2 1 2 1 2 1 2 1 2 1 1 1 2 1 1 1 1 2 1 2 2 1 1 1 0 1 2 1 1 2 2 1 1 2 1 1 2 2 
2 1 1 1 1 2 2 2 2 2 2 2 1 2 2 1 1 2 2 1 1 1 2 2 2 2 2 1 0 2 1 1 2 2 2 2 2 2 1 2 2 
1 1 2 1 2 1 1 2 1 2 1 1 2 2 1 2 2 2 2 1 1 2 2 2 2 2 2 2 2 0 2 2 1 1 1 2 2 1 2 1 2 
1 1 1 2 2 1 2 1 2 2 1 1 1 2 1 1 1 2 2 1 1 1 2 2 1 2 2 1 1 2 0 1 2 2 2 2 1 1 2 2 1 
2 1 1 2 1 2 1 1 1 1 1 1 2 1 2 2 1 1 1 2 1 2 2 2 1 1 1 1 1 2 1 0 1 1 2 1 1 1 2 1 1 
1 1 1 1 1 2 1 1 1 2 2 2 1 1 1 2 2 2 2 1 1 2 1 2 2 2 1 2 2 1 2 1 0 1 1 2 2 2 1 2 2 
2 2 2 1 2 2 2 1 2 2 1 2 2 1 1 1 2 2 2 1 2 1 2 1 2 2 2 2 2 1 2 1 1 0 1 2 1 1 1 1 1 
2 2 2 2 1 1 1 2 1 2 1 1 1 1 2 2 1 2 2 2 1 2 1 1 1 1 2 1 2 1 2 2 1 1 0 2 1 1 2 1 2 
1 2 2 1 1 1 1 2 2 1 2 2 1 2 1 1 2 1 1 1 2 2 2 1 2 2 1 1 2 2 2 1 2 2 2 0 2 2 1 2 2 
1 1 1 1 2 2 2 2 2 1 2 2 2 2 1 1 1 1 2 2 2 2 2 1 2 1 1 2 2 2 1 1 2 1 1 2 0 1 1 1 1 
2 2 1 2 2 1 2 1 2 2 1 2 1 1 1 1 1 2 1 1 1 2 1 1 1 2 2 1 2 1 1 1 2 1 1 2 1 0 2 1 1 
2 2 1 1 2 1 1 2 1 2 2 1 1 1 2 2 1 1 1 2 2 1 1 2 2 2 2 1 1 2 2 2 1 1 2 1 1 2 0 2 2 
2 1 2 2 1 1 2 2 1 1 2 1 2 1 2 1 2 1 1 2 1 1 2 2 2 1 2 2 2 1 2 1 2 1 1 2 1 1 2 0 1 
2 1 1 2 2 2 1 2 2 2 1 1 1 2 1 2 1 1 2 1 1 2 1 2 2 1 2 2 2 2 1 1 2 1 2 2 1 1 2 1 0 
