80
3 4 5 7 8 9 11 12 13 15 16 17 19 20 21 23 24 25 28 30 53 54 55 57 58 59 61 62 63 65 66 67 69 70 71 73 74 75 78 80 103 104 105 107 108 109 111 112 113 115 116 117 119 120 121 123 124 125 128 130 153 154 155 157 158 159 161 162 163 165 166 167 169 170 171 173 174 175 178 180 1
0 1 1 4 4 4 4 4 4 4 4 4 4 4 4 4 4 4 5 7 6 6 6 4 4 4 4 4 4 4 4 4 4 4 4 4 4 4 5 7 6 6 6 4 4 4 4 4 4 4 4 4 4 4 4 4 4 4 5 7 6 6 6 4 4 4 4 4 4 4 4 4 4 4 4 4 4 4 5 7 2 
1 0 1 4 4 4 4 4 4 4 4 4 4 4 4 4 4 4 5 7 6 6 6 4 4 4 4 4 4 4 4 4 4 4 4 4 4 4 5 7 6 6 6 4 4 4 4 4 4 4 4 4 4 4 4 4 4 4 5 7 6 6 6 4 4 4 4 4 4 4 4 4 4 4 4 4 4 4 5 7 2 
1 1 0 4 4 4 4 4 4 4 4 4 4 4 4 4 4 4 5 7 6 6 6 4 4 4 4 4 4 4 4 4 4 4 4 4 4 4 5 7 6 6 6 4 4 4 4 4 4 4 4 4 4 4 4 4 4 4 5 7 6 6 6 4 4 4 4 4 4 4 4 4 4 4 4 4 4 4 5 7 2 
4 4 4 0 1 1 4 4 4 4 4 4 4 4 4 4 4 4 5 7 6 6 6 4 4 4 4 4 4 4 4 4 4 4 4 4 4 4 5 7 6 6 6 4 4 4 4 4 4 4 4 4 4 4 4 4 4 4 5 7 6 6 6 4 4 4 4 4 4 4 4 4 4 4 4 4 4 4 5 7 2 
4 4 4 1 0 1 4 4 4 4 4 4 4 4 4 4 4 4 5 7 6 6 6 4 4 4 4 4 4 4 4 4 4 4 4 4 4 4 5 7 6 6 6 4 4 4 4 4 4 4 4 4 4 4 4 4 4 4 5 7 6 6 6 4 4 4 4 4 4 4 4 4 4 4 4 4 4 4 5 7 2 
4 4 4 1 1 0 4 4 4 4 4 4 4 4 4 4 4 4 5 7 6 6 6 4 4 4 4 4 4 4 4 4 4 4 4 4 4 4 5 7 6 6 6 4 4 4 4 4 4 4 4 4 4 4 4 4 4 4 5 7 6 6 6 4 4 4 4 4 4 4 4 4 4 4 4 4 4 4 5 7 2 
4 4 4 4 4 4 0 1 1 4 4 4 4 4 4 4 4 4 5 7 6 6 6 4 4 4 4 4 4 4 4 4 4 4 4 4 4 4 5 7 6 6 6 4 4 4 4 4 4 4 4 4 4 4 4 4 4 4 5 7 6 6 6 4 4 4 4 4 4 4 4 4 4 4 4 4 4 4 5 7 2 
4 4 4 4 4 4 1 0 1 4 4 4 4 4 4 4 4 4 5 7 6 6 6 4 4 4 4 4 4 4 4 4 4 4 4 4 4 4 5 7 6 6 6 4 4 4 4 4 4 4 4 4 4 4 4 4 4 4 5 7 6 6 6 4 4 4 4 4 4 4 4 4 4 4 4 4 4 4 5 7 2 
4 4 4 4 4 4 1 1 0 4 4 4 4 4 4 4 4 4 5 7 6 6 6 4 4 4 4 4 4 4 4 4 4 4 4 4 4 4 5 7 6 6 6 4 4 4 4 4 4 4 4 4 4 4 4 4 4 4 5 7 6 6 6 4 4 4 4 4 4 4 4 4 4 4 4 4 4 4 5 7 2 
4 4 4 4 4 4 4 4 4 0 1 1 4 4 4 4 4 4 5 7 6 6 6 4 4 4 4 4 4 4 4 4 4 4 4 4 4 4 5 7 6 6 6 4 4 4 4 4 4 4 4 4 4 4 4 4 4 4 5 7 6 6 6 4 4 4 4 4 4 4 4 4 4 4 4 4 4 4 5 7 2 
4 4 4 4 4 4 4 4 4 1 0 1 4 4 4 4 4 4 5 7 6 6 6 4 4 4 4 4 4 4 4 4 4 4 4 4 4 4 5 7 6 6 6 4 4 4 4 4 4 4 4 4 4 4 4 4 4 4 5 7 6 6 6 4 4 4 4 4 4 4 4 4 4 4 4 4 4 4 5 7 2 
4 4 4 4 4 4 4 4 4 1 1 0 4 4 4 4 4 4 5 7 6 6 6 4 4 4 4 4 4 4 4 4 4 4 4 4 4 4 5 7 6 6 6 4 4 4 4 4 4 4 4 4 4 4 4 4 4 4 5 7 6 6 6 4 4 4 4 4 4 4 4 4 4 4 4 4 4 4 5 7 2 
4 4 4 4 4 4 4 4 4 4 4 4 0 1 1 4 4 4 5 7 6 6 6 4 4 4 4 4 4 4 4 4 4 4 4 4 4 4 5 7 6 6 6 4 4 4 4 4 4 4 4 4 4 4 4 4 4 4 5 7 6 6 6 4 4 4 4 4 4 4 4 4 4 4 4 4 4 4 5 7 2 
4 4 4 4 4 4 4 4 4 4 4 4 1 0 1 4 4 4 5 7 6 6 6 4 4 4 4 4 4 4 4 4 4 4 4 4 4 4 5 7 6 6 6 4 4 4 4 4 4 4 4 4 4 4 4 4 4 4 5 7 6 6 6 4 4 4 4 4 4 4 4 4 4 4 4 4 4 4 5 7 2 
4 4 4 4 4 4 4 4 4 4 4 4 1 1 0 4 4 4 5 7 6 6 6 4 4 4 4 4 4 4 4 4 4 4 4 4 4 4 5 7 6 6 6 4 4 4 4 4 4 4 4 4 4 4 4 4 4 4 5 7 6 6 6 4 4 4 4 4 4 4 4 4 4 4 4 4 4 4 5 7 2 
4 4 4 4 4 4 4 4 4 4 4 4 4 4 4 0 1 1 5 7 6 6 6 4 4 4 4 4 4 4 4 4 4 4 4 4 4 4 5 7 6 6 6 4 4 4 4 4 4 4 4 4 4 4 4 4 4 4 5 7 6 6 6 4 4 4 4 4 4 4 4 4 4 4 4 4 4 4 5 7 2 
4 4 4 4 4 4 4 4 4 4 4 4 4 4 4 1 0 1 5 7 6 6 6 4 4 4 4 4 4 4 4 4 4 4 4 4 4 4 5 7 6 6 6 4 4 4 4 4 4 4 4 4 4 4 4 4 4 4 5 7 6 6 6 4 4 4 4 4 4 4 4 4 4 4 4 4 4 4 5 7 2 
4 4 4 4 4 4 4 4 4 4 4 4 4 4 4 1 1 0 5 7 6 6 6 4 4 4 4 4 4 4 4 4 4 4 4 4 4 4 5 7 6 6 6 4 4 4 4 4 4 4 4 4 4 4 4 4 4 4 5 7 6 6 6 4 4 4 4 4 4 4 4 4 4 4 4 4 4 4 5 7 2 
5 5 5 5 5 5 5 5 5 5 5 5 5 5 5 5 5 5 0 2 7 7 7 5 5 5 5 5 5 5 5 5 5 5 5 5 5 5 6 8 7 7 7 5 5 5 5 5 5 5 5 5 5 5 5 5 5 5 6 8 7 7 7 5 5 5 5 5 5 5 5 5 5 5 5 5 5 5 6 8 3 
7 7 7 7 7 7 7 7 7 7 7 7 7 7 7 7 7 7 2 0 9 9 9 7 7 7 7 7 7 7 7 7 7 7 7 7 7 7 8 10 9 9 9 7 7 7 7 7 7 7 7 7 7 7 7 7 7 7 8 10 9 9 9 7 7 7 7 7 7 7 7 7 7 7 7 7 7 7 8 10 5 
6 6 6 6 6 6 6 6 6 6 6 6 6 6 6 6 6 6 7 9 0 1 1 6 6 6 6 6 6 6 6 6 6 6 6 6 6 6 7 9 8 8 8 6 6 6 6 6 6 6 6 6 6 6 6 6 6 6 7 9 8 8 8 6 6 6 6 6 6 6 6 6 6 6 6 6 6 6 7 9 4 
6 6 6 6 6 6 6 6 6 6 6 6 6 6 6 6 6 6 7 9 1 0 1 6 6 6 6 6 6 6 6 6 6 6 6 6 6 6 7 9 8 8 8 6 6 6 6 6 6 6 6 6 6 6 6 6 6 6 7 9 8 8 8 6 6 6 6 6 6 6 6 6 6 6 6 6 6 6 7 9 4 
6 6 6 6 6 6 6 6 6 6 6 6 6 6 6 6 6 6 7 9 1 1 0 6 6 6 6 6 6 6 6 6 6 6 6 6 6 6 7 9 8 8 8 6 6 6 6 6 6 6 6 6 6 6 6 6 6 6 7 9 8 8 8 6 6 6 6 6 6 6 6 6 6 6 6 6 6 6 7 9 4 
4 4 4 4 4 4 4 4 4 4 4 4 4 4 4 4 4 4 5 7 6 6 6 0 1 1 4 4 4 4 4 4 4 4 4 4 4 4 5 7 6 6 6 4 4 4 4 4 4 4 4 4 4 4 4 4 4 4 5 7 6 6 6 4 4 4 4 4 4 4 4 4 4 4 4 4 4 4 5 7 2 
4 4 4 4 4 4 4 4 4 4 4 4 4 4 4 4 4 4 5 7 6 6 6 1 0 1 4 4 4 4 4 4 4 4 4 4 4 4 5 7 6 6 6 4 4 4 4 4 4 4 4 4 4 4 4 4 4 4 5 7 6 6 6 4 4 4 4 4 4 4 4 4 4 4 4 4 4 4 5 7 2 
4 4 4 4 4 4 4 4 4 4 4 4 4 4 4 4 4 4 5 7 6 6 6 1 1 0 4 4 4 4 4 4 4 4 4 4 4 4 5 7 6 6 6 4 4 4 4 4 4 4 4 4 4 4 4 4 4 4 5 7 6 6 6 4 4 4 4 4 4 4 4 4 4 4 4 4 4 4 5 7 2 
4 4 4 4 4 4 4 4 4 4 4 4 4 4 4 4 4 4 5 7 6 6 6 4 4 4 0 1 1 4 4 4 4 4 4 4 4 4 5 7 6 6 6 4 4 4 4 4 4 4 4 4 4 4 4 4 4 4 5 7 6 6 6 4 4 4 4 4 4 4 4 4 4 4 4 4 4 4 5 7 2 
4 4 4 4 4 4 4 4 4 4 4 4 4 4 4 4 4 4 5 7 6 6 6 4 4 4 1 0 1 4 4 4 4 4 4 4 4 4 5 7 6 6 6 4 4 4 4 4 4 4 4 4 4 4 4 4 4 4 5 7 6 6 6 4 4 4 4 4 4 4 4 4 4 4 4 4 4 4 5 7 2 
4 4 4 4 4 4 4 4 4 4 4 4 4 4 4 4 4 4 5 7 6 6 6 4 4 4 1 1 0 4 4 4 4 4 4 4 4 4 5 7 6 6 6 4 4 4 4 4 4 4 4 4 4 4 4 4 4 4 5 7 6 6 6 4 4 4 4 4 4 4 4 4 4 4 4 4 4 4 5 7 2 
4 4 4 4 4 4 4 4 4 4 4 4 4 4 4 4 4 4 5 7 6 6 6 4 4 4 4 4 4 0 1 1 4 4 4 4 4 4 5 7 6 6 6 4 4 4 4 4 4 4 4 4 4 4 4 4 4 4 5 7 6 6 6 4 4 4 4 4 4 4 4 4 4 4 4 4 4 4 5 7 2 
4 4 4 4 4 4 4 4 4 4 4 4 4 4 4 4 4 4 5 7 6 6 6 4 4 4 4 4 4 1 0 1 4 4 4 4 4 4 5 7 6 6 6 4 4 4 4 4 4 4 4 4 4 4 4 4 4 4 5 7 6 6 6 4 4 4 4 4 4 4 4 4 4 4 4 4 4 4 5 7 2 
4 4 4 4 4 4 4 4 4 4 4 4 4 4 4 4 4 4 5 7 6 6 6 4 4 4 4 4 4 1 1 0 4 4 4 4 4 4 5 7 6 6 6 4 4 4 4 4 4 4 4 4 4 4 4 4 4 4 5 7 6 6 6 4 4 4 4 4 4 4 4 4 4 4 4 4 4 4 5 7 2 
4 4 4 4 4 4 4 4 4 4 4 4 4 4 4 4 4 4 5 7 6 6 6 4 4 4 4 4 4 4 4 4 0 1 1 4 4 4 5 7 6 6 6 4 4 4 4 4 4 4 4 4 4 4 4 4 4 4 5 7 6 6 6 4 4 4 4 4 4 4 4 4 4 4 4 4 4 4 5 7 2 
4 4 4 4 4 4 4 4 4 4 4 4 4 4 4 4 4 4 5 7 6 6 6 4 4 4 4 4 4 4 4 4 1 0 1 4 4 4 5 7 6 6 6 4 4 4 4 4 4 4 4 4 4 4 4 4 4 4 5 7 6 6 6 4 4 4 4 4 4 4 4 4 4 4 4 4 4 4 5 7 2 
4 4 4 4 4 4 4 4 4 4 4 4 4 4 4 4 4 4 5 7 6 6 6 4 4 4 4 4 4 4 4 4 1 1 0 4 4 4 5 7 6 6 6 4 4 4 4 4 4 4 4 4 4 4 4 4 4 4 5 7 6 6 6 4 4 4 4 4 4 4 4 4 4 4 4 4 4 4 5 7 2 
4 4 4 4 4 4 4 4 4 4 4 4 4 4 4 4 4 4 5 7 6 6 6 4 4 4 4 4 4 4 4 4 4 4 4 0 1 1 5 7 6 6 6 4 4 4 4 4 4 4 4 4 4 4 4 4 4 4 5 7 6 6 6 4 4 4 4 4 4 4 4 4 4 4 4 4 4 4 5 7 2 
4 4 4 4 4 4 4 4 4 4 4 4 4 4 4 4 4 4 5 7 6 6 6 4 4 4 4 4 4 4 4 4 4 4 4 1 0 1 5 7 6 6 6 4 4 4 4 4 4 4 4 4 4 4 4 4 4 4 5 7 6 6 6 4 4 4 4 4 4 4 4 4 4 4 4 4 4 4 5 7 2 
4 4 4 4 4 4 4 4 4 4 4 4 4 4 4 4 4 4 5 7 6 6 6 4 4 4 4 4 4 4 4 4 4 4 4 1 1 0 5 7 6 6 6 4 4 4 4 4 4 4 4 4 4 4 4 4 4 4 5 7 6 6 6 4 4 4 4 4 4 4 4 4 4 4 4 4 4 4 5 7 2 
5 5 5 5 5 5 5 5 5 5 5 5 5 5 5 5 5 5 6 8 7 7 7 5 5 5 5 5 5 5 5 5 5 5 5 5 5 5 0 2 7 7 7 5 5 5 5 5 5 5 5 5 5 5 5 5 5 5 6 8 7 7 7 5 5 5 5 5 5 5 5 5 5 5 5 5 5 5 6 8 3 
7 7 7 7 7 7 7 7 7 7 7 7 7 7 7 7 7 7 8 10 9 9 9 7 7 7 7 7 7 7 7 7 7 7 7 7 7 7 2 0 9 9 9 7 7 7 7 7 7 7 7 7 7 7 7 7 7 7 8 10 9 9 9 7 7 7 7 7 7 7 7 7 7 7 7 7 7 7 8 10 5 
6 6 6 6 6 6 6 6 6 6 6 6 6 6 6 6 6 6 7 9 8 8 8 6 6 6 6 6 6 6 6 6 6 6 6 6 6 6 7 9 0 1 1 6 6 6 6 6 6 6 6 6 6 6 6 6 6 6 7 9 8 8 8 6 6 6 6 6 6 6 6 6 6 6 6 6 6 6 7 9 4 
6 6 6 6 6 6 6 6 6 6 6 6 6 6 6 6 6 6 7 9 8 8 8 6 6 6 6 6 6 6 6 6 6 6 6 6 6 6 7 9 1 0 1 6 6 6 6 6 6 6 6 6 6 6 6 6 6 6 7 9 8 8 8 6 6 6 6 6 6 6 6 6 6 6 6 6 6 6 7 9 4 
6 6 6 6 6 6 6 6 6 6 6 6 6 6 6 6 6 6 7 9 8 8 8 6 6 6 6 6 6 6 6 6 6 6 6 6 6 6 7 9 1 1 0 6 6 6 6 6 6 6 6 6 6 6 6 6 6 6 7 9 8 8 8 6 6 6 6 6 6 6 6 6 6 6 6 6 6 6 7 9 4 
4 4 4 4 4 4 4 4 4 4 4 4 4 4 4 4 4 4 5 7 6 6 6 4 4 4 4 4 4 4 4 4 4 4 4 4 4 4 5 7 6 6 6 0 1 1 4 4 4 4 4 4 4 4 4 4 4 4 5 7 6 6 6 4 4 4 4 4 4 4 4 4 4 4 4 4 4 4 5 7 2 
4 4 4 4 4 4 4 4 4 4 4 4 4 4 4 4 4 4 5 7 6 6 6 4 4 4 4 4 4 4 4 4 4 4 4 4 4 4 5 7 6 6 6 1 0 1 4 4 4 4 4 4 4 4 4 4 4 4 5 7 6 6 6 4 4 4 4 4 4 4 4 4 4 4 4 4 4 4 5 7 2 
4 4 4 4 4 4 4 4 4 4 4 4 4 4 4 4 4 4 5 7 6 6 6 4 4 4 4 4 4 4 4 4 4 4 4 4 4 4 5 7 6 6 6 1 1 0 4 4 4 4 4 4 4 4 4 4 4 4 5 7 6 6 6 4 4 4 4 4 4 4 4 4 4 4 4 4 4 4 5 7 2 
4 4 4 4 4 4 4 4 4 4 4 4 4 4 4 4 4 4 5 7 6 6 6 4 4 4 4 4 4 4 4 4 4 4 4 4 4 4 5 7 6 6 6 4 4 4 0 1 1 4 4 4 4 4 4 4 4 4 5 7 6 6 6 4 4 4 4 4 4 4 4 4 4 4 4 4 4 4 5 7 2 
4 4 4 4 4 4 4 4 4 4 4 4 4 4 4 4 4 4 5 7 6 6 6 4 4 4 4 4 4 4 4 4 4 4 4 4 4 4 5 7 6 6 6 4 4 4 1 0 1 4 4 4 4 4 4 4 4 4 5 7 6 6 6 4 4 4 4 4 4 4 4 4 4 4 4 4 4 4 5 7 2 
4 4 4 4 4 4 4 4 4 4 4 4 4 4 4 4 4 4 5 7 6 6 6 4 4 4 4 4 4 4 4 4 4 4 4 4 4 4 5 7 6 6 6 4 4 4 1 1 0 4 4 4 4 4 4 4 4 4 5 7 6 6 6 4 4 4 4 4 4 4 4 4 4 4 4 4 4 4 5 7 2 
4 4 4 4 4 4 4 4 4 4 4 4 4 4 4 4 4 4 5 7 6 6 6 4 4 4 4 4 4 4 4 4 4 4 4 4 4 4 5 7 6 6 6 4 4 4 4 4 4 0 1 1 4 4 4 4 4 4 5 7 6 6 6 4 4 4 4 4 4 4 4 4 4 4 4 4 4 4 5 7 2 
4 4 4 4 4 4 4 4 4 4 4 4 4 4 4 4 4 4 5 7 6 6 6 4 4 4 4 4 4 4 4 4 4 4 4 4 4 4 5 7 6 6 6 4 4 4 4 4 4 1 0 1 4 4 4 4 4 4 5 7 6 6 6 4 4 4 4 4 4 4 4 4 4 4 4 4 4 4 5 7 2 
4 4 4 4 4 4 4 4 4 4 4 4 4 4 4 4 4 4 5 7 6 6 6 4 4 4 4 4 4 4 4 4 4 4 4 4 4 4 5 7 6 6 6 4 4 4 4 4 4 1 1 0 4 4 4 4 4 4 5 7 6 6 6 4 4 4 4 4 4 4 4 4 4 4 4 4 4 4 5 7 2 
4 4 4 4 4 4 4 4 4 4 4 4 4 4 4 4 4 4 5 7 6 6 6 4 4 4 4 4 4 4 4 4 4 4 4 4 4 4 5 7 6 6 6 4 4 4 4 4 4 4 4 4 0 1 1 4 4 4 5 7 6 6 6 4 4 4 4 4 4 4 4 4 4 4 4 4 4 4 5 7 2 
4 4 4 4 4 4 4 4 4 4 4 4 4 4 4 4 4 4 5 7 6 6 6 4 4 4 4 4 4 4 4 4 4 4 4 4 4 4 5 7 6 6 6 4 4 4 4 4 4 4 4 4 1 0 1 4 4 4 5 7 6 6 6 4 4 4 4 4 4 4 4 4 4 4 4 4 4 4 5 7 2 
4 4 4 4 4 4 4 4 4 4 4 4 4 4 4 4 4 4 5 7 6 6 6 4 4 4 4 4 4 4 4 4 4 4 4 4 4 4 5 7 6 6 6 4 4 4 4 4 4 4 4 4 1 1 0 4 4 4 5 7 6 6 6 4 4 4 4 4 4 4 4 4 4 4 4 4 4 4 5 7 2 
4 4 4 4 4 4 4 4 4 4 4 4 4 4 4 4 4 4 5 7 6 6 6 4 4 4 4 4 4 4 4 4 4 4 4 4 4 4 5 7 6 6 6 4 4 4 4 4 4 4 4 4 4 4 4 0 1 1 5 7 6 6 6 4 4 4 4 4 4 4 4 4 4 4 4 4 4 4 5 7 2 
4 4 4 4 4 4 4 4 4 4 4 4 4 4 4 4 4 4 5 7 6 6 6 4 4 4 4 4 4 4 4 4 4 4 4 4 4 4 5 7 6 6 6 4 4 4 4 4 4 4 4 4 4 4 4 1 0 1 5 7 6 6 6 4 4 4 4 4 4 4 4 4 4 4 4 4 4 4 5 7 2 
4 4 4 4 4 4 4 4 4 4 4 4 4 4 4 4 4 4 5 7 6 6 6 4 4 4 4 4 4 4 4 4 4 4 4 4 4 4 5 7 6 6 6 4 4 4 4 4 4 4 4 4 4 4 4 1 1 0 5 7 6 6 6 4 4 4 4 4 4 4 4 4 4 4 4 4 4 4 5 7 2 
5 5 5 5 5 5 5 5 5 5 5 5 5 5 5 5 5 5 6 8 7 7 7 5 5 5 5 5 5 5 5 5 5 5 5 5 5 5 6 8 7 7 7 5 5 5 5 5 5 5 5 5 5 5 5 5 5 5 0 2 7 7 7 5 5 5 5 5 5 5 5 5 5 5 5 5 5 5 6 8 3 
7 7 7 7 7 7 7 7 7 7 7 7 7 7 7 7 7 7 8 10 9 9 9 7 7 7 7 7 7 7 7 7 7 7 7 7 7 7 8 10 9 9 9 7 7 7 7 7 7 7 7 7 7 7 7 7 7 7 2 0 9 9 9 7 7 7 7 7 7 7 7 7 7 7 7 7 7 7 8 10 5 
6 6 6 6 6 6 6 6 6 6 6 6 6 6 6 6 6 6 7 9 8 8 8 6 6 6 6 6 6 6 6 6 6 6 6 6 6 6 7 9 8 8 8 6 6 6 6 6 6 6 6 6 6 6 6 6 6 6 7 9 0 1 1 6 6 6 6 6 6 6 6 6 6 6 6 6 6 6 7 9 4 
6 6 6 6 6 6 6 6 6 6 6 6 6 6 6 6 6 6 7 9 8 8 8 6 6 6 6 6 6 6 6 6 6 6 6 6 6 6 7 9 8 8 8 6 6 6 6 6 6 6 6 6 6 6 6 6 6 6 7 9 1 0 1 6 6 6 6 6 6 6 6 6 6 6 6 6 6 6 7 9 4 
6 6 6 6 6 6 6 6 6 6 6 6 6 6 6 6 6 6 7 9 8 8 8 6 6 6 6 6 6 6 6 6 6 6 6 6 6 6 7 9 8 8 8 6 6 6 6 6 6 6 6 6 6 6 6 6 6 6 7 9 1 1 0 6 6 6 6 6 6 6 6 6 6 6 6 6 6 6 7 9 4 
4 4 4 4 4 4 4 4 4 4 4 4 4 4 4 4 4 4 5 7 6 6 6 4 4 4 4 4 4 4 4 4 4 4 4 4 4 4 5 7 6 6 6 4 4 4 4 4 4 4 4 4 4 4 4 4 4 4 5 7 6 6 6 0 1 1 4 4 4 4 4 4 4 4 4 4 4 4 5 7 2 
4 4 4 4 4 4 4 4 4 4 4 4 4 4 4 4 4 4 5 7 6 6 6 4 4 4 4 4 4 4 4 4 4 4 4 4 4 4 5 7 6 6 6 4 4 4 4 4 4 4 4 4 4 4 4 4 4 4 5 7 6 6 6 1 0 1 4 4 4 4 4 4 4 4 4 4 4 4 5 7 2 
4 4 4 4 4 4 4 4 4 4 4 4 4 4 4 4 4 4 5 7 6 6 6 4 4 4 4 4 4 4 4 4 4 4 4 4 4 4 5 7 6 6 6 4 4 4 4 4 4 4 4 4 4 4 4 4 4 4 5 7 6 6 6 1 1 0 4 4 4 4 4 4 4 4 4 4 4 4 5 7 2 
4 4 4 4 4 4 4 4 4 4 4 4 4 4 4 4 4 4 5 7 6 6 6 4 4 4 4 4 4 4 4 4 4 4 4 4 4 4 5 7 6 6 6 4 4 4 4 4 4 4 4 4 4 4 4 4 4 4 5 7 6 6 6 4 4 4 0 1 1 4 4 4 4 4 4 4 4 4 5 7 2 
4 4 4 4 4 4 4 4 4 4 4 4 4 4 4 4 4 4 5 7 6 6 6 4 4 4 4 4 4 4 4 4 4 4 4 4 4 4 5 7 6 6 6 4 4 4 4 4 4 4 4 4 4 4 4 4 4 4 5 7 6 6 6 4 4 4 1 0 1 4 4 4 4 4 4 4 4 4 5 7 2 
4 4 4 4 4 4 4 4 4 4 4 4 4 4 4 4 4 4 5 7 6 6 6 4 4 4 4 4 4 4 4 4 4 4 4 4 4 4 5 7 6 6 6 4 4 4 4 4 4 4 4 4 4 4 4 4 4 4 5 7 6 6 6 4 4 4 1 1 0 4 4 4 4 4 4 4 4 4 5 7 2 
4 4 4 4 4 4 4 4 4 4 4 4 4 4 4 4 4 4 5 7 6 6 6 4 4 4 4 4 4 4 4 4 4 4 4 4 4 4 5 7 6 6 6 4 4 4 4 4 4 4 4 4 4 4 4 4 4 4 5 7 6 6 6 4 4 4 4 4 4 0 1 1 4 4 4 4 4 4 5 7 2 
4 4 4 4 4 4 4 4 4 4 4 4 4 4 4 4 4 4 5 7 6 6 6 4 4 4 4 4 4 4 4 4 4 4 4 4 4 4 5 7 6 6 6 4 4 4 4 4 4 4 4 4 4 4 4 4 4 4 5 7 6 6 6 4 4 4 4 4 4 1 0 1 4 4 4 4 4 4 5 7 2 
4 4 4 4 4 4 4 4 4 4 4 4 4 4 4 4 4 4 5 7 6 6 6 4 4 4 4 4 4 4 4 4 4 4 4 4 4 4 5 7 6 6 6 4 4 4 4 4 4 4 4 4 4 4 4 4 4 4 5 7 6 6 6 4 4 4 4 4 4 1 1 0 4 4 4 4 4 4 5 7 2 
4 4 4 4 4 4 4 4 4 4 4 4 4 4 4 4 4 4 5 7 6 6 6 4 4 4 4 4 4 4 4 4 4 4 4 4 4 4 5 7 6 6 6 4 4 4 4 4 4 4 4 4 4 4 4 4 4 4 5 7 6 6 6 4 4 4 4 4 4 4 4 4 0 1 1 4 4 4 5 7 2 
4 4 4 4 4 4 4 4 4 4 4 4 4 4 4 4 4 4 5 7 6 6 6 4 4 4 4 4 4 4 4 4 4 4 4 4 4 4 5 7 6 6 6 4 4 4 4 4 4 4 4 4 4 4 4 4 4 4 5 7 6 6 6 4 4 4 4 4 4 4 4 4 1 0 1 4 4 4 5 7 2 
4 4 4 4 4 4 4 4 4 4 4 4 4 4 4 4 4 4 5 7 6 6 6 4 4 4 4 4 4 4 4 4 4 4 4 4 4 4 5 7 6 6 6 4 4 4 4 4 4 4 4 4 4 4 4 4 4 4 5 7 6 6 6 4 4 4 4 4 4 4 4 4 1 1 0 4 4 4 5 7 2 
4 4 4 4 4 4 4 4 4 4 4 4 4 4 4 4 4 4 5 7 6 6 6 4 4 4 4 4 4 4 4 4 4 4 4 4 4 4 5 7 6 6 6 4 4 4 4 4 4 4 4 4 4 4 4 4 4 4 5 7 6 6 6 4 4 4 4 4 4 4 4 4 4 4 4 0 1 1 5 7 2 
4 4 4 4 4 4 4 4 4 4 4 4 4 4 4 4 4 4 5 7 6 6 6 4 4 4 4 4 4 4 4 4 4 4 4 4 4 4 5 7 6 6 6 4 4 4 4 4 4 4 4 4 4 4 4 4 4 4 5 7 6 6 6 4 4 4 4 4 4 4 4 4 4 4 4 1 0 1 5 7 2 
4 4 4 4 4 4 4 4 4 4 4 4 4 4 4 4 4 4 5 7 6 6 6 4 4 4 4 4 4 4 4 4 4 4 4 4 4 4 5 7 6 6 6 4 4 4 4 4 4 4 4 4 4 4 4 4 4 4 5 7 6 6 6 4 4 4 4 4 4 4 4 4 4 4 4 1 1 0 5 7 2 
5 5 5 5 5 5 5 5 5 5 5 5 5 5 5 5 5 5 6 8 7 7 7 5 5 5 5 5 5 5 5 5 5 5 5 5 5 5 6 8 7 7 7 5 5 5 5 5 5 5 5 5 5 5 5 5 5 5 6 8 7 7 7 5 5 5 5 5 5 5 5 5 5 5 5 5 5 5 0 2 3 
7 7 7 7 7 7 7 7 7 7 7 7 7 7 7 7 7 7 8 10 9 9 9 7 7 7 7 7 7 7 7 7 7 7 7 7 7 7 8 10 9 9 9 7 7 7 7 7 7 7 7 7 7 7 7 7 7 7 8 10 9 9 9 7 7 7 7 7 7 7 7 7 7 7 7 7 7 7 2 0 5 
2 2 2 2 2 2 2 2 2 2 2 2 2 2 2 2 2 2 3 5 4 4 4 2 2 2 2 2 2 2 2 2 2 2 2 2 2 2 3 5 4 4 4 2 2 2 2 2 2 2 2 2 2 2 2 2 2 2 3 5 4 4 4 2 2 2 2 2 2 2 2 2 2 2 2 2 2 2 3 5 0 
