62
99a 64a 34a 47a 71a 60a 49a 48a 39a 58a 25a 65a 41a 61a 67a 56a 98a 37a 87a 31a 5a 79a 38a 40a 23a 14a 28a 57a 44a 30a 52a 84a 62a 29a 73a 4a 9a 92a 80a 6a 93a 43a 75a 88a 16a 32a 51a 96a 83a 1a 15a 35a 66a 42a 77a 53a 0a 22a 7a 72a 21a 3a
0 48.0 9.9 44.2 30.2 18.2 35.5 36.6 20.3 22.599999999999998 20.1 22.599999999999998 28.8 30.6 19.4 40.699999999999996 37.5 33.300000000000004 34.800000000000004 2.2 38.800000000000004 44.1 11.7 31.5 47.1 14.0 52.1 51.0 25.4 23.5 21.1 34.1 36.0 40.800000000000004 43.2 43.8 39.2 36.4 33.800000000000004 35.1 42.6 35.4 39.699999999999996 33.300000000000004 8.2 29.1 36.300000000000004 39.1 31.1 35.2 38.00000000000001 24.200000000000003 14.0 10.5 23.0 35.900000000000006 32.6 26.6 12.5 30.200000000000003 32.50000000000001 46.9 
48.0 0 38.099999999999994 8.1 17.799999999999997 33.99999999999999 37.8 12.8 32.3 26.9 31.4 27.099999999999998 20.0 37.0 28.599999999999994 12.1 38.8 40.1 29.8 45.8 9.2 49.199999999999996 53.00000000000001 37.2 3.2 33.99999999999999 5.0 3.2 30.000000000000004 24.499999999999996 39.2 41.0 12.399999999999999 47.7 8.2 5.1 32.6 40.8 32.4 40.0 5.8 13.0 44.099999999999994 27.6 47.300000000000004 19.3 27.9 45.9 38.0 12.799999999999999 32.6 30.500000000000004 34.8 43.1 25.4 31.5 20.9 22.2 52.400000000000006 34.0 26.200000000000003 9.600000000000001 
9.9 38.1 0 34.300000000000004 20.3 8.3 25.6 26.7 10.399999999999999 12.7 10.2 12.7 18.9 20.7 9.5 30.799999999999997 27.6 23.4 24.9 7.7 28.900000000000002 34.2 19.400000000000002 21.6 37.2 4.1 42.2 41.1 15.499999999999998 13.6 11.2 24.2 26.1 30.9 33.300000000000004 33.9 29.299999999999997 26.5 23.9 25.2 32.7 25.5 29.8 23.4 15.900000000000002 19.2 26.4 29.2 21.2 25.3 28.099999999999998 14.299999999999999 4.1 14.1 13.1 25.999999999999996 22.7 16.7 20.200000000000003 20.299999999999997 22.599999999999998 37.0 
44.2 8.1 34.3 0 14.0 30.0 39.0 14.2 27.299999999999997 21.9 26.4 23.3 18.2 38.2 24.799999999999997 4.5 40.0 41.300000000000004 23.2 42.0 7.1 50.4 50.400000000000006 38.400000000000006 9.9 30.199999999999996 13.1 11.0 23.400000000000002 20.7 36.6 42.2 9.1 48.900000000000006 1.0 3.6 33.800000000000004 42.0 33.6 41.2 7.800000000000001 11.2 45.3 21.0 44.7 17.5 29.1 47.1 39.2 10.7 26.0 23.900000000000002 32.199999999999996 40.5 23.6 32.7 22.1 20.4 49.800000000000004 35.2 19.6 16.3 
30.200000000000003 17.8 20.300000000000004 14.0 0 16.200000000000003 30.799999999999997 10.8 14.7 10.3 13.7 9.3 7.2 30.0 10.8 11.1 31.799999999999997 33.1 16.3 28.000000000000004 8.6 42.199999999999996 36.4 30.2 17.1 16.200000000000003 22.1 20.8 15.7 6.7 22.6 34.0 5.8 40.7 13.0 13.6 25.599999999999998 33.8 25.4 33.0 12.6 5.4 37.099999999999994 14.1 30.7 5.0 20.9 38.9 31.0 5.0 19.1 15.700000000000001 18.2 26.5 11.1 24.5 13.9 8.2 35.8 27.0 12.7 23.400000000000002 
18.2 34.0 8.3 29.999999999999996 16.2 0 33.5 25.8 3.2 8.1 3.6 10.8 18.0 28.6 5.4 26.2 35.5 31.3 17.8 16.0 24.8 42.1 27.7 29.5 33.300000000000004 4.2 38.300000000000004 37.0 8.3 9.5 19.1 32.1 22.0 38.800000000000004 28.999999999999996 29.799999999999997 35.7 34.4 31.800000000000004 33.1 28.800000000000004 21.6 37.699999999999996 16.3 24.2 15.8 31.0 37.1 29.1 21.2 21.0 7.2 12.0 21.9 14.9 33.900000000000006 24.0 16.6 28.5 28.200000000000003 15.5 36.1 
35.5 37.8 25.6 39.0 30.799999999999997 33.5 0 25.0 35.6 34.2 35.3 27.8 23.599999999999998 5.0 33.2 39.3 2.0 5.0 47.099999999999994 33.300000000000004 32.1 11.399999999999999 34.9 4.0 36.5 29.3 41.5 41.0 40.699999999999996 30.900000000000002 14.4 6.4 33.0 10.3 38.199999999999996 36.3 7.699999999999999 3.0 5.4 2.2 32.0 29.4 6.3 44.89999999999999 29.2 25.799999999999997 9.9 8.1 5.1 30.799999999999997 49.89999999999999 39.4 21.5 25.0 26.5 7.6000000000000005 16.9 24.299999999999997 34.3 5.8 43.49999999999999 35.3 
36.6 12.8 26.7 14.2 10.8 25.799999999999997 25.0 0 24.3 19.9 23.3 16.3 7.8 24.2 20.4 15.2 26.0 27.299999999999997 25.999999999999996 34.4 7.3 36.4 41.2 24.4 11.5 25.799999999999997 16.5 16.0 26.2 16.3 27.4 28.2 8.9 34.9 13.399999999999999 11.5 19.8 28.0 19.6 27.2 7.0 5.4 31.3 23.799999999999997 35.5 10.0 15.1 33.099999999999994 25.2 6.7 28.799999999999997 25.299999999999997 23.0 31.299999999999997 13.6 18.7 8.1 10.0 40.6 21.2 22.4 12.6 
20.299999999999997 32.3 10.399999999999999 27.299999999999997 14.7 3.2 35.6 24.3 0 5.4 1.0 9.5 16.5 30.700000000000003 4.1 23.4 37.6 33.400000000000006 14.6 18.099999999999998 23.299999999999997 44.2 29.8 31.6 31.800000000000004 6.3 36.800000000000004 35.49999999999999 5.1 8.0 21.200000000000003 34.2 20.2 40.900000000000006 26.299999999999997 27.4 34.2 36.5 33.900000000000006 35.2 27.300000000000004 20.1 39.8 13.1 26.3 14.3 29.5 39.2 31.200000000000003 19.7 17.8 4.0 14.1 24.0 13.6 33.1 22.5 15.1 30.6 30.300000000000004 12.3 34.6 
22.6 26.900000000000002 12.700000000000001 21.900000000000002 10.3 8.1 34.2 19.900000000000002 5.4 0 4.5 6.4 12.100000000000001 29.3 3.2 18.1 35.9 32.0 16.0 20.400000000000002 17.9 42.8 32.1 30.200000000000003 26.5 8.600000000000001 31.5 30.099999999999998 6.7 3.6 19.8 32.8 14.8 39.5 20.900000000000002 22.0 29.7 35.1 29.5 33.8 22.0 15.700000000000001 38.4 14.5 27.900000000000002 9.9 25.0 37.8 29.8 15.3 19.2 5.4 15.400000000000002 23.700000000000003 10.0 28.6 18.0 10.6 32.900000000000006 28.9 13.399999999999999 30.200000000000003 
20.099999999999998 31.400000000000002 10.2 26.4 13.7 3.6 35.3 23.3 1.0 4.5 0 8.600000000000001 15.5 30.4 3.2 22.6 37.3 33.1 14.7 17.9 22.3 43.9 29.599999999999998 31.299999999999997 30.800000000000004 6.1 35.800000000000004 34.5 5.4 7.0 20.9 33.9 19.3 40.6 25.4 26.5 33.2 36.199999999999996 33.0 34.9 26.300000000000004 19.1 39.49999999999999 13.2 26.099999999999998 13.3 28.5 38.9 30.9 18.7 17.9 4.1 13.8 23.700000000000003 12.700000000000001 32.1 21.5 14.1 30.4 30.0 12.399999999999999 33.6 
22.599999999999998 27.1 12.7 23.3 9.3 10.8 27.799999999999997 16.3 9.5 6.4 8.600000000000001 0 8.5 22.9 5.4 20.4 29.799999999999997 25.599999999999998 22.4 20.4 17.900000000000002 36.4 27.199999999999996 23.799999999999997 26.400000000000002 10.8 31.400000000000002 30.1 13.100000000000001 3.2 13.4 26.4 15.100000000000001 33.1 22.3 22.9 25.4 28.7 25.2 27.4 21.900000000000002 14.7 32.0 20.9 21.499999999999996 8.4 20.7 31.4 23.4 14.3 25.599999999999998 11.8 9.0 17.299999999999997 4.1 24.3 13.7 6.3 26.599999999999994 22.5 19.8 26.6 
28.799999999999997 20.0 18.9 18.2 7.2 18.0 23.6 7.8 16.5 12.1 15.5 8.5 0 22.799999999999997 12.6 16.9 24.6 25.9 23.5 26.599999999999998 11.1 35.0 33.4 22.999999999999996 18.7 18.0 23.7 23.1 18.8 8.5 19.6 26.799999999999997 10.6 33.5 17.2 16.5 18.4 26.6 18.2 25.8 14.2 7.0 29.900000000000002 21.3 27.7 2.2 13.7 31.7 23.799999999999997 8.4 26.3 17.5 15.2 23.5 5.8 17.3 6.7 2.2 32.8 19.799999999999997 19.900000000000002 18.1 
30.599999999999998 37.0 20.7 38.2 30.0 28.6 5.0 24.200000000000003 30.700000000000003 29.299999999999997 30.4 22.9 22.8 0 28.299999999999997 38.5 7.0 3.2 45.1 28.4 31.300000000000004 14.0 30.0 1.0 35.7 24.400000000000002 40.7 40.2 35.8 26.0 9.5 4.0 32.2 10.7 37.4 35.5 11.2 5.8 5.8 4.5 31.200000000000003 28.6 9.2 43.6 24.3 25.0 9.1 9.0 1.0 30.0 48.300000000000004 34.5 16.6 20.1 23.3 8.0 16.1 23.5 29.4 3.0 42.699999999999996 34.5 
19.4 28.6 9.5 24.8 10.8 5.4 33.2 20.4 4.1 3.2 3.2 5.4 12.599999999999998 28.3 0 21.3 35.2 31.0 17.0 17.2 19.400000000000002 41.8 28.900000000000002 29.200000000000003 27.900000000000006 5.4 32.900000000000006 31.6 7.800000000000001 4.1 18.8 31.8 16.6 38.5 23.8 24.4 30.3 34.1 30.1 32.8 23.400000000000006 16.200000000000003 37.4 15.5 25.400000000000002 10.399999999999999 25.6 36.8 28.8 15.8 20.2 6.4 13.2 22.700000000000003 9.5 29.200000000000003 18.6 11.2 29.700000000000003 27.9 14.7 30.7 
40.70000000000001 12.1 30.800000000000004 4.5 11.1 26.200000000000003 39.3 15.2 23.4 18.1 22.6 20.4 16.9 38.5 21.3 0 40.3 41.6 18.7 38.50000000000001 9.1 50.699999999999996 47.50000000000001 38.7 13.3 26.700000000000003 17.1 15.2 18.9 17.8 33.7 42.5 6.3 49.2 4.1 7.0 34.1 42.3 33.9 41.5 10.3 9.9 45.599999999999994 16.5 41.800000000000004 15.2 29.4 47.4 39.5 8.5 21.5 19.4 29.3 37.6 21.299999999999997 33.0 22.4 18.4 46.900000000000006 35.5 15.1 19.700000000000003 
37.5 38.8 27.6 40.0 31.799999999999997 35.5 2.0 26.0 37.6 35.9 37.300000000000004 29.8 24.599999999999998 7.0 35.2 40.3 0 6.7 48.099999999999994 35.300000000000004 33.1 11.1 36.9 6.0 37.5 31.3 42.5 42.0 42.6 32.4 16.4 8.1 34.0 10.8 39.199999999999996 37.3 7.4 3.6 6.4 3.6 33.0 30.4 6.0 45.89999999999999 31.2 26.799999999999997 10.9 8.6 7.1 31.799999999999997 50.89999999999999 41.3 23.5 27.0 27.5 8.600000000000001 17.9 25.299999999999997 36.3 7.8 44.49999999999999 36.3 
33.3 40.099999999999994 23.4 41.3 33.099999999999994 31.299999999999997 5.0 27.299999999999997 33.4 32.0 33.099999999999994 25.599999999999998 25.9 3.2 31.0 41.599999999999994 6.7 0 47.8 31.099999999999998 34.4 10.8 32.699999999999996 3.0 38.8 27.099999999999998 43.8 43.3 38.49999999999999 28.7 12.2 1.4 35.3 8.0 40.49999999999999 38.599999999999994 12.700000000000001 4.0 8.4 3.2 34.3 31.699999999999996 6.7 46.3 26.999999999999996 28.099999999999998 12.2 5.8 2.2 33.099999999999994 51.0 37.199999999999996 19.299999999999997 22.799999999999997 26.0 10.600000000000001 19.2 26.599999999999998 32.099999999999994 6.1 45.4 37.599999999999994 
34.8 29.8 24.9 23.2 16.3 17.799999999999997 47.1 26.0 14.6 16.0 14.7 22.4 23.5 45.099999999999994 17.0 18.7 48.1 47.8 0 32.599999999999994 20.799999999999997 58.5 44.3 45.99999999999999 29.4 20.799999999999997 34.4 32.99999999999999 9.5 19.6 35.599999999999994 48.599999999999994 17.7 55.3 22.799999999999997 24.9 41.900000000000006 50.1 41.7 49.300000000000004 24.9 20.7 53.4 2.2 40.8 21.3 37.2 53.599999999999994 45.599999999999994 19.3 3.2 10.6 28.499999999999996 38.4 26.0 40.800000000000004 30.2 24.5 45.1 43.300000000000004 3.6 35.8 
2.2 45.8 7.7 42.00000000000001 28.000000000000004 16.0 33.3 34.4 18.1 20.400000000000002 17.9 20.4 26.6 28.4 17.200000000000003 38.5 35.3 31.099999999999998 32.6 0 36.6 41.9 12.0 29.299999999999997 44.9 11.8 49.9 48.8 23.200000000000003 21.300000000000004 18.9 31.9 33.800000000000004 38.6 41.00000000000001 41.6 37.0 34.199999999999996 31.6 32.9 40.4 33.199999999999996 37.49999999999999 31.1 8.5 26.9 34.1 36.9 28.9 33.0 35.800000000000004 22.0 11.8 10.8 20.8 33.7 30.400000000000002 24.400000000000002 12.799999999999999 28.0 30.3 44.699999999999996 
38.800000000000004 9.2 28.9 7.1 8.6 24.799999999999997 32.1 7.3 23.299999999999997 17.9 22.3 17.9 11.1 31.299999999999997 19.4 9.1 33.1 34.4 20.799999999999997 36.6 0 43.5 44.10000000000001 31.499999999999996 8.6 24.799999999999997 13.6 12.2 21.0 15.3 30.300000000000004 35.3 3.2 42.0 6.1 5.4 26.9 35.1 26.7 34.300000000000004 4.1 4.1 38.4 18.599999999999998 38.400000000000006 10.399999999999999 22.2 40.199999999999996 32.3 3.6 23.599999999999998 21.5 25.900000000000002 34.2 16.5 25.8 15.2 13.3 43.50000000000001 28.299999999999997 17.2 15.0 
44.1 49.199999999999996 34.2 50.4 42.2 42.1 11.399999999999999 36.4 44.199999999999996 42.800000000000004 43.900000000000006 36.400000000000006 35.0 14.0 41.800000000000004 50.699999999999996 11.1 10.8 58.5 41.900000000000006 43.49999999999999 0 43.50000000000001 13.6 47.9 37.9 52.9 52.4 49.3 39.5 23.0 10.7 44.4 5.1 49.599999999999994 47.699999999999996 18.5 8.7 16.799999999999997 10.1 43.4 40.8 5.1 56.3 37.800000000000004 37.2 21.299999999999997 5.0 13.0 42.199999999999996 61.3 48.00000000000001 30.1 33.6 36.800000000000004 18.999999999999996 28.299999999999997 35.699999999999996 42.900000000000006 16.5 54.9 46.699999999999996 
11.7 53.0 19.4 50.4 36.4 27.7 34.9 41.199999999999996 29.8 32.1 29.6 27.2 33.4 30.0 28.9 47.5 36.9 32.7 44.300000000000004 12.0 44.1 43.5 0 30.9 51.7 23.5 56.7 56.1 34.9 30.3 20.5 33.5 42.199999999999996 40.2 49.4 49.5 38.6 35.8 33.2 34.5 47.2 40.0 39.099999999999994 42.800000000000004 5.7 33.7 35.7 38.5 30.5 41.4 47.50000000000001 33.7 20.2 9.9 27.6 35.300000000000004 37.2 31.200000000000003 3.2 29.6 42.00000000000001 51.49999999999999 
31.5 37.199999999999996 21.6 38.4 30.2 29.5 4.0 24.4 31.6 30.200000000000003 31.299999999999997 23.8 23.0 1.0 29.200000000000003 38.699999999999996 6.0 3.0 46.0 29.3 31.5 13.6 30.9 0 35.9 25.3 40.9 40.4 36.699999999999996 26.900000000000002 10.4 4.1 32.4 10.8 37.599999999999994 35.7 10.8 5.0 5.4 3.6 31.4 28.799999999999997 8.5 44.3 25.2 25.2 9.3 8.8 1.4 30.199999999999996 49.2 35.4 17.5 21.0 24.200000000000003 7.6000000000000005 16.3 23.7 30.299999999999997 3.2 42.9 34.699999999999996 
47.10000000000001 3.2 37.2 9.9 17.1 33.3 36.5 11.5 31.8 26.5 30.8 26.4 18.7 35.7 27.9 13.3 37.5 38.800000000000004 29.399999999999995 44.900000000000006 8.6 47.9 51.70000000000001 35.900000000000006 0 33.3 5.0 4.5 29.599999999999998 23.8 37.900000000000006 39.7 11.8 46.400000000000006 9.5 6.3 31.3 39.5 31.1 38.7 4.5 11.7 42.8 27.199999999999996 46.00000000000001 18.0 26.6 44.6 36.7 12.2 32.199999999999996 30.099999999999998 33.5 41.800000000000004 24.1 30.200000000000003 19.6 20.9 51.10000000000001 32.7 25.799999999999997 6.4 
14.0 34.0 4.1 30.2 16.2 4.2 29.299999999999997 25.8 6.3 8.600000000000001 6.1 10.8 18.0 24.4 5.4 26.700000000000003 31.299999999999997 27.099999999999998 20.799999999999997 11.8 24.8 37.9 23.500000000000004 25.299999999999997 33.300000000000004 0 38.300000000000004 37.0 11.399999999999999 9.5 14.9 27.9 22.0 34.6 29.2 29.799999999999997 33.0 30.2 27.6 28.9 28.800000000000004 21.6 33.5 19.299999999999997 20.000000000000004 15.8 30.1 32.9 24.9 21.2 23.999999999999996 10.2 7.8 17.7 14.9 29.7 24.0 16.6 24.300000000000004 24.0 18.499999999999996 36.1 
52.10000000000001 5.0 42.2 13.1 22.1 38.3 41.5 16.5 36.8 31.5 35.8 31.4 23.7 40.7 32.9 17.1 42.5 43.800000000000004 34.4 49.900000000000006 13.6 52.9 56.70000000000001 40.900000000000006 5.0 38.3 0 2.2 34.599999999999994 28.8 42.900000000000006 44.7 16.8 51.400000000000006 13.2 10.1 36.300000000000004 44.5 36.1 43.7 9.5 16.7 47.8 32.199999999999996 51.00000000000001 23.0 31.6 49.6 41.7 17.2 37.199999999999996 35.099999999999994 38.5 46.800000000000004 29.1 35.2 24.6 25.9 56.10000000000001 37.7 30.799999999999997 11.4 
51.0 3.2 41.099999999999994 11.0 20.799999999999997 36.99999999999999 41.0 16.0 35.49999999999999 30.099999999999994 34.5 30.099999999999998 23.1 40.2 31.599999999999994 15.2 42.0 43.300000000000004 33.0 48.8 12.2 52.4 56.10000000000001 40.400000000000006 4.5 36.99999999999999 2.2 0 33.199999999999996 27.499999999999996 42.300000000000004 44.2 15.399999999999999 50.900000000000006 11.1 8.3 35.800000000000004 44.0 35.6 43.2 9.0 16.1 47.3 30.799999999999997 50.400000000000006 22.400000000000002 31.1 49.1 41.2 15.799999999999999 35.8 33.699999999999996 37.9 46.2 28.5 34.7 24.1 25.3 55.50000000000001 37.2 29.4 10.9 
25.4 29.999999999999996 15.499999999999998 23.4 15.700000000000001 8.3 40.699999999999996 26.2 5.1 6.7 5.4 13.100000000000001 18.8 35.8 7.800000000000001 18.9 42.599999999999994 38.5 9.5 23.2 21.0 49.3 34.9 36.699999999999996 29.6 11.399999999999999 34.6 33.199999999999996 0 10.3 26.299999999999997 39.3 17.9 46.0 23.0 25.099999999999994 36.4 41.599999999999994 36.199999999999996 40.3 25.1 20.9 44.89999999999999 8.0 31.400000000000002 16.6 31.699999999999996 44.3 36.3 19.5 12.7 1.4 19.2 29.1 16.700000000000003 35.3 24.699999999999996 17.299999999999997 35.7 35.4 7.2 36.0 
23.5 24.499999999999996 13.6 20.7 6.7 9.5 30.9 16.3 8.0 3.6 7.0 3.2 8.5 26.0 4.1 17.8 32.4 28.7 19.6 21.3 15.299999999999999 39.5 30.299999999999997 26.9 23.8 9.5 28.8 27.499999999999996 10.3 0 16.5 29.5 12.5 36.2 19.7 20.299999999999997 26.2 31.8 26.0 30.5 19.3 12.100000000000001 35.099999999999994 18.1 24.599999999999998 6.3 21.5 34.5 26.5 11.7 22.8 9.0 12.1 20.4 6.4 25.1 14.5 7.1 29.699999999999996 25.6 17.0 26.6 
21.099999999999998 39.199999999999996 11.2 36.6 22.599999999999998 19.099999999999998 14.4 27.4 21.2 19.799999999999997 20.9 13.399999999999999 19.599999999999998 9.5 18.799999999999997 33.699999999999996 16.4 12.2 35.6 18.9 30.299999999999997 23.0 20.5 10.4 37.9 14.899999999999999 42.9 42.3 26.299999999999997 16.5 0 13.0 28.4 19.7 35.6 35.699999999999996 18.1 15.3 12.7 14.0 33.4 26.2 18.6 34.1 14.8 19.9 15.2 18.0 10.0 27.599999999999998 38.800000000000004 25.0 7.1 10.6 13.799999999999999 14.8 22.2 17.4 19.9 9.1 33.199999999999996 37.699999999999996 
34.1 41.0 24.200000000000003 42.2 34.0 32.1 6.4 28.200000000000003 34.2 32.800000000000004 33.9 26.400000000000002 26.8 4.0 31.800000000000004 42.5 8.1 1.4 48.6 31.900000000000002 35.3 10.7 33.5 4.1 39.7 27.900000000000002 44.7 44.2 39.3 29.500000000000004 13.0 0 36.2 6.7 41.4 39.5 14.1 5.1 9.5 4.5 35.2 32.6 7.8 47.1 27.8 29.0 13.1 5.7 3.0 34.0 51.800000000000004 38.0 20.1 23.6 26.800000000000004 11.7 20.1 27.5 32.9 7.0 46.2 38.5 
36.00000000000001 12.399999999999999 26.1 9.1 5.8 22.0 33.0 8.9 20.2 14.799999999999999 19.299999999999997 15.1 10.6 32.2 16.6 6.3 34.0 35.300000000000004 17.7 33.800000000000004 3.2 44.4 42.2 32.400000000000006 11.8 22.0 16.8 15.399999999999999 17.9 12.5 28.4 36.2 0 42.900000000000006 8.1 7.800000000000001 27.8 36.0 27.6 35.2 7.3 3.6 39.3 15.5 36.5 9.2 23.1 41.1 33.2 2.2 20.5 18.4 24.0 32.3 15.299999999999999 26.700000000000003 16.1 12.399999999999999 41.6 29.200000000000003 14.1 18.200000000000003 
40.8 47.699999999999996 30.9 48.9 40.7 38.8 10.3 34.9 40.89999999999999 39.5 40.6 33.1 33.5 10.7 38.5 49.199999999999996 10.8 8.0 55.300000000000004 38.6 41.99999999999999 5.1 40.2 10.8 46.4 34.599999999999994 51.4 50.9 45.99999999999999 36.199999999999996 19.7 6.7 42.9 0 48.099999999999994 46.199999999999996 18.0 7.3 15.700000000000001 8.2 41.9 39.3 5.7 53.800000000000004 34.5 35.7 19.799999999999997 2.2 9.7 40.699999999999996 58.50000000000001 44.7 26.799999999999997 30.299999999999997 33.5 17.900000000000002 26.799999999999997 34.199999999999996 39.6 13.7 52.9 45.199999999999996 
43.2 8.2 33.3 1.0 13.0 29.0 38.199999999999996 13.399999999999999 26.299999999999997 20.9 25.4 22.3 17.2 37.4 23.799999999999997 4.1 39.199999999999996 40.5 22.799999999999997 41.0 6.1 49.599999999999994 49.400000000000006 37.6 9.5 29.199999999999996 13.2 11.1 23.0 19.7 35.6 41.4 8.1 48.1 0 3.2 33.0 41.199999999999996 32.8 40.4 7.0 10.2 44.49999999999999 20.599999999999998 43.7 16.5 28.299999999999997 46.3 38.4 9.7 25.599999999999998 23.5 31.2 39.5 22.6 31.9 21.299999999999997 19.4 48.800000000000004 34.4 19.2 15.9 
43.800000000000004 5.1 33.9 3.6 13.600000000000001 29.799999999999997 36.3 11.5 27.4 22.0 26.5 22.900000000000002 16.5 35.5 24.4 7.0 37.3 38.6 24.9 41.6 5.4 47.699999999999996 49.50000000000001 35.7 6.3 29.799999999999997 10.1 8.3 25.1 20.3 35.7 39.5 7.800000000000001 46.2 3.2 0 31.099999999999998 39.3 30.9 38.5 4.5 9.5 42.599999999999994 22.7 43.800000000000004 15.8 26.4 44.4 36.5 9.0 27.7 25.6 31.3 39.6 21.9 30.0 19.4 18.7 48.900000000000006 32.5 21.3 12.7 
39.2 32.599999999999994 29.300000000000004 33.8 25.599999999999998 35.699999999999996 7.699999999999999 19.799999999999997 34.199999999999996 29.699999999999996 33.199999999999996 25.4 18.4 11.2 30.299999999999997 34.099999999999994 7.4 12.7 41.9 37.00000000000001 26.9 18.5 38.60000000000001 10.8 31.299999999999997 33.0 36.3 35.8 36.4 26.199999999999996 18.1 14.1 27.799999999999994 18.0 32.99999999999999 31.099999999999998 0 10.7 5.4 9.899999999999999 26.799999999999997 24.199999999999996 13.4 39.699999999999996 32.900000000000006 20.599999999999998 7.6 15.799999999999999 12.100000000000001 25.599999999999994 44.699999999999996 35.099999999999994 25.200000000000003 28.700000000000003 21.3 4.0 11.7 19.099999999999998 38.00000000000001 9.0 38.3 30.099999999999998 
36.4 40.8 26.5 42.0 33.8 34.4 3.0 28.0 36.5 35.1 36.199999999999996 28.7 26.599999999999998 5.8 34.1 42.3 3.6 4.0 50.099999999999994 34.2 35.099999999999994 8.7 35.8 5.0 39.5 30.2 44.5 44.0 41.599999999999994 31.8 15.3 5.1 36.0 7.3 41.199999999999996 39.3 10.700000000000001 0 8.4 1.4 35.0 32.4 3.6 47.89999999999999 30.099999999999998 28.799999999999997 12.9 5.1 5.4 33.8 52.89999999999999 40.3 22.4 25.9 29.1 10.600000000000001 19.9 27.299999999999997 35.199999999999996 7.800000000000001 46.49999999999999 38.3 
33.8 32.4 23.9 33.6 25.4 31.799999999999997 5.4 19.6 33.9 29.5 33.0 25.2 18.2 5.8 30.1 33.9 6.4 8.4 41.699999999999996 31.599999999999998 26.700000000000003 16.799999999999997 33.199999999999996 5.4 31.1 27.599999999999998 36.1 35.6 36.2 26.0 12.7 9.5 27.599999999999998 15.7 32.8 30.900000000000002 5.4 8.4 0 7.6000000000000005 26.6 24.0 11.7 39.49999999999999 27.499999999999996 20.4 4.5 13.5 6.7 25.4 44.49999999999999 34.9 19.799999999999997 23.299999999999997 21.1 2.2 11.5 18.9 32.599999999999994 3.6 38.099999999999994 29.900000000000002 
35.1 40.0 25.200000000000003 41.2 33.0 33.1 2.2 27.200000000000003 35.2 33.800000000000004 34.9 27.400000000000002 25.8 4.5 32.800000000000004 41.5 3.6 3.2 49.3 32.900000000000006 34.300000000000004 10.1 34.5 3.6 38.7 28.900000000000002 43.7 43.2 40.3 30.500000000000004 14.0 4.5 35.2 8.2 40.4 38.5 9.9 1.4 7.6000000000000005 0 34.2 31.6 5.0 47.099999999999994 28.8 28.0 12.100000000000001 6.0 4.1 33.0 52.099999999999994 39.0 21.1 24.6 27.800000000000004 9.8 19.1 26.5 33.9 6.4 45.699999999999996 37.5 
42.60000000000001 5.8 32.7 7.800000000000001 12.600000000000001 28.799999999999997 32.0 7.0 27.3 22.0 26.3 21.9 14.2 31.200000000000003 23.4 10.3 33.0 34.300000000000004 24.899999999999995 40.400000000000006 4.1 43.4 47.20000000000001 31.400000000000002 4.5 28.799999999999997 9.5 9.0 25.099999999999998 19.3 33.400000000000006 35.2 7.3 41.900000000000006 7.0 4.5 26.8 35.0 26.6 34.2 0 7.2 38.3 22.699999999999996 41.50000000000001 13.5 22.1 40.1 32.2 7.699999999999999 27.699999999999996 25.599999999999998 29.000000000000004 37.300000000000004 19.6 25.700000000000003 15.1 16.4 46.60000000000001 28.200000000000003 21.299999999999997 10.9 
35.400000000000006 13.0 25.5 11.2 5.4 21.6 29.4 5.4 20.1 15.700000000000001 19.1 14.7 7.0 28.6 16.200000000000003 9.9 30.4 31.700000000000003 20.7 33.2 4.1 40.8 40.00000000000001 28.8 11.7 21.6 16.7 16.1 20.9 12.100000000000001 26.199999999999996 32.6 3.6 39.300000000000004 10.2 9.5 24.2 32.4 24.0 31.599999999999998 7.2 0 35.699999999999996 18.5 34.300000000000004 6.3 19.5 37.5 29.6 1.4 23.5 21.1 21.799999999999997 30.1 12.399999999999999 23.1 12.5 9.2 39.400000000000006 25.6 17.1 18.0 
39.7 44.099999999999994 29.800000000000004 45.3 37.1 37.7 6.3 31.299999999999997 39.8 38.400000000000006 39.50000000000001 32.00000000000001 29.9 9.2 37.400000000000006 45.599999999999994 6.0 6.7 53.4 37.50000000000001 38.39999999999999 5.1 39.10000000000001 8.5 42.8 33.5 47.8 47.3 44.9 35.1 18.6 7.8 39.3 5.7 44.49999999999999 42.599999999999994 13.4 3.6 11.7 5.0 38.3 35.699999999999996 0 51.199999999999996 33.400000000000006 32.1 16.2 3.6 8.6 37.099999999999994 56.199999999999996 43.60000000000001 25.700000000000003 29.200000000000003 32.400000000000006 13.899999999999999 23.2 30.599999999999998 38.50000000000001 11.4 49.8 41.599999999999994 
33.3 27.6 23.4 21.0 14.1 16.299999999999997 44.9 23.8 13.1 14.5 13.2 20.9 21.3 43.599999999999994 15.5 16.5 45.9 46.3 2.2 31.099999999999998 18.6 56.3 42.8 44.300000000000004 27.200000000000003 19.299999999999997 32.2 30.8 8.0 18.1 34.099999999999994 47.099999999999994 15.5 53.8 20.6 22.7 39.7 47.9 39.5 47.1 22.700000000000003 18.5 51.199999999999996 0 39.3 19.1 35.0 52.099999999999994 44.099999999999994 17.1 5.0 9.1 26.999999999999996 36.9 24.5 38.6 28.0 22.3 43.6 41.1 1.4 33.6 
8.2 47.3 15.899999999999999 44.7 30.7 24.2 29.200000000000003 35.5 26.3 27.9 26.1 21.5 27.700000000000003 24.3 25.4 41.8 31.200000000000003 27.0 40.800000000000004 8.5 38.4 37.8 5.7 25.200000000000003 46.0 20.0 51.0 50.4 31.4 24.6 14.8 27.8 36.5 34.5 43.7 43.8 32.9 30.1 27.5 28.8 41.5 34.3 33.4 39.300000000000004 0 28.0 30.0 32.8 24.8 35.699999999999996 44.00000000000001 30.200000000000003 14.5 4.2 21.900000000000002 29.599999999999998 31.500000000000004 25.500000000000004 5.1 23.9 38.50000000000001 45.8 
29.099999999999998 19.3 19.2 17.5 5.0 15.799999999999999 25.799999999999997 10.0 14.3 9.9 13.3 8.4 2.2 25.0 10.399999999999999 15.2 26.799999999999997 28.1 21.299999999999997 26.9 10.399999999999999 37.199999999999996 33.699999999999996 25.2 18.0 15.799999999999999 23.0 22.400000000000002 16.6 6.3 19.9 29.0 9.2 35.7 16.5 15.799999999999999 20.6 28.799999999999997 20.4 27.999999999999996 13.5 6.3 32.099999999999994 19.099999999999998 27.999999999999996 0 15.9 33.9 26.0 7.699999999999999 24.099999999999998 15.3 15.5 23.799999999999997 6.1 19.5 8.9 3.2 33.099999999999994 22.0 17.7 20.3 
36.3 27.900000000000002 26.4 29.1 20.9 31.0 9.9 15.1 29.5 25.0 28.5 20.7 13.7 9.1 25.6 29.4 10.9 12.2 37.199999999999996 34.1 22.2 21.299999999999997 35.699999999999996 9.3 26.6 30.099999999999998 31.6 31.1 31.7 21.5 15.2 13.1 23.099999999999998 19.8 28.299999999999997 26.4 7.6 12.9 4.5 12.100000000000001 22.1 19.5 16.2 34.99999999999999 29.999999999999996 15.899999999999999 0 18.0 10.1 20.9 39.99999999999999 30.4 22.299999999999997 25.799999999999997 16.6 3.6 7.0 14.4 35.099999999999994 6.1 33.599999999999994 25.400000000000002 
39.1 45.9 29.200000000000003 47.1 38.9 37.1 8.1 33.1 39.199999999999996 37.800000000000004 38.900000000000006 31.400000000000002 31.7 9.0 36.800000000000004 47.4 8.6 5.8 53.60000000000001 36.900000000000006 40.199999999999996 5.0 38.50000000000001 8.8 44.6 32.9 49.6 49.1 44.3 34.5 18.0 5.7 41.1 2.2 46.3 44.4 15.799999999999999 5.1 13.5 6.0 40.1 37.5 3.6 52.10000000000001 32.800000000000004 33.9 18.0 0 8.0 38.9 56.80000000000001 43.00000000000001 25.1 28.6 31.800000000000004 15.7 25.0 32.4 37.900000000000006 11.899999999999999 51.2 43.4 
31.099999999999998 38.0 21.2 39.2 31.0 29.1 5.1 25.200000000000003 31.200000000000003 29.799999999999997 30.9 23.4 23.8 1.0 28.799999999999997 39.5 7.1 2.2 45.6 28.9 32.300000000000004 13.0 30.5 1.4 36.7 24.900000000000002 41.7 41.2 36.3 26.5 10.0 3.0 33.2 9.7 38.4 36.5 12.100000000000001 5.4 6.7 4.1 32.2 29.6 8.6 44.1 24.8 26.0 10.1 8.0 0 31.0 48.800000000000004 35.0 17.1 20.6 23.8 8.9 17.1 24.5 29.9 4.0 43.199999999999996 35.5 
35.199999999999996 12.8 25.299999999999997 10.7 5.0 21.2 30.799999999999997 6.7 19.7 15.299999999999999 18.7 14.3 8.4 30.0 15.799999999999999 8.5 31.799999999999997 33.1 19.299999999999997 33.0 3.6 42.199999999999996 41.400000000000006 30.2 12.2 21.2 17.2 15.8 19.5 11.7 27.6 34.0 2.2 40.7 9.7 9.0 25.599999999999998 33.8 25.4 33.0 7.699999999999999 1.4 37.099999999999994 17.099999999999998 35.7 7.699999999999999 20.9 38.9 31.0 0 22.099999999999998 20.0 23.2 31.5 13.799999999999999 24.5 13.9 10.600000000000001 40.800000000000004 27.0 15.7 18.6 
38.00000000000001 32.599999999999994 28.1 26.0 19.1 20.999999999999996 49.9 28.8 17.799999999999997 19.200000000000003 17.9 25.6 26.3 48.300000000000004 20.200000000000003 21.5 50.9 51.00000000000001 3.2 35.800000000000004 23.6 61.3 47.5 49.2 32.2 24.0 37.2 35.8 12.7 22.800000000000004 38.800000000000004 51.800000000000004 20.5 58.50000000000001 25.6 27.699999999999996 44.7 52.9 44.5 52.1 27.700000000000003 23.5 56.199999999999996 5.0 44.0 24.1 40.0 56.800000000000004 48.800000000000004 22.1 0 13.8 31.7 41.6 29.200000000000003 43.6 33.0 27.3 48.300000000000004 46.1 6.4 38.6 
24.2 30.499999999999996 14.299999999999999 23.9 15.7 7.2 39.4 25.3 4.0 5.4 4.1 11.8 17.5 34.5 6.4 19.4 41.3 37.2 10.6 22.0 21.5 48.0 33.699999999999996 35.4 30.1 10.2 35.1 33.699999999999996 1.4 9.0 25.0 38.0 18.4 44.7 23.5 25.599999999999994 35.1 40.3 34.9 39.0 25.6 21.1 43.599999999999994 9.1 30.2 15.3 30.4 43.0 35.0 20.0 13.8 0 17.9 27.799999999999997 15.4 34.0 23.4 16.0 34.5 34.1 8.3 35.6 
14.0 34.800000000000004 4.1 32.2 18.2 12.0 21.5 23.0 14.1 15.4 13.799999999999999 9.0 15.2 16.6 13.2 29.299999999999997 23.5 19.3 28.5 11.8 25.9 30.1 20.2 17.5 33.5 7.8 38.5 37.9 19.2 12.1 7.1 20.1 24.0 26.8 31.2 31.299999999999997 25.200000000000003 22.400000000000002 19.8 21.1 29.000000000000004 21.8 25.700000000000003 27.0 14.5 15.5 22.299999999999997 25.1 17.1 23.2 31.7 17.9 0 10.3 9.4 21.9 19.0 13.0 19.6 16.2 26.2 33.3 
10.5 43.099999999999994 14.099999999999998 40.5 26.5 21.9 25.0 31.3 24.0 23.700000000000003 23.699999999999996 17.3 23.5 20.1 22.700000000000003 37.6 27.0 22.8 38.4 10.8 34.199999999999996 33.6 9.9 21.0 41.8 17.7 46.8 46.199999999999996 29.099999999999994 20.4 10.6 23.6 32.3 30.3 39.5 39.599999999999994 28.700000000000003 25.900000000000002 23.3 24.6 37.3 30.099999999999998 29.200000000000003 36.9 4.2 23.799999999999997 25.799999999999997 28.6 20.6 31.499999999999996 41.6 27.799999999999997 10.3 0 17.7 25.4 27.3 21.3 9.3 19.7 36.1 41.599999999999994 
23.0 25.4 13.1 23.6 11.1 14.9 26.5 13.6 13.6 10.0 12.7 4.1 5.8 23.299999999999997 9.5 21.299999999999997 27.5 25.999999999999996 26.0 20.8 16.5 36.8 27.599999999999998 24.199999999999996 24.099999999999998 14.9 29.099999999999998 28.5 16.7 6.4 13.799999999999999 26.799999999999997 15.299999999999999 33.5 22.6 21.9 21.3 29.099999999999998 21.1 27.799999999999997 19.599999999999998 12.399999999999999 32.4 24.5 21.9 6.1 16.6 31.799999999999997 23.799999999999997 13.799999999999999 29.2 15.4 9.4 17.7 0 20.200000000000003 9.6 3.6 27.0 22.700000000000003 23.400000000000002 23.900000000000002 
35.9 31.5 26.0 32.7 24.5 33.9 7.6000000000000005 18.7 33.1 28.6 32.1 24.3 17.3 8.0 29.200000000000003 33.0 8.600000000000001 10.600000000000001 40.8 33.7 25.8 19.0 35.3 7.6000000000000005 30.2 29.7 35.2 34.699999999999996 35.300000000000004 25.1 14.8 11.7 26.7 17.900000000000002 31.9 30.0 4.0 10.600000000000001 2.2 9.8 25.7 23.1 13.9 38.599999999999994 29.599999999999998 19.5 3.6 15.700000000000001 8.9 24.5 43.599999999999994 34.0 21.9 25.4 20.200000000000003 0 10.6 18.0 34.699999999999996 5.7 37.199999999999996 29.0 
32.6 20.9 22.7 22.1 13.9 24.0 16.9 8.1 22.5 18.0 21.5 13.7 6.7 16.1 18.6 22.400000000000002 17.9 19.2 30.2 30.4 15.2 28.299999999999997 37.199999999999996 16.3 19.6 24.0 24.6 24.099999999999998 24.7 14.5 22.2 20.1 16.1 26.8 21.299999999999997 19.4 11.7 19.9 11.5 19.099999999999998 15.1 12.5 23.2 28.0 31.499999999999996 8.9 7.0 25.0 17.1 13.9 33.0 23.4 19.0 27.299999999999997 9.6 10.6 0 7.4 36.599999999999994 13.1 26.6 18.4 
26.599999999999998 22.2 16.7 20.4 8.2 16.6 24.299999999999997 10.0 15.1 10.6 14.1 6.3 2.2 23.5 11.2 18.4 25.299999999999997 26.6 24.5 24.4 13.299999999999999 35.699999999999996 31.199999999999996 23.7 20.9 16.6 25.9 25.3 17.3 7.1 17.4 27.5 12.399999999999999 34.2 19.4 18.7 19.1 27.299999999999997 18.9 26.499999999999996 16.4 9.2 30.599999999999998 22.3 25.499999999999996 3.2 14.4 32.4 24.5 10.6 27.3 16.0 13.0 21.299999999999997 3.6 18.0 7.4 0 30.599999999999994 20.5 20.900000000000002 20.3 
12.5 52.4 20.2 49.8 35.8 28.499999999999996 34.3 40.599999999999994 30.599999999999998 32.9 30.4 26.599999999999998 32.8 29.4 29.699999999999996 46.9 36.3 32.1 45.1 12.8 43.5 42.9 3.2 30.299999999999997 51.1 24.299999999999997 56.1 55.5 35.699999999999996 29.7 19.9 32.9 41.599999999999994 39.6 48.8 48.9 38.0 35.199999999999996 32.6 33.9 46.6 39.4 38.49999999999999 43.6 5.1 33.1 35.1 37.9 29.9 40.8 48.300000000000004 34.5 19.6 9.3 27.0 34.7 36.6 30.6 0 29.0 42.800000000000004 50.89999999999999 
30.199999999999996 34.0 20.299999999999997 35.2 27.0 28.2 5.8 21.2 30.299999999999997 28.9 30.0 22.499999999999996 19.8 3.0 27.9 35.5 7.8 6.1 43.3 27.999999999999996 28.3 16.5 29.599999999999998 3.2 32.7 24.0 37.7 37.199999999999996 35.4 25.599999999999998 9.1 7.0 29.2 13.7 34.4 32.5 9.0 7.800000000000001 3.6 6.4 28.2 25.6 11.4 41.099999999999994 23.9 22.0 6.1 11.899999999999999 4.0 27.0 46.099999999999994 34.1 16.2 19.7 22.700000000000003 5.7 13.1 20.5 29.0 0 39.699999999999996 31.5 
32.5 26.2 22.6 19.6 12.7 15.5 43.49999999999999 22.4 12.3 13.399999999999999 12.4 19.799999999999997 19.9 42.699999999999996 14.700000000000001 15.1 44.49999999999999 45.4 3.6 30.3 17.2 54.89999999999999 42.0 42.9 25.799999999999997 18.5 30.799999999999997 29.4 7.2 17.0 33.199999999999996 46.199999999999996 14.1 52.9 19.2 21.299999999999997 38.3 46.49999999999999 38.099999999999994 45.699999999999996 21.299999999999997 17.099999999999998 49.79999999999999 1.4 38.5 17.7 33.599999999999994 51.199999999999996 43.199999999999996 15.7 6.4 8.3 26.2 36.1 23.4 37.199999999999996 26.599999999999998 20.9 42.800000000000004 39.699999999999996 0 32.199999999999996 
46.900000000000006 9.600000000000001 37.0 16.3 23.4 36.1 35.3 12.6 34.6 30.200000000000003 33.6 26.6 18.1 34.5 30.700000000000003 19.7 36.3 37.6 35.800000000000004 44.7 15.0 46.699999999999996 51.50000000000001 34.7 6.4 36.1 11.4 10.9 36.0 26.6 37.7 38.5 18.2 45.2 15.899999999999999 12.7 30.099999999999998 38.3 29.9 37.5 10.9 18.0 41.599999999999994 33.6 45.800000000000004 20.3 25.4 43.4 35.5 18.6 38.6 35.6 33.300000000000004 41.6 23.900000000000002 29.0 18.4 20.3 50.900000000000006 31.5 32.2 0 
