51
h0 h1 h2 h3 h4 h5 h6 h7 h8 h9 h10 h11 h12 h13 h14 h15 h16 h17 h18 h19 h20 h21 h22 h23 h24 h25 h26 h27 h28 h29 h30 h31 h32 h33 h34 h35 h36 h37 h38 h39 h40 h41 h42 h43 h44 h45 h46 h47 h48 h49 l0
0 90.0 90.0 189.0 136.0 163.0 196.0 240.0 200.0 271.0 323.0 272.0 123.0 197.0 199.0 363.0 298.0 303.0 123.0 176.0 182.0 178.0 254.0 217.0 234.0 279.0 319.0 122.0 221.0 128.0 158.0 167.0 143.0 425.0 389.0 434.0 344.0 336.0 367.0 317.0 297.0 380.0 206.0 304.0 247.0 205.0 318.0 383.0 209.0 79.0 48.0 
90.0 0 175.0 219.0 206.0 193.0 265.0 253.0 223.0 354.0 316.0 265.0 129.0 117.0 218.0 280.0 214.0 232.0 117.0 106.0 130.0 153.0 219.0 199.0 203.0 266.0 324.0 170.0 131.0 133.0 131.0 161.0 164.0 352.0 315.0 374.0 262.0 253.0 285.0 333.0 290.0 329.0 277.0 217.0 234.0 205.0 261.0 365.0 167.0 79.0 42.0 
90.0 175.0 0 211.0 226.0 212.0 262.0 246.0 200.0 359.0 368.0 347.0 186.0 162.0 233.0 297.0 260.0 217.0 138.0 153.0 119.0 142.0 218.0 208.0 237.0 266.0 390.0 157.0 215.0 119.0 129.0 94.0 172.0 366.0 315.0 373.0 265.0 263.0 287.0 337.0 241.0 344.0 279.0 232.0 237.0 233.0 263.0 328.0 159.0 169.0 138.0 
189.0 219.0 211.0 0 69.0 26.0 70.0 51.0 11.0 240.0 173.0 183.0 162.0 244.0 220.0 400.0 341.0 358.0 254.0 318.0 317.0 336.0 412.0 377.0 178.0 188.0 273.0 311.0 345.0 304.0 317.0 253.0 312.0 421.0 392.0 401.0 374.0 383.0 399.0 245.0 275.0 324.0 97.0 365.0 156.0 69.0 288.0 356.0 340.0 140.0 194.0 
136.0 206.0 226.0 69.0 0 95.0 62.0 120.0 64.0 237.0 242.0 196.0 230.0 269.0 260.0 447.0 384.0 398.0 259.0 309.0 318.0 314.0 390.0 347.0 242.0 242.0 275.0 258.0 337.0 260.0 294.0 303.0 263.0 469.0 453.0 463.0 414.0 412.0 443.0 303.0 341.0 384.0 93.0 392.0 225.0 100.0 341.0 422.0 345.0 180.0 184.0 
163.0 193.0 212.0 26.0 95.0 0 94.0 77.0 37.0 265.0 199.0 198.0 136.0 218.0 194.0 384.0 319.0 332.0 243.0 292.0 305.0 329.0 402.0 370.0 153.0 162.0 299.0 285.0 319.0 283.0 308.0 279.0 300.0 395.0 367.0 376.0 351.0 357.0 381.0 219.0 249.0 300.0 123.0 339.0 130.0 84.0 262.0 330.0 329.0 114.0 168.0 
196.0 265.0 262.0 70.0 62.0 94.0 0 77.0 74.0 184.0 199.0 138.0 221.0 308.0 269.0 468.0 411.0 423.0 296.0 367.0 359.0 374.0 448.0 409.0 246.0 243.0 271.0 307.0 376.0 322.0 354.0 286.0 324.0 486.0 461.0 467.0 437.0 442.0 467.0 301.0 343.0 387.0 31.0 430.0 211.0 99.0 355.0 422.0 387.0 186.0 226.0 
240.0 253.0 246.0 51.0 120.0 77.0 77.0 0 62.0 196.0 122.0 215.0 204.0 291.0 262.0 450.0 391.0 407.0 286.0 332.0 343.0 363.0 435.0 399.0 228.0 229.0 324.0 335.0 356.0 332.0 341.0 274.0 363.0 471.0 443.0 452.0 425.0 428.0 450.0 296.0 325.0 371.0 46.0 412.0 197.0 120.0 339.0 404.0 372.0 191.0 211.0 
200.0 223.0 200.0 11.0 64.0 37.0 74.0 62.0 0 240.0 184.0 183.0 173.0 255.0 229.0 405.0 352.0 356.0 265.0 310.0 308.0 325.0 401.0 367.0 189.0 199.0 281.0 321.0 341.0 296.0 306.0 242.0 307.0 432.0 389.0 399.0 363.0 372.0 403.0 242.0 286.0 329.0 105.0 358.0 167.0 69.0 299.0 367.0 329.0 149.0 193.0 
271.0 354.0 359.0 240.0 237.0 265.0 184.0 196.0 240.0 0 318.0 90.0 358.0 442.0 439.0 613.0 549.0 559.0 359.0 404.0 415.0 413.0 471.0 428.0 418.0 425.0 455.0 323.0 417.0 366.0 391.0 339.0 348.0 651.0 621.0 639.0 585.0 585.0 615.0 481.0 508.0 564.0 173.0 562.0 393.0 191.0 523.0 594.0 436.0 308.0 314.0 
323.0 316.0 368.0 173.0 242.0 199.0 199.0 122.0 184.0 318.0 0 328.0 301.0 388.0 360.0 563.0 495.0 507.0 350.0 379.0 387.0 399.0 465.0 429.0 350.0 341.0 446.0 383.0 400.0 340.0 377.0 310.0 393.0 593.0 560.0 574.0 528.0 533.0 558.0 408.0 447.0 493.0 168.0 512.0 318.0 242.0 456.0 526.0 417.0 313.0 275.0 
272.0 265.0 347.0 183.0 196.0 198.0 138.0 215.0 183.0 90.0 328.0 0 270.0 354.0 359.0 528.0 463.0 471.0 299.0 314.0 357.0 379.0 436.0 413.0 341.0 354.0 387.0 338.0 396.0 345.0 381.0 343.0 367.0 579.0 541.0 564.0 501.0 499.0 529.0 413.0 433.0 492.0 169.0 481.0 328.0 114.0 446.0 517.0 351.0 221.0 224.0 
123.0 129.0 186.0 162.0 230.0 136.0 221.0 204.0 173.0 358.0 301.0 270.0 0 87.0 89.0 262.0 195.0 206.0 166.0 188.0 217.0 252.0 301.0 287.0 121.0 183.0 270.0 217.0 260.0 218.0 241.0 210.0 260.0 322.0 272.0 311.0 232.0 232.0 262.0 225.0 220.0 258.0 250.0 212.0 151.0 176.0 240.0 260.0 242.0 50.0 91.0 
197.0 117.0 162.0 244.0 269.0 218.0 308.0 291.0 255.0 442.0 388.0 354.0 87.0 0 176.0 181.0 130.0 147.0 224.0 193.0 208.0 232.0 296.0 290.0 208.0 207.0 315.0 254.0 213.0 244.0 229.0 210.0 281.0 235.0 198.0 257.0 151.0 193.0 176.0 243.0 246.0 235.0 333.0 162.0 186.0 256.0 153.0 248.0 217.0 137.0 149.0 
199.0 218.0 233.0 220.0 260.0 194.0 269.0 262.0 229.0 439.0 360.0 359.0 89.0 176.0 0 212.0 161.0 178.0 208.0 239.0 264.0 292.0 347.0 338.0 73.0 156.0 181.0 293.0 349.0 265.0 270.0 252.0 308.0 316.0 200.0 236.0 168.0 173.0 217.0 143.0 172.0 230.0 295.0 170.0 124.0 262.0 188.0 257.0 261.0 139.0 180.0 
363.0 280.0 297.0 400.0 447.0 384.0 468.0 450.0 405.0 613.0 563.0 528.0 262.0 181.0 212.0 0 77.0 86.0 317.0 318.0 330.0 348.0 387.0 401.0 244.0 302.0 328.0 402.0 349.0 369.0 351.0 360.0 422.0 219.0 83.0 178.0 85.0 132.0 14.0 258.0 158.0 225.0 496.0 71.0 298.0 432.0 173.0 152.0 314.0 307.0 316.0 
298.0 214.0 260.0 341.0 384.0 319.0 411.0 391.0 352.0 549.0 495.0 463.0 195.0 130.0 161.0 77.0 0 43.0 255.0 273.0 297.0 323.0 364.0 348.0 213.0 263.0 300.0 340.0 272.0 307.0 312.0 299.0 360.0 222.0 115.0 212.0 54.0 89.0 82.0 234.0 174.0 226.0 435.0 58.0 254.0 364.0 144.0 178.0 261.0 245.0 256.0 
303.0 232.0 217.0 358.0 398.0 332.0 423.0 407.0 356.0 559.0 507.0 471.0 206.0 147.0 178.0 86.0 43.0 0 253.0 255.0 267.0 294.0 331.0 339.0 230.0 293.0 317.0 336.0 315.0 305.0 287.0 297.0 358.0 239.0 128.0 224.0 72.0 46.0 97.0 248.0 181.0 231.0 450.0 15.0 286.0 377.0 182.0 195.0 252.0 256.0 270.0 
123.0 117.0 138.0 254.0 259.0 243.0 296.0 286.0 265.0 359.0 350.0 299.0 166.0 224.0 208.0 317.0 255.0 253.0 0 138.0 63.0 109.0 185.0 135.0 281.0 330.0 389.0 85.0 174.0 114.0 87.0 44.0 106.0 458.0 370.0 444.0 308.0 299.0 331.0 351.0 371.0 423.0 308.0 268.0 298.0 223.0 358.0 421.0 138.0 172.0 75.0 
176.0 106.0 153.0 318.0 309.0 292.0 367.0 332.0 310.0 404.0 379.0 314.0 188.0 193.0 239.0 318.0 273.0 255.0 138.0 0 75.0 99.0 175.0 99.0 309.0 371.0 408.0 106.0 125.0 110.0 95.0 113.0 163.0 412.0 371.0 445.0 312.0 296.0 328.0 382.0 323.0 425.0 357.0 248.0 339.0 311.0 345.0 397.0 95.0 185.0 141.0 
182.0 130.0 119.0 317.0 318.0 305.0 359.0 343.0 308.0 415.0 387.0 357.0 217.0 208.0 264.0 330.0 297.0 267.0 63.0 75.0 0 46.0 122.0 158.0 321.0 385.0 424.0 92.0 111.0 91.0 24.0 93.0 105.0 427.0 394.0 459.0 325.0 312.0 340.0 397.0 338.0 441.0 371.0 265.0 356.0 286.0 360.0 411.0 75.0 209.0 137.0 
178.0 153.0 142.0 336.0 314.0 329.0 374.0 363.0 325.0 413.0 399.0 379.0 252.0 232.0 292.0 348.0 323.0 294.0 109.0 99.0 46.0 0 76.0 148.0 356.0 408.0 452.0 92.0 137.0 59.0 22.0 91.0 103.0 451.0 414.0 485.0 346.0 329.0 362.0 433.0 362.0 467.0 384.0 289.0 379.0 332.0 385.0 436.0 73.0 223.0 161.0 
254.0 219.0 218.0 412.0 390.0 402.0 448.0 435.0 401.0 471.0 465.0 436.0 301.0 296.0 347.0 387.0 364.0 331.0 185.0 175.0 122.0 76.0 0 224.0 420.0 484.0 524.0 151.0 213.0 135.0 98.0 167.0 179.0 492.0 454.0 538.0 393.0 371.0 397.0 489.0 425.0 525.0 460.0 316.0 452.0 408.0 445.0 491.0 149.0 293.0 234.0 
217.0 199.0 208.0 377.0 347.0 370.0 409.0 399.0 367.0 428.0 429.0 413.0 287.0 290.0 338.0 401.0 348.0 339.0 135.0 99.0 158.0 148.0 224.0 0 401.0 464.0 507.0 105.0 168.0 89.0 138.0 125.0 96.0 503.0 463.0 541.0 402.0 385.0 413.0 478.0 420.0 524.0 415.0 331.0 432.0 358.0 443.0 494.0 189.0 266.0 210.0 
234.0 203.0 237.0 178.0 242.0 153.0 246.0 228.0 189.0 418.0 350.0 341.0 121.0 208.0 73.0 244.0 213.0 230.0 281.0 309.0 321.0 356.0 420.0 401.0 0 86.0 254.0 337.0 334.0 325.0 334.0 310.0 367.0 243.0 265.0 269.0 208.0 236.0 240.0 157.0 99.0 183.0 274.0 243.0 56.0 237.0 205.0 186.0 329.0 171.0 210.0 
279.0 266.0 266.0 188.0 242.0 162.0 243.0 229.0 199.0 425.0 341.0 354.0 183.0 207.0 156.0 302.0 263.0 293.0 330.0 371.0 385.0 408.0 484.0 464.0 86.0 0 281.0 390.0 397.0 385.0 395.0 350.0 422.0 279.0 264.0 242.0 267.0 280.0 302.0 71.0 148.0 158.0 274.0 297.0 32.0 240.0 161.0 206.0 395.0 233.0 274.0 
319.0 324.0 390.0 273.0 275.0 299.0 271.0 324.0 281.0 455.0 446.0 387.0 270.0 315.0 181.0 328.0 300.0 317.0 389.0 408.0 424.0 452.0 524.0 507.0 254.0 281.0 0 432.0 455.0 423.0 446.0 433.0 455.0 284.0 285.0 332.0 290.0 300.0 314.0 221.0 231.0 246.0 289.0 332.0 300.0 314.0 268.0 206.0 442.0 245.0 343.0 
122.0 170.0 157.0 311.0 258.0 285.0 307.0 335.0 321.0 323.0 383.0 338.0 217.0 254.0 293.0 402.0 340.0 336.0 85.0 106.0 92.0 92.0 151.0 105.0 337.0 390.0 432.0 0 104.0 43.0 73.0 113.0 96.0 489.0 447.0 511.0 392.0 378.0 409.0 436.0 379.0 469.0 328.0 332.0 359.0 308.0 407.0 466.0 123.0 187.0 128.0 
221.0 131.0 215.0 345.0 337.0 319.0 376.0 356.0 341.0 417.0 400.0 396.0 260.0 213.0 349.0 349.0 272.0 315.0 174.0 125.0 111.0 137.0 213.0 168.0 334.0 397.0 455.0 104.0 0 101.0 115.0 171.0 112.0 426.0 386.0 470.0 326.0 308.0 354.0 404.0 417.0 447.0 382.0 330.0 365.0 295.0 365.0 414.0 166.0 210.0 173.0 
128.0 133.0 119.0 304.0 260.0 283.0 322.0 332.0 296.0 366.0 340.0 345.0 218.0 244.0 265.0 369.0 307.0 305.0 114.0 110.0 91.0 59.0 135.0 89.0 325.0 385.0 423.0 43.0 101.0 0 71.0 70.0 53.0 462.0 422.0 492.0 359.0 347.0 376.0 404.0 360.0 462.0 329.0 298.0 356.0 310.0 382.0 435.0 122.0 207.0 127.0 
158.0 131.0 129.0 317.0 294.0 308.0 354.0 341.0 306.0 391.0 377.0 381.0 241.0 229.0 270.0 351.0 312.0 287.0 87.0 95.0 24.0 22.0 98.0 138.0 334.0 395.0 446.0 73.0 115.0 71.0 0 69.0 81.0 446.0 415.0 481.0 347.0 333.0 363.0 411.0 358.0 449.0 364.0 285.0 365.0 310.0 381.0 432.0 51.0 201.0 161.0 
167.0 161.0 94.0 253.0 303.0 279.0 286.0 274.0 242.0 339.0 310.0 343.0 210.0 210.0 252.0 360.0 299.0 297.0 44.0 113.0 93.0 91.0 167.0 125.0 310.0 350.0 433.0 113.0 171.0 70.0 69.0 0 123.0 445.0 408.0 465.0 348.0 336.0 367.0 375.0 335.0 438.0 317.0 303.0 318.0 267.0 357.0 422.0 120.0 216.0 119.0 
143.0 164.0 172.0 312.0 263.0 300.0 324.0 363.0 307.0 348.0 393.0 367.0 260.0 281.0 308.0 422.0 360.0 358.0 106.0 163.0 105.0 103.0 179.0 96.0 367.0 422.0 455.0 96.0 112.0 53.0 81.0 123.0 0 515.0 475.0 533.0 412.0 398.0 429.0 443.0 402.0 493.0 349.0 351.0 390.0 329.0 424.0 488.0 132.0 210.0 180.0 
425.0 352.0 366.0 421.0 469.0 395.0 486.0 471.0 432.0 651.0 593.0 579.0 322.0 235.0 316.0 219.0 222.0 239.0 458.0 412.0 427.0 451.0 492.0 503.0 243.0 279.0 284.0 489.0 426.0 462.0 446.0 445.0 515.0 0 157.0 254.0 183.0 283.0 205.0 212.0 146.0 240.0 517.0 254.0 286.0 465.0 262.0 78.0 415.0 372.0 383.0 
389.0 315.0 315.0 392.0 453.0 367.0 461.0 443.0 389.0 621.0 560.0 541.0 272.0 198.0 200.0 83.0 115.0 128.0 370.0 371.0 394.0 414.0 454.0 463.0 265.0 264.0 285.0 447.0 386.0 422.0 415.0 408.0 475.0 157.0 0 97.0 106.0 174.0 69.0 207.0 166.0 142.0 489.0 143.0 275.0 430.0 117.0 79.0 376.0 322.0 346.0 
434.0 374.0 373.0 401.0 463.0 376.0 467.0 452.0 399.0 639.0 574.0 564.0 311.0 257.0 236.0 178.0 212.0 224.0 444.0 445.0 459.0 485.0 538.0 541.0 269.0 242.0 332.0 511.0 470.0 492.0 481.0 465.0 533.0 254.0 97.0 0 203.0 178.0 166.0 171.0 225.0 86.0 495.0 239.0 256.0 450.0 168.0 176.0 455.0 361.0 402.0 
344.0 262.0 265.0 374.0 414.0 351.0 437.0 425.0 363.0 585.0 528.0 501.0 232.0 151.0 168.0 85.0 54.0 72.0 308.0 312.0 325.0 346.0 393.0 402.0 208.0 267.0 290.0 392.0 326.0 359.0 347.0 348.0 412.0 183.0 106.0 203.0 0 118.0 82.0 223.0 120.0 178.0 463.0 78.0 264.0 397.0 140.0 149.0 314.0 280.0 297.0 
336.0 253.0 263.0 383.0 412.0 357.0 442.0 428.0 372.0 585.0 533.0 499.0 232.0 193.0 173.0 132.0 89.0 46.0 299.0 296.0 312.0 329.0 371.0 385.0 236.0 280.0 300.0 378.0 308.0 347.0 333.0 336.0 398.0 283.0 174.0 178.0 118.0 0 143.0 251.0 137.0 264.0 467.0 61.0 292.0 400.0 228.0 224.0 297.0 279.0 295.0 
367.0 285.0 287.0 399.0 443.0 381.0 467.0 450.0 403.0 615.0 558.0 529.0 262.0 176.0 217.0 14.0 82.0 97.0 331.0 328.0 340.0 362.0 397.0 413.0 240.0 302.0 314.0 409.0 354.0 376.0 363.0 367.0 429.0 205.0 69.0 166.0 82.0 143.0 0 244.0 172.0 211.0 494.0 82.0 293.0 429.0 170.0 148.0 325.0 310.0 322.0 
317.0 333.0 337.0 245.0 303.0 219.0 301.0 296.0 242.0 481.0 408.0 413.0 225.0 243.0 143.0 258.0 234.0 248.0 351.0 382.0 397.0 433.0 489.0 478.0 157.0 71.0 221.0 436.0 404.0 404.0 411.0 375.0 443.0 212.0 207.0 171.0 223.0 251.0 244.0 0 114.0 87.0 332.0 261.0 103.0 299.0 90.0 137.0 403.0 275.0 316.0 
297.0 290.0 241.0 275.0 341.0 249.0 343.0 325.0 286.0 508.0 447.0 433.0 220.0 246.0 172.0 158.0 174.0 181.0 371.0 323.0 338.0 362.0 425.0 420.0 99.0 148.0 231.0 379.0 417.0 360.0 358.0 335.0 402.0 146.0 166.0 225.0 120.0 137.0 172.0 114.0 0 139.0 371.0 166.0 155.0 319.0 150.0 87.0 343.0 270.0 296.0 
380.0 329.0 344.0 324.0 384.0 300.0 387.0 371.0 329.0 564.0 493.0 492.0 258.0 235.0 230.0 225.0 226.0 231.0 423.0 425.0 441.0 467.0 525.0 524.0 183.0 158.0 246.0 469.0 447.0 462.0 449.0 438.0 493.0 240.0 142.0 86.0 178.0 264.0 211.0 87.0 139.0 0 417.0 243.0 190.0 379.0 82.0 162.0 442.0 301.0 348.0 
206.0 277.0 279.0 97.0 93.0 123.0 31.0 46.0 105.0 173.0 168.0 169.0 250.0 333.0 295.0 496.0 435.0 450.0 308.0 357.0 371.0 384.0 460.0 415.0 274.0 274.0 289.0 328.0 382.0 329.0 364.0 317.0 349.0 517.0 489.0 495.0 463.0 467.0 494.0 332.0 371.0 417.0 0 455.0 242.0 87.0 385.0 450.0 405.0 213.0 245.0 
304.0 217.0 232.0 365.0 392.0 339.0 430.0 412.0 358.0 562.0 512.0 481.0 212.0 162.0 170.0 71.0 58.0 15.0 268.0 248.0 265.0 289.0 316.0 331.0 243.0 297.0 332.0 332.0 330.0 298.0 285.0 303.0 351.0 254.0 143.0 239.0 78.0 61.0 82.0 261.0 166.0 243.0 455.0 0 285.0 386.0 180.0 195.0 246.0 262.0 257.0 
247.0 234.0 237.0 156.0 225.0 130.0 211.0 197.0 167.0 393.0 318.0 328.0 151.0 186.0 124.0 298.0 254.0 286.0 298.0 339.0 356.0 379.0 452.0 432.0 56.0 32.0 300.0 359.0 365.0 356.0 365.0 318.0 390.0 286.0 275.0 256.0 264.0 292.0 293.0 103.0 155.0 190.0 242.0 285.0 0 214.0 158.0 215.0 368.0 201.0 242.0 
205.0 205.0 233.0 69.0 100.0 84.0 99.0 120.0 69.0 191.0 242.0 114.0 176.0 256.0 262.0 432.0 364.0 377.0 223.0 311.0 286.0 332.0 408.0 358.0 237.0 240.0 314.0 308.0 295.0 310.0 310.0 267.0 329.0 465.0 430.0 450.0 397.0 400.0 429.0 299.0 319.0 379.0 87.0 386.0 214.0 0 334.0 403.0 344.0 126.0 192.0 
318.0 261.0 263.0 288.0 341.0 262.0 355.0 339.0 299.0 523.0 456.0 446.0 240.0 153.0 188.0 173.0 144.0 182.0 358.0 345.0 360.0 385.0 445.0 443.0 205.0 161.0 268.0 407.0 365.0 382.0 381.0 357.0 424.0 262.0 117.0 168.0 140.0 228.0 170.0 90.0 150.0 82.0 385.0 180.0 158.0 334.0 0 184.0 360.0 290.0 283.0 
383.0 365.0 328.0 356.0 422.0 330.0 422.0 404.0 367.0 594.0 526.0 517.0 260.0 248.0 257.0 152.0 178.0 195.0 421.0 397.0 411.0 436.0 491.0 494.0 186.0 206.0 206.0 466.0 414.0 435.0 432.0 422.0 488.0 78.0 79.0 176.0 149.0 224.0 148.0 137.0 87.0 162.0 450.0 195.0 215.0 403.0 184.0 0 419.0 310.0 346.0 
209.0 167.0 159.0 340.0 345.0 329.0 387.0 372.0 329.0 436.0 417.0 351.0 242.0 217.0 261.0 314.0 261.0 252.0 138.0 95.0 75.0 73.0 149.0 189.0 329.0 395.0 442.0 123.0 166.0 122.0 51.0 120.0 132.0 415.0 376.0 455.0 314.0 297.0 325.0 403.0 343.0 442.0 405.0 246.0 368.0 344.0 360.0 419.0 0 246.0 161.0 
79.0 79.0 169.0 140.0 180.0 114.0 186.0 191.0 149.0 308.0 313.0 221.0 50.0 137.0 139.0 307.0 245.0 256.0 172.0 185.0 209.0 223.0 293.0 266.0 171.0 233.0 245.0 187.0 210.0 207.0 201.0 216.0 210.0 372.0 322.0 361.0 280.0 279.0 310.0 275.0 270.0 301.0 213.0 262.0 201.0 126.0 290.0 310.0 246.0 0 98.0 
48.0 42.0 138.0 194.0 184.0 168.0 226.0 211.0 193.0 314.0 275.0 224.0 91.0 149.0 180.0 316.0 256.0 270.0 75.0 141.0 137.0 161.0 234.0 210.0 210.0 274.0 343.0 128.0 173.0 127.0 161.0 119.0 180.0 383.0 346.0 402.0 297.0 295.0 322.0 316.0 296.0 348.0 245.0 257.0 242.0 192.0 283.0 346.0 161.0 98.0 0 
