32
20 80 9 10 64 86 51 79 36 65 52 69 67 54 31 94 16 22 35 50 82 7 5 26 97 63 17 89 13 11 100 33
0 5.44565 14.17428 19.51895 16.97357 11.44441 14.12088 29.00417 30.297970000000003 32.48742 25.22448 18.54453 22.985329999999998 31.41621 23.697799999999997 36.51019 29.93837 22.50175 14.12942 20.655659999999997 27.70766 19.32309 20.34796 20.75297 20.51959 19.04229 25.142580000000002 8.05438 21.35831 10.89093 5.60975 5.50862 
5.44565 0 8.72863 14.0733 21.701210000000003 16.89006 19.56653 29.01014 35.51558 27.93542 19.77883 19.64852 25.80511 34.23599 24.66873 37.481120000000004 30.9093 17.0561 8.68377 15.21001 22.26201 13.87744 14.90231 22.70079 22.46741 20.99011 27.090400000000002 13.500029999999999 15.912659999999999 16.336579999999998 11.055399999999999 10.95427 
14.17428 8.72863 0 5.34467 12.97258 18.50174 28.29516 37.73877 35.264300000000006 36.66405 28.507460000000002 21.76715 27.923740000000002 36.354620000000004 30.75513 43.56752 36.9957 25.206449999999997 16.83412 14.01666 30.41236 22.02779 23.05266 13.97216 13.73878 12.26148 18.36177 12.95807 24.64129 14.11355 19.39473 19.6829 
19.51895 14.0733 5.34467 0 18.31725 23.846410000000002 33.63983 43.083439999999996 40.60897 42.008720000000004 33.85213 27.11182 33.26841 41.699290000000005 36.0998 48.91219 42.34037 30.551119999999997 22.17879 19.36133 35.75703 27.37246 28.39733 19.31683 19.08345 17.60615 23.70644 18.30274 29.985960000000002 19.45822 24.7394 25.02757 
16.97357 21.701210000000003 12.97258 18.31725 0 5.52916 20.07721 34.960499999999996 39.716260000000005 38.42128 30.26469 19.87578 17.07008 25.50096 17.78255 30.594939999999998 24.02312 25.39518 17.9568 24.483040000000003 31.535040000000002 23.150470000000002 23.64683 13.04286 25.842869999999998 24.365569999999998 30.46586 25.027949999999997 25.50167 12.22218 17.50336 11.46495 
11.44441 16.89006 18.501739999999998 23.84641 5.52916 0 14.54805 29.43134 34.1871 32.89212 24.735529999999997 14.34662 11.54092 19.9718 12.25339 25.06578 18.49396 19.86602 23.48596 20.59159 31.63427 28.67963 27.475879999999997 18.57202 20.31371 18.83641 24.936700000000002 19.49879 19.97251 6.69302 11.9742 5.93579 
14.12088 19.56653 28.295160000000003 33.63983 20.07721 14.54805 0 14.883289999999999 21.38873 28.087130000000002 19.93054 19.80023 25.95682 34.3877 26.80144 39.61383 33.04201 33.909980000000004 27.806700000000003 29.56465 41.38494 33.000370000000004 21.588160000000002 21.92235 29.28677 27.80947 33.90976 22.17526 14.07639 15.666080000000001 19.730629999999998 8.61226 
29.00417 29.01014 37.73877 43.08344 34.960499999999996 29.43134 14.883289999999999 0 6.50544 21.287750000000003 19.750529999999998 19.62022 25.776809999999998 34.20769 35.27057 48.08296 41.51114 27.65794 34.279320000000006 27.753080000000004 42.872519999999994 34.48795 32.74948 33.08367 40.144659999999995 38.667359999999995 44.767649999999996 27.67945 27.004199999999997 27.27382 32.555 23.495549999999998 
30.297970000000003 35.51558 35.2643 40.60897 39.71626 34.1871 21.38873 6.50544 0 14.782309999999999 22.938899999999997 26.12566 22.64618 31.077060000000003 28.76513 41.57752 35.0057 21.1525 27.77388 21.24764 41.35212 32.967549999999996 33.992419999999996 35.00482 34.77144 33.29414 39.39443 33.99073 33.50964 33.77926 35.907720000000005 30.000989999999998 
32.48742 27.93542 36.66405 42.008720000000004 38.421279999999996 32.89212 28.08713 21.28775 14.782309999999999 0 8.15659 18.5455 24.70209 33.13297 35.55686 48.36925 41.79743 35.5186 36.61919 32.94232 41.797799999999995 33.41323 31.67476 32.00895 39.069939999999995 37.592639999999996 43.69293 26.60473 25.929479999999998 26.1991 31.48028 36.699389999999994 
25.22448 19.77883 28.507460000000002 33.85213 30.26469 24.73553 19.93054 19.75053 22.9389 8.15659 0 10.38891 16.545499999999997 24.97638 27.400269999999995 40.21266 33.64084 32.81342 28.462600000000002 24.78573 33.64121 25.25664 23.518169999999998 23.852359999999997 30.91335 29.43605 35.53634 18.448140000000002 17.77289 18.04251 23.32369 28.5428 
18.54453 19.648519999999998 21.76715 27.11182 19.87578 14.34662 19.80023 19.62022 26.12566 18.545499999999997 10.38891 0 6.15659 14.58747 17.01136 29.82375 23.25193 22.42451 19.3478 14.39682 23.2523 14.867730000000002 13.12926 13.46345 21.27429 19.79699 25.897280000000002 18.31783 17.64258 7.6536 12.93478 20.28241 
22.98533 25.80511 27.92374 33.268409999999996 17.07008 11.54092 25.956819999999997 25.776809999999998 22.64618 24.70209 16.545499999999997 6.15659 0 8.43088 10.85477 23.66716 17.09534 16.26792 24.64025 20.55341 29.40889 21.02432 19.28585 19.62004 27.43088 25.95358 32.053869999999996 24.47442 23.799169999999997 13.810189999999999 19.091369999999998 17.47671 
31.416210000000003 34.23599 36.354620000000004 41.699290000000005 25.500960000000003 19.9718 34.3877 34.20769 31.077060000000003 33.13297 24.97638 14.58747 8.43088 0 19.28565 32.098040000000005 25.526220000000002 24.698800000000002 33.071130000000004 28.98429 37.83977 29.4552 27.71673 28.050919999999998 35.861760000000004 34.384460000000004 40.484750000000005 32.9053 32.23005 22.24107 27.52225 25.907590000000003 
23.6978 24.668730000000004 30.755129999999998 36.099799999999995 17.78255 12.25339 26.80144 35.270570000000006 28.765130000000003 35.55686 27.40027 17.01136 10.85477 19.28565 0 12.81239 6.24057 7.61263 15.984960000000001 22.511200000000002 19.380879999999998 21.178630000000002 22.203500000000002 30.474809999999998 32.5671 31.0898 37.19009 31.752180000000003 32.2259 18.94641 24.22759 18.18918 
36.51019 37.481120000000004 43.56752 48.91219 30.59494 25.06578 39.61383 48.08295999999999 41.57751999999999 48.36925 40.21266 29.823749999999997 23.66716 32.09804 12.81239 0 6.57182 20.42502 28.79735 35.32359 19.71213 28.0967 35.01589 43.28719999999999 45.37949 43.90219 50.00248 44.56457 45.03829 31.7588 37.03998 31.00157 
29.938370000000003 30.9093 36.99570000000001 42.34037000000001 24.023120000000002 18.49396 33.042010000000005 41.511140000000005 35.005700000000004 41.797430000000006 33.640840000000004 23.25193 17.09534 25.526220000000002 6.24057 6.57182 0 13.853200000000001 22.22553 28.75177 13.14031 21.52488 28.44407 36.71538 38.80767 37.33037 43.43066 37.99275 38.46647000000001 25.186980000000002 30.46816 24.429750000000002 
22.50175 17.0561 25.20645 30.55112 25.39518 19.86602 33.909980000000004 27.65794 21.1525 35.5186 32.81342 22.424509999999998 16.26792 24.6988 7.61263 20.42502 13.853200000000001 0 8.37233 14.89857 21.95057 13.565999999999999 14.590869999999999 25.19484 28.422369999999997 26.945069999999998 33.045359999999995 27.641659999999998 31.52339 26.55904 28.1115 25.80181 
14.12942 8.68377 16.83412 22.17879 17.9568 23.485960000000002 27.8067 34.27932 27.773880000000002 36.61919 28.462600000000002 19.3478 24.64025 33.071130000000004 15.984960000000001 28.797349999999998 22.22553 8.37233 0 6.52624 13.578240000000001 5.19367 6.21854 16.82251 20.05004 18.57274 24.67303 19.26933 24.59643 20.42481 19.73917 19.63804 
20.65566 15.21001 14.01666 19.36133 24.483040000000003 20.59159 29.56465 27.75308 21.24764 32.94232 24.78573 14.39682 20.55341 28.98429 22.5112 35.32359 28.75177 14.89857 6.52624 0 20.10448 11.719909999999999 12.744779999999999 13.75718 13.5238 12.0465 18.14679 12.743089999999999 27.17806 13.89857 19.17975 26.16428 
27.707660000000004 22.262010000000004 30.412360000000003 35.75703 31.535040000000002 31.634269999999997 41.38494000000001 42.87252000000001 41.35212 41.7978 33.64121 23.2523 29.40889 37.83977 19.380879999999998 19.71213 13.14031 21.95057 13.578240000000001 20.104480000000002 0 8.38457 19.796780000000002 30.400750000000002 33.628280000000004 32.150980000000004 38.251270000000005 32.847570000000005 38.17467 30.905900000000003 33.31741 33.216280000000005 
19.32309 13.87744 22.02779 27.37246 23.15047 28.67963 33.000370000000004 34.48795 32.96755 33.413230000000006 25.256640000000004 14.867730000000002 21.024320000000003 29.455200000000005 21.17863 28.0967 21.52488 13.565999999999999 5.19367 11.719909999999999 8.38457 0 11.41221 22.01618 25.243709999999997 23.766409999999997 29.866699999999998 24.462999999999997 29.7901 22.521330000000003 24.93284 24.83171 
20.34796 14.90231 23.05266 28.39733 23.646829999999998 27.47588 21.588160000000002 32.74948 33.992419999999996 31.67476 23.518169999999998 13.12926 19.28585 27.71673 22.2035 35.01589 28.444069999999996 14.590869999999999 6.21854 12.744779999999999 19.79678 11.41221 0 10.60397 24.08327 22.60597 28.70626 23.30256 19.20157 20.78286 25.95771 25.85658 
20.752969999999998 22.70079 13.97216 19.31683 13.04286 18.57202 21.92235 33.08367 35.004819999999995 32.00895 23.852359999999997 13.46345 19.62004 28.050919999999998 30.474809999999998 43.2872 36.715379999999996 25.19484 16.82251 13.75718 30.400750000000002 22.016180000000002 10.60397 0 13.4793 12.002 18.10229 12.69859 19.53576 13.85407 19.13525 24.50781 
20.51959 22.46741 13.73878 19.08345 25.84287 20.31371 29.28677 40.14466 34.77144 39.06994 30.91335 21.27429 27.430880000000002 35.861760000000004 32.5671 45.379490000000004 38.80767 28.42237 20.05004 13.5238 33.628280000000004 25.24371 24.08327 13.4793 0 11.76862 17.86891 12.465209999999999 26.90018 13.62069 18.90187 26.02821 
19.04229 20.99011 12.26148 17.60615 24.36557 18.83641 27.80947 38.66736 33.29414 37.59264 29.43605 19.79699 25.953580000000002 34.384460000000004 31.0898 43.902190000000004 37.33037 26.94507 18.57274 12.0465 32.150980000000004 23.76641 22.60597 12.002 11.76862 0 6.10029 10.98791 25.42288 12.14339 17.42457 24.550910000000002 
25.142580000000002 27.090400000000002 18.36177 23.70644 30.465860000000003 24.936700000000002 33.909760000000006 44.76765 39.39443 43.692930000000004 35.53634 25.897280000000002 32.05387 40.484750000000005 37.190090000000005 50.002480000000006 43.43066 33.045359999999995 24.673029999999997 18.14679 38.25127 29.866699999999998 28.70626 18.10229 17.86891 6.10029 0 17.0882 31.52317 18.24368 22.167869999999997 30.651200000000003 
8.05438 13.500029999999999 12.95807 18.30274 25.02795 19.49879 22.175259999999998 27.67945 33.99073 26.604730000000004 18.448140000000002 18.31783 24.474420000000002 32.905300000000004 31.75218 44.56457 37.99275 27.641659999999995 19.269329999999997 12.743089999999999 32.84757 24.462999999999997 23.30256 12.69859 12.465209999999999 10.98791 17.0882 0 14.58197 12.83998 13.66413 13.562999999999999 
21.35831 15.912659999999999 24.641289999999998 29.98596 25.50167 19.97251 14.07639 27.0042 33.509640000000005 25.929479999999998 17.77289 17.64258 23.799169999999997 32.23005 32.2259 45.03829 38.46647 31.523390000000003 24.596429999999998 27.17806 38.17467 29.7901 19.201570000000004 19.535760000000003 26.90018 25.42288 31.52317 14.58197 0 13.27949 18.56067 22.68865 
10.89093 16.33658 14.11355 19.45822 12.22218 6.69302 15.666080000000001 27.27382 33.77926 26.1991 18.04251 7.6536 13.810189999999999 22.24107 18.94641 31.758799999999997 25.18698 26.55904 20.42481 13.89857 30.905900000000003 22.521330000000003 20.78286 13.85407 13.62069 12.14339 18.24368 12.83998 13.27949 0 5.28118 12.62881 
5.60975 11.055399999999999 19.39473 24.7394 17.50336 11.9742 19.730629999999998 32.555 35.907720000000005 31.48028 23.32369 12.93478 19.091369999999998 27.52225 24.22759 37.03998 30.468159999999997 28.1115 19.73917 19.17975 33.31741 24.932840000000002 25.957710000000002 19.13525 18.90187 17.42457 22.16787 13.66413 18.56067 5.28118 0 11.118369999999999 
5.50862 10.95427 19.6829 25.02757 11.46495 5.93579 8.61226 23.495549999999998 30.000989999999998 36.69939 28.5428 20.28241 17.47671 25.90759 18.18918 31.001569999999997 24.42975 25.80181 19.63804 26.164279999999998 33.21628 24.83171 25.85658 24.50781 26.028209999999998 24.55091 30.6512 13.562999999999999 22.68865 12.62881 11.118369999999999 0 
