55
Home37 Home154 Home128 Home156 Home103 Home88 Home20 Home157 Home3 Home89 Home55 Home114 Home73 Home28 Home31 Home172 Home110 Home170 Home164 Home53 Home34 Home176 Home105 Home76 Home5 Home83 Home63 Home86 Home174 Home35 Home143 Home82 Home26 Home75 Home81 Home25 Home120 Home91 Home66 Home96 Home51 Home7 Home62 Home134 Home2 Home131 Home16 Home60 Home45 Home100 Home101 Home87 Home64 Home29 Home141
0 2.43019 5.79951 8.60033 7.61554 5.72287 8.210939999999999 6.72627 10.642710000000001 7.939590000000001 7.44779 2.78641 4.1061 4.89887 10.7391 14.759340000000002 11.4156 7.94616 6.7211 9.39068 10.8188 8.38326 8.65391 7.3107500000000005 9.70295 12.43962 8.04781 9.722439999999999 10.02235 6.42228 9.04447 7.20482 5.81157 7.49379 10.06671 12.73575 11.229980000000001 8.76129 6.78022 3.12021 5.689579999999999 10.34737 5.74681 4.74616 6.02341 8.873800000000001 10.938070000000002 12.15571 10.16021 6.18067 8.663599999999999 7.95552 3.93255 0.7086 7.10553 
2.43019 0 3.36932 8.46758 6.11808 3.29268 5.92273 7.73926 11.6557 8.95258 9.87798 5.2166 6.536289999999999 7.329059999999999 9.8284 13.84864 12.42859 8.959150000000001 7.63921 10.30879 11.50374 9.39625 9.666899999999998 8.32374 10.75977 10.6699 9.10463 11.98845 10.94046 8.59477 7.58897 9.33508 7.9418299999999995 9.626149999999999 11.079699999999999 13.61645 12.110679999999999 9.64199 7.66092 4.1332 7.292540000000001 9.158439999999999 8.15993 7.176349999999999 8.4536 9.886790000000001 11.07327 11.2587 7.73002 7.1936599999999995 9.767589999999998 8.968509999999998 4.945539999999999 1.72159 4.67534 
5.79951 3.36932 0 5.09826 9.487400000000001 6.662 9.29205 11.10858 11.600430000000001 8.897310000000001 10.9483 6.28692 7.60661 8.37023 11.421420000000001 13.90002 9.82309 10.00155 11.008529999999999 10.49301 11.960999999999999 8.874099999999999 10.19361 11.69306 13.748819999999998 10.97285 12.473949999999999 12.17267 11.12468 6.846819999999999 10.398779999999999 12.36806 10.97481 12.65495 12.50403 10.24713 8.74136 6.27267 4.2916 7.5025200000000005 9.1344 12.52776 11.529250000000001 10.54567 11.82292 9.76822 7.70395 10.21482 11.09934 7.55171 8.93141 11.80125 8.31486 5.09091 8.02858 
8.60033 8.46758 5.09826 0 4.95697 7.78237 10.41242 12.00751 13.082870000000002 10.379750000000001 10.4753 5.8139199999999995 7.133609999999999 7.673640000000001 14.10971 18.106360000000002 14.92135 10.774650000000001 12.76577 10.09619 12.216619999999999 13.131870000000001 12.26894 10.11187 9.76793 10.49985 8.11279 11.416 10.72786 6.37382 9.47665 7.2698 5.87655 7.55669 10.88371 11.047939999999999 12.74036 11.37093 9.389859999999999 11.294580000000002 9.35844 9.191220000000001 11.068200000000001 10.06755 8.7903 9.318940000000001 11.383210000000002 14.677750000000001 11.5386 9.62271 12.01659 12.94013 9.909020000000002 9.30893 13.12684 
7.615539999999999 6.11808 9.487400000000001 4.95697 0 2.8254 5.455450000000001 7.5210099999999995 8.7952 11.49832 9.49051 4.829129999999999 3.5094399999999997 2.7166699999999997 9.361120000000001 13.38136 14.292 8.36868 8.60887 9.219899999999999 10.076989999999999 9.34804 8.409099999999999 5.1549 8.77076 8.24234 8.84033 7.54024 8.58823 4.24008 7.12169 8.51008 7.11683 11.59007 12.424409999999998 11.00548 7.78339 9.72607 7.744999999999999 6.33761 9.496949999999998 4.23425 9.951250000000002 8.950600000000001 10.03058 12.511660000000001 10.44739 11.74206 8.21338 5.95475 7.12674 8.97502 4.95205 7.83967 10.793420000000001 
5.7228699999999995 3.29268 6.662 7.78237 2.8254 0 2.6300499999999998 5.42445 10.16493 11.82049 12.315909999999999 7.654529999999999 6.33484 5.54207 6.5357199999999995 10.555959999999999 13.96336 8.27513 10.93189 8.30851 8.21106 9.89166 10.506319999999999 7.9803 8.85537 7.37722 10.51051 8.72483 7.67684 7.06548 4.29629 6.50314 7.89639 10.980709999999998 11.91912 10.565059999999999 10.59858 9.71839 8.28862 7.425879999999999 7.3946700000000005 7.0596499999999995 7.125850000000001 6.1252 7.40245 10.07781 8.60415 9.8843 11.022699999999999 8.78015 7.03319 9.903030000000001 7.77745 5.01427 7.96802 
8.210939999999999 5.92273 9.29205 10.412420000000001 5.45545 2.6300499999999998 0 4.58067 9.32115 10.976709999999999 10.085909999999998 5.424529999999999 4.104839999999999 3.31207 3.90567 7.92591 13.486120000000001 7.562800000000001 9.58417 9.8153 10.46629 10.32334 9.79399 7.92354 9.783710000000001 10.00727 11.43885 8.13564 9.18363 4.83548 6.55152 8.75837 8.06892 8.35066 11.20679 12.296520000000001 11.58624 9.11755 8.19006 7.3129100000000005 6.68234 8.760570000000001 6.41352 5.41287 6.69012 9.95609 7.89182 11.18636 10.391969999999999 6.55015 6.320860000000001 9.1907 6.38184 7.64432 5.4072 
6.7262699999999995 7.73926 11.10858 12.00751 7.52101 5.42445 4.58067 0 4.74048 6.396039999999999 11.41697 8.59127 7.27158 7.89274 8.48634 12.50658 10.69839 4.7750699999999995 8.30525 9.69957 10.55666 12.75544 8.69514 7.5953599999999994 9.64331 8.63759 7.98817 10.11589 9.0679 7.866389999999999 9.72074 9.917489999999999 8.524239999999999 8.34088 11.6679 8.49305 9.190799999999998 10.154010000000001 8.17294 8.42928 10.173689999999999 10.252839999999999 5.60339 6.60404 7.81592 6.95861 9.02288 9.339979999999999 5.811299999999999 7.2249099999999995 3.53313 6.40297 8.975999999999999 6.01767 6.28491 
10.642710000000001 11.6557 11.60043 13.082870000000002 8.7952 10.16493 9.32115 4.74048 0 2.70312 7.72405 8.19099 6.8713 6.07853 13.186319999999998 10.90914 9.888770000000001 9.51555 12.35063 12.275590000000001 12.98525 9.89835 13.086739999999999 10.69 8.94786 10.20025 7.29272 10.595930000000001 11.643920000000001 7.60194 11.1539 12.29199 10.89874 13.08136 12.39512 13.23353 11.51944 13.467830000000001 11.48676 10.07937 8.15009 11.52703 9.519829999999999 9.26224 7.98499 11.37881 11.71191 8.41737 10.551779999999999 9.316609999999999 8.27361 11.14345 9.148299999999999 9.93411 11.02539 
7.93959 8.952580000000001 8.897310000000001 10.379750000000001 11.49832 11.82049 10.976709999999999 6.396039999999999 2.70312 0 5.02093 9.682310000000001 8.4849 8.781649999999999 12.05714 9.918520000000001 10.516 8.13594 11.66612 12.402559999999998 10.282129999999999 7.19523 10.38362 8.808679999999999 11.65098 12.39716 9.995840000000001 10.92688 11.770889999999998 9.079709999999999 10.90793 10.555530000000001 10.80062 13.019020000000001 9.692 12.038409999999999 8.81632 11.28501 10.93868 9.6426 10.85321 11.32487 6.8167100000000005 6.60962 7.88687 11.07306 9.00879 5.71425 9.24293 8.244620000000001 9.37788 12.24772 10.45494 7.23099 8.72149 
7.44779 9.87798 10.9483 10.4753 9.49051 12.31591 10.08591 11.41697 7.72405 5.02093 0 4.66138 5.981070000000001 6.773840000000001 13.64433 10.02513 15.536930000000002 12.22446 13.045940000000002 12.47499 12.69377 12.216159999999999 12.45787 11.38531 12.681560000000001 14.31459 14.02478 11.03349 12.08148 8.29725 11.01454 10.66214 10.90723 11.53717 14.71293 12.50407 9.28198 11.75067 11.04529 10.46319 13.137369999999999 12.222339999999999 7.71688 6.7162299999999995 7.99348 11.17967 9.1154 5.82086 9.34954 9.77462 13.4664 13.866580000000003 9.843610000000002 8.15639 13.742420000000001 
2.78641 5.2166 6.28692 5.8139199999999995 4.82913 7.65453 5.42453 8.59127 8.19099 9.682310000000001 4.66138 0 1.31969 2.11246 8.98295 13.00319 13.2806 7.56308 8.38456 8.61569 8.03239 9.12373 7.79649 6.723929999999999 8.584100000000001 9.65321 10.23924 6.936030000000001 7.984020000000001 3.6358699999999997 7.18783 7.69054 7.55626 6.87579 10.20281 12.2366 11.110099999999997 9.50176 7.52069 5.90662 8.47599 7.56096 8.53322 7.53257 8.80982 11.66021 10.22308 10.482240000000001 9.19628 5.11324 8.80502 9.205200000000001 5.182230000000001 3.49501 9.89194 
4.1061 6.536289999999999 7.60661 7.13361 3.5094399999999997 6.33484 4.104839999999999 7.27158 6.8713 8.4849 5.981070000000001 1.31969 0 0.79277 7.9005600000000005 11.9208 11.96091 6.48069 7.06487 7.295999999999999 6.7127 7.80404 6.4768 5.40424 7.26441 8.33352 8.91955 5.61634 6.66433 2.31618 5.86814 6.370850000000001 6.23657 8.19548 10.500509999999998 11.11428 9.79041 8.18207 6.201 4.79361 7.95295 6.24127 7.6922500000000005 8.6929 8.778590000000001 10.86917 8.90339 11.64257 8.11389 4.03085 7.7226300000000005 7.88551 3.86254 4.814699999999999 9.512039999999999 
4.8988700000000005 7.32906 8.37023 7.67364 2.7166699999999997 5.54207 3.31207 7.89274 6.07853 8.781649999999999 6.77384 2.11246 0.79277 0 7.1077900000000005 11.12803 11.61124 5.68792 6.2721 6.50323 7.360320000000001 7.01127 7.26957 4.61147 6.47164 7.54075 8.12678 4.82357 5.871560000000001 1.52341 5.0753699999999995 7.16362 6.56987 8.98825 9.70774 10.32151 8.997639999999999 7.3892999999999995 5.40823 4.00084 7.16018 5.448499999999999 8.48502 8.72494 9.0262 10.174890000000001 8.11062 10.8498 7.32112 3.23808 6.92986 7.09274 3.06977 5.60747 8.71927 
10.7391 9.8284 11.421420000000001 14.109710000000002 9.36112 6.53572 3.90567 8.48634 13.18632 12.057139999999999 13.64433 8.98295 7.9005600000000005 7.1077900000000005 0 4.02024 11.31527 7.00827 10.538450000000001 10.83165 11.68874 14.119060000000001 13.699660000000002 11.719260000000002 12.896040000000001 11.62675 14.55118 11.24797 10.19998 8.6312 10.45719 12.66404 11.974590000000001 12.25633 15.11246 13.088199999999999 9.92574 10.72193 12.09573 11.108630000000002 10.58801 10.58417 10.31919 9.31854 10.595790000000001 13.86176 11.79749 12.17015 8.64147 4.55843 8.250210000000001 11.12005 10.17756 10.0305 9.31287 
14.759340000000002 13.84864 13.90002 18.106360000000002 13.381359999999999 10.555959999999999 7.92591 12.50658 10.90914 9.918520000000001 10.02513 13.00319 11.9208 11.12803 4.02024 0 7.295030000000001 11.02851 14.55869 14.851890000000001 15.70898 16.05828 17.37779 15.7395 13.98621 7.60651 12.33107 15.268210000000002 14.220220000000001 11.99976 14.47743 14.19938 15.59263 16.27657 18.19965 14.26139 11.0393 11.83549 11.47578 15.128870000000001 14.60825 14.604410000000001 12.61447 11.61382 12.891070000000001 16.07726 14.01299 10.71845 11.99919 8.57867 12.27045 15.14029 14.1978 14.050740000000001 13.333110000000001 
11.415600000000001 12.42859 9.82309 14.92135 14.292000000000002 13.963360000000002 13.486119999999998 10.69839 9.888770000000001 10.516 15.53693 13.2806 11.96091 11.61124 11.315270000000002 7.295030000000001 0 5.92332 9.4535 12.12308 14.13279 15.612509999999999 15.538890000000002 12.284690000000001 12.24013 6.58614 11.3107 13.80274 12.75475 11.553989999999999 15.105949999999998 13.17901 14.57226 16.16216 14.122720000000001 13.241019999999999 10.01893 10.81512 11.030009999999999 13.11861 10.95337 14.423580000000001 12.12088 13.12153 13.20722 15.45608 13.39181 11.83351 10.978819999999999 8.37316 7.16526 10.0351 12.60813 10.707 9.647269999999999 
7.94616 8.959150000000001 10.00155 10.774650000000001 8.368680000000001 8.275129999999999 7.562799999999999 4.77507 9.515550000000001 8.13594 12.22446 7.56308 6.48069 5.68792 7.00827 11.02851 5.92332 0 3.53018 6.1997599999999995 8.32019 10.46425 10.62391 7.36971 8.77069 8.223379999999999 10.1363 7.87942 6.831429999999999 7.21133 10.76329 9.78211 9.37191 10.58098 11.844050000000001 9.88487 10.038469999999998 7.86282 5.88175 9.252600000000001 9.043149999999999 8.50026 7.3432900000000005 8.34394 9.62119 11.66658 11.11428 8.92632 5.39764 2.44984 1.24194 4.1117799999999995 6.68481 7.23756 9.82573 
6.7211 7.63921 11.00853 12.76577 8.608870000000001 10.93189 9.58417 8.30525 12.350629999999999 11.666120000000001 13.045940000000002 8.38456 7.06487 6.2721 10.538450000000001 14.558690000000002 9.4535 3.53018 0 2.66958 4.79001 7.87691 10.46197 7.20777 5.99731 11.330680000000001 6.606120000000001 4.34924 3.3012499999999996 7.79551 8.70478 10.911629999999999 11.63338 12.99529 9.66827 7.7512 9.358609999999999 6.88992 7.8973700000000004 6.489980000000001 9.64932 8.0861 7.9790600000000005 8.07686 9.15939 9.64837 7.5841 10.87864 8.92782 5.98002 4.77212 7.64196 9.34187 7.4296999999999995 10.3781 
9.39068 10.308789999999998 10.49301 10.09619 9.2199 8.30851 9.8153 9.69957 12.275590000000001 12.40256 12.474990000000002 8.61569 7.296 6.50323 10.83165 14.851890000000001 12.12308 6.1997599999999995 2.66958 0 2.12043 5.20733 10.197790000000001 6.94359 3.32773 9.70743 4.98287 1.67966 0.63167 8.02664 6.0352 8.242049999999999 9.40356 11.692350000000001 10.145430000000001 5.08162 6.68903 4.22034 6.20141 8.24138 10.71869 10.75568 8.767710000000001 7.767060000000001 6.48981 9.88363 8.10875 11.40329 11.597399999999999 8.6496 7.441699999999999 10.311539999999999 9.573 10.09928 7.70852 
10.8188 11.50374 11.960999999999999 12.21662 10.07699 8.21106 10.466289999999999 10.55666 12.985249999999999 10.282129999999999 12.69377 8.03239 6.7127 7.36032 11.68874 15.70898 14.13279 8.32019 4.79001 2.12043 0 3.0869 10.59195 7.80068 4.18482 10.564520000000002 5.8399600000000005 2.53675 1.48876 7.46673 3.91477 6.12162 7.51487 11.988109999999999 11.00252 5.93871 8.80946 6.34077 7.6693999999999996 8.34995 8.85953 11.87503 9.21373 8.21308 7.8656 9.696290000000001 8.96584 12.26038 13.71783 10.5984 9.56213 11.79195 10.43009 10.76156 9.82895 
8.38326 9.396249999999998 8.874099999999999 13.131870000000001 9.348040000000001 9.891659999999998 10.32334 12.75544 9.89835 7.19523 12.21616 9.12373 7.80404 7.01127 14.119060000000001 16.05828 15.612509999999999 10.46425 7.87691 5.20733 3.0869 0 7.50505 10.75925 7.271719999999999 13.65142 8.92686 5.62365 4.57566 6.75805 7.00167 9.20852 10.60177 15.075009999999999 14.08942 9.02561 9.032259999999999 6.5635699999999995 4.5825 5.26305 5.77263 12.07987 12.30063 11.29998 10.9525 11.57545 11.338930000000001 12.90948 13.37801 10.24935 9.22231 12.09215 10.08104 7.674659999999999 12.91585 
8.65391 9.666899999999998 10.19361 12.26894 8.4091 10.506319999999999 9.793989999999999 8.69514 13.08674 10.38362 12.45787 7.79649 6.4768 7.26957 13.69966 17.37779 15.53889 10.62391 10.461969999999999 10.197790000000001 10.59195 7.50505 0 3.2542 6.8700600000000005 13.24976 8.5252 8.518130000000001 9.566120000000002 8.07756 9.99249 7.78564 6.39239 10.86563 9.530259999999998 11.85754 10.351769999999998 7.88308 5.90201 6.58256 9.7419 11.14093 9.59097 10.58339 9.30614 12.625799999999998 10.79945 14.09399 13.7015 10.50765 9.5458 12.41564 10.10105 7.945309999999999 14.342239999999999 
7.31075 8.32374 11.693060000000001 10.11187 5.1549000000000005 7.980300000000001 7.923539999999999 7.59536 10.69 8.80868 11.38531 6.723929999999999 5.40424 4.61147 11.71926 15.7395 12.28469 7.36971 7.20777 6.94359 7.800680000000001 10.75925 3.2542 0 3.61586 9.995560000000001 5.271 5.26393 6.311920000000001 6.13488 8.174940000000001 10.381790000000002 9.64659 11.98048 12.78446 10.761870000000002 11.43587 11.13728 9.15621 8.23241 11.391749999999998 7.88673 8.01603 9.016680000000001 9.10237 9.60952 7.54525 10.83979 10.4473 7.84955 6.2916 9.161439999999999 6.84685 6.60215 12.63016 
9.70295 10.75977 13.74882 9.76793 8.770760000000001 8.85537 9.78371 9.64331 8.94786 11.65098 12.68156 8.5841 7.26441 6.47164 12.89604 13.986210000000002 12.24013 8.77069 5.99731 3.32773 4.18482 7.27172 6.8700600000000005 3.61586 0 6.379700000000001 1.65514 1.64807 2.69606 6.902 4.55908 6.76593 6.6823999999999995 8.364619999999999 11.69164 7.14601 10.01676 7.54807 9.52914 9.7814 12.78308 11.502590000000001 8.64652 7.64587 8.50991 8.91246 8.07716 11.371699999999999 11.657420000000002 9.709719999999999 9.23126 12.1011 9.541409999999999 10.218010000000001 9.014299999999999 
12.43962 10.6699 10.97285 10.49985 8.24234 7.37722 10.00727 8.637590000000001 10.20025 12.39716 14.314589999999999 9.65321 8.33352 7.54075 11.626750000000001 7.60651 6.58614 8.223379999999999 11.33068 9.70743 10.564520000000002 13.651420000000002 13.249760000000002 9.995560000000001 6.379700000000001 0 4.72456 8.02777 9.07576 9.06416 8.79972 6.5928700000000005 7.9861200000000006 11.43404 13.14361 11.210370000000001 10.33041 11.1266 11.62125 11.31985 12.15358 10.97417 10.935880000000001 9.93523 10.89987 8.86994 6.80567 10.10021 9.25014 10.673219999999999 6.981439999999999 9.85128 9.93429 12.391490000000001 13.01531 
8.04781 9.10463 12.47395 8.11279 8.84033 10.51051 11.43885 7.98817 7.29272 9.995840000000001 14.02478 10.23924 8.919550000000001 8.12678 14.55118 12.33107 11.3107 10.1363 6.606120000000001 4.98287 5.8399600000000005 8.926860000000001 8.5252 5.271 1.65514 4.72456 0 3.30321 4.3512 8.55714 6.214220000000001 6.42051 5.02726 6.709479999999999 10.0365 8.80115 11.6719 9.20321 11.184280000000001 9.46473 12.534839999999999 11.57216 10.218910000000001 9.21826 7.94101 8.46965 9.7323 13.02684 13.312560000000001 11.36486 10.8864 12.09084 10.53228 8.75641 10.66944 
9.72244 11.98845 12.17267 11.416 7.540240000000001 8.72483 8.13564 10.11589 10.59593 10.92688 11.03349 6.936030000000001 5.61634 4.82357 11.24797 15.26821 13.80274 7.87942 4.34924 1.67966 2.53675 5.62365 8.51813 5.26393 1.64807 8.02777 3.30321 0 1.04799 6.34698 6.20715 8.414000000000001 8.33047 10.01269 10.56175 5.49794 8.36869 5.9 7.88107 8.82441 11.135010000000001 10.27207 10.294590000000001 9.293940000000001 8.16947 8.493360000000001 6.42909 9.72363 12.144689999999999 8.06165 9.12136 11.91631 7.89334 10.431040000000001 9.38818 
10.02235 10.940459999999998 11.12468 10.72786 8.588230000000001 7.67684 9.18363 9.0679 11.643920000000001 11.77089 12.08148 7.984020000000001 6.6643300000000005 5.871560000000001 10.19998 14.220220000000001 12.75475 6.831429999999999 3.3012499999999996 0.63167 1.48876 4.57566 9.566120000000002 6.311920000000001 2.69606 9.07576 4.3512 1.04799 0 7.394970000000001 5.40353 7.61038 9.003630000000001 11.060680000000001 9.513760000000001 4.44995 7.3206999999999995 4.85201 6.83308 8.87305 10.08702 11.320060000000002 9.39938 8.39873 7.12148 9.54135 7.47708 10.77162 12.229069999999998 9.10964 8.073369999999999 10.943209999999999 8.94133 10.73095 8.34019 
6.422280000000001 8.59477 6.846819999999999 6.373819999999999 4.24008 7.06548 4.83548 7.86639 7.60194 9.07971 8.29725 3.63587 2.31618 1.52341 8.6312 11.99976 11.553989999999999 7.21133 7.79551 8.02664 7.46673 6.75805 8.07756 6.13488 6.902 9.064160000000001 8.55714 6.34698 7.394970000000001 0 3.55196 5.75881 7.1520600000000005 10.511660000000001 11.23115 11.11054 9.604769999999998 7.13608 5.15501 5.52425 8.683589999999999 6.971909999999999 8.28706 7.85027 7.502789999999999 9.33348 9.63403 11.24241 8.84453 4.76149 8.45327 8.616150000000001 4.59318 6.87318 10.24268 
9.04447 7.58897 10.398779999999999 9.47665 7.12169 4.29629 6.55152 9.72074 11.1539 10.907929999999999 11.014539999999998 7.18783 5.8681399999999995 5.0753699999999995 10.45719 14.477430000000002 15.10595 10.76329 8.70478 6.0352 3.91477 7.00167 9.99249 8.17494 4.55908 8.79972 6.21422 6.2071499999999995 5.40353 3.55196 0 2.20685 3.6001000000000003 8.07334 11.40036 9.853480000000001 11.87896 10.25554 8.70697 9.07621 11.31614 7.96026 5.29896 4.29831 3.95083 5.78152 7.845790000000001 11.14033 12.396489999999998 8.31345 10.74628 7.87718 8.14514 9.310559999999999 11.95872 
7.20482 9.335080000000001 12.36806 7.2698 8.51008 6.50314 8.758370000000001 9.917489999999999 12.29199 10.555530000000001 10.66214 7.69054 6.370850000000001 7.163620000000001 12.664040000000002 14.19938 13.17901 9.78211 10.91163 8.24205 6.12162 9.20852 7.78564 10.38179 6.76593 6.5928700000000005 6.42051 8.414 7.61038 5.75881 2.20685 0 1.39325 5.86649 9.19351 12.06033 9.67211 10.4683 10.91382 10.0251 9.62362 5.753410000000001 6.584900000000001 5.584250000000001 4.307 7.19856 9.26283 11.35546 11.80139 10.4017 8.54017 5.67033 9.6933 7.6134900000000005 12.71255 
5.81157 7.94183 10.97481 5.87655 7.11683 7.89639 8.06892 8.524239999999999 10.89874 10.80062 10.90723 7.55626 6.23657 6.56987 11.974590000000001 15.592630000000002 14.572260000000002 9.37191 11.63338 9.403559999999999 7.51487 10.60177 6.39239 9.64659 6.6824 7.9861200000000006 5.02726 8.33047 9.003630000000001 7.1520600000000005 3.6001000000000003 1.39325 0 4.47324 7.80026 12.008709999999999 8.78662 11.255309999999998 11.066500000000001 8.63185 10.79514 7.146660000000001 5.19165 4.191 2.91375 6.23341 8.29768 11.59222 10.40814 9.80795 8.12997 7.06358 9.0642 6.22024 12.617170000000002 
7.49379 9.626149999999999 12.65495 7.55669 11.59007 10.980709999999998 8.35066 8.34088 13.08136 13.019020000000001 11.53717 6.87579 8.19548 8.98825 12.25633 16.27657 16.16216 10.58098 12.99529 11.69235 11.988109999999999 15.075009999999999 10.86563 11.980479999999998 8.364619999999999 11.43404 6.709479999999999 10.01269 11.06068 10.511660000000001 8.07334 5.86649 4.47324 0 3.32702 8.390830000000001 11.61292 14.081610000000001 12.748719999999999 10.613999999999999 12.47736 11.6199 9.66489 8.66424 7.386989999999999 7.915629999999999 9.979899999999999 10.17084 6.64216 9.26638 9.33904 11.536819999999999 10.978439999999999 8.20239 10.0549 
10.06671 11.079699999999999 12.50403 10.88371 12.42441 11.91912 11.20679 11.667900000000001 12.39512 9.692 14.71293 10.20281 10.500509999999998 9.70774 15.11246 18.19965 14.122720000000001 11.84405 9.66827 10.145430000000001 11.00252 14.08942 9.530259999999998 12.78446 11.69164 13.14361 10.0365 10.561750000000002 9.513760000000001 11.23115 11.40036 9.19351 7.80026 3.32702 0 5.06381 8.2859 10.75459 11.01934 11.76972 14.92906 12.9301 10.506260000000001 9.50561 10.71401 11.242650000000001 9.46851 12.76305 9.96918 11.85134 10.60211 13.47195 12.58206 9.35811 12.32821 
12.735750000000001 13.61645 10.24713 11.04794 11.00548 10.565059999999999 12.29652 8.49305 13.23353 12.038409999999999 12.50407 12.2366 11.11428 10.32151 13.0882 14.26139 13.24102 9.88487 7.7512 5.08162 5.93871 9.02561 11.85754 10.76187 7.1460099999999995 11.210370000000001 8.80115 5.49794 4.44995 11.11054 9.853480000000001 12.06033 12.00871 8.390830000000001 5.06381 0 3.22209 5.69078 5.95553 9.615540000000001 11.02057 9.60015 12.140690000000001 11.14004 9.86279 6.4689700000000006 4.4047 7.69924 10.9211 12.33471 8.64293 11.51277 13.39128 12.02715 12.79014 
11.22998 12.11068 8.74136 12.74036 7.783390000000001 10.598580000000002 11.58624 9.1908 11.51944 8.81632 9.28198 11.110100000000001 9.790410000000001 8.99764 9.92574 11.0393 10.01893 10.03847 9.35861 6.689030000000001 8.809460000000001 9.03226 10.35177 11.435870000000001 10.016760000000001 10.33041 11.6719 8.36869 7.3207 9.604770000000002 11.87896 9.67211 8.78662 11.612919999999999 8.2859 3.22209 0 2.46869 4.44976 8.10977 11.269109999999998 10.51522 11.87132 10.87067 10.42144 7.66536 7.62679 8.82289 11.0747 12.23572 8.79653 11.66637 11.23302 10.521379999999999 14.39755 
8.76129 9.64199 6.27267 11.37093 9.726070000000002 9.71839 9.11755 10.15401 13.46783 11.28501 11.75067 9.501759999999999 8.18207 7.3893 10.72193 11.83549 10.81512 7.862819999999999 6.88992 4.22034 6.34077 6.56357 7.88308 11.13728 7.54807 11.1266 9.20321 5.9 4.85201 7.136080000000001 10.25554 10.4683 11.255310000000001 14.081610000000001 10.75459 5.69078 2.46869 0 1.98107 5.6410800000000005 8.800419999999999 12.457900000000002 12.51881 11.51816 10.24091 8.97402 10.09548 11.29158 10.77658 10.31266 6.62088 9.49072 10.45907 8.05269 11.92886 
6.780219999999999 7.66092 4.2916 9.38986 7.745000000000001 8.28862 8.19006 8.172939999999999 11.48676 10.93868 11.04529 7.52069 6.201 5.40823 12.095730000000001 11.47578 11.030009999999999 5.88175 7.8973700000000004 6.20141 7.6693999999999996 4.5825 5.90201 9.15621 9.52914 11.62125 11.18428 7.881069999999999 6.83308 5.15501 8.70697 10.913820000000001 11.0665 12.748719999999999 11.01934 5.95553 4.4497599999999995 1.98107 0 3.6600099999999998 6.81935 10.47683 10.537740000000001 9.537090000000001 8.25984 6.99295 9.057220000000001 11.73861 8.79551 8.33159 4.63981 7.50965 8.478 6.071619999999999 12.320179999999999 
3.12021 4.1332 7.5025200000000005 11.29458 6.33761 7.42588 7.3129100000000005 8.42928 10.07937 9.6426 10.46319 5.90662 4.79361 4.00084 11.108630000000002 15.128870000000003 13.11861 9.2526 6.48998 8.24138 8.34995 5.26305 6.58256 8.232409999999998 9.781399999999998 11.319849999999999 9.46473 8.82441 8.87305 5.52425 9.07621 10.0251 8.63185 10.614 11.76972 9.61554 8.10977 5.64108 3.6600099999999998 0 3.15934 9.06944 8.84995 7.86637 9.14362 10.39277 8.3285 11.62304 11.321959999999999 7.23892 8.01066 9.658529999999999 5.63556 2.41161 8.80854 
5.689579999999999 7.29254 9.1344 9.35844 9.49695 7.3946700000000005 6.68234 10.17369 8.15009 10.85321 13.13737 8.47599 7.952949999999999 7.160179999999999 10.58801 14.608250000000002 10.95337 9.043149999999999 9.64932 10.71869 8.85953 5.77263 9.7419 11.391749999999998 12.783080000000002 12.15358 12.534839999999999 11.135010000000001 10.08702 8.683589999999999 11.31614 9.62362 10.79514 12.477360000000001 14.92906 11.02057 11.269109999999998 8.800419999999999 6.819349999999999 3.15934 0 12.22878 10.59436 10.17749 11.454740000000001 8.68014 6.61587 9.91041 11.956909999999999 9.52613 7.801209999999999 10.67105 8.7949 5.57095 11.967880000000001 
10.34737 9.158439999999999 12.527759999999999 9.191220000000001 4.23425 7.05965 8.76057 10.252839999999999 11.52703 11.32487 12.222339999999999 7.56096 6.24127 5.4485 10.58417 14.604410000000001 14.423580000000001 8.50026 8.0861 10.75568 11.87503 12.07987 11.14093 7.88673 11.50259 10.97417 11.57216 10.27207 11.32006 6.97191 7.960260000000001 5.753410000000001 7.146660000000001 11.619900000000001 12.9301 9.60015 10.515219999999998 12.4579 10.47683 9.06944 12.22878 0 6.22871 7.229360000000001 8.50661 10.18323 12.2475 10.10203 10.13346 6.05042 9.7422 11.42374 7.68388 10.880029999999998 13.401629999999999 
5.74681 8.15993 11.52925 11.0682 9.951250000000002 7.125850000000001 6.41352 5.60339 9.51983 6.8167100000000005 7.71688 8.53322 7.69225 8.485019999999999 10.31919 12.61447 12.12088 7.34329 7.9790600000000005 8.767710000000001 9.21373 12.30063 9.59097 8.01603 8.646519999999999 10.935880000000001 10.21891 10.29459 9.39938 8.28706 5.29896 6.584899999999999 5.191649999999999 9.66489 10.506260000000001 12.14069 11.87132 12.51881 10.53774 8.84995 10.59436 6.22871 0 1.00065 2.2779 5.67172 7.735989999999999 8.4102 11.41469 9.79313 8.58523 11.45507 9.66229 6.43834 11.08779 
4.74616 7.176349999999999 10.54567 10.06755 8.950600000000001 6.1252 5.41287 6.60404 9.26224 6.60962 6.7162299999999995 7.53257 8.692900000000002 8.72494 9.31854 11.61382 13.12153 8.34394 8.07686 7.76706 8.21308 11.29998 10.58339 9.016680000000001 7.64587 9.93523 9.218259999999999 9.293940000000001 8.39873 7.85027 4.29831 5.58425 4.191 8.66424 9.50561 11.14004 10.87067 11.518160000000002 9.537090000000001 7.86637 10.17749 7.229360000000001 1.00065 0 1.27725 4.67107 6.735340000000001 7.409549999999999 10.938229999999999 10.79378 9.0107 11.25458 8.678709999999999 5.454759999999999 10.08714 
6.02341 8.4536 11.82292 8.7903 10.03058 7.402450000000001 6.69012 7.81592 7.98499 7.88687 7.99348 8.80982 8.778590000000001 9.0262 10.595790000000001 12.89107 13.20722 9.62119 9.15939 6.48981 7.8656 10.9525 9.30614 9.10237 8.509910000000001 10.89987 7.94101 8.16947 7.12148 7.502789999999999 3.95083 4.307 2.91375 7.38699 10.71401 9.86279 10.421439999999999 10.240910000000001 8.25984 9.14362 11.454740000000001 8.50661 2.2779 1.27725 0 3.39382 5.45809 8.6868 12.21548 11.20919 10.287950000000002 9.97733 9.10931 6.73201 11.36439 
8.873800000000001 9.886790000000001 9.76822 9.31894 12.511660000000001 10.07781 9.95609 6.95861 11.37881 11.07306 11.17967 11.660210000000001 10.86917 10.17489 13.86176 16.07726 15.45608 11.66658 9.64837 9.88363 9.696290000000001 11.57545 12.625799999999998 9.60952 8.91246 8.86994 8.46965 8.493360000000001 9.541350000000001 9.33348 5.78152 7.1985600000000005 6.233409999999999 7.915629999999999 11.24265 6.4689700000000006 7.66536 8.974020000000001 6.99295 10.39277 8.68014 10.18323 5.6717200000000005 4.67107 3.39382 0 2.06427 5.35881 8.88749 10.28841 10.42464 12.86889 11.38915 8.1652 11.48183 
10.93807 11.07327 7.70395 11.38321 10.44739 8.60415 7.891820000000001 9.02288 11.71191 9.00879 9.1154 10.223080000000001 8.903390000000002 8.11062 11.797490000000002 14.012989999999999 13.391810000000001 11.11428 7.5841 8.10875 8.96584 11.33893 10.79945 7.54525 8.077160000000001 6.80567 9.7323 6.42909 7.477080000000001 9.634030000000001 7.845790000000001 9.262830000000001 8.29768 9.9799 9.46851 4.4047 7.62679 10.095479999999998 9.057220000000001 8.3285 6.61587 12.247499999999999 7.735990000000001 6.735340000000001 5.45809 2.06427 0 3.29454 6.82322 10.90626 10.978919999999999 13.848759999999999 11.180390000000001 10.22947 13.299020000000002 
12.15571 11.258700000000001 10.21482 14.67775 11.74206 9.8843 11.18636 9.339979999999999 8.41737 5.71425 5.82086 10.482240000000001 11.64257 10.8498 12.17015 10.71845 11.83351 8.92632 10.87864 11.40329 12.260380000000001 12.909479999999999 14.093990000000002 10.83979 11.3717 10.10021 13.02684 9.72363 10.77162 11.24241 11.14033 11.35546 11.59222 10.17084 12.76305 7.69924 8.82289 11.29158 11.73861 11.623040000000001 9.91041 10.10203 8.4102 7.409549999999999 8.6868 5.35881 3.29454 0 3.52868 7.61172 7.684380000000001 10.55422 11.39771 12.86431 10.039 
10.16021 7.73002 11.09934 11.5386 8.213379999999999 11.0227 10.39197 5.8113 10.55178 9.24293 9.34954 9.19628 8.11389 7.32112 8.64147 11.999189999999999 10.978819999999999 5.397639999999999 8.927819999999999 11.597399999999999 13.71783 13.37801 13.7015 10.447299999999998 11.657420000000002 9.25014 13.312560000000001 12.14469 12.229069999999998 8.844529999999999 12.396489999999998 11.80139 10.40814 6.64216 9.96918 10.9211 11.074699999999998 10.776580000000001 8.79551 11.32196 11.956909999999999 10.13346 11.41469 10.938229999999999 12.21548 8.88749 6.82322 3.52868 0 4.08304 4.1556999999999995 7.0255399999999995 7.8690299999999995 9.451609999999999 8.006879999999999 
6.18067 7.19366 7.55171 9.62271 5.954750000000001 8.78015 6.55015 7.22491 9.31661 8.244620000000001 9.77462 5.11324 4.03085 3.23808 4.55843 8.57867 8.37316 2.44984 5.98002 8.6496 10.598400000000002 10.24935 10.50765 7.84955 9.70972 10.67322 11.36486 8.06165 9.10964 4.76149 8.31345 10.401700000000002 9.80795 9.26638 11.85134 12.334710000000001 12.235719999999999 10.312660000000001 8.33159 7.23892 9.526129999999998 6.05042 9.793130000000001 10.793780000000002 11.20919 10.288409999999999 10.90626 7.61172 4.08304 0 3.69178 6.56162 6.30785 5.47207 7.37589 
8.6636 9.767590000000002 8.93141 12.01659 7.12674 7.03319 6.32086 3.53313 8.27361 9.377880000000001 13.4664 8.805019999999999 7.72263 6.92986 8.25021 12.27045 7.16526 1.24194 4.77212 7.4417 9.56213 9.22231 9.5458 6.2916 9.231259999999999 6.981439999999999 10.886399999999998 9.121360000000001 8.07337 8.45327 10.74628 8.54017 8.12997 9.33904 10.60211 8.64293 8.796529999999999 6.62088 4.63981 8.01066 7.80121 9.7422 8.585230000000001 9.0107 10.28795 10.42464 10.978919999999999 7.684379999999999 4.1556999999999995 3.69178 0 2.86984 5.442869999999999 8.046000000000001 9.81804 
7.955519999999999 8.968509999999998 11.80125 12.94013 8.97502 9.90303 9.1907 6.402970000000001 11.143450000000001 12.247719999999997 13.866579999999999 9.2052 7.88551 7.09274 11.120049999999999 15.14029 10.0351 4.1117799999999995 7.641959999999999 10.311539999999999 11.79195 12.09215 12.41564 9.161439999999999 12.101099999999999 9.85128 12.09084 11.91631 10.943209999999999 8.61615 7.87718 5.67033 7.06358 11.536819999999999 13.47195 11.51277 11.666369999999999 9.49072 7.50965 9.658529999999999 10.67105 11.42374 11.45507 11.25458 9.97733 12.86889 13.848759999999999 10.554219999999999 7.0255399999999995 6.56162 2.86984 0 4.02297 7.246919999999999 12.68788 
3.93255 4.945539999999999 8.31486 9.909020000000002 4.952050000000001 7.777450000000001 6.38184 8.975999999999999 9.148299999999999 10.45494 9.843610000000002 5.182230000000001 3.86254 3.06977 10.17756 14.1978 12.60813 6.684809999999999 9.34187 9.573 10.43009 10.08104 10.10105 6.84685 9.54141 9.93429 10.53228 7.89334 8.94133 4.59318 8.14514 9.6933 9.0642 10.978439999999999 12.582059999999998 13.391280000000002 11.233019999999998 10.45907 8.478 5.63556 8.794899999999998 7.68388 9.66229 8.678709999999999 9.10931 11.38915 11.18039 11.39771 7.8690299999999995 6.30785 5.442869999999999 4.02297 0 3.22395 9.62088 
0.7086 1.72159 5.09091 9.30893 7.83967 5.01427 7.6443200000000004 6.01767 9.93411 7.23099 8.15639 3.49501 4.8147 5.60747 10.0305 14.050740000000001 10.707 7.23756 7.4297 10.09928 10.76156 7.674659999999999 7.945309999999999 6.60215 10.21801 12.39149 8.756409999999999 10.43104 10.73095 6.87318 9.310559999999999 7.6134900000000005 6.22024 8.20239 9.35811 12.027149999999999 10.52138 8.05269 6.071619999999999 2.41161 5.570950000000001 10.88003 6.43834 5.454759999999999 6.732009999999999 8.1652 10.229470000000001 12.864309999999998 9.45161 5.47207 8.046 7.246919999999999 3.22395 0 6.39693 
7.10553 4.67534 8.02858 13.12684 10.793420000000001 7.96802 5.4072 6.28491 11.02539 8.72149 13.74242 9.89194 9.512039999999999 8.71927 9.31287 13.333110000000001 9.647269999999999 9.82573 10.3781 7.70852 9.828949999999999 12.915849999999999 14.34224 12.630159999999998 9.014299999999999 13.01531 10.669439999999998 9.38818 8.34019 10.24268 11.95872 12.71255 12.61717 10.0549 12.32821 12.790140000000001 14.397549999999999 11.92886 12.32018 8.80854 11.967880000000001 13.40163 11.08779 10.08714 11.36439 11.481829999999999 13.299019999999999 10.039 8.00688 7.37589 9.81804 12.68788 9.62088 6.39693 0 
