37
8M2OK8Px58 geUO1h r 3k 3 TU76UjE52906 4 KKUFV29x8iO 1 5 fgM12T 6RiHvQ4xTN5 9vq8gscs7dz1 48783322I5q9PFVPT O58T O41Muu YKpC4gQmPKaU311w9eOT 2qgWbB40Ya16 11l6P71DgEau1baEX4 eDv5MBdo ZT3 95E0752p51t u3Qv MY3aL96Y xaM1q4jQi3efYb0 77yN7eHZwfF99R2 J ElUTL D SmI7f YLKBD54k HDLHc5Kdk KpBvy 4l4aqvNKB NQ3vX6W6H74aK53np i7lmV5iDIgl5f 845LWU7Kg6167HQY
0 309434517.4409 949848782.2428 1138037014.0161 1619302734.83 2114945411.1599998 2519852888.3004 2127704286.3720999 1332142235.9875 1548449272.5139 1650770517.6439 2287723373.9987 2293191439.3498 2652233416.3257 2711377701.0448 2610614640.008 2554998497.2008 1878243218.8457 1490881134.9919999 2091461439.1491 2846829766.8628 2865519520.3976 1670178370.5316 1881483689.2974 1594934220.19 984864482.6870999 1525921901.73 2067228149.5842 2428484291.3029 2524746504.9321 2147588544.9642 2181515380.9603 2353442244.9842 1832575074.9989 2285851016.0057 1062057605.979 1785689032.5332 
309434517.4409 0 640414264.8019 828602496.5752001 1309868217.3891 1805510893.7191 2234090095.7578 2257402732.906 1641576753.4284 1857883789.9548001 1946090024.2175 2525202418.9752 1983756921.9089003 2342798898.8848 2401943183.6039 2301180122.5670996 2245563979.7599 1568808701.4048 1181446617.5511 1782026921.7082002 3156264284.3037004 2556085002.9567003 1360743853.0907001 1572049171.8565 1285499702.7491 675429965.2462 1216487384.2891 1757793632.1433 2119049773.862 2215311987.4912 1838154027.5233002 1872080863.5194 2293147993.8705 1772280823.8852 2079934620.9120998 1371492123.4199 2095123549.9741 
949848782.2428 640414264.8019 0 188188231.7733 669453952.5871999 1165096628.9171999 1593675830.9558997 2176051079.9041 1588882321.8406 1805189358.367 1614129675.5963 1884788154.1733003 1343342657.107 1702384634.0828998 1761528918.802 2120885424.8368 2814045971.1988 947158037.6047 972140075.1242 1141612656.9063 2578847852.5704 1915670738.1548 720329588.2888 943917567.153 825990501.2103 1315844230.0481 1693121697.5335999 1584526977.8658 1945783119.5844998 2440167213.541 1197739762.7214 2281717103.5671997 1652733729.0686 1131866559.0832999 1794513173.4661002 1402731072.5131 2126362499.0672998 
1138037014.0161002 828602496.5752001 188188231.7733 0 481265720.8139 976908397.1438999 1405487599.1826 2137907421.5322 1413611855.1625001 1629918891.6889002 1661248966.0654001 1709517687.4952002 1168072190.4289 1514196402.3095999 1949717150.5753 2305736095.9286003 2650886546.8098 934029033.1879001 796869608.4461 966342190.2282 2390659620.7971 2103858969.9280999 908517820.0620999 937269503.6396 650720034.5322 1260789772.0351 1801847191.078 1396338746.0925 1757594887.8112 2264896746.8629 1385927994.4947 2457440670.3083 1477463262.3905 956596092.4052 1606324941.6928 1380532626.0305 2104164052.5847 
1619302734.8300002 1309868217.3891 669453952.5871999 481265720.8139 0 495642676.33 924221878.3687 1728510882.5734 1856801446.6429 2073108483.1693 2142514686.8793 1954795883.5904999 1413350386.5242 1032930681.4956999 1700803302.2683997 1824470375.1147 2169620825.9959 1415294754.0017998 1278135329.2599998 1447607911.0421 2708676985.3836 2391082408.3834 1389783540.876 1418535224.4534998 1131985755.3460999 1742055492.849 2283112911.8919 1877604466.9064 2238860608.6251 1802895775.8406 1867193715.3086 2069874750.8181999 1090632521.6849 1437861813.2191 2087590662.5067 1861798346.8444 2478291355.989 
2114945411.16 1805510893.7191 1165096628.9171999 976908397.1438999 495642676.33 0 428579202.0387 1232868206.2433999 1990144573.4059 2206451609.9323 1854142306.9902 1459153207.2605 917707710.1942 537288005.1657 1205160625.9383998 1393351117.3223 1673978149.6658998 1805734478.7254 1773778005.5899997 985367195.6731 2213034309.0536003 1895439732.0534 1885426217.2059999 1808756882.8657 1627628431.6760998 2237698169.179 2010450568.4179 2373247143.2363997 2182982948.0188 1307253099.5106 1515068633.6057 1574232074.4882 594989845.3549 1115857015.3402 2583233338.8367 1720059943.3974 1982648679.659 
2519852888.3004 2234090095.7578 1593675830.9559 1405487599.1826 924221878.3687 428579202.0387 0 804289004.2047 1599851054.5893002 1816158091.1157002 1816429398.5538 1755101480.2171001 1213655983.1508 965867207.2044 1394688105.172 1592785282.5952 1245398947.6272 1751095721.7725 1738438760.0352998 1413946397.7118 1784455107.0149 1466860530.0147 1595634760.0572 1747855251.3208 1592289186.1213999 2202358923.6243 2439029770.4566 2037830893.7041001 1754403745.9801002 1735832301.5493 1943647835.6444001 1841113804.9192998 166410643.3162 687277813.3015 2394965466.8104 1575560723.2563 2219632770.1049004 
2127704286.3720999 2257402732.906 2176051079.9041 2137907421.5322 1728510882.5734 1232868206.2434 804289004.2047 0 795562050.3846 1011869086.911 1618177783.9348001 1956240222.1918 1414794725.1255 1770156211.4091 1997102989.5674 2185293480.9513 2049687951.8319 1419804887.6005 1849263460.1701 1616524725.3262 2117846044.7252002 2271149534.2194 1646633336.9164 1423045358.0522 1703113886.2562 1581972767.6598 1994812387.8892999 1458547805.1732001 1187474019.052 1935731589.0275002 2336464647.491 1383085467.853 970699647.5209 1491566817.5062 1995874097.0249002 1065646680.3931 1761604433.0386 
1332142235.9875 1641576753.4284 1588882321.8406 1413611855.1625001 1856801446.6429 1990144573.4059 1599851054.5893002 795562050.3846 0 216307036.5264 1152064477.1081 1789017333.4629 1729563952.4001 2075274946.7125 1896850704.4368 2085041195.8207002 2300077318.5262 1869126730.9155 2197563698.5134 1931293952.6008 2017593759.5946002 2211951046.7248 1642298281.5996 1865886260.4638 2051414124.5995002 1944141765.3751001 1745635519.2806 1845917377.3101 1983036069.4366002 1835479303.8969002 1540902597.1064 2143426695.4307 1766261697.9055002 2287128867.8908 1493878040.0352 270084630.0085 993716056.5627 
1548449272.5138998 1857883789.9548 1805189358.367 1629918891.6889002 2073108483.1693 2206451609.9323 1816158091.1157 1011869086.911 216307036.5264 0 935757440.5817 1572710296.9365 1945870988.9265 2291581983.2389 2113157740.9632 1979959254.5175 2516384355.0526 1991825795.3917 2127969015.5795 2147600989.1272 2233900796.1210003 2428258083.2512 1764997346.0758 1988585324.94 2267721161.1259003 2160448801.9015 1619465071.671 2062224413.8365002 1785924954.7045 2051786340.4233003 1757209633.6328 2359733731.9571 1982568734.4319 2503435904.4172 1710185076.5616 486391666.53489995 1210023093.0891 
1650770517.6439 1946090024.2175 1614129675.5963 1661248966.0654001 2142514686.8793 1854142306.9902 1816429398.5538 1618177783.9348 1152064477.1081 935757440.5817 0 636952856.3548 1178398353.4211001 1558818058.4496002 2082998463.9503 2023788153.9477 2000693583.3312001 1494790942.1599 1502978537.5807 1249629850.8341 2504595833.8154 2360977274.8509 1267962492.844 1491550471.7082 1356828963.6668 1838342927.3402 1797506093.4306002 1256199845.5764 1617455987.2951 2165859516.908 2692967074.2145 2443658641.1355996 1982840041.8700001 2344684761.2434 2305330101.3535995 1422149107.1166 2058188204.7485 
2287723373.9987 2525202418.9751997 1884788154.1732998 1709517687.4952 1954795883.5904999 1459153207.2605 1755101480.2171001 1956240222.1918 1789017333.4629002 1572710296.9365 636952856.3548 0 541445497.0663 921865202.0948 1589737822.8674998 1777928314.2514 2637646439.686 1999356632.8056 1771457929.2097 743175497.2670001 2032716018.0479999 2960641442.9918 1904915349.1988 1996116162.3539 1917607503.1236 2277474581.5146003 2434458949.7854 1893152701.9312 2254408843.6499 1691830296.4397001 2974044316.1703997 1958809271.4173 1921512123.5333002 2442379293.5186 2854596944.8988 2000924819.4579 2367225876.5881 
2293191439.3497996 1983756921.9088998 1343342657.1069999 1168072190.4289 1413350386.5242 917707710.1942 1213655983.1508 1414794725.1255 1729563952.4001002 1945870988.9265003 1178398353.4211001 541445497.0663 0 380419705.0285 1048292325.8012 1236482817.1851 2123955638.4694 1457911135.7392998 1230012432.1434002 201730000.2007 1491270520.9817 2419195945.9255 1678258644.1517997 1454670665.2875998 1376162006.0573 1736029084.4483001 2277086503.4912 2434598198.9975004 2110789908.5667 1150384799.3734 2432598819.1041 1417363774.351 1380066626.467 1900933796.4523 2313151447.8325 1459479322.3916001 1825780379.5218 
2652233416.3257 2342798898.8848 1702384634.0828998 1514196402.3095999 1032930681.4956999 537288005.1657 965867207.2044 1770156211.4091 2075274946.7125 2291581983.2389 1558818058.4496 921865202.0948 380419705.0285 0 667872620.7727001 856063112.1566001 1743535933.4408998 1838330840.7677999 1610432137.1719 582149705.2292 1871690226.0102 2038776240.897 1709071951.2859 1835090370.3161 1756581711.0858 2116448789.4768 2547738573.5836 2091626345.2568998 1730370203.5382 769965094.3449 2052179114.0756 1036944069.3225 1132277850.5205998 1653145020.5059 2588210081.561 1839899027.4201002 1445360674.4933 
2711377701.0448 2401943183.6039 1761528918.802 1949717150.5753 1700803302.2684 1205160625.9384 1394688105.1720002 1997102989.5674 1896850704.4368 2113157740.9632 2082998463.9503 1589737822.8675003 1048292325.8012002 667872620.7727001 0 359356506.03480005 1254094830.1536999 1268027779.8291 1642481850.1448998 1186188622.2469 2485114038.5882998 1370903620.1243 1041199330.5132 1264787309.3774 1496332276.231 1835084910.0623002 2349169285.9604 1812904703.2443 1932045408.2796001 1437837715.1176 2203012753.2882004 1704816690.0952 1228277461.8558002 1749144631.8411002 2357401247.2082 1664029105.7259998 1266936432.2175999 
2610614640.008 2301180122.5671 2120885424.8368 2305736095.9286003 1824470375.1147 1393351117.3223 1592785282.5952 2185293480.9513 2085041195.8207002 1979959254.5175 2023788153.9477 1777928314.2514 1236482817.1851 856063112.1566 359356506.03480005 0 903669553.6133 1627384285.8639 1840579027.5681 1374379113.6308 2683211216.0115004 1569000797.5475001 1400555836.548 1624143815.4122 1694429453.6542 1625750157.3209 2166807576.3638 1933945043.9634998 1572688902.2447999 1572030557.2401 1843656247.2533998 1893007181.4791 1426374639.279 1947241809.2643 2597976330.6692 1852219597.1099 1455126923.6015 
2554998497.2008 2245563979.7599 2814045971.1988 2650886546.8097997 2169620825.9958997 1673978149.6658998 1245398947.6272 2049687951.8319 2300077318.5262 2516384355.0526 2000693583.3312001 2637646439.686 2123955638.4694 1743535933.4408998 1254094830.1536999 903669553.6133 0 1866887933.5941 2076150666.8186 2261851934.9151 3029854054.6421 2472670351.1608 2093716382.9099998 1870128404.0458 2150196932.2498 1570134014.5137 2111191433.5566 2652497681.4108 2476358455.8581 1925386379.6181998 2747325800.8667 2530184003.4897 1411809590.9434 1932676760.9287 2645185879.0642 2029992688.5177 2342599744.8858 
1878243218.8457 1568808701.4048 947158037.6047 934029033.1879001 1415294754.0018 1805734478.7254 1751095721.7725 1419804887.6005 1869126730.9155002 1991825795.3916998 1494790942.1599002 1999356632.8055997 1457911135.7392998 1838330840.7677999 1268027779.8291001 1627384285.8639002 1866887933.5941 0 429458572.5696 1457741004.5123 2028710259.6033998 1422169599.1819 226828449.3159 3240470.4517 283308998.6557 893378736.1586001 1434436155.2015 1975742403.0556998 1897818755.1581 2566718435.7525 1980161997.1404 1845566994.4366999 1709187541.4608998 1303550717.7153 1486037195.7168 1996919061.0133 2534964212.0467 
1490881134.992 1181446617.5511 972140075.1242 796869608.4461 1278135329.26 1773778005.59 1738438760.0353 1849263460.1701002 2197563698.5134 2127969015.5795 1502978537.5807 1771457929.2097 1230012432.1434 1610432137.1719 1642481850.1448998 1840579027.5681 2076150666.8186 429458572.5696 0 1028282431.9427 2429812763.3171997 1714654274.9875998 656287021.8855 432699043.02129996 146149573.9139 506016652.3049 1047074071.3478 1588380319.2020001 1949636460.9207 2380397231.5168 2169879837.8456 1702667550.5781 1572028116.7191 1733009290.2849 1887139699.4306 2177402234.4765997 2901033661.0308 
2091461439.1491 1782026921.7082 1141612656.9062998 966342190.2282 1447607911.0421 985367195.6731 1413946397.7118 1616524725.3262 1931293952.6008 2147600989.1272 1249629850.8341 743175497.2670001 201730000.2007 582149705.2292 1186188622.2469 1374379113.6307998 2261851934.9151 1457741004.5123 1028282431.9427 0 1693000521.1824 2557092242.3712 1684569453.8281999 1460981474.964 1174432005.8566 1534299084.2476 2075356503.2905002 2362680936.3206997 2312519908.7674 1352114799.5741 2339352419.6277 1619093774.5516999 1580357041.028 1910020517.5382 2489054864.5390997 1661209322.5923 1963676675.9675 
2846829766.8628 3156264284.3037 2578847852.5703998 2390659620.7971 2708676985.3835998 2213034309.0536 1784455107.0149 2117846044.7252002 2017593759.5946002 2233900796.1210003 2504595833.8154 2032716018.0479999 1491270520.9817 1871690226.0102 2485114038.5882998 2683211216.0115 3029854054.6421 2028710259.6033998 2429812763.3171997 1693000521.1824 0 1114210418.464 2249057768.0158997 2025469789.1516998 2312019258.2591 2661686455.0586 2537093849.3799 2923724036.0652 2928345213.2332 2470386386.4456997 2504397378.5383997 2851725154.8535995 1950865750.3311 2471732920.3164 2530528894.4431 1784772160.8838 2428844207.7324 
2865519520.3975997 2556085002.9567 1915670738.1548 2103858969.9280999 2391082408.3834 1895439732.0534 1466860530.0147002 2271149534.2194 2211951046.7248 2428258083.2512 2360977274.8509 2960641442.9918 2419195945.9255 2038776240.8969998 1370903620.1243 1569000797.5475001 2472670351.1608 1422169599.1818998 1714654274.9875998 2557092242.3711996 1114210418.464 0 1195341149.866 1418929128.7301998 1568504701.0737 2178574438.5766 2555352656.5106 2014046408.6564 2375302550.3751 2808741335.2419 2948674697.6905 1737514736.3896 1300449886.6985002 1821317056.6838002 2525421820.1102 1979129448.014 2637840052.3419 
1670178370.5316002 1360743853.0907001 720329588.2888 908517820.0621 1389783540.876 1885426217.2059999 1595634760.0572 1646633336.9164002 1642298281.5996 1764997346.0758 1267962492.844 1904915349.1988 1678258644.1518 1709071951.2859 1041199330.5132 1400555836.5479999 2093716382.91 226828449.3159 656287021.8855001 1684569453.8281999 2249057768.0158997 1195341149.866 0 223587978.8642 510137447.97160006 1120207185.4745002 1661264604.5174003 2202570852.3716 2087209995.4781 2439265956.4987 1753333547.8245 2065914502.8492 1508605594.3794 1076722268.3994 1330080670.2442 1912382911.6081 2308135762.7308 
1881483689.2974002 1572049171.8565001 943917567.153 937269503.6396 1418535224.4535 1808756882.8657 1747855251.3207998 1423045358.0522 1865886260.4638 1988585324.9399998 1491550471.7082 1996116162.3539 1454670665.2876 1835090370.3161001 1264787309.3774 1624143815.4122 1870128404.0458 3240470.4517 432699043.02129996 1460981474.964 2025469789.1517 1418929128.7301998 223587978.8642 0 286549469.1074 896619206.6103001 1437676625.6532001 1978982873.5074 1901059225.6097999 2563477965.3008 1976921526.6887 1842326523.9850001 1712428011.9126 1300310247.2635999 1482796725.2651 1993678590.5616 2531723741.595 
1594934220.19 1285499702.7491 825990501.2103 650720034.5322 1131985755.3460999 1627628431.6760998 1592289186.1214 1703113886.2562 2051414124.5995 2267721161.1259 1356828963.6668 1917607503.1236 1376162006.0573 1756581711.0858002 1496332276.231 1694429453.6542 2150196932.2498 283308998.6557 146149573.9139 1174432005.8566 2312019258.2591 1568504701.0737 510137447.9716 286549469.1074 0 610069737.5029 1151127156.5458 1692433404.4 2053689546.1187 2526546805.4307003 2023730263.9317 1806720635.7761 1425878542.8052 1586859716.371 1769346194.3725 2031252660.5626998 2754884087.1169 
984864482.6870999 675429965.2462 1315844230.0481 1260789772.0351 1742055492.849 2237698169.179 2202358923.6243 1581972767.6598 1944141765.3751001 2160448801.9015 1838342927.3402 2277474581.5146003 1736029084.4483001 2116448789.4768002 1835084910.0623002 1625750157.3209 1570134014.5137 893378736.1586001 506016652.3049 1534299084.2476 2661686455.0586004 2178574438.5766 1120207185.4745002 896619206.6103001 610069737.5029 0 541057419.0429 1082363666.8971 1443619808.6158 2404024917.8091 2102266011.1613002 1196650898.2732 2035948280.3081002 2196929453.8739004 1404504655.6659 1711320166.6643 2434951593.2185 
1525921901.73 1216487384.2891 1693121697.5335999 1801847191.0779998 2283112911.8919 2010450568.4179 2439029770.4566 1994812387.8892999 1745635519.2806 1619465071.671 1797506093.4306002 2434458949.7854004 2277086503.4912 2547738573.5836 2349169285.9604 2166807576.3638 2111191433.5565999 1434436155.2015 1047074071.3478 2075356503.2905002 2537093849.3799 2555352656.5106 1661264604.5173998 1437676625.6532 1151127156.5458 541057419.0429 0 541306247.8542 902562389.5729 1862967498.7662 1561208592.1184 1737708317.3161 2412726498.2421002 2737986872.9167995 1572428969.3542 1669365168.1202998 2313437214.9688997 
2067228149.5842001 1757793632.1433 1584526977.8658 1396338746.0925 1877604466.9064 2373247143.2364 2037830893.7041 1458547805.1732001 1845917377.3101 2062224413.8365002 1256199845.5764 1893152701.9312 2434598198.9975 2091626345.2568998 1812904703.2443 1933945043.9635 2652497681.4108 1975742403.0557 1588380319.202 2362680936.3206997 2923724036.0652003 2014046408.6564 2202570852.3716 1978982873.5074 1692433404.4 1082363666.8971 541306247.8542 0 361256141.7187 1321661250.912 1644128506.4541001 2279014565.1703 1871420250.3878999 2352934838.4976997 2113735217.2084 2116002007.3186002 2839633433.8728004 
2428484291.3029 2119049773.862 1945783119.5844998 1757594887.8112 2238860608.6251 2182982948.0188003 1754403745.9801002 1187474019.052 1983036069.4366002 1785924954.7045 1617455987.2951 2254408843.6499 2110789908.5667 1730370203.5382 1932045408.2796001 1572688902.2448 2476358455.8581 1897818755.1581 1949636460.9206998 2312519908.7674 2928345213.2332 2375302550.3751 2087209995.4781 1901059225.6097999 2053689546.1187 1443619808.6158 902562389.5729 361256141.7187 0 960405109.1933 1282872364.7354 2096277307.7916 1667374580.3023 2188241750.2876 2474991358.9271 2253120699.4451003 2949078452.0906 
2524746504.9321 2215311987.4912 2440167213.541 2264896746.8629 1802895775.8406 1307253099.5106 1735832301.5493002 1935731589.0275002 1835479303.8969002 2051786340.4233003 2165859516.908 1691830296.4397001 1150384799.3734 769965094.3449 1437837715.1176 1572030557.2401 1925386379.6181998 2566718435.7525 2380397231.5168 1352114799.5741 2470386386.4457 2808741335.2419 2439265956.4987 2563477965.3008 2526546805.4307 2404024917.8091 1862967498.7662 1321661250.912 960405109.1933 0 1282214019.7307 1806909163.6674001 1902242944.8655002 2423110114.8508 2126840215.1647 1602657705.1861 2215325768.8382 
2147588544.9642 1838154027.5233002 1197739762.7214 1385927994.4947 1867193715.3086 1515068633.6057 1943647835.6444001 2336464647.491 1540902597.1064 1757209633.6328 2692967074.2145 2974044316.1704 2432598819.1041 2052179114.0756001 2203012753.2882 1843656247.2533998 2747325800.8666997 1980161997.1404002 2169879837.8455997 2339352419.6277 2504397378.5384 2948674697.6905003 1753333547.8245 1976921526.6887002 2023730263.9316998 2102266011.1613002 1561208592.1184 1644128506.4541 1282872364.7354 1282214019.7307 0 2149803998.152 2110058478.9606001 2329606321.8047 2494611377.1246 1270817967.0979 1994449393.6521 
2181515380.9603 1872080863.5194001 2281717103.5671997 2457440670.3083 2069874750.8181999 1574232074.4882 1841113804.9192998 1383085467.853 2143426695.4307 2359733731.9571 2443658641.1356 1958809271.4173002 1417363774.351 1036944069.3225 1704816690.0952 1893007181.4790998 2530184003.4897 1845566994.4366999 1702667550.5781 1619093774.5517 2851725154.8536 1737514736.3896 2065914502.8491998 1842326523.985 1806720635.7761002 1196650898.2732 1737708317.3161001 2279014565.1703 2096277307.7916 1806909163.6674 2149803998.152 0 2007524448.2354999 2528391618.2208 1850789898.5640001 2140328286.2156 2482304743.8157997 
2353442244.9842 2293147993.8705 1652733729.0686 1477463262.3905 1090632521.6849 594989845.3549 166410643.3162 970699647.5209 1766261697.9055 1982568734.4319 1982840041.8700001 1921512123.5333 1380066626.467 1132277850.5205998 1228277461.8558002 1426374639.279 1411809590.9434 1709187541.4609 1572028116.7191 1580357041.0279999 1950865750.3311 1300449886.6985002 1508605594.3794 1712428011.9126 1425878542.8052 2035948280.3081002 2412726498.2421 1871420250.3878999 1667374580.3023 1902242944.8655 2110058478.9606 2007524448.2354999 0 520867169.9853 2228554823.4941998 1741971366.5724998 2386043413.4210997 
1832575074.9989 1772280823.8852 1131866559.0832999 956596092.4052 1437861813.2191 1115857015.3402 687277813.3015 1491566817.5061998 2287128867.8908 2503435904.4172 2344684761.2434 2442379293.5186 1900933796.4522998 1653145020.5059 1749144631.8411 1947241809.2642999 1932676760.9287 1303550717.7152998 1733009290.2848997 1910020517.5382001 2471732920.3163996 1821317056.6838 1076722268.3994 1300310247.2635999 1586859716.3709998 2196929453.8739 2737986872.9168 2352934838.4976997 2188241750.2876 2423110114.8508 2329606321.8047 2528391618.2207994 520867169.9853 0 1707687653.5089 2262838536.5578003 2906910583.4063997 
2285851016.0057 2079934620.9120998 1794513173.4661 1606324941.6928 2087590662.5067 2583233338.8367 2394965466.8103995 1995874097.0249 1493878040.0352 1710185076.5616002 2305330101.3535995 2854596944.8988 2313151447.8325 2588210081.561 2357401247.2082 2597976330.6692 2645185879.0642 1486037195.7168 1887139699.4306 2489054864.5390997 2530528894.4431 2525421820.1102 1330080670.2442 1482796725.2651 1769346194.3725 1404504655.6659 1572428969.3542 2113735217.2083998 2474991358.9270997 2126840215.1647 2494611377.1246 1850789898.5640001 2228554823.4941998 1707687653.5089 0 1223793410.0267 1947424836.5809002 
1062057605.979 1371492123.4199 1402731072.5131 1380532626.0305 1861798346.8444 1720059943.3974 1575560723.2563 1065646680.3931 270084630.0085 486391666.53489995 1422149107.1166 2000924819.4579 1459479322.3916001 1839899027.4201002 1664029105.7259998 1852219597.1099 2029992688.5177 1996919061.0133 2177402234.4765997 1661209322.5923002 1784772160.8838 1979129448.014 1912382911.6081 1993678590.5616 2031252660.5626998 1711320166.6643 1669365168.1202998 2116002007.3186002 2253120699.4451 1602657705.1861 1270817967.0979 2140328286.2156 1741971366.5725 2262838536.5578 1223793410.0267 0 723631426.5542 
1785689032.5332 2095123549.9741 2126362499.0673 2104164052.5847 2478291355.989 1982648679.659 2219632770.1049 1761604433.0386 993716056.5627 1210023093.0891001 2058188204.7485 2367225876.5881 1825780379.5218 1445360674.4933 1266936432.2175999 1455126923.6015 2342599744.8858 2534964212.0467 2901033661.0308 1963676675.9675 2428844207.7324 2637840052.3419 2308135762.7307997 2531723741.595 2754884087.1169 2434951593.2185 2313437214.9688997 2839633433.8728 2949078452.0906 2215325768.8382 1994449393.6521 2482304743.8157997 2386043413.4210997 2906910583.4063997 1947424836.5809002 723631426.5542 0 
