70
137 90 79 94 71 67 8 7 33 72 28 41 46 22 9 64 31 5 13 17 92 105 76 34 125 77 12 153 73 89 23 16 57 18 42 95 97 84 24 54 98 100 35 184 40 2 61 14 29 93 56 36 21 10 51 96 99 32 25 103 198 63 87 85 75 68 58 102 53 0
0 2.0 3.0 6.0 4.0 5.0 5.0 6.0 6.0 7.0 7.0 6.0 7.0 6.0 4.0 5.0 5.0 7.0 8.0 7.0 6.0 5.0 6.0 7.0 6.0 6.0 6.0 5.0 4.0 5.0 6.0 5.0 4.0 5.0 5.0 7.0 6.0 5.0 5.0 4.0 5.0 6.0 6.0 7.0 6.0 5.0 6.0 6.0 5.0 6.0 7.0 6.0 8.0 6.0 4.0 3.0 5.0 4.0 5.0 5.0 4.0 6.0 6.0 6.0 6.0 5.0 6.0 4.0 3.0 1.0 
2.0 0 1.0 4.0 4.0 5.0 5.0 6.0 6.0 7.0 7.0 6.0 7.0 6.0 4.0 5.0 5.0 7.0 6.0 5.0 4.0 5.0 6.0 5.0 5.0 6.0 6.0 5.0 4.0 3.0 4.0 5.0 4.0 5.0 5.0 6.0 6.0 5.0 5.0 4.0 5.0 5.0 4.0 5.0 6.0 5.0 6.0 6.0 5.0 4.0 6.0 6.0 6.0 6.0 4.0 3.0 4.0 4.0 3.0 4.0 4.0 5.0 6.0 6.0 6.0 5.0 6.0 4.0 3.0 1.0 
3.0 1.0 0 3.0 5.0 6.0 6.0 6.0 5.0 6.0 7.0 7.0 6.0 6.0 5.0 5.0 6.0 7.0 7.0 6.0 5.0 6.0 6.0 6.0 5.0 6.0 5.0 4.0 3.0 2.0 3.0 5.0 5.0 5.0 6.0 6.0 6.0 6.0 5.0 5.0 6.0 6.0 5.0 6.0 5.0 4.0 6.0 7.0 6.0 5.0 6.0 5.0 7.0 7.0 5.0 4.0 4.0 5.0 4.0 3.0 4.0 4.0 6.0 6.0 5.0 6.0 6.0 5.0 4.0 2.0 
6.0 4.0 3.0 0 2.0 3.0 4.0 6.0 7.0 6.0 5.0 4.0 5.0 6.0 6.0 6.0 8.0 8.0 9.0 8.0 7.0 7.0 7.0 8.0 7.0 7.0 6.0 5.0 4.0 3.0 4.0 6.0 5.0 6.0 7.0 7.0 7.0 6.0 6.0 6.0 7.0 8.0 7.0 8.0 7.0 7.0 7.0 8.0 7.0 7.0 9.0 8.0 9.0 8.0 6.0 5.0 5.0 6.0 6.0 4.0 5.0 5.0 7.0 6.0 7.0 6.0 7.0 5.0 4.0 5.0 
4.0 4.0 5.0 2.0 0 1.0 2.0 4.0 5.0 4.0 3.0 2.0 3.0 4.0 4.0 5.0 6.0 6.0 7.0 6.0 6.0 5.0 5.0 6.0 6.0 5.0 6.0 5.0 4.0 5.0 6.0 4.0 3.0 4.0 5.0 7.0 5.0 4.0 5.0 4.0 5.0 6.0 6.0 6.0 5.0 5.0 5.0 6.0 5.0 7.0 7.0 6.0 7.0 6.0 4.0 3.0 5.0 5.0 6.0 4.0 5.0 5.0 5.0 4.0 5.0 4.0 5.0 3.0 2.0 3.0 
5.0 5.0 6.0 3.0 1.0 0 1.0 3.0 4.0 5.0 4.0 3.0 4.0 5.0 5.0 6.0 6.0 7.0 6.0 5.0 5.0 4.0 4.0 5.0 5.0 6.0 5.0 4.0 5.0 6.0 7.0 5.0 4.0 4.0 5.0 6.0 4.0 3.0 4.0 5.0 6.0 7.0 6.0 7.0 6.0 5.0 5.0 6.0 6.0 6.0 7.0 6.0 6.0 6.0 5.0 4.0 4.0 5.0 6.0 5.0 5.0 5.0 4.0 3.0 4.0 4.0 5.0 4.0 3.0 4.0 
5.0 5.0 6.0 4.0 2.0 1.0 0 2.0 3.0 4.0 5.0 4.0 5.0 6.0 6.0 5.0 5.0 6.0 5.0 4.0 4.0 3.0 3.0 4.0 4.0 5.0 4.0 3.0 4.0 5.0 6.0 4.0 3.0 3.0 4.0 5.0 3.0 2.0 3.0 4.0 5.0 6.0 5.0 6.0 6.0 4.0 4.0 5.0 6.0 5.0 6.0 5.0 5.0 5.0 4.0 4.0 3.0 4.0 5.0 4.0 4.0 4.0 3.0 2.0 3.0 3.0 4.0 3.0 2.0 4.0 
6.0 6.0 6.0 6.0 4.0 3.0 2.0 0 1.0 2.0 3.0 4.0 4.0 5.0 4.0 3.0 3.0 4.0 3.0 2.0 2.0 1.0 1.0 2.0 3.0 4.0 4.0 3.0 4.0 5.0 6.0 5.0 4.0 3.0 3.0 5.0 3.0 2.0 3.0 4.0 5.0 5.0 4.0 5.0 4.0 2.0 4.0 5.0 5.0 4.0 4.0 3.0 3.0 4.0 2.0 3.0 3.0 4.0 5.0 4.0 4.0 4.0 3.0 2.0 3.0 3.0 4.0 4.0 4.0 5.0 
6.0 6.0 5.0 7.0 5.0 4.0 3.0 1.0 0 1.0 2.0 3.0 3.0 4.0 5.0 4.0 3.0 3.0 2.0 1.0 2.0 2.0 2.0 3.0 4.0 5.0 4.0 4.0 5.0 6.0 7.0 6.0 5.0 4.0 4.0 6.0 4.0 3.0 4.0 3.0 4.0 4.0 4.0 4.0 3.0 1.0 3.0 4.0 5.0 4.0 3.0 2.0 2.0 4.0 3.0 4.0 4.0 5.0 5.0 5.0 4.0 4.0 4.0 3.0 4.0 4.0 5.0 3.0 4.0 5.0 
7.0 7.0 6.0 6.0 4.0 5.0 4.0 2.0 1.0 0 1.0 2.0 3.0 4.0 6.0 5.0 4.0 4.0 3.0 2.0 3.0 3.0 3.0 4.0 5.0 6.0 5.0 5.0 6.0 7.0 8.0 7.0 6.0 5.0 5.0 7.0 5.0 4.0 5.0 4.0 5.0 5.0 5.0 5.0 4.0 2.0 4.0 5.0 6.0 5.0 4.0 3.0 3.0 5.0 4.0 5.0 5.0 6.0 6.0 6.0 5.0 5.0 5.0 4.0 5.0 5.0 6.0 4.0 5.0 6.0 
7.0 7.0 7.0 5.0 3.0 4.0 5.0 3.0 2.0 1.0 0 1.0 2.0 3.0 5.0 6.0 5.0 5.0 4.0 3.0 4.0 4.0 4.0 5.0 6.0 7.0 6.0 6.0 7.0 8.0 9.0 7.0 6.0 6.0 6.0 8.0 6.0 5.0 6.0 5.0 6.0 5.0 6.0 5.0 4.0 3.0 5.0 6.0 7.0 6.0 5.0 4.0 4.0 6.0 5.0 6.0 6.0 7.0 7.0 7.0 6.0 6.0 6.0 5.0 6.0 6.0 6.0 5.0 5.0 6.0 
6.0 6.0 7.0 4.0 2.0 3.0 4.0 4.0 3.0 2.0 1.0 0 1.0 2.0 4.0 5.0 4.0 4.0 5.0 4.0 5.0 5.0 5.0 6.0 6.0 7.0 6.0 6.0 6.0 7.0 8.0 6.0 5.0 6.0 6.0 8.0 7.0 6.0 6.0 6.0 7.0 4.0 5.0 4.0 3.0 3.0 5.0 6.0 6.0 6.0 5.0 4.0 5.0 7.0 5.0 5.0 6.0 7.0 8.0 6.0 5.0 5.0 7.0 6.0 7.0 6.0 5.0 5.0 4.0 5.0 
7.0 7.0 6.0 5.0 3.0 4.0 5.0 4.0 3.0 3.0 2.0 1.0 0 1.0 3.0 4.0 3.0 3.0 4.0 4.0 5.0 5.0 5.0 6.0 5.0 6.0 5.0 5.0 6.0 6.0 7.0 5.0 4.0 5.0 5.0 7.0 6.0 5.0 5.0 6.0 6.0 3.0 4.0 3.0 2.0 2.0 4.0 5.0 5.0 5.0 4.0 3.0 5.0 6.0 4.0 5.0 5.0 6.0 7.0 5.0 4.0 4.0 6.0 5.0 6.0 5.0 4.0 4.0 5.0 6.0 
6.0 6.0 6.0 6.0 4.0 5.0 6.0 5.0 4.0 4.0 3.0 2.0 1.0 0 2.0 3.0 2.0 2.0 3.0 4.0 5.0 4.0 6.0 5.0 4.0 5.0 6.0 6.0 5.0 5.0 6.0 4.0 3.0 4.0 4.0 6.0 5.0 4.0 4.0 5.0 6.0 4.0 5.0 4.0 3.0 3.0 4.0 5.0 4.0 4.0 4.0 4.0 5.0 5.0 3.0 4.0 4.0 5.0 6.0 4.0 3.0 3.0 5.0 4.0 5.0 4.0 3.0 5.0 4.0 5.0 
4.0 4.0 5.0 6.0 4.0 5.0 6.0 4.0 5.0 6.0 5.0 4.0 3.0 2.0 0 1.0 3.0 4.0 5.0 5.0 4.0 3.0 5.0 5.0 4.0 5.0 6.0 5.0 4.0 4.0 5.0 4.0 3.0 4.0 4.0 6.0 5.0 4.0 4.0 4.0 5.0 5.0 6.0 6.0 5.0 4.0 4.0 5.0 4.0 4.0 4.0 5.0 6.0 5.0 3.0 3.0 4.0 5.0 5.0 3.0 4.0 3.0 5.0 4.0 5.0 5.0 5.0 5.0 4.0 3.0 
5.0 5.0 5.0 6.0 5.0 6.0 5.0 3.0 4.0 5.0 6.0 5.0 4.0 3.0 1.0 0 2.0 4.0 5.0 4.0 3.0 2.0 4.0 5.0 5.0 6.0 6.0 5.0 4.0 3.0 4.0 5.0 4.0 4.0 4.0 6.0 4.0 5.0 4.0 5.0 5.0 4.0 5.0 6.0 5.0 5.0 5.0 6.0 5.0 5.0 5.0 6.0 5.0 5.0 3.0 4.0 5.0 5.0 4.0 2.0 3.0 3.0 4.0 3.0 4.0 4.0 5.0 5.0 4.0 4.0 
5.0 5.0 6.0 8.0 6.0 6.0 5.0 3.0 3.0 4.0 5.0 4.0 3.0 2.0 3.0 2.0 0 2.0 3.0 2.0 3.0 2.0 4.0 5.0 6.0 6.0 6.0 6.0 5.0 5.0 6.0 6.0 5.0 4.0 4.0 6.0 4.0 5.0 4.0 5.0 6.0 4.0 5.0 4.0 3.0 3.0 5.0 5.0 6.0 5.0 5.0 4.0 3.0 5.0 3.0 4.0 5.0 5.0 6.0 4.0 3.0 5.0 6.0 5.0 6.0 6.0 5.0 5.0 4.0 4.0 
7.0 7.0 7.0 8.0 6.0 7.0 6.0 4.0 3.0 4.0 5.0 4.0 3.0 2.0 4.0 4.0 2.0 0 1.0 2.0 3.0 4.0 5.0 6.0 6.0 7.0 6.0 6.0 6.0 7.0 8.0 6.0 5.0 6.0 6.0 7.0 6.0 6.0 6.0 6.0 7.0 4.0 5.0 4.0 3.0 3.0 5.0 5.0 6.0 5.0 5.0 4.0 3.0 5.0 5.0 6.0 5.0 6.0 6.0 6.0 5.0 5.0 7.0 6.0 7.0 6.0 5.0 5.0 6.0 6.0 
8.0 6.0 7.0 9.0 7.0 6.0 5.0 3.0 2.0 3.0 4.0 5.0 4.0 3.0 5.0 5.0 3.0 1.0 0 1.0 2.0 3.0 4.0 5.0 6.0 7.0 6.0 6.0 5.0 6.0 7.0 7.0 6.0 6.0 5.0 6.0 5.0 5.0 5.0 5.0 6.0 5.0 4.0 5.0 4.0 3.0 5.0 4.0 5.0 4.0 5.0 4.0 2.0 4.0 4.0 5.0 4.0 5.0 5.0 6.0 6.0 6.0 6.0 5.0 6.0 6.0 6.0 5.0 6.0 7.0 
7.0 5.0 6.0 8.0 6.0 5.0 4.0 2.0 1.0 2.0 3.0 4.0 4.0 4.0 5.0 4.0 2.0 2.0 1.0 0 1.0 2.0 3.0 4.0 5.0 6.0 5.0 5.0 4.0 5.0 6.0 7.0 6.0 5.0 4.0 5.0 4.0 4.0 4.0 4.0 5.0 4.0 3.0 4.0 4.0 2.0 4.0 3.0 4.0 3.0 4.0 3.0 1.0 3.0 3.0 4.0 3.0 4.0 4.0 5.0 5.0 5.0 5.0 4.0 5.0 5.0 5.0 4.0 5.0 6.0 
6.0 4.0 5.0 7.0 6.0 5.0 4.0 2.0 2.0 3.0 4.0 5.0 5.0 5.0 4.0 3.0 3.0 3.0 2.0 1.0 0 1.0 3.0 3.0 4.0 5.0 5.0 4.0 3.0 4.0 5.0 6.0 5.0 4.0 3.0 4.0 3.0 4.0 3.0 4.0 5.0 3.0 2.0 3.0 4.0 3.0 5.0 4.0 4.0 2.0 4.0 4.0 2.0 4.0 2.0 3.0 2.0 3.0 3.0 4.0 4.0 4.0 5.0 4.0 5.0 4.0 4.0 4.0 5.0 5.0 
5.0 5.0 6.0 7.0 5.0 4.0 3.0 1.0 2.0 3.0 4.0 5.0 5.0 4.0 3.0 2.0 2.0 4.0 3.0 2.0 1.0 0 2.0 3.0 4.0 4.0 5.0 4.0 3.0 4.0 5.0 5.0 4.0 3.0 2.0 4.0 2.0 3.0 2.0 3.0 4.0 4.0 3.0 4.0 5.0 3.0 5.0 5.0 4.0 3.0 5.0 4.0 3.0 3.0 1.0 2.0 3.0 4.0 4.0 3.0 3.0 3.0 4.0 3.0 4.0 4.0 3.0 4.0 4.0 4.0 
6.0 6.0 6.0 7.0 5.0 4.0 3.0 1.0 2.0 3.0 4.0 5.0 5.0 6.0 5.0 4.0 4.0 5.0 4.0 3.0 3.0 2.0 0 1.0 2.0 3.0 5.0 4.0 5.0 4.0 5.0 5.0 4.0 4.0 4.0 6.0 4.0 3.0 4.0 5.0 6.0 5.0 4.0 5.0 5.0 3.0 5.0 6.0 6.0 4.0 5.0 4.0 4.0 5.0 3.0 4.0 4.0 5.0 5.0 3.0 4.0 4.0 3.0 3.0 4.0 2.0 3.0 3.0 3.0 5.0 
7.0 5.0 6.0 8.0 6.0 5.0 4.0 2.0 3.0 4.0 5.0 6.0 6.0 5.0 5.0 5.0 5.0 6.0 5.0 4.0 3.0 3.0 1.0 0 1.0 2.0 4.0 4.0 4.0 5.0 6.0 4.0 5.0 5.0 5.0 5.0 4.0 3.0 4.0 5.0 6.0 4.0 3.0 4.0 5.0 4.0 5.0 6.0 5.0 3.0 5.0 5.0 5.0 6.0 4.0 5.0 3.0 4.0 4.0 4.0 4.0 5.0 2.0 3.0 4.0 3.0 4.0 4.0 4.0 6.0 
6.0 5.0 5.0 7.0 6.0 5.0 4.0 3.0 4.0 5.0 6.0 6.0 5.0 4.0 4.0 5.0 6.0 6.0 6.0 5.0 4.0 4.0 2.0 1.0 0 1.0 3.0 3.0 3.0 4.0 5.0 3.0 4.0 4.0 4.0 4.0 3.0 2.0 3.0 4.0 5.0 5.0 4.0 5.0 6.0 5.0 4.0 5.0 6.0 4.0 6.0 6.0 6.0 5.0 3.0 4.0 2.0 3.0 4.0 5.0 5.0 4.0 1.0 2.0 3.0 3.0 3.0 3.0 4.0 5.0 
6.0 6.0 6.0 7.0 5.0 6.0 5.0 4.0 5.0 6.0 7.0 7.0 6.0 5.0 5.0 6.0 6.0 7.0 7.0 6.0 5.0 4.0 3.0 2.0 1.0 0 2.0 3.0 4.0 5.0 4.0 2.0 3.0 4.0 4.0 4.0 4.0 3.0 4.0 4.0 5.0 5.0 4.0 5.0 6.0 4.0 4.0 5.0 6.0 5.0 6.0 5.0 7.0 5.0 3.0 4.0 3.0 4.0 5.0 5.0 4.0 5.0 2.0 3.0 2.0 2.0 2.0 2.0 3.0 5.0 
6.0 6.0 5.0 6.0 6.0 5.0 4.0 4.0 4.0 5.0 6.0 6.0 5.0 6.0 6.0 6.0 6.0 6.0 6.0 5.0 5.0 5.0 5.0 4.0 3.0 2.0 0 1.0 2.0 3.0 4.0 2.0 3.0 4.0 5.0 5.0 5.0 4.0 5.0 5.0 6.0 5.0 5.0 5.0 4.0 3.0 3.0 4.0 5.0 5.0 5.0 4.0 6.0 6.0 4.0 3.0 3.0 4.0 5.0 4.0 5.0 5.0 4.0 4.0 4.0 4.0 4.0 3.0 4.0 5.0 
5.0 5.0 4.0 5.0 5.0 4.0 3.0 3.0 4.0 5.0 6.0 6.0 5.0 6.0 5.0 5.0 6.0 6.0 6.0 5.0 4.0 4.0 4.0 4.0 3.0 3.0 1.0 0 1.0 2.0 3.0 3.0 4.0 4.0 4.0 4.0 4.0 3.0 4.0 5.0 6.0 4.0 4.0 4.0 3.0 4.0 4.0 5.0 4.0 4.0 6.0 5.0 6.0 5.0 3.0 2.0 2.0 3.0 4.0 3.0 4.0 4.0 4.0 3.0 3.0 4.0 5.0 4.0 5.0 4.0 
4.0 4.0 3.0 4.0 4.0 5.0 4.0 4.0 5.0 6.0 7.0 6.0 6.0 5.0 4.0 4.0 5.0 6.0 5.0 4.0 3.0 3.0 5.0 4.0 3.0 4.0 2.0 1.0 0 1.0 2.0 4.0 4.0 3.0 3.0 3.0 3.0 3.0 4.0 4.0 5.0 4.0 3.0 4.0 4.0 5.0 5.0 4.0 3.0 3.0 5.0 6.0 5.0 4.0 2.0 1.0 1.0 2.0 3.0 2.0 3.0 3.0 4.0 4.0 4.0 5.0 4.0 4.0 4.0 3.0 
5.0 3.0 2.0 3.0 5.0 6.0 5.0 5.0 6.0 7.0 8.0 7.0 6.0 5.0 4.0 3.0 5.0 7.0 6.0 5.0 4.0 4.0 4.0 5.0 4.0 5.0 3.0 2.0 1.0 0 1.0 3.0 4.0 3.0 4.0 4.0 4.0 4.0 3.0 3.0 4.0 5.0 4.0 5.0 5.0 5.0 6.0 5.0 4.0 4.0 6.0 6.0 6.0 5.0 3.0 2.0 2.0 3.0 3.0 1.0 2.0 2.0 5.0 4.0 5.0 4.0 4.0 4.0 3.0 4.0 
6.0 4.0 3.0 4.0 6.0 7.0 6.0 6.0 7.0 8.0 9.0 8.0 7.0 6.0 5.0 4.0 6.0 8.0 7.0 6.0 5.0 5.0 5.0 6.0 5.0 4.0 4.0 3.0 2.0 1.0 0 2.0 3.0 4.0 5.0 5.0 5.0 5.0 4.0 4.0 5.0 6.0 5.0 6.0 6.0 6.0 7.0 6.0 5.0 5.0 7.0 7.0 7.0 6.0 4.0 3.0 3.0 4.0 4.0 2.0 3.0 3.0 6.0 5.0 6.0 5.0 5.0 5.0 4.0 5.0 
5.0 5.0 5.0 6.0 4.0 5.0 4.0 5.0 6.0 7.0 7.0 6.0 5.0 4.0 4.0 5.0 6.0 6.0 7.0 7.0 6.0 5.0 5.0 4.0 3.0 2.0 2.0 3.0 4.0 3.0 2.0 0 1.0 2.0 3.0 5.0 6.0 5.0 6.0 5.0 6.0 5.0 6.0 7.0 6.0 5.0 5.0 6.0 6.0 6.0 6.0 6.0 6.0 4.0 4.0 5.0 4.0 5.0 6.0 4.0 3.0 5.0 4.0 4.0 4.0 4.0 4.0 3.0 2.0 4.0 
4.0 4.0 5.0 5.0 3.0 4.0 3.0 4.0 5.0 6.0 6.0 5.0 4.0 3.0 3.0 4.0 5.0 5.0 6.0 6.0 5.0 4.0 4.0 5.0 4.0 3.0 3.0 4.0 4.0 4.0 3.0 1.0 0 1.0 2.0 4.0 5.0 4.0 5.0 4.0 5.0 4.0 5.0 6.0 5.0 4.0 4.0 5.0 5.0 5.0 5.0 5.0 5.0 3.0 3.0 4.0 3.0 4.0 5.0 3.0 2.0 4.0 4.0 3.0 4.0 3.0 4.0 2.0 1.0 3.0 
5.0 5.0 5.0 6.0 4.0 4.0 3.0 3.0 4.0 5.0 6.0 6.0 5.0 4.0 4.0 4.0 4.0 6.0 6.0 5.0 4.0 3.0 4.0 5.0 4.0 4.0 4.0 4.0 3.0 3.0 4.0 2.0 1.0 0 1.0 3.0 4.0 3.0 4.0 5.0 6.0 5.0 4.0 5.0 6.0 4.0 5.0 4.0 5.0 4.0 5.0 5.0 4.0 2.0 2.0 3.0 2.0 3.0 4.0 2.0 1.0 3.0 4.0 3.0 4.0 4.0 3.0 3.0 2.0 4.0 
5.0 5.0 6.0 7.0 5.0 5.0 4.0 3.0 4.0 5.0 6.0 6.0 5.0 4.0 4.0 4.0 4.0 6.0 5.0 4.0 3.0 2.0 4.0 5.0 4.0 4.0 5.0 4.0 3.0 4.0 5.0 3.0 2.0 1.0 0 2.0 4.0 4.0 4.0 5.0 6.0 5.0 4.0 4.0 5.0 5.0 4.0 3.0 4.0 4.0 4.0 5.0 3.0 1.0 1.0 2.0 3.0 4.0 5.0 3.0 2.0 4.0 5.0 4.0 5.0 4.0 3.0 4.0 3.0 4.0 
7.0 6.0 6.0 7.0 7.0 6.0 5.0 5.0 6.0 7.0 8.0 8.0 7.0 6.0 6.0 6.0 6.0 7.0 6.0 5.0 4.0 4.0 6.0 5.0 4.0 4.0 5.0 4.0 3.0 4.0 5.0 5.0 4.0 3.0 2.0 0 2.0 3.0 4.0 5.0 6.0 5.0 4.0 4.0 5.0 6.0 5.0 5.0 4.0 4.0 4.0 5.0 5.0 3.0 3.0 4.0 2.0 3.0 4.0 5.0 4.0 5.0 4.0 5.0 6.0 4.0 4.0 4.0 5.0 6.0 
6.0 6.0 6.0 7.0 5.0 4.0 3.0 3.0 4.0 5.0 6.0 7.0 6.0 5.0 5.0 4.0 4.0 6.0 5.0 4.0 3.0 2.0 4.0 4.0 3.0 4.0 5.0 4.0 3.0 4.0 5.0 6.0 5.0 4.0 4.0 2.0 0 1.0 2.0 3.0 4.0 5.0 4.0 5.0 6.0 4.0 3.0 4.0 5.0 4.0 6.0 5.0 5.0 5.0 3.0 3.0 2.0 3.0 4.0 4.0 3.0 3.0 2.0 3.0 4.0 4.0 5.0 5.0 5.0 5.0 
5.0 5.0 6.0 6.0 4.0 3.0 2.0 2.0 3.0 4.0 5.0 6.0 5.0 4.0 4.0 5.0 5.0 6.0 5.0 4.0 4.0 3.0 3.0 3.0 2.0 3.0 4.0 3.0 3.0 4.0 5.0 5.0 4.0 3.0 4.0 3.0 1.0 0 1.0 2.0 3.0 6.0 5.0 6.0 6.0 4.0 2.0 3.0 4.0 5.0 6.0 5.0 5.0 5.0 3.0 2.0 3.0 4.0 5.0 3.0 4.0 2.0 1.0 2.0 3.0 3.0 4.0 4.0 4.0 4.0 
5.0 5.0 5.0 6.0 5.0 4.0 3.0 3.0 4.0 5.0 6.0 6.0 5.0 4.0 4.0 4.0 4.0 6.0 5.0 4.0 3.0 2.0 4.0 4.0 3.0 4.0 5.0 4.0 4.0 3.0 4.0 6.0 5.0 4.0 4.0 4.0 2.0 1.0 0 1.0 2.0 5.0 5.0 6.0 6.0 4.0 3.0 4.0 5.0 5.0 6.0 5.0 5.0 5.0 3.0 3.0 4.0 5.0 4.0 2.0 3.0 1.0 2.0 3.0 4.0 4.0 5.0 3.0 4.0 4.0 
4.0 4.0 5.0 6.0 4.0 5.0 4.0 4.0 3.0 4.0 5.0 6.0 6.0 5.0 4.0 5.0 5.0 6.0 5.0 4.0 4.0 3.0 5.0 5.0 4.0 4.0 5.0 5.0 4.0 3.0 4.0 5.0 4.0 5.0 5.0 5.0 3.0 2.0 1.0 0 1.0 4.0 5.0 6.0 5.0 4.0 4.0 5.0 5.0 6.0 6.0 5.0 5.0 6.0 4.0 3.0 5.0 4.0 5.0 3.0 4.0 2.0 3.0 4.0 5.0 3.0 4.0 2.0 3.0 3.0 
5.0 5.0 6.0 7.0 5.0 6.0 5.0 5.0 4.0 5.0 6.0 7.0 6.0 6.0 5.0 5.0 6.0 7.0 6.0 5.0 5.0 4.0 6.0 6.0 5.0 5.0 6.0 6.0 5.0 4.0 5.0 6.0 5.0 6.0 6.0 6.0 4.0 3.0 2.0 1.0 0 3.0 4.0 5.0 4.0 5.0 5.0 6.0 6.0 6.0 7.0 6.0 6.0 7.0 5.0 4.0 6.0 5.0 6.0 4.0 5.0 3.0 4.0 5.0 6.0 4.0 5.0 3.0 4.0 4.0 
6.0 5.0 6.0 8.0 6.0 7.0 6.0 5.0 4.0 5.0 5.0 4.0 3.0 4.0 5.0 4.0 4.0 4.0 5.0 4.0 3.0 4.0 5.0 4.0 5.0 5.0 5.0 4.0 4.0 5.0 6.0 5.0 4.0 5.0 5.0 5.0 5.0 6.0 5.0 4.0 3.0 0 1.0 2.0 1.0 3.0 5.0 6.0 5.0 3.0 5.0 4.0 5.0 6.0 5.0 5.0 3.0 4.0 4.0 4.0 4.0 5.0 5.0 4.0 5.0 3.0 4.0 4.0 4.0 5.0 
6.0 4.0 5.0 7.0 6.0 6.0 5.0 4.0 4.0 5.0 6.0 5.0 4.0 5.0 6.0 5.0 5.0 5.0 4.0 3.0 2.0 3.0 4.0 3.0 4.0 4.0 5.0 4.0 3.0 4.0 5.0 6.0 5.0 4.0 4.0 4.0 4.0 5.0 5.0 5.0 4.0 1.0 0 1.0 2.0 4.0 5.0 5.0 4.0 2.0 4.0 5.0 4.0 5.0 4.0 4.0 2.0 3.0 3.0 5.0 5.0 6.0 4.0 3.0 4.0 2.0 3.0 3.0 4.0 5.0 
7.0 5.0 6.0 8.0 6.0 7.0 6.0 5.0 4.0 5.0 5.0 4.0 3.0 4.0 6.0 6.0 4.0 4.0 5.0 4.0 3.0 4.0 5.0 4.0 5.0 5.0 5.0 4.0 4.0 5.0 6.0 7.0 6.0 5.0 4.0 4.0 5.0 6.0 6.0 6.0 5.0 2.0 1.0 0 1.0 3.0 5.0 5.0 4.0 3.0 4.0 4.0 5.0 5.0 5.0 5.0 3.0 4.0 4.0 6.0 6.0 6.0 5.0 4.0 5.0 3.0 4.0 4.0 5.0 6.0 
6.0 6.0 5.0 7.0 5.0 6.0 6.0 4.0 3.0 4.0 4.0 3.0 2.0 3.0 5.0 5.0 3.0 3.0 4.0 4.0 4.0 5.0 5.0 5.0 6.0 6.0 4.0 3.0 4.0 5.0 6.0 6.0 5.0 6.0 5.0 5.0 6.0 6.0 6.0 5.0 4.0 1.0 2.0 1.0 0 2.0 4.0 5.0 5.0 4.0 4.0 3.0 5.0 6.0 6.0 5.0 4.0 5.0 5.0 5.0 5.0 5.0 6.0 5.0 4.0 4.0 5.0 4.0 5.0 5.0 
5.0 5.0 4.0 7.0 5.0 5.0 4.0 2.0 1.0 2.0 3.0 3.0 2.0 3.0 4.0 5.0 3.0 3.0 3.0 2.0 3.0 3.0 3.0 4.0 5.0 4.0 3.0 4.0 5.0 5.0 6.0 5.0 4.0 4.0 5.0 6.0 4.0 4.0 4.0 4.0 5.0 3.0 4.0 3.0 2.0 0 2.0 3.0 4.0 4.0 2.0 1.0 3.0 5.0 4.0 5.0 5.0 4.0 5.0 4.0 3.0 3.0 5.0 4.0 5.0 3.0 4.0 2.0 3.0 4.0 
6.0 6.0 6.0 7.0 5.0 5.0 4.0 4.0 3.0 4.0 5.0 5.0 4.0 4.0 4.0 5.0 5.0 5.0 5.0 4.0 5.0 5.0 5.0 5.0 4.0 4.0 3.0 4.0 5.0 6.0 7.0 5.0 4.0 5.0 4.0 5.0 3.0 2.0 3.0 4.0 5.0 5.0 5.0 5.0 4.0 2.0 0 1.0 2.0 4.0 4.0 3.0 3.0 3.0 5.0 4.0 5.0 4.0 5.0 5.0 5.0 4.0 3.0 2.0 3.0 3.0 4.0 2.0 3.0 5.0 
6.0 6.0 7.0 8.0 6.0 6.0 5.0 5.0 4.0 5.0 6.0 6.0 5.0 5.0 5.0 6.0 5.0 5.0 4.0 3.0 4.0 5.0 6.0 6.0 5.0 5.0 4.0 5.0 4.0 5.0 6.0 6.0 5.0 4.0 3.0 5.0 4.0 3.0 4.0 5.0 6.0 6.0 5.0 5.0 5.0 3.0 1.0 0 1.0 3.0 3.0 4.0 2.0 2.0 4.0 3.0 5.0 5.0 6.0 6.0 5.0 5.0 4.0 3.0 4.0 4.0 5.0 3.0 4.0 5.0 
5.0 5.0 6.0 7.0 5.0 6.0 6.0 5.0 5.0 6.0 7.0 6.0 5.0 4.0 4.0 5.0 6.0 6.0 5.0 4.0 4.0 4.0 6.0 5.0 6.0 6.0 5.0 4.0 3.0 4.0 5.0 6.0 5.0 5.0 4.0 4.0 5.0 4.0 5.0 5.0 6.0 5.0 4.0 4.0 5.0 4.0 2.0 1.0 0 2.0 2.0 3.0 3.0 3.0 3.0 2.0 4.0 5.0 5.0 5.0 5.0 5.0 5.0 4.0 5.0 5.0 5.0 4.0 5.0 4.0 
6.0 4.0 5.0 7.0 7.0 6.0 5.0 4.0 4.0 5.0 6.0 6.0 5.0 4.0 4.0 5.0 5.0 5.0 4.0 3.0 2.0 3.0 4.0 3.0 4.0 5.0 5.0 4.0 3.0 4.0 5.0 6.0 5.0 4.0 4.0 4.0 4.0 5.0 5.0 6.0 6.0 3.0 2.0 3.0 4.0 4.0 4.0 3.0 2.0 0 2.0 3.0 4.0 5.0 4.0 4.0 2.0 3.0 3.0 5.0 5.0 5.0 5.0 5.0 6.0 4.0 5.0 4.0 5.0 5.0 
7.0 6.0 6.0 9.0 7.0 7.0 6.0 4.0 3.0 4.0 5.0 5.0 4.0 4.0 4.0 5.0 5.0 5.0 5.0 4.0 4.0 5.0 5.0 5.0 6.0 6.0 5.0 6.0 5.0 6.0 7.0 6.0 5.0 5.0 4.0 4.0 6.0 6.0 6.0 6.0 7.0 5.0 4.0 4.0 4.0 2.0 4.0 3.0 2.0 2.0 0 1.0 5.0 5.0 5.0 4.0 4.0 5.0 5.0 6.0 5.0 5.0 7.0 6.0 7.0 5.0 6.0 4.0 5.0 6.0 
6.0 6.0 5.0 8.0 6.0 6.0 5.0 3.0 2.0 3.0 4.0 4.0 3.0 4.0 5.0 6.0 4.0 4.0 4.0 3.0 4.0 4.0 4.0 5.0 6.0 5.0 4.0 5.0 6.0 6.0 7.0 6.0 5.0 5.0 5.0 5.0 5.0 5.0 5.0 5.0 6.0 4.0 5.0 4.0 3.0 1.0 3.0 4.0 3.0 3.0 1.0 0 4.0 6.0 5.0 5.0 5.0 5.0 6.0 5.0 4.0 4.0 6.0 5.0 6.0 4.0 5.0 3.0 4.0 5.0 
8.0 6.0 7.0 9.0 7.0 6.0 5.0 3.0 2.0 3.0 4.0 5.0 5.0 5.0 6.0 5.0 3.0 3.0 2.0 1.0 2.0 3.0 4.0 5.0 6.0 7.0 6.0 6.0 5.0 6.0 7.0 6.0 5.0 4.0 3.0 5.0 5.0 5.0 5.0 5.0 6.0 5.0 4.0 5.0 5.0 3.0 3.0 2.0 3.0 4.0 5.0 4.0 0 2.0 4.0 5.0 4.0 5.0 5.0 6.0 5.0 6.0 6.0 5.0 6.0 6.0 6.0 5.0 6.0 7.0 
6.0 6.0 7.0 8.0 6.0 6.0 5.0 4.0 4.0 5.0 6.0 7.0 6.0 5.0 5.0 5.0 5.0 5.0 4.0 3.0 4.0 3.0 5.0 6.0 5.0 5.0 6.0 5.0 4.0 5.0 6.0 4.0 3.0 2.0 1.0 3.0 5.0 5.0 5.0 6.0 7.0 6.0 5.0 5.0 6.0 5.0 3.0 2.0 3.0 5.0 5.0 6.0 2.0 0 2.0 3.0 4.0 5.0 6.0 4.0 3.0 5.0 6.0 5.0 6.0 5.0 4.0 5.0 4.0 5.0 
4.0 4.0 5.0 6.0 4.0 5.0 4.0 2.0 3.0 4.0 5.0 5.0 4.0 3.0 3.0 3.0 3.0 5.0 4.0 3.0 2.0 1.0 3.0 4.0 3.0 3.0 4.0 3.0 2.0 3.0 4.0 4.0 3.0 2.0 1.0 3.0 3.0 3.0 3.0 4.0 5.0 5.0 4.0 5.0 6.0 4.0 5.0 4.0 3.0 4.0 5.0 5.0 4.0 2.0 0 1.0 3.0 4.0 4.0 2.0 2.0 3.0 4.0 4.0 5.0 3.0 2.0 3.0 4.0 3.0 
3.0 3.0 4.0 5.0 3.0 4.0 4.0 3.0 4.0 5.0 6.0 5.0 5.0 4.0 3.0 4.0 4.0 6.0 5.0 4.0 3.0 2.0 4.0 5.0 4.0 4.0 3.0 2.0 1.0 2.0 3.0 5.0 4.0 3.0 2.0 4.0 3.0 2.0 3.0 3.0 4.0 5.0 4.0 5.0 5.0 5.0 4.0 3.0 2.0 4.0 4.0 5.0 5.0 3.0 1.0 0 2.0 3.0 4.0 3.0 3.0 4.0 3.0 4.0 5.0 4.0 3.0 4.0 4.0 2.0 
5.0 4.0 4.0 5.0 5.0 4.0 3.0 3.0 4.0 5.0 6.0 6.0 5.0 4.0 4.0 5.0 5.0 5.0 4.0 3.0 2.0 3.0 4.0 3.0 2.0 3.0 3.0 2.0 1.0 2.0 3.0 4.0 3.0 2.0 3.0 2.0 2.0 3.0 4.0 5.0 6.0 3.0 2.0 3.0 4.0 5.0 5.0 5.0 4.0 2.0 4.0 5.0 4.0 4.0 3.0 2.0 0 1.0 2.0 3.0 3.0 4.0 3.0 3.0 4.0 4.0 5.0 3.0 4.0 4.0 
4.0 4.0 5.0 6.0 5.0 5.0 4.0 4.0 5.0 6.0 7.0 7.0 6.0 5.0 5.0 5.0 5.0 6.0 5.0 4.0 3.0 4.0 5.0 4.0 3.0 4.0 4.0 3.0 2.0 3.0 4.0 5.0 4.0 3.0 4.0 3.0 3.0 4.0 5.0 4.0 5.0 4.0 3.0 4.0 5.0 4.0 4.0 5.0 5.0 3.0 5.0 5.0 5.0 5.0 4.0 3.0 1.0 0 1.0 3.0 4.0 4.0 4.0 4.0 5.0 3.0 4.0 2.0 3.0 3.0 
5.0 3.0 4.0 6.0 6.0 6.0 5.0 5.0 5.0 6.0 7.0 8.0 7.0 6.0 5.0 4.0 6.0 6.0 5.0 4.0 3.0 4.0 5.0 4.0 4.0 5.0 5.0 4.0 3.0 3.0 4.0 6.0 5.0 4.0 5.0 4.0 4.0 5.0 4.0 5.0 6.0 4.0 3.0 4.0 5.0 5.0 5.0 6.0 5.0 3.0 5.0 6.0 5.0 6.0 4.0 4.0 2.0 1.0 0 2.0 3.0 3.0 5.0 5.0 6.0 4.0 5.0 3.0 4.0 4.0 
5.0 4.0 3.0 4.0 4.0 5.0 4.0 4.0 5.0 6.0 7.0 6.0 5.0 4.0 3.0 2.0 4.0 6.0 6.0 5.0 4.0 3.0 3.0 4.0 5.0 5.0 4.0 3.0 2.0 1.0 2.0 4.0 3.0 2.0 3.0 5.0 4.0 3.0 2.0 3.0 4.0 4.0 5.0 6.0 5.0 4.0 5.0 6.0 5.0 5.0 6.0 5.0 6.0 4.0 2.0 3.0 3.0 3.0 2.0 0 1.0 1.0 4.0 3.0 4.0 3.0 3.0 3.0 2.0 4.0 
4.0 4.0 4.0 5.0 5.0 5.0 4.0 4.0 4.0 5.0 6.0 5.0 4.0 3.0 4.0 3.0 3.0 5.0 6.0 5.0 4.0 3.0 4.0 4.0 5.0 4.0 5.0 4.0 3.0 2.0 3.0 3.0 2.0 1.0 2.0 4.0 3.0 4.0 3.0 4.0 5.0 4.0 5.0 6.0 5.0 3.0 5.0 5.0 5.0 5.0 5.0 4.0 5.0 3.0 2.0 3.0 3.0 4.0 3.0 1.0 0 2.0 5.0 4.0 5.0 3.0 2.0 4.0 3.0 3.0 
6.0 5.0 4.0 5.0 5.0 5.0 4.0 4.0 4.0 5.0 6.0 5.0 4.0 3.0 3.0 3.0 5.0 5.0 6.0 5.0 4.0 3.0 4.0 5.0 4.0 5.0 5.0 4.0 3.0 2.0 3.0 5.0 4.0 3.0 4.0 5.0 3.0 2.0 1.0 2.0 3.0 5.0 6.0 6.0 5.0 3.0 4.0 5.0 5.0 5.0 5.0 4.0 6.0 5.0 3.0 4.0 4.0 4.0 3.0 1.0 2.0 0 3.0 4.0 5.0 4.0 4.0 4.0 3.0 5.0 
6.0 6.0 6.0 7.0 5.0 4.0 3.0 3.0 4.0 5.0 6.0 7.0 6.0 5.0 5.0 4.0 6.0 7.0 6.0 5.0 5.0 4.0 3.0 2.0 1.0 2.0 4.0 4.0 4.0 5.0 6.0 4.0 4.0 4.0 5.0 4.0 2.0 1.0 2.0 3.0 4.0 5.0 4.0 5.0 6.0 5.0 3.0 4.0 5.0 5.0 7.0 6.0 6.0 6.0 4.0 3.0 3.0 4.0 5.0 4.0 5.0 3.0 0 1.0 2.0 2.0 3.0 3.0 4.0 5.0 
6.0 6.0 6.0 6.0 4.0 3.0 2.0 2.0 3.0 4.0 5.0 6.0 5.0 4.0 4.0 3.0 5.0 6.0 5.0 4.0 4.0 3.0 3.0 3.0 2.0 3.0 4.0 3.0 4.0 4.0 5.0 4.0 3.0 3.0 4.0 5.0 3.0 2.0 3.0 4.0 5.0 4.0 3.0 4.0 5.0 4.0 2.0 3.0 4.0 5.0 6.0 5.0 5.0 5.0 4.0 4.0 3.0 4.0 5.0 3.0 4.0 4.0 1.0 0 1.0 1.0 2.0 2.0 3.0 5.0 
6.0 6.0 5.0 7.0 5.0 4.0 3.0 3.0 4.0 5.0 6.0 7.0 6.0 5.0 5.0 4.0 6.0 7.0 6.0 5.0 5.0 4.0 4.0 4.0 3.0 2.0 4.0 3.0 4.0 5.0 6.0 4.0 4.0 4.0 5.0 6.0 4.0 3.0 4.0 5.0 6.0 5.0 4.0 5.0 4.0 5.0 3.0 4.0 5.0 6.0 7.0 6.0 6.0 6.0 5.0 5.0 4.0 5.0 6.0 4.0 5.0 5.0 2.0 1.0 0 2.0 3.0 3.0 4.0 5.0 
5.0 5.0 6.0 6.0 4.0 4.0 3.0 3.0 4.0 5.0 6.0 6.0 5.0 4.0 5.0 4.0 6.0 6.0 6.0 5.0 4.0 4.0 2.0 3.0 3.0 2.0 4.0 4.0 5.0 4.0 5.0 4.0 3.0 4.0 4.0 4.0 4.0 3.0 4.0 3.0 4.0 3.0 2.0 3.0 4.0 3.0 3.0 4.0 5.0 4.0 5.0 4.0 6.0 5.0 3.0 4.0 4.0 3.0 4.0 3.0 3.0 4.0 2.0 1.0 2.0 0 1.0 1.0 2.0 4.0 
6.0 6.0 6.0 7.0 5.0 5.0 4.0 4.0 5.0 6.0 6.0 5.0 4.0 3.0 5.0 5.0 5.0 5.0 6.0 5.0 4.0 3.0 3.0 4.0 3.0 2.0 4.0 5.0 4.0 4.0 5.0 4.0 4.0 3.0 3.0 4.0 5.0 4.0 5.0 4.0 5.0 4.0 3.0 4.0 5.0 4.0 4.0 5.0 5.0 5.0 6.0 5.0 6.0 4.0 2.0 3.0 5.0 4.0 5.0 3.0 2.0 4.0 3.0 2.0 3.0 1.0 0 2.0 3.0 5.0 
4.0 4.0 5.0 5.0 3.0 4.0 3.0 4.0 3.0 4.0 5.0 5.0 4.0 5.0 5.0 5.0 5.0 5.0 5.0 4.0 4.0 4.0 3.0 4.0 3.0 2.0 3.0 4.0 4.0 4.0 5.0 3.0 2.0 3.0 4.0 4.0 5.0 4.0 3.0 2.0 3.0 4.0 3.0 4.0 4.0 2.0 2.0 3.0 4.0 4.0 4.0 3.0 5.0 5.0 3.0 4.0 3.0 2.0 3.0 3.0 4.0 4.0 3.0 2.0 3.0 1.0 2.0 0 1.0 3.0 
3.0 3.0 4.0 4.0 2.0 3.0 2.0 4.0 4.0 5.0 5.0 4.0 5.0 4.0 4.0 4.0 4.0 6.0 6.0 5.0 5.0 4.0 3.0 4.0 4.0 3.0 4.0 5.0 4.0 3.0 4.0 2.0 1.0 2.0 3.0 5.0 5.0 4.0 4.0 3.0 4.0 4.0 4.0 5.0 5.0 3.0 3.0 4.0 5.0 5.0 5.0 4.0 6.0 4.0 4.0 4.0 4.0 3.0 4.0 2.0 3.0 3.0 4.0 3.0 4.0 2.0 3.0 1.0 0 2.0 
1.0 1.0 2.0 5.0 3.0 4.0 4.0 5.0 5.0 6.0 6.0 5.0 6.0 5.0 3.0 4.0 4.0 6.0 7.0 6.0 5.0 4.0 5.0 6.0 5.0 5.0 5.0 4.0 3.0 4.0 5.0 4.0 3.0 4.0 4.0 6.0 5.0 4.0 4.0 3.0 4.0 5.0 5.0 6.0 5.0 4.0 5.0 5.0 4.0 5.0 6.0 5.0 7.0 5.0 3.0 2.0 4.0 3.0 4.0 4.0 3.0 5.0 5.0 5.0 5.0 4.0 5.0 3.0 2.0 0 
