55
loc185 loc172 loc77 loc129 loc66 loc34 loc170 loc187 loc28 loc39 loc191 loc156 loc112 loc37 loc46 loc49 loc130 loc97 loc76 loc82 loc160 loc106 loc122 loc96 loc134 loc168 loc11 loc140 loc20 loc165 loc164 loc184 loc27 loc193 loc141 loc150 loc197 loc186 loc32 loc14 loc36 loc116 loc192 loc60 loc42 loc25 loc138 loc109 loc47 loc41 loc179 loc183 loc120 loc69 loc0
0 0.429 0.431 0.374 0.602 0.78 0.7010000000000001 0.8340000000000001 0.759 0.837 0.6799999999999999 0.639 0.629 0.5609999999999999 0.5469999999999999 0.46499999999999997 0.504 0.649 0.7110000000000001 0.611 0.7600000000000001 0.8450000000000001 0.5900000000000001 0.658 0.767 0.6679999999999999 0.76 0.779 0.867 0.8220000000000001 0.918 0.888 0.766 0.613 0.581 0.53 0.459 0.768 0.491 0.687 0.419 0.657 0.515 0.5820000000000001 0.543 0.5359999999999999 0.46299999999999997 0.738 0.768 0.8019999999999999 0.718 0.6639999999999999 0.8079999999999999 0.436 0.319 
0.429 0 0.236 0.293 0.49299999999999994 0.448 0.552 0.732 0.6639999999999999 0.416 0.504 0.461 0.2 0.5309999999999999 0.5459999999999999 0.477 0.548 0.544 0.36 0.182 0.465 0.47 0.592 0.38799999999999996 0.49699999999999994 0.42699999999999994 0.425 0.521 0.5170000000000001 0.44700000000000006 0.5840000000000001 0.702 0.431 0.32999999999999996 0.603 0.697 0.5660000000000001 0.798 0.696 0.959 0.6950000000000001 0.602 0.468 0.401 0.608 0.781 0.724 0.813 0.6559999999999999 0.781 0.9299999999999999 0.8999999999999999 0.937 0.593 0.6819999999999999 
0.431 0.236 0 0.057 0.28500000000000003 0.498 0.40800000000000003 0.541 0.542 0.505 0.498 0.387 0.22599999999999998 0.356 0.35300000000000004 0.368 0.565 0.563 0.39 0.322 0.452 0.518 0.431 0.227 0.336 0.35100000000000003 0.329 0.528 0.534 0.527 0.612 0.515 0.426 0.29600000000000004 0.635 0.614 0.449 0.714 0.564 0.75 0.482 0.428 0.35700000000000004 0.29000000000000004 0.53 0.554 0.592 0.724 0.56 0.6859999999999999 0.758 0.682 0.71 0.474 0.6819999999999999 
0.374 0.293 0.057 0 0.228 0.472 0.35100000000000003 0.48400000000000004 0.485 0.527 0.443 0.33499999999999996 0.28300000000000003 0.40800000000000003 0.41000000000000003 0.425 0.508 0.62 0.447 0.379 0.509 0.575 0.452 0.28400000000000003 0.393 0.29400000000000004 0.386 0.471 0.493 0.472 0.609 0.5720000000000001 0.392 0.239 0.578 0.5569999999999999 0.39199999999999996 0.6779999999999999 0.589 0.797 0.539 0.485 0.30000000000000004 0.233 0.587 0.593 0.5609999999999999 0.675 0.617 0.629 0.701 0.721 0.76 0.518 0.668 
0.602 0.49300000000000005 0.28500000000000003 0.228 0 0.244 0.166 0.43900000000000006 0.507 0.299 0.515 0.532 0.436 0.631 0.616 0.647 0.664 0.609 0.465 0.397 0.706 0.769 0.6799999999999999 0.512 0.452 0.066 0.202 0.243 0.46599999999999997 0.536 0.5640000000000001 0.637 0.386 0.163 0.684 0.626 0.461 0.7010000000000001 0.717 0.935 0.718 0.7070000000000001 0.528 0.461 0.625 0.749 0.689 0.664 0.708 0.691 0.847 0.877 0.909 0.746 0.8109999999999999 
0.78 0.448 0.49800000000000005 0.472 0.244 0 0.359 0.601 0.626 0.5429999999999999 0.7589999999999999 0.6940000000000001 0.52 0.829 0.814 0.8400000000000001 0.867 0.853 0.684 0.616 0.7889999999999999 0.8739999999999999 0.711 0.554 0.488 0.31 0.446 0.44599999999999995 0.597 0.527 0.515 0.685 0.589 0.40700000000000003 0.802 0.8650000000000001 0.7050000000000001 0.863 0.9610000000000001 1.178 0.962 0.865 0.677 0.661 0.869 0.989 0.933 0.897 0.845 0.907 1.087 1.117 1.149 0.8340000000000001 1.03 
0.701 0.5519999999999999 0.40800000000000003 0.35100000000000003 0.166 0.359 0 0.273 0.366 0.46499999999999997 0.47 0.366 0.46 0.6970000000000001 0.692 0.716 0.5389999999999999 0.7040000000000001 0.5589999999999999 0.491 0.81 0.812 0.76 0.635 0.563 0.211 0.347 0.32899999999999996 0.357 0.427 0.484 0.471 0.507 0.307 0.518 0.542 0.377 0.535 0.7170000000000001 0.894 0.6759999999999999 0.623 0.6299999999999999 0.563 0.77 0.7130000000000001 0.6890000000000001 0.569 0.599 0.722 0.8350000000000002 0.8410000000000001 0.884 0.664 0.8230000000000001 
0.8340000000000001 0.732 0.541 0.48400000000000004 0.43900000000000006 0.601 0.273 0 0.289 0.562 0.7 0.499 0.597 0.824 0.8089999999999999 0.8860000000000001 0.6719999999999999 0.754 0.741 0.617 0.9359999999999999 0.974 0.827 0.623 0.635 0.484 0.385 0.602 0.63 0.636 0.6779999999999999 0.6619999999999999 0.576 0.529 0.624 0.718 0.597 0.596 0.7859999999999999 0.996 0.786 0.8280000000000001 0.752 0.685 0.923 0.819 0.769 0.683 0.822 0.6689999999999999 0.8519999999999999 0.947 0.9829999999999999 0.797 0.944 
0.759 0.6639999999999999 0.542 0.485 0.507 0.626 0.366 0.289 0 0.273 0.479 0.512 0.635 0.71 0.725 0.774 0.685 0.622 0.6839999999999999 0.618 0.9279999999999999 0.921 0.787 0.747 0.732 0.441 0.577 0.591 0.672 0.649 0.786 0.737 0.7290000000000001 0.538 0.567 0.473 0.308 0.32 0.571 0.707 0.6839999999999999 0.539 0.71 0.643 0.753 0.669 0.599 0.622 0.631 0.38 0.563 0.751 0.694 0.8 0.741 
0.837 0.416 0.505 0.527 0.299 0.5429999999999999 0.46499999999999997 0.562 0.273 0 0.216 0.457 0.431 0.484 0.469 0.501 0.62 0.603 0.421 0.353 0.6719999999999999 0.648 0.784 0.638 0.659 0.365 0.501 0.318 0.6399999999999999 0.58 0.717 0.792 0.6849999999999999 0.46199999999999997 0.5810000000000001 0.648 0.5810000000000001 0.593 0.47000000000000003 0.687 0.41900000000000004 0.657 0.567 0.6339999999999999 0.636 0.46 0.482 0.573 0.585 0.392 0.5780000000000001 0.5880000000000001 0.6160000000000001 0.673 0.518 
0.6799999999999999 0.504 0.498 0.443 0.515 0.759 0.47 0.7 0.479 0.216 0 0.241 0.502 0.268 0.253 0.335 0.549 0.475 0.5 0.322 0.63 0.5549999999999999 0.5820000000000001 0.725 0.8200000000000001 0.581 0.717 0.534 0.798 0.728 0.865 0.821 0.718 0.5960000000000001 0.42700000000000005 0.503 0.509 0.447 0.325 0.533 0.265 0.448 0.383 0.443 0.43 0.328 0.297 0.472 0.481 0.342 0.426 0.456 0.47300000000000003 0.494 0.563 
0.639 0.46099999999999997 0.387 0.335 0.532 0.694 0.366 0.499 0.512 0.45699999999999996 0.241 0 0.261 0.411 0.426 0.5069999999999999 0.473 0.416 0.478 0.317 0.615 0.573 0.692 0.583 0.669 0.477 0.5740000000000001 0.652 0.5569999999999999 0.487 0.624 0.609 0.524 0.38 0.249 0.34299999999999997 0.45699999999999996 0.55 0.427 0.625 0.38 0.594 0.303 0.236 0.603 0.431 0.455 0.5509999999999999 0.413 0.39899999999999997 0.5289999999999999 0.5589999999999999 0.591 0.303 0.5349999999999999 
0.629 0.2 0.22599999999999998 0.283 0.436 0.52 0.46 0.597 0.635 0.43099999999999994 0.502 0.261 0 0.33099999999999996 0.346 0.427 0.487 0.46699999999999997 0.28800000000000003 0.21999999999999997 0.385 0.44199999999999995 0.506 0.362 0.471 0.43299999999999994 0.41300000000000003 0.594 0.6000000000000001 0.53 0.667 0.502 0.51 0.33599999999999997 0.51 0.604 0.467 0.776 0.632 0.7969999999999999 0.5289999999999999 0.6539999999999999 0.35200000000000004 0.28500000000000003 0.504 0.622 0.633 0.701 0.486 0.66 0.79 0.75 0.778 0.5 0.586 
0.561 0.5309999999999999 0.356 0.40800000000000003 0.631 0.829 0.6970000000000001 0.8240000000000001 0.71 0.484 0.268 0.411 0.33099999999999996 0 0.015 0.096 0.374 0.5429999999999999 0.359 0.39 0.402 0.317 0.34400000000000003 0.548 0.657 0.5720000000000001 0.667 0.8 0.8639999999999999 0.8280000000000001 0.925 0.829 0.7629999999999999 0.553 0.52 0.552 0.51 0.7150000000000001 0.374 0.637 0.501 0.446 0.242 0.175 0.192 0.404 0.346 0.71 0.584 0.5670000000000001 0.645 0.469 0.657 0.486 0.41400000000000003 
0.547 0.5459999999999999 0.35300000000000004 0.41000000000000003 0.616 0.814 0.692 0.8089999999999999 0.725 0.469 0.253 0.426 0.346 0.015 0 0.082 0.36 0.536 0.352 0.375 0.387 0.302 0.329 0.533 0.642 0.557 0.668 0.7869999999999999 0.8580000000000001 0.813 0.9099999999999999 0.8140000000000001 0.7570000000000001 0.538 0.5349999999999999 0.5369999999999999 0.525 0.7 0.359 0.622 0.48700000000000004 0.46099999999999997 0.257 0.19 0.177 0.389 0.33099999999999996 0.7250000000000001 0.599 0.552 0.638 0.47 0.672 0.473 0.4 
0.46499999999999997 0.477 0.368 0.425 0.647 0.8400000000000001 0.716 0.8860000000000001 0.774 0.501 0.335 0.507 0.42700000000000005 0.096 0.082 0 0.278 0.579 0.395 0.392 0.46900000000000003 0.384 0.41100000000000003 0.595 0.704 0.584 0.6970000000000001 0.817 0.872 0.802 0.9390000000000001 0.831 0.773 0.555 0.502 0.596 0.606 0.782 0.439 0.673 0.405 0.515 0.338 0.271 0.259 0.47100000000000003 0.411 0.778 0.6799999999999999 0.634 0.6809999999999999 0.5519999999999999 0.751 0.391 0.31799999999999995 
0.504 0.548 0.5650000000000001 0.508 0.664 0.867 0.5389999999999999 0.6719999999999999 0.685 0.62 0.5489999999999999 0.473 0.48700000000000004 0.374 0.36000000000000004 0.278 0 0.375 0.47700000000000004 0.40900000000000003 0.6039999999999999 0.662 0.61 0.792 0.7570000000000001 0.632 0.768 0.739 0.7190000000000001 0.6599999999999999 0.7969999999999999 0.8480000000000001 0.74 0.5529999999999999 0.224 0.318 0.483 0.529 0.496 0.6 0.386 0.6020000000000001 0.28900000000000003 0.35600000000000004 0.43400000000000005 0.41900000000000004 0.49200000000000005 0.526 0.77 0.42 0.606 0.547 0.69 0.47400000000000003 0.357 
0.649 0.544 0.563 0.62 0.609 0.853 0.704 0.754 0.622 0.603 0.47500000000000003 0.416 0.46699999999999997 0.543 0.536 0.579 0.375 0 0.184 0.362 0.5720000000000001 0.5800000000000001 0.6960000000000001 0.706 0.659 0.543 0.653 0.772 0.877 0.823 0.873 0.833 0.776 0.557 0.45999999999999996 0.5539999999999999 0.5680000000000001 0.6 0.401 0.5660000000000001 0.298 0.536 0.32199999999999995 0.38899999999999996 0.46699999999999997 0.391 0.42900000000000005 0.616 0.447 0.538 0.631 0.469 0.547 0.526 0.355 
0.7110000000000001 0.36 0.39 0.447 0.465 0.684 0.5589999999999999 0.7410000000000001 0.6839999999999999 0.421 0.5 0.478 0.28800000000000003 0.359 0.35200000000000004 0.395 0.4770000000000001 0.184 0 0.178 0.48100000000000004 0.396 0.6180000000000001 0.601 0.652 0.47 0.577 0.588 0.6930000000000001 0.66 0.6890000000000001 0.649 0.5920000000000001 0.373 0.295 0.389 0.554 0.638 0.46299999999999997 0.626 0.358 0.5680000000000001 0.42400000000000004 0.382 0.494 0.45299999999999996 0.491 0.597 0.631 0.544 0.73 0.581 0.609 0.5760000000000001 0.417 
0.611 0.182 0.322 0.379 0.397 0.616 0.491 0.617 0.618 0.353 0.322 0.317 0.21999999999999997 0.39 0.375 0.392 0.40900000000000003 0.362 0.178 0 0.319 0.404 0.46799999999999997 0.549 0.579 0.402 0.509 0.619 0.618 0.629 0.616 0.581 0.524 0.305 0.473 0.567 0.575 0.769 0.608 0.804 0.536 0.669 0.356 0.423 0.426 0.631 0.58 0.7749999999999999 0.49 0.664 0.748 0.7350000000000001 0.787 0.42700000000000005 0.5 
0.76 0.465 0.452 0.509 0.706 0.7889999999999999 0.81 0.9359999999999999 0.9279999999999999 0.6719999999999999 0.63 0.615 0.385 0.402 0.387 0.46900000000000003 0.604 0.5720000000000001 0.48100000000000004 0.319 0 0.085 0.16999999999999998 0.374 0.42100000000000004 0.641 0.639 0.883 0.8879999999999999 0.818 0.839 0.752 0.768 0.596 0.724 0.818 0.745 1.054 0.7460000000000001 1.0090000000000001 0.8009999999999999 0.563 0.497 0.43 0.5640000000000001 0.776 0.7180000000000001 0.994 0.788 0.9349999999999999 0.941 0.857 0.9199999999999999 0.609 0.6349999999999999 
0.845 0.47 0.518 0.5750000000000001 0.7689999999999999 0.874 0.812 0.974 0.921 0.648 0.5549999999999999 0.573 0.44199999999999995 0.317 0.302 0.384 0.662 0.5800000000000001 0.396 0.404 0.085 0 0.255 0.45899999999999996 0.506 0.703 0.724 0.919 0.907 0.837 0.9239999999999999 0.837 0.795 0.606 0.649 0.743 0.66 0.9690000000000001 0.661 0.924 0.754 0.648 0.5589999999999999 0.492 0.479 0.6910000000000001 0.633 0.951 0.746 0.85 0.856 0.772 0.835 0.64 0.702 
0.5900000000000001 0.592 0.431 0.452 0.6799999999999999 0.711 0.76 0.827 0.787 0.784 0.5820000000000001 0.692 0.506 0.34400000000000003 0.329 0.41100000000000003 0.61 0.696 0.618 0.46799999999999997 0.16999999999999998 0.255 0 0.204 0.313 0.614 0.563 0.7779999999999999 0.718 0.648 0.702 0.6719999999999999 0.598 0.517 0.694 0.7879999999999999 0.765 0.898 0.686 0.9490000000000001 0.793 0.687 0.5469999999999999 0.48 0.504 0.718 0.658 0.964 0.865 0.7979999999999999 0.865 0.7989999999999999 0.866 0.625 0.626 
0.658 0.388 0.227 0.28400000000000003 0.512 0.554 0.635 0.623 0.747 0.638 0.725 0.583 0.362 0.548 0.533 0.595 0.792 0.706 0.601 0.5489999999999999 0.374 0.459 0.204 0 0.109 0.495 0.359 0.574 0.595 0.525 0.552 0.7310000000000001 0.597 0.496 0.811 0.7460000000000001 0.5810000000000001 0.839 0.7230000000000001 0.977 0.709 0.655 0.5770000000000001 0.517 0.541 0.743 0.6950000000000001 0.825 0.69 0.775 0.9610000000000001 0.866 0.937 0.701 0.736 
0.767 0.497 0.336 0.393 0.452 0.488 0.563 0.635 0.732 0.659 0.8200000000000001 0.669 0.47100000000000003 0.657 0.642 0.704 0.7570000000000001 0.659 0.652 0.579 0.42100000000000004 0.506 0.313 0.109 0 0.386 0.25 0.592 0.486 0.416 0.44299999999999995 0.6219999999999999 0.488 0.387 0.8140000000000001 0.8550000000000001 0.6900000000000001 0.948 0.8320000000000001 1.086 0.8180000000000001 0.7609999999999999 0.468 0.535 0.65 0.852 0.804 0.9339999999999999 0.581 0.884 1.07 0.965 1.046 0.745 0.836 
0.668 0.427 0.35100000000000003 0.29400000000000004 0.066 0.31 0.211 0.48400000000000004 0.441 0.365 0.581 0.477 0.43299999999999994 0.5720000000000001 0.557 0.584 0.632 0.543 0.47000000000000003 0.402 0.641 0.703 0.614 0.495 0.386 0 0.136 0.309 0.483 0.5529999999999999 0.63 0.673 0.32 0.097 0.72 0.6920000000000001 0.527 0.639 0.7410000000000001 1.0010000000000001 0.784 0.6579999999999999 0.508 0.527 0.559 0.782 0.7130000000000001 0.73 0.744 0.757 0.794 0.91 0.9750000000000001 0.681 0.8160000000000001 
0.76 0.425 0.329 0.386 0.202 0.446 0.347 0.385 0.577 0.501 0.717 0.5740000000000001 0.413 0.667 0.668 0.6970000000000001 0.768 0.653 0.577 0.5089999999999999 0.639 0.724 0.563 0.359 0.25 0.136 0 0.367 0.619 0.6659999999999999 0.693 0.687 0.456 0.233 0.758 0.7060000000000001 0.541 0.7749999999999999 0.858 1.037 0.8109999999999999 0.669 0.5589999999999999 0.492 0.6950000000000001 0.848 0.8490000000000001 0.8089999999999999 0.747 0.8480000000000001 0.929 0.976 1.004 0.684 0.869 
0.779 0.521 0.528 0.471 0.243 0.446 0.32899999999999996 0.602 0.591 0.318 0.534 0.652 0.5940000000000001 0.8 0.787 0.817 0.739 0.772 0.588 0.619 0.883 0.919 0.778 0.5740000000000001 0.5920000000000001 0.309 0.367 0 0.32199999999999995 0.39199999999999996 0.5289999999999999 0.609 0.523 0.406 0.634 0.728 0.643 0.72 0.733 0.996 0.7370000000000001 0.679 0.736 0.704 0.859 0.753 0.705 0.581 0.71 0.71 0.8959999999999999 0.875 0.905 0.749 0.8360000000000001 
0.867 0.517 0.5339999999999999 0.493 0.46599999999999997 0.5970000000000001 0.357 0.63 0.6719999999999999 0.6399999999999999 0.798 0.557 0.6000000000000001 0.8639999999999999 0.8580000000000001 0.872 0.7190000000000001 0.877 0.6930000000000001 0.618 0.888 0.9069999999999999 0.718 0.595 0.486 0.483 0.619 0.32199999999999995 0 0.07 0.20700000000000002 0.386 0.487 0.386 0.806 0.8089999999999999 0.651 0.8180000000000001 0.9420000000000001 1.151 0.931 0.7629999999999999 0.702 0.697 0.909 0.973 0.914 0.8739999999999999 0.511 0.861 1.036 1.1 1.1320000000000001 0.847 1.012 
0.8220000000000001 0.447 0.527 0.47200000000000003 0.536 0.527 0.427 0.636 0.649 0.58 0.728 0.487 0.53 0.828 0.813 0.802 0.6599999999999999 0.823 0.6599999999999999 0.629 0.8180000000000001 0.837 0.648 0.525 0.416 0.5529999999999999 0.6659999999999999 0.392 0.07 0 0.137 0.316 0.5569999999999999 0.45599999999999996 0.736 0.75 0.585 0.83 0.9 1.1059999999999999 0.864 0.831 0.7509999999999999 0.6839999999999999 0.94 0.918 0.919 0.865 0.581 0.864 1.0110000000000001 1.046 1.078 0.777 0.942 
0.918 0.584 0.6119999999999999 0.609 0.564 0.515 0.484 0.6779999999999999 0.786 0.7170000000000001 0.865 0.624 0.667 0.925 0.91 0.9390000000000001 0.7969999999999999 0.873 0.6890000000000001 0.616 0.839 0.9239999999999999 0.702 0.5519999999999999 0.44299999999999995 0.6299999999999999 0.693 0.529 0.20700000000000002 0.137 0 0.179 0.589 0.593 0.8660000000000001 0.88 0.715 0.967 1.0370000000000001 1.236 0.9950000000000001 0.798 0.84 0.7749999999999999 0.887 1.0550000000000002 1.016 0.931 0.718 1.0010000000000001 1.133 1.174 1.209 0.902 1.079 
0.888 0.702 0.515 0.5720000000000001 0.637 0.685 0.471 0.6619999999999999 0.737 0.792 0.821 0.609 0.502 0.8290000000000001 0.8140000000000001 0.831 0.8480000000000001 0.833 0.649 0.581 0.7519999999999999 0.8369999999999999 0.6719999999999999 0.731 0.622 0.673 0.687 0.609 0.386 0.316 0.179 0 0.41000000000000003 0.633 0.858 0.9039999999999999 0.775 0.962 1.036 1.234 0.9849999999999999 0.8820000000000001 0.716 0.7829999999999999 0.865 1.034 1.019 0.996 0.6559999999999999 0.988 1.1360000000000001 1.159 1.198 0.857 0.995 
0.766 0.431 0.426 0.392 0.386 0.5890000000000001 0.507 0.5760000000000001 0.7290000000000001 0.685 0.718 0.524 0.51 0.7629999999999999 0.757 0.773 0.74 0.776 0.5920000000000001 0.524 0.768 0.795 0.598 0.597 0.488 0.32 0.456 0.523 0.487 0.5569999999999999 0.589 0.41000000000000003 0 0.223 0.724 0.766 0.6739999999999999 0.9099999999999999 0.907 1.1 0.881 0.6619999999999999 0.601 0.589 0.784 0.908 0.879 0.918 0.57 0.902 1.006 1.036 1.067 0.752 0.938 
0.613 0.33 0.296 0.239 0.163 0.40700000000000003 0.307 0.5289999999999999 0.538 0.46199999999999997 0.5960000000000001 0.38 0.33599999999999997 0.553 0.538 0.555 0.5529999999999999 0.5569999999999999 0.373 0.305 0.596 0.606 0.5169999999999999 0.496 0.387 0.097 0.233 0.406 0.386 0.456 0.593 0.633 0.223 0 0.623 0.652 0.487 0.723 0.718 0.9620000000000001 0.712 0.5609999999999999 0.411 0.45099999999999996 0.589 0.746 0.69 0.758 0.647 0.718 0.866 0.874 0.937 0.584 0.719 
0.581 0.603 0.635 0.578 0.684 0.802 0.518 0.624 0.567 0.581 0.427 0.249 0.51 0.52 0.535 0.502 0.224 0.45999999999999996 0.295 0.473 0.724 0.649 0.694 0.811 0.814 0.72 0.758 0.634 0.806 0.736 0.8660000000000001 0.858 0.724 0.623 0 0.094 0.259 0.499 0.272 0.376 0.162 0.4 0.412 0.345 0.41800000000000004 0.195 0.268 0.302 0.6619999999999999 0.5680000000000001 0.512 0.323 0.532 0.525 0.43 
0.53 0.697 0.6140000000000001 0.557 0.626 0.8650000000000001 0.542 0.718 0.473 0.648 0.503 0.34299999999999997 0.604 0.5519999999999999 0.5369999999999999 0.596 0.318 0.554 0.389 0.567 0.8180000000000001 0.743 0.788 0.746 0.855 0.692 0.7060000000000001 0.728 0.8089999999999999 0.75 0.88 0.9039999999999999 0.766 0.6519999999999999 0.094 0 0.165 0.474 0.178 0.356 0.256 0.41100000000000003 0.506 0.43899999999999995 0.36 0.27899999999999997 0.206 0.208 0.573 0.489 0.556 0.407 0.5920000000000001 0.619 0.514 
0.459 0.5660000000000001 0.44899999999999995 0.39199999999999996 0.461 0.7050000000000001 0.377 0.597 0.308 0.581 0.509 0.45699999999999996 0.46699999999999997 0.51 0.525 0.6060000000000001 0.483 0.568 0.554 0.575 0.745 0.66 0.7649999999999999 0.5810000000000001 0.6900000000000001 0.527 0.541 0.643 0.651 0.585 0.715 0.775 0.6739999999999999 0.487 0.259 0.165 0 0.309 0.34299999999999997 0.521 0.42100000000000004 0.246 0.402 0.335 0.525 0.425 0.371 0.373 0.7310000000000001 0.425 0.574 0.525 0.581 0.646 0.5579999999999999 
0.768 0.798 0.714 0.6779999999999999 0.701 0.863 0.5349999999999999 0.596 0.32 0.593 0.447 0.55 0.776 0.715 0.7 0.7819999999999999 0.529 0.6 0.638 0.769 1.054 0.9690000000000001 0.898 0.839 0.948 0.639 0.7749999999999999 0.72 0.8180000000000001 0.8300000000000001 0.9670000000000001 0.962 0.9099999999999999 0.723 0.499 0.474 0.309 0 0.411 0.526 0.661 0.5549999999999999 0.7110000000000001 0.644 0.593 0.512 0.439 0.506 0.515 0.656 0.552 0.6030000000000001 0.709 0.619 0.7050000000000001 
0.491 0.696 0.5640000000000001 0.5890000000000001 0.717 0.961 0.7170000000000001 0.7859999999999999 0.571 0.47000000000000003 0.325 0.427 0.632 0.374 0.359 0.439 0.496 0.401 0.463 0.6079999999999999 0.746 0.661 0.6859999999999999 0.7230000000000001 0.8320000000000001 0.7410000000000001 0.8580000000000001 0.733 0.9420000000000001 0.8999999999999999 1.037 1.036 0.907 0.718 0.272 0.178 0.34299999999999997 0.411 0 0.263 0.43400000000000005 0.248 0.432 0.47400000000000003 0.182 0.10099999999999999 0.028 0.367 0.611 0.311 0.378 0.22899999999999998 0.41400000000000003 0.46 0.33599999999999997 
0.687 0.959 0.75 0.797 0.935 1.178 0.8940000000000001 0.996 0.707 0.687 0.533 0.625 0.7969999999999999 0.6370000000000001 0.6220000000000001 0.673 0.6 0.5660000000000001 0.626 0.804 1.0090000000000001 0.9240000000000002 0.9490000000000001 0.977 1.086 1.0010000000000001 1.037 0.996 1.151 1.1059999999999999 1.236 1.234 1.1 0.9620000000000001 0.376 0.356 0.521 0.526 0.263 0 0.268 0.506 0.6950000000000001 0.652 0.44500000000000006 0.36400000000000005 0.29100000000000004 0.564 0.646 0.574 0.641 0.49200000000000005 0.657 0.7230000000000001 0.599 
0.419 0.6950000000000001 0.482 0.539 0.718 0.962 0.6759999999999999 0.786 0.6839999999999999 0.41900000000000004 0.265 0.38 0.5289999999999999 0.501 0.48700000000000004 0.405 0.386 0.298 0.358 0.536 0.801 0.754 0.793 0.709 0.818 0.784 0.8109999999999999 0.7370000000000001 0.931 0.864 0.9950000000000001 0.985 0.881 0.712 0.162 0.256 0.42100000000000004 0.661 0.434 0.268 0 0.238 0.5509999999999999 0.507 0.5630000000000001 0.357 0.43 0.46399999999999997 0.5900000000000001 0.451 0.637 0.38799999999999996 0.38899999999999996 0.456 0.383 
0.657 0.602 0.428 0.485 0.707 0.865 0.623 0.8280000000000001 0.539 0.657 0.448 0.594 0.6539999999999999 0.446 0.461 0.515 0.602 0.536 0.568 0.6689999999999999 0.5630000000000001 0.648 0.687 0.655 0.761 0.6579999999999999 0.669 0.6789999999999999 0.7629999999999999 0.831 0.798 0.882 0.6619999999999999 0.5609999999999999 0.4 0.41100000000000003 0.246 0.5549999999999999 0.248 0.506 0.238 0 0.313 0.371 0.43000000000000005 0.34900000000000003 0.276 0.615 0.669 0.46099999999999997 0.626 0.47700000000000004 0.617 0.424 0.5840000000000001 
0.515 0.468 0.35700000000000004 0.30000000000000004 0.528 0.677 0.6300000000000001 0.752 0.71 0.567 0.383 0.303 0.35200000000000004 0.242 0.257 0.338 0.28900000000000003 0.32199999999999995 0.42400000000000004 0.35600000000000004 0.497 0.5589999999999999 0.5469999999999999 0.5770000000000001 0.468 0.508 0.559 0.736 0.702 0.751 0.84 0.716 0.601 0.411 0.412 0.506 0.402 0.7110000000000001 0.432 0.6950000000000001 0.5509999999999999 0.313 0 0.067 0.381 0.533 0.46 0.647 0.604 0.617 0.6619999999999999 0.5900000000000001 0.694 0.359 0.368 
0.582 0.401 0.29000000000000004 0.233 0.461 0.661 0.563 0.685 0.643 0.6339999999999999 0.443 0.236 0.28500000000000003 0.175 0.19 0.271 0.356 0.389 0.382 0.423 0.43 0.492 0.48 0.517 0.535 0.527 0.492 0.704 0.6970000000000001 0.6839999999999999 0.775 0.783 0.589 0.45099999999999996 0.345 0.43899999999999995 0.335 0.644 0.47400000000000003 0.652 0.507 0.371 0.067 0 0.367 0.519 0.446 0.6469999999999999 0.649 0.55 0.595 0.632 0.7060000000000001 0.311 0.43499999999999994 
0.543 0.608 0.53 0.5870000000000001 0.625 0.869 0.77 0.923 0.7529999999999999 0.636 0.43 0.603 0.504 0.192 0.177 0.259 0.43400000000000005 0.46699999999999997 0.494 0.426 0.564 0.479 0.504 0.541 0.65 0.559 0.6950000000000001 0.859 0.909 0.9400000000000001 0.887 0.865 0.784 0.589 0.41800000000000004 0.36 0.525 0.593 0.182 0.445 0.5630000000000001 0.43 0.381 0.367 0 0.223 0.154 0.5489999999999999 0.642 0.493 0.504 0.351 0.5599999999999999 0.46900000000000003 0.396 
0.536 0.781 0.554 0.593 0.749 0.989 0.7130000000000001 0.819 0.6689999999999999 0.46 0.328 0.431 0.622 0.404 0.389 0.47100000000000003 0.41900000000000004 0.391 0.453 0.631 0.776 0.6910000000000001 0.718 0.743 0.852 0.782 0.8480000000000001 0.753 0.973 0.9179999999999999 1.055 1.034 0.9080000000000001 0.746 0.195 0.27899999999999997 0.425 0.512 0.10099999999999999 0.364 0.357 0.349 0.5329999999999999 0.519 0.223 0 0.073 0.46799999999999997 0.532 0.412 0.388 0.128 0.33699999999999997 0.505 0.235 
0.46299999999999997 0.724 0.592 0.561 0.689 0.9329999999999999 0.6890000000000001 0.769 0.599 0.482 0.297 0.45499999999999996 0.633 0.346 0.33099999999999996 0.411 0.492 0.429 0.491 0.58 0.718 0.633 0.658 0.6950000000000001 0.804 0.7130000000000001 0.8490000000000001 0.705 0.914 0.919 1.016 1.0190000000000001 0.879 0.69 0.268 0.206 0.371 0.439 0.028 0.29100000000000004 0.43000000000000005 0.276 0.45999999999999996 0.446 0.154 0.073 0 0.39499999999999996 0.583 0.33899999999999997 0.35 0.201 0.41 0.43200000000000005 0.308 
0.738 0.8130000000000001 0.724 0.6749999999999999 0.664 0.897 0.569 0.683 0.622 0.573 0.47200000000000003 0.5509999999999999 0.701 0.71 0.725 0.778 0.526 0.616 0.597 0.7749999999999999 0.994 0.9510000000000001 0.964 0.825 0.9339999999999999 0.73 0.8089999999999999 0.581 0.8739999999999999 0.865 0.931 0.996 0.918 0.758 0.302 0.208 0.373 0.506 0.367 0.564 0.46399999999999997 0.615 0.647 0.647 0.549 0.468 0.395 0 0.365 0.658 0.745 0.5960000000000001 0.629 0.516 0.7030000000000001 
0.768 0.6559999999999999 0.5599999999999999 0.617 0.708 0.845 0.599 0.822 0.631 0.585 0.48100000000000004 0.413 0.486 0.584 0.599 0.6799999999999999 0.77 0.447 0.631 0.49 0.788 0.746 0.865 0.69 0.581 0.744 0.747 0.71 0.511 0.581 0.718 0.6559999999999999 0.57 0.647 0.6619999999999999 0.573 0.731 0.515 0.611 0.646 0.5900000000000001 0.669 0.604 0.649 0.642 0.532 0.583 0.365 0 0.35 0.536 0.66 0.659 0.523 0.708 
0.802 0.781 0.686 0.629 0.6910000000000001 0.907 0.722 0.669 0.38 0.392 0.342 0.39899999999999997 0.6599999999999999 0.5670000000000001 0.552 0.634 0.42 0.538 0.544 0.664 0.9349999999999999 0.85 0.798 0.775 0.884 0.7570000000000001 0.8480000000000001 0.71 0.861 0.8639999999999999 1.001 0.988 0.902 0.718 0.5680000000000001 0.489 0.425 0.6559999999999999 0.311 0.5740000000000001 0.451 0.46099999999999997 0.617 0.55 0.493 0.41200000000000003 0.339 0.6579999999999999 0.35 0 0.186 0.371 0.5 0.55 0.524 
0.718 0.9299999999999999 0.758 0.701 0.847 1.087 0.8350000000000001 0.8519999999999999 0.563 0.5780000000000001 0.426 0.5289999999999999 0.7899999999999999 0.645 0.638 0.681 0.606 0.631 0.73 0.748 0.941 0.856 0.865 0.9610000000000001 1.07 0.794 0.929 0.896 1.036 1.0110000000000001 1.133 1.1360000000000001 1.006 0.866 0.512 0.556 0.574 0.5519999999999999 0.378 0.641 0.637 0.626 0.6619999999999999 0.595 0.504 0.388 0.35 0.745 0.536 0.186 0 0.26 0.36 0.405 0.571 
0.664 0.8999999999999999 0.6819999999999999 0.721 0.877 1.117 0.841 0.9470000000000001 0.7509999999999999 0.5880000000000001 0.456 0.5589999999999999 0.75 0.469 0.47 0.5519999999999999 0.547 0.469 0.581 0.7350000000000001 0.857 0.772 0.7989999999999999 0.866 0.965 0.91 0.976 0.875 1.1 1.046 1.174 1.159 1.036 0.874 0.323 0.40700000000000003 0.525 0.6030000000000001 0.229 0.492 0.38799999999999996 0.477 0.5900000000000001 0.632 0.351 0.128 0.201 0.596 0.6599999999999999 0.371 0.26 0 0.209 0.609 0.363 
0.8079999999999999 0.937 0.71 0.76 0.909 1.149 0.8840000000000001 0.9829999999999999 0.694 0.6160000000000001 0.47300000000000003 0.591 0.778 0.657 0.672 0.7509999999999999 0.69 0.547 0.609 0.7869999999999999 0.9199999999999999 0.835 0.866 0.9369999999999999 1.046 0.9750000000000001 1.004 0.905 1.1320000000000001 1.078 1.209 1.198 1.067 0.937 0.532 0.5920000000000001 0.5810000000000001 0.709 0.41400000000000003 0.657 0.38899999999999996 0.617 0.694 0.7060000000000001 0.5599999999999999 0.33699999999999997 0.41 0.629 0.659 0.5 0.36 0.209 0 0.765 0.572 
0.436 0.593 0.474 0.518 0.746 0.8340000000000001 0.6640000000000001 0.7970000000000002 0.8 0.673 0.494 0.303 0.5 0.486 0.47300000000000003 0.391 0.474 0.526 0.576 0.42700000000000005 0.609 0.64 0.625 0.701 0.745 0.681 0.684 0.749 0.847 0.777 0.902 0.857 0.752 0.5840000000000001 0.525 0.619 0.646 0.619 0.46 0.7230000000000001 0.456 0.424 0.359 0.311 0.469 0.505 0.432 0.516 0.523 0.55 0.405 0.6090000000000001 0.765 0 0.289 
0.319 0.6819999999999999 0.6819999999999999 0.668 0.8109999999999999 1.03 0.823 0.944 0.741 0.518 0.563 0.5349999999999999 0.586 0.4139999999999999 0.39999999999999997 0.31799999999999995 0.357 0.355 0.417 0.5 0.635 0.702 0.626 0.736 0.8360000000000001 0.816 0.869 0.8360000000000001 1.012 0.942 1.079 0.995 0.938 0.719 0.43 0.514 0.5579999999999999 0.7050000000000001 0.336 0.599 0.383 0.5840000000000001 0.368 0.435 0.396 0.235 0.308 0.7030000000000001 0.708 0.524 0.571 0.363 0.572 0.289 0 
