28
7 26 27 100 6 15 11 3 2 24 8 1 104 0 9 162 185 14 4 121 5 191 52 188 25 56 115 69
0 547540.0 426714.0 188425.0 407578.0 214160.0 314242.0 213472.0 405905.0 612671.0 59213.0 257652.0 418957.0 502508.0 501478.0 592950.0 538831.0 661834.0 324345.0 385977.0 395388.0 1028346.0 826694.0 549269.0 416212.0 362029.0 184449.0 283035.0 
547540.0 0 818574.0 617539.0 666514.0 342332.0 442414.0 341644.0 141635.0 348401.0 488327.0 587190.0 547129.0 716308.0 644361.0 851886.0 667003.0 785479.0 435115.0 390440.0 381029.0 1103228.0 937464.0 878807.0 845326.0 909569.0 707571.0 830575.0 
426714.0 818574.0 0 504794.0 723947.0 477618.0 577700.0 476930.0 676939.0 883705.0 375582.0 622175.0 682415.0 867031.0 817847.0 909319.0 802289.0 991078.0 640714.0 649435.0 658846.0 1344715.0 984255.0 913792.0 732581.0 788743.0 611163.0 709749.0 
188425.0 617539.0 504794.0 0 477577.0 284159.0 384241.0 283471.0 475904.0 682670.0 129212.0 375805.0 488956.0 620661.0 571477.0 662949.0 608830.0 744708.0 394344.0 455976.0 465387.0 1098345.0 896693.0 667422.0 486211.0 550454.0 372874.0 471460.0 
407578.0 666514.0 723947.0 477577.0 0 503312.0 530751.0 502624.0 524879.0 731645.0 348365.0 588986.0 635466.0 344130.0 258587.0 185372.0 762605.0 345265.0 613497.0 675129.0 684540.0 1317498.0 892772.0 550941.0 705364.0 716713.0 592027.0 690613.0 
214160.0 342332.0 477618.0 284159.0 503312.0 0 100082.0 688.0 200697.0 407463.0 154947.0 401540.0 204797.0 558827.0 597212.0 583042.0 326047.0 541524.0 240929.0 173193.0 182604.0 944930.0 743278.0 693157.0 511946.0 576189.0 366615.0 497195.0 
314242.0 442414.0 577700.0 384241.0 530751.0 100082.0 0 100770.0 300779.0 507545.0 255029.0 420948.0 104715.0 458745.0 697294.0 482960.0 426129.0 641606.0 341011.0 239774.0 249185.0 1045012.0 843360.0 665556.0 612028.0 676271.0 466697.0 597277.0 
213472.0 341644.0 476930.0 283471.0 502624.0 688.0 100770.0 0 200009.0 406775.0 154259.0 400852.0 205485.0 559515.0 596524.0 583730.0 325359.0 540836.0 240241.0 172505.0 181916.0 944242.0 742590.0 692469.0 511258.0 575501.0 365927.0 496507.0 
405905.0 141635.0 676939.0 475904.0 524879.0 200697.0 300779.0 200009.0 0 206766.0 346692.0 445555.0 405494.0 627037.0 569001.0 710251.0 525368.0 740845.0 440250.0 248805.0 239394.0 961593.0 942599.0 737172.0 703691.0 767934.0 565936.0 688940.0 
612671.0 348401.0 883705.0 682670.0 731645.0 407463.0 507545.0 406775.0 206766.0 0 553458.0 652321.0 612260.0 771090.0 775767.0 917017.0 732134.0 947611.0 647016.0 455571.0 446160.0 1168359.0 1149365.0 943938.0 905062.0 946780.0 772702.0 895706.0 
59213.0 488327.0 375582.0 129212.0 348365.0 154947.0 255029.0 154259.0 346692.0 553458.0 0 246593.0 359744.0 491449.0 442265.0 533737.0 479618.0 615496.0 265132.0 326764.0 336175.0 969133.0 767481.0 538210.0 356999.0 421242.0 243662.0 342248.0 
257652.0 587190.0 622175.0 375805.0 588986.0 401540.0 420948.0 400852.0 445555.0 652321.0 246593.0 0 316233.0 244856.0 624848.0 403614.0 663331.0 862089.0 511725.0 573357.0 582768.0 1215726.0 1014074.0 291617.0 325380.0 567826.0 442101.0 540687.0 
418957.0 547129.0 682415.0 488956.0 635466.0 204797.0 104715.0 205485.0 405494.0 612260.0 359744.0 316233.0 0 561089.0 802009.0 587675.0 530844.0 746321.0 445726.0 344489.0 353900.0 1149727.0 948075.0 607850.0 641613.0 780986.0 571412.0 701992.0 
502508.0 716308.0 867031.0 620661.0 344130.0 558827.0 458745.0 559515.0 627037.0 771090.0 491449.0 244856.0 561089.0 0 602717.0 158758.0 418475.0 689395.0 535539.0 489929.0 480518.0 1239540.0 1037888.0 206811.0 570236.0 812682.0 686957.0 785543.0 
501478.0 644361.0 817847.0 571477.0 258587.0 597212.0 697294.0 596524.0 569001.0 775767.0 442265.0 624848.0 802009.0 602717.0 0 443959.0 921883.0 603852.0 707397.0 762962.0 753551.0 1411398.0 634185.0 809528.0 799264.0 863507.0 685927.0 784513.0 
592950.0 851886.0 909319.0 662949.0 185372.0 583042.0 482960.0 583730.0 710251.0 917017.0 533737.0 403614.0 587675.0 158758.0 443959.0 0 577233.0 530637.0 694297.0 648687.0 639276.0 1398298.0 1078144.0 365569.0 728994.0 902085.0 777399.0 875985.0 
538831.0 667003.0 802289.0 608830.0 762605.0 326047.0 426129.0 325359.0 525368.0 732134.0 479618.0 663331.0 530844.0 418475.0 921883.0 577233.0 0 866195.0 565600.0 497864.0 507275.0 1269601.0 1067949.0 625286.0 836617.0 900860.0 691286.0 821866.0 
661834.0 785479.0 991078.0 744708.0 345265.0 541524.0 641606.0 540836.0 740845.0 947611.0 615496.0 862089.0 746321.0 689395.0 603852.0 530637.0 866195.0 0 350364.0 713341.0 722752.0 1054365.0 852713.0 896206.0 964545.0 1023863.0 846283.0 944869.0 
324345.0 435115.0 640714.0 394344.0 613497.0 240929.0 341011.0 240241.0 440250.0 647016.0 265132.0 511725.0 445726.0 535539.0 707397.0 694297.0 565600.0 350364.0 0 412746.0 422157.0 704001.0 502349.0 693563.0 622131.0 686374.0 508794.0 607380.0 
385977.0 390440.0 649435.0 455976.0 675129.0 173193.0 239774.0 172505.0 248805.0 455571.0 326764.0 573357.0 344489.0 489929.0 762962.0 648687.0 497864.0 713341.0 412746.0 0 9411.0 895346.0 915095.0 696740.0 683763.0 748006.0 538432.0 669012.0 
395388.0 381029.0 658846.0 465387.0 684540.0 182604.0 249185.0 181916.0 239394.0 446160.0 336175.0 582768.0 353900.0 480518.0 753551.0 639276.0 507275.0 722752.0 422157.0 9411.0 0 885935.0 924506.0 687329.0 693174.0 757417.0 547843.0 678423.0 
1028346.0 1103228.0 1344715.0 1098345.0 1317498.0 944930.0 1045012.0 944242.0 961593.0 1168359.0 969133.0 1215726.0 1149727.0 1239540.0 1411398.0 1398298.0 1269601.0 1054365.0 704001.0 895346.0 885935.0 0 1206350.0 1397564.0 1049279.0 1291725.0 1212795.0 1311381.0 
826694.0 937464.0 984255.0 896693.0 892772.0 743278.0 843360.0 742590.0 942599.0 1149365.0 767481.0 1014074.0 948075.0 1037888.0 634185.0 1078144.0 1067949.0 852713.0 502349.0 915095.0 924506.0 1206350.0 0 1195912.0 1124480.0 1188723.0 1011143.0 1109729.0 
549269.0 878807.0 913792.0 667422.0 550941.0 693157.0 665556.0 692469.0 737172.0 943938.0 538210.0 291617.0 607850.0 206811.0 809528.0 365569.0 625286.0 896206.0 693563.0 696740.0 687329.0 1397564.0 1195912.0 0 616997.0 859443.0 733718.0 832304.0 
416212.0 845326.0 732581.0 486211.0 705364.0 511946.0 612028.0 511258.0 703691.0 905062.0 356999.0 325380.0 641613.0 570236.0 799264.0 728994.0 836617.0 964545.0 622131.0 683763.0 693174.0 1049279.0 1124480.0 616997.0 0 242446.0 600661.0 699247.0 
362029.0 909569.0 788743.0 550454.0 716713.0 576189.0 676271.0 575501.0 767934.0 946780.0 421242.0 567826.0 780986.0 812682.0 863507.0 902085.0 900860.0 1023863.0 686374.0 748006.0 757417.0 1291725.0 1188723.0 859443.0 242446.0 0 546478.0 645064.0 
184449.0 707571.0 611163.0 372874.0 592027.0 366615.0 466697.0 365927.0 565936.0 772702.0 243662.0 442101.0 571412.0 686957.0 685927.0 777399.0 691286.0 846283.0 508794.0 538432.0 547843.0 1212795.0 1011143.0 733718.0 600661.0 546478.0 0 467484.0 
283035.0 830575.0 709749.0 471460.0 690613.0 497195.0 597277.0 496507.0 688940.0 895706.0 342248.0 540687.0 701992.0 785543.0 784513.0 875985.0 821866.0 944869.0 607380.0 669012.0 678423.0 1311381.0 1109729.0 832304.0 699247.0 645064.0 467484.0 0 
