50
yWzqUasT3R6D74kKJru dLzEgnCZKowbF2kJImP tW8U5JQYoGLH1fxkDly 1pEvPaYSub2mW8eItUO 81enwCUSxbBZOYdyVNm Z67LKcAUNbXP0xGtue2 JOjfABw83oFCiaXDvMs 3WN1qBmcvAExjdM6Gr7 SWcTa048zDXHmAk67vq UhV08bJKBApcNP4O7xl TwZjBSskDY4E9OdRuXv 32iUhWwbaRQdpGN6CP9 JcQAO3uxterl9IUwhKB sho45SEzbYFQpR1CwZm 4WPDhRB2vq5G1CNxpiz 8XdiGJQuvDq0O45cAa3 TD1lnWQY5GcdEjtfVzs Nji35abpK0CTUSlWGuA OzSVlAJPB8pD7McueaG IlfLurGFiMO9W3wUAXR bXmHFcCtVZPv4oxBweM 8aKYx2SdqPRjFvi6yr4 KJwAq0SmfUlOGo8Pbeh SILZWArv6k7FcGhyeb5 p80UhzCbyXmZiGjNTVY sP8cQuHBaxI7wkL0VTS 4LxtbrVK16vaZhMqPTf oqS8bChDzaEOsTV2FZp gkIdtam3XO0GhSfHMn2 oXD0mSLKMYy5gjbW7s3 IxZGeW9SUK2QcXf7aJs JX3fUkTlirV92nytHdI XfrmtaWRUdFACN809yS ZiPlEIqjAW0gpVoJsT6 RZydCPMgeNYjxh8sAGI p39vLN8ZTmldOHc7FQq 9k3KERBOiDm5tSLWTuV r7atW26zvHYEAjxZB5I ZDtoyidIR6aqQwg1rfL N4xuWFlCoSegmctI20M qR1w8vWKJ9GTMoIVHEe 8CRHxDVKFZsYB6tMpik PyJKts960QpjhTLD2OE v8rJpjBE2GMRcaD7w4V iYI8LowClq2xG0XWSdZ SgEu94o85QKaBwRnUqk ORVoYgr9pvTkjDEn3z1 2oDxBYX4AFTcdsuyjS7 LKpfxPqdJvaI8C0We3z AwxIeucriHjf27FhspG
0 12.766350000000001 25.43273 28.33163 32.531459999999996 38.188069999999996 43.88672 46.66994 48.06601 49.52493 50.97313 52.32401 53.75322 55.155339999999995 56.625299999999996 58.05038999999999 59.38175999999999 60.843869999999995 62.264939999999996 63.602259999999994 65.05877 66.4934 67.88700999999999 45.220209999999994 42.457969999999996 41.029939999999996 39.62414999999999 36.76302 35.2985 33.988139999999994 31.18283 29.65793 26.86254 24.03473 22.69339 21.222720000000002 19.775530000000003 18.334770000000002 16.96599 15.605920000000001 14.082790000000001 11.28278 9.87509 8.50737 7.058999999999999 5.67566 4.23281 2.85694 1.47286 1.4781 
12.766350000000003 0 12.66638 15.56528 19.76511 25.421719999999997 31.120369999999998 33.90359 35.29966 36.75858 38.20678 39.55766 40.986869999999996 42.38898999999999 43.85894999999999 45.28403999999999 46.61540999999999 48.07751999999999 49.49858999999999 50.83590999999999 52.29241999999999 53.72704999999999 55.120659999999994 32.45386 29.691619999999997 28.263589999999997 26.857799999999997 23.996669999999998 22.532149999999998 21.22179 18.41648 16.89158 14.09619 11.26838 9.92704 8.45637 7.009180000000001 5.568420000000001 4.1996400000000005 2.83957 1.31644 1.48357 2.89126 4.25898 5.70735 7.09069 8.53354 9.909410000000001 11.293490000000002 14.244450000000002 
25.432730000000003 12.66638 0 2.8989000000000003 7.09873 12.75534 18.45399 21.23721 22.63328 24.0922 25.540399999999998 26.89128 28.32049 29.72261 31.19257 32.61766 33.94903 35.41114 36.83221 38.16953 39.62604 41.06067 42.454280000000004 19.787480000000002 17.02524 15.59721 14.19142 11.33029 9.86577 8.55541 5.7501 4.2252 1.42981 1.398 2.73934 4.21001 5.6572 7.09796 8.46674 9.82681 11.34994 14.14995 15.557640000000001 16.92536 18.373730000000002 19.757070000000002 21.199920000000002 22.57579 23.959870000000002 26.910830000000004 
28.33163 15.565280000000003 2.8989000000000003 0 4.19983 9.856440000000001 15.55509 18.33831 19.73438 21.1933 22.6415 23.99238 25.421590000000002 26.823710000000002 28.293670000000002 29.718760000000003 31.050130000000003 32.512240000000006 33.933310000000006 35.270630000000004 36.727140000000006 38.161770000000004 39.55538000000001 16.88858 14.12634 12.698310000000001 11.292520000000001 8.43139 6.966870000000001 5.656510000000001 2.8512 1.3263 1.46909 4.2969 5.63824 7.10891 8.5561 9.996860000000002 11.365640000000003 12.725710000000003 14.248840000000003 17.04885 18.45654 19.82426 21.27263 22.65597 24.09882 25.47469 26.85877 29.809730000000002 
32.531459999999996 19.76511 7.09873 4.1998299999999995 0 5.65661 11.355259999999998 14.138479999999998 15.534549999999998 16.99347 18.44167 19.79255 21.22176 22.62388 24.09384 25.51893 26.8503 28.31241 29.73348 31.0708 32.52731 33.96194 35.35555 12.688749999999997 9.926509999999999 8.498479999999999 7.092689999999999 4.23156 2.7670399999999997 1.45668 1.34863 2.8735299999999997 5.66892 8.49673 9.83807 11.30874 12.75593 14.19669 15.565470000000001 16.92554 18.44867 21.24868 22.65637 24.024089999999998 25.472459999999998 26.8558 28.29865 29.674519999999998 31.0586 34.00955999999999 
38.18806999999999 25.42172 12.75534 9.856440000000001 5.656610000000001 0 5.69865 8.48187 9.87794 11.336860000000001 12.785060000000001 14.135940000000002 15.565150000000001 16.96727 18.43723 19.86232 21.19369 22.6558 24.07687 25.414189999999998 26.8707 28.305329999999998 29.698939999999997 7.03214 4.2699 2.84187 1.43608 1.42505 2.88957 4.19993 7.005240000000001 8.530140000000001 11.32553 14.15334 15.49468 16.96535 18.41254 19.8533 21.222080000000002 22.582150000000002 24.10528 26.90529 28.31298 29.680699999999998 31.12907 32.512409999999996 33.955259999999996 35.331129999999995 36.71520999999999 39.66616999999999 
43.88671999999999 31.12037 18.45399 15.55509 11.35526 5.698650000000001 0 2.78322 4.17929 5.63821 7.08641 8.43729 9.8665 11.26862 12.73858 14.16367 15.49504 16.95715 18.37822 19.715539999999997 21.17205 22.606679999999997 24.000289999999996 1.33349 1.42875 2.8567799999999997 4.26257 7.1237 8.58822 9.898579999999999 12.70389 14.22879 17.02418 19.85199 21.19333 22.663999999999998 24.111189999999997 25.551949999999998 26.92073 28.2808 29.80393 32.60394 34.011630000000004 35.37935 36.82772 38.211059999999996 39.653909999999996 41.029779999999995 42.41385999999999 45.36481999999999 
46.66993999999999 33.90359 21.23721 18.33831 14.138480000000001 8.48187 2.78322 0 1.39607 2.85499 4.30319 5.65407 7.08328 8.4854 9.95536 11.38045 12.71182 14.173929999999999 15.594999999999999 16.932319999999997 18.38883 19.823459999999997 21.217069999999996 1.44973 4.21197 5.64 7.04579 9.906920000000001 11.371440000000002 12.6818 15.487110000000001 17.01201 19.8074 22.63521 23.97655 25.447219999999998 26.894409999999997 28.335169999999998 29.70395 31.06402 32.58715 35.38716 36.794850000000004 38.16257 39.61094 40.994279999999996 42.437129999999996 43.812999999999995 45.19707999999999 48.14803999999999 
48.06600999999999 35.29966 22.633280000000003 19.73438 15.534550000000001 9.87794 4.17929 1.39607 0 1.45892 2.90712 4.258 5.68721 7.08933 8.55929 9.984380000000002 11.315750000000001 12.77786 14.19893 15.53625 16.99276 18.42739 19.820999999999998 2.8457999999999997 5.60804 7.03607 8.44186 11.302990000000001 12.767510000000001 14.07787 16.883180000000003 18.40808 21.203470000000003 24.031280000000002 25.37262 26.84329 28.29048 29.73124 31.10002 32.46009 33.98322 36.78323 38.190920000000006 39.558640000000004 41.00701 42.39035 43.8332 45.20907 46.593149999999994 49.54410999999999 
49.52492999999998 36.758579999999995 24.0922 21.193299999999997 16.99347 11.33686 5.63821 2.85499 1.45892 0 1.4482 2.79908 4.22829 5.63041 7.10037 8.525459999999999 9.856829999999999 11.318939999999998 12.740009999999998 14.077329999999998 15.533839999999998 16.968469999999996 18.362079999999995 4.30472 7.06696 8.49499 9.90078 12.76191 14.22643 15.53679 18.3421 19.866999999999997 22.66239 25.490199999999998 26.831539999999997 28.302209999999995 29.749399999999994 31.190159999999995 32.55893999999999 33.91900999999999 35.442139999999995 38.242149999999995 39.64984 41.017559999999996 42.46592999999999 43.84926999999999 45.29211999999999 46.66798999999999 48.052069999999986 51.00302999999998 
50.97312999999998 38.206779999999995 25.540399999999998 22.641499999999997 18.44167 12.78506 7.08641 4.30319 2.90712 1.4482 0 1.35088 2.7800900000000004 4.18221 5.65217 7.07726 8.40863 9.870740000000001 11.291810000000002 12.629130000000002 14.085640000000001 15.520270000000002 16.913880000000002 5.75292 8.51516 9.94319 11.34898 14.21011 15.67463 16.98499 19.7903 21.315199999999997 24.11059 26.938399999999998 28.279739999999997 29.750409999999995 31.197599999999994 32.63835999999999 34.00713999999999 35.36720999999999 36.890339999999995 39.690349999999995 41.09804 42.465759999999996 43.91412999999999 45.29746999999999 46.74031999999999 48.11618999999999 49.500269999999986 52.45122999999998 
52.32400999999998 39.55765999999999 26.891279999999995 23.992379999999994 19.792549999999995 14.135939999999998 8.437289999999999 5.65407 4.258 2.79908 1.35088 0 1.42921 2.8313300000000003 4.30129 5.72638 7.0577499999999995 8.51986 9.94093 11.27825 12.73476 14.16939 15.563 7.1038 9.866039999999998 11.294069999999998 12.699859999999997 15.560989999999999 17.025509999999997 18.335869999999996 21.141179999999995 22.666079999999994 25.461469999999995 28.289279999999994 29.630619999999993 31.10128999999999 32.54847999999999 33.98923999999999 35.35801999999999 36.71808999999999 38.24121999999999 41.04122999999999 42.448919999999994 43.81663999999999 45.26500999999999 46.648349999999986 48.091199999999986 49.467069999999985 50.85114999999998 53.80210999999998 
53.753219999999985 40.986869999999996 28.320489999999996 25.421589999999995 21.221759999999996 15.56515 9.8665 7.08328 5.68721 4.22829 2.7800900000000004 1.42921 0 1.40212 2.87208 4.2971699999999995 5.628539999999999 7.090649999999999 8.511719999999999 9.849039999999999 11.305549999999998 12.740179999999999 14.13379 8.53301 11.29525 12.723279999999999 14.129069999999999 16.990199999999998 18.45472 19.765079999999998 22.570389999999996 24.095289999999995 26.890679999999996 29.718489999999996 31.059829999999994 32.530499999999996 33.977689999999996 35.41844999999999 36.787229999999994 38.147299999999994 39.670429999999996 42.470439999999996 43.87813 45.24585 46.694219999999994 48.07755999999999 49.52040999999999 50.89627999999999 52.28035999999999 55.23131999999998 
55.15533999999998 42.38898999999999 29.722609999999996 26.823709999999995 22.623879999999996 16.96727 11.26862 8.4854 7.08933 5.63041 4.18221 2.8313300000000003 1.40212 0 1.46996 2.89505 4.22642 5.68853 7.1096 8.44692 9.90343 11.33806 12.731670000000001 9.935130000000001 12.69737 14.125399999999999 15.531189999999999 18.392319999999998 19.85684 21.167199999999998 23.972509999999996 25.497409999999995 28.292799999999996 31.120609999999996 32.461949999999995 33.93261999999999 35.37980999999999 36.82056999999999 38.18934999999999 39.54941999999999 41.07254999999999 43.87255999999999 45.280249999999995 46.647969999999994 48.09633999999999 49.47967999999999 50.92252999999999 52.29839999999999 53.682479999999984 56.63343999999998 
56.62529999999999 43.85895 31.192569999999996 28.293669999999995 24.093839999999997 18.43723 12.73858 9.95536 8.55929 7.10037 5.65217 4.30129 2.87208 1.46996 0 1.42509 2.7564599999999997 4.21857 5.63964 6.97696 8.43347 9.8681 11.26171 11.405090000000001 14.16733 15.59536 17.00115 19.86228 21.3268 22.637159999999998 25.442469999999997 26.967369999999995 29.762759999999997 32.59057 33.93191 35.40258 36.84977 38.29053 39.65931 41.01938 42.54251 45.34252 46.75021 48.11793 49.5663 50.949639999999995 52.392489999999995 53.768359999999994 55.15243999999999 58.103399999999986 
58.050389999999986 45.28404 32.617659999999994 29.718759999999993 25.518929999999994 19.862319999999997 14.163669999999998 11.380449999999998 9.984379999999998 8.525459999999999 7.07726 5.72638 4.2971699999999995 2.89505 1.42509 0 1.33137 2.7934799999999997 4.21455 5.55187 7.00838 8.44301 9.83662 12.830179999999999 15.592419999999997 17.020449999999997 18.426239999999996 21.287369999999996 22.751889999999996 24.062249999999995 26.867559999999994 28.392459999999993 31.187849999999994 34.01566 35.357 36.82767 38.27486 39.715619999999994 41.084399999999995 42.444469999999995 43.9676 46.76761 48.1753 49.54302 50.991389999999996 52.37472999999999 53.81757999999999 55.19344999999999 56.57752999999999 59.528489999999984 
59.381759999999986 46.61541 33.94902999999999 31.050129999999992 26.850299999999994 21.193689999999997 15.495039999999998 12.711819999999998 11.315749999999998 9.856829999999999 8.408629999999999 7.0577499999999995 5.628539999999999 4.226419999999999 2.7564599999999997 1.33137 0 1.46211 2.8831800000000003 4.2205 5.67701 7.11164 8.50525 14.161549999999998 16.923789999999997 18.351819999999996 19.757609999999996 22.618739999999995 24.083259999999996 25.393619999999995 28.198929999999994 29.723829999999992 32.51921999999999 35.34703 36.68837 38.15904 39.60623 41.046989999999994 42.415769999999995 43.775839999999995 45.29897 48.09898 49.50667 50.87439 52.322759999999995 53.70609999999999 55.14894999999999 56.52481999999999 57.90889999999999 60.85985999999998 
60.843869999999995 48.07752000000001 35.41114 32.51224 28.31241 22.655800000000003 16.957150000000002 14.17393 12.77786 11.31894 9.87074 8.51986 7.09065 5.68853 4.21857 2.7934799999999997 1.46211 0 1.42107 2.7583900000000003 4.2149 5.64953 7.04314 15.623660000000001 18.385900000000003 19.813930000000003 21.219720000000002 24.08085 25.545370000000002 26.85573 29.66104 31.18594 33.98133 36.809140000000006 38.15048000000001 39.62115000000001 41.068340000000006 42.509100000000004 43.877880000000005 45.237950000000005 46.76108000000001 49.56109000000001 50.96878000000001 52.33650000000001 53.784870000000005 55.16821 56.61106 57.98693 59.37101 62.32196999999999 
62.26494 49.498590000000014 36.83221000000001 33.933310000000006 29.73348 24.076870000000003 18.378220000000002 15.595 14.19893 12.74001 11.29181 9.94093 8.51172 7.1096 5.63964 4.21455 2.8831800000000003 1.42107 0 1.33732 2.79383 4.22846 5.62207 17.04473 19.806970000000003 21.235000000000003 22.640790000000003 25.501920000000002 26.966440000000002 28.2768 31.08211 32.60701 35.40240000000001 38.230210000000014 39.571550000000016 41.042220000000015 42.489410000000014 43.93017000000001 45.29895000000001 46.65902000000001 48.182150000000014 50.982160000000015 52.38985000000002 53.757570000000015 55.20594000000001 56.58928000000001 58.03213000000001 59.40800000000001 60.792080000000006 63.74304 
63.602259999999994 50.835910000000005 38.16953 35.27063 31.070799999999995 25.414189999999998 19.715539999999997 16.932319999999997 15.536249999999999 14.07733 12.62913 11.27825 9.84904 8.44692 6.97696 5.55187 4.2205 2.7583900000000003 1.33732 0 1.45651 2.89114 4.28475 18.382049999999996 21.144289999999998 22.572319999999998 23.978109999999997 26.839239999999997 28.303759999999997 29.614119999999996 32.41942999999999 33.944329999999994 36.73972 39.567530000000005 40.90887000000001 42.379540000000006 43.826730000000005 45.26749 46.63627 47.996340000000004 49.519470000000005 52.319480000000006 53.72717000000001 55.09489000000001 56.543260000000004 57.9266 59.36945 60.74532 62.1294 65.08036 
65.05877000000001 52.292420000000014 39.62604000000001 36.727140000000006 32.52731 26.8707 21.17205 18.38883 16.99276 15.53384 14.08564 12.73476 11.30555 9.90343 8.43347 7.00838 5.67701 4.2149 2.79383 1.45651 0 1.43463 2.82824 19.838559999999998 22.6008 24.02883 25.43462 28.295749999999998 29.76027 31.070629999999998 33.87594 35.40084 38.19623000000001 41.024040000000014 42.365380000000016 43.836050000000014 45.28324000000001 46.72400000000001 48.09278000000001 49.45285000000001 50.975980000000014 53.775990000000014 55.18368000000002 56.551400000000015 57.99977000000001 59.38311000000001 60.82596000000001 62.20183000000001 63.585910000000005 66.53687000000001 
66.49340000000001 53.72705000000002 41.060670000000016 38.16177000000001 33.961940000000006 28.305330000000005 22.606680000000004 19.823460000000004 18.427390000000003 16.968470000000003 15.520270000000002 14.169390000000002 12.740180000000002 11.338060000000002 9.868100000000002 8.443010000000001 7.11164 5.64953 4.22846 2.89114 1.43463 0 1.39361 21.273190000000003 24.035430000000005 25.463460000000005 26.869250000000005 29.730380000000004 31.194900000000004 32.50526000000001 35.310570000000006 36.83547000000001 39.63086000000001 42.45867000000002 43.80001000000002 45.27068000000002 46.71787000000002 48.15863000000002 49.52741000000002 50.88748000000002 52.41061000000002 55.21062000000002 56.61831000000002 57.98603000000002 59.43440000000002 60.817740000000015 62.260590000000015 63.636460000000014 65.02054000000001 67.9715 
67.88701 55.120660000000015 42.45428000000001 39.55538000000001 35.35555 29.69894 24.00029 21.21707 19.820999999999998 18.36208 16.91388 15.563 14.133790000000001 12.731670000000001 11.26171 9.83662 8.50525 7.04314 5.62207 4.28475 2.82824 1.39361 0 22.6668 25.42904 26.85707 28.26286 31.12399 32.58851 33.89887 36.70418 38.22908 41.02447000000001 43.852280000000015 45.19362000000002 46.664290000000015 48.111480000000014 49.55224000000001 50.92102000000001 52.28109000000001 53.804220000000015 56.604230000000015 58.01192000000002 59.379640000000016 60.82801000000001 62.21135000000001 63.65420000000001 65.03007000000001 66.41415 69.36511 
45.22020999999999 32.45386 19.787480000000002 16.88858 12.68875 7.03214 1.33349 1.44973 2.8457999999999997 4.30472 5.75292 7.1038 8.533009999999999 9.93513 11.40509 12.830179999999999 14.161549999999998 15.623659999999997 17.044729999999998 18.38205 19.83856 21.27319 22.6668 0 2.7622400000000003 4.19027 5.59606 8.45719 9.921710000000001 11.23207 14.03738 15.562280000000001 18.357670000000002 21.185480000000002 22.52682 23.99749 25.444679999999998 26.88544 28.25422 29.61429 31.13742 33.93743 35.34512 36.71284 38.16121 39.544549999999994 40.987399999999994 42.36326999999999 43.74734999999999 46.698309999999985 
42.45796999999999 29.69162 17.02524 14.12634 9.92651 4.2699 1.42875 4.21197 5.60804 7.06696 8.51516 9.86604 11.29525 12.69737 14.16733 15.59242 16.92379 18.3859 19.80697 21.144289999999998 22.6008 24.035429999999998 25.429039999999997 2.7622400000000003 0 1.42803 2.8338200000000002 5.6949499999999995 7.15947 8.46983 11.27514 12.800040000000001 15.59543 18.42324 19.76458 21.235249999999997 22.682439999999996 24.123199999999997 25.491979999999998 26.85205 28.37518 31.17519 32.58288 33.9506 35.39897 36.782309999999995 38.225159999999995 39.601029999999994 40.98510999999999 43.93606999999999 
41.02993999999999 28.26359 15.59721 12.698310000000001 8.49848 2.84187 2.8567799999999997 5.64 7.03607 8.49499 9.94319 11.29407 12.723279999999999 14.125399999999999 15.59536 17.02045 18.35182 19.81393 21.235 22.572319999999998 24.02883 25.463459999999998 26.857069999999997 4.19027 1.42803 0 1.40579 4.26692 5.73144 7.0418 9.84711 11.372010000000001 14.1674 16.99521 18.33655 19.807219999999997 21.254409999999996 22.695169999999997 24.06395 25.42402 26.94715 29.74716 31.15485 32.52257 33.97094 35.354279999999996 36.797129999999996 38.172999999999995 39.55707999999999 42.50803999999999 
39.624149999999986 26.857799999999997 14.19142 11.292520000000001 7.092690000000001 1.43608 4.26257 7.04579 8.44186 9.900780000000001 11.348980000000001 12.699860000000001 14.12907 15.53119 17.00115 18.42624 19.75761 21.21972 22.64079 23.97811 25.434620000000002 26.86925 28.26286 5.5960600000000005 2.8338200000000002 1.40579 0 2.86113 4.32565 5.636010000000001 8.441320000000001 9.966220000000002 12.761610000000001 15.58942 16.93076 18.401429999999998 19.848619999999997 21.289379999999998 22.65816 24.01823 25.541359999999997 28.341369999999998 29.749059999999997 31.116779999999995 32.565149999999996 33.94848999999999 35.39133999999999 36.76720999999999 38.15128999999999 41.102249999999984 
36.76301999999999 23.99667 11.33029 8.43139 4.23156 1.42505 7.1237 9.906920000000001 11.302990000000001 12.76191 14.21011 15.56099 16.9902 18.39232 19.862280000000002 21.287370000000003 22.618740000000003 24.08085 25.501920000000002 26.839240000000004 28.295750000000005 29.730380000000004 31.123990000000003 8.45719 5.69495 4.266920000000001 2.86113 0 1.46452 2.77488 5.58019 7.10509 9.90048 12.72829 14.06963 15.5403 16.98749 18.428250000000002 19.797030000000003 21.157100000000003 22.68023 25.480240000000002 26.88793 28.25565 29.70402 31.08736 32.53021 33.906079999999996 35.29015999999999 38.24111999999999 
35.2985 22.53215 9.86577 6.966869999999999 2.7670399999999997 2.88957 8.58822 11.37144 12.76751 14.22643 15.67463 17.02551 18.454720000000002 19.856840000000002 21.326800000000002 22.751890000000003 24.083260000000003 25.545370000000002 26.966440000000002 28.303760000000004 29.760270000000006 31.194900000000004 32.58851000000001 9.92171 7.159469999999999 5.731439999999999 4.3256499999999996 1.46452 0 1.31036 4.11567 5.640569999999999 8.43596 11.26377 12.60511 14.07578 15.52297 16.96373 18.332510000000003 19.692580000000003 21.21571 24.01572 25.42341 26.79113 28.2395 29.62284 31.06569 32.44156 33.82564 36.776599999999995 
33.98814 21.221790000000006 8.55541 5.65651 1.45668 4.19993 9.898579999999999 12.681799999999999 14.077869999999999 15.53679 16.98499 18.33587 19.76508 21.1672 22.63716 24.062250000000002 25.393620000000002 26.85573 28.2768 29.61412 31.07063 32.50526 33.89887 11.232069999999998 8.46983 7.0418 5.636010000000001 2.77488 1.31036 0 2.80531 4.33021 7.1256 9.95341 11.29475 12.76542 14.212610000000002 15.653370000000002 17.022150000000003 18.382220000000004 19.905350000000006 22.705360000000006 24.113050000000005 25.480770000000003 26.929140000000004 28.312480000000004 29.755330000000004 31.131200000000003 32.515280000000004 35.46624 
31.18283 18.41648 5.7501 2.8512 1.34863 7.00524 12.703889999999998 15.487109999999998 16.883179999999996 18.342099999999995 19.790299999999995 21.141179999999995 22.570389999999996 23.972509999999996 25.442469999999997 26.867559999999997 28.198929999999997 29.661039999999996 31.082109999999997 32.41943 33.87594 35.31057 36.70418 14.037379999999997 11.275139999999999 9.847109999999999 8.44132 5.58019 4.11567 2.80531 0 1.5249 4.32029 7.1480999999999995 8.48944 9.96011 11.4073 12.84806 14.216840000000001 15.576910000000002 17.10004 19.90005 21.30774 22.675459999999998 24.123829999999998 25.50717 26.95002 28.325889999999998 29.70997 32.66093 
29.657930000000004 16.891580000000005 4.2252 1.3263 2.8735299999999997 8.53014 14.22879 17.01201 18.408079999999998 19.866999999999997 21.315199999999997 22.666079999999997 24.09529 25.49741 26.96737 28.39246 29.72383 31.18594 32.607009999999995 33.944329999999994 35.400839999999995 36.835469999999994 38.229079999999996 15.56228 12.80004 11.37201 9.96622 7.10509 5.640569999999999 4.330209999999999 1.5249 0 2.7953900000000003 5.6232 6.9645399999999995 8.43521 9.8824 11.323160000000001 12.691940000000002 14.052010000000003 15.575140000000003 18.375150000000005 19.782840000000004 21.150560000000002 22.598930000000003 23.982270000000003 25.425120000000003 26.800990000000002 28.185070000000003 31.136030000000005 
26.862540000000003 14.096190000000002 1.42981 1.46909 5.66892 11.32553 17.02418 19.8074 21.203470000000003 22.662390000000002 24.110590000000002 25.461470000000002 26.890680000000003 28.292800000000003 29.762760000000004 31.187850000000005 32.519220000000004 33.98133000000001 35.40240000000001 36.739720000000005 38.19623000000001 39.630860000000006 41.02447000000001 18.357670000000002 15.59543 14.1674 12.761610000000001 9.90048 8.43596 7.1256 4.32029 2.7953900000000003 0 2.82781 4.16915 5.63982 7.08701 8.52777 9.896550000000001 11.256620000000002 12.779750000000002 15.579760000000002 16.987450000000003 18.35517 19.80354 21.186880000000002 22.629730000000002 24.0056 25.389680000000002 28.340640000000004 
24.034730000000003 11.26838 1.398 4.2969 8.49673 14.15334 19.85199 22.63521 24.031280000000002 25.4902 26.9384 28.28928 29.718490000000003 31.120610000000003 32.59057 34.01566 35.34703 36.80914 38.23021 39.56753 41.02404 42.45867 43.85228 21.185480000000002 18.42324 16.99521 15.58942 12.72829 11.26377 9.95341 7.1480999999999995 5.6232 2.82781 0 1.34134 2.81201 4.2592 5.69996 7.06874 8.42881 9.95194 12.75195 14.159640000000001 15.527360000000002 16.975730000000002 18.359070000000003 19.801920000000003 21.17779 22.561870000000003 25.512830000000005 
22.69339 9.92704 2.73934 5.63824 9.83807 15.49468 21.19333 23.97655 25.372619999999998 26.831539999999997 28.279739999999997 29.630619999999997 31.059829999999998 32.46195 33.93191 35.357 36.68837 38.15048 39.57155 40.90887 42.36538 43.80001 45.19362 22.52682 19.76458 18.33655 16.93076 14.06963 12.60511 11.29475 8.48944 6.9645399999999995 4.16915 1.34134 0 1.47067 2.91786 4.35862 5.7274 7.08747 8.6106 11.41061 12.8183 14.186020000000001 15.634390000000002 17.01773 18.46058 19.83645 21.22053 24.171490000000002 
21.222720000000002 8.45637 4.21001 7.10891 11.30874 16.96535 22.664 25.44722 26.843290000000003 28.302210000000002 29.750410000000002 31.101290000000002 32.5305 33.93262 35.40258 36.82767 38.15904 39.62115 41.04222 42.37954 43.83605 45.27068 46.66429 23.997490000000003 21.23525 19.80722 18.40143 15.5403 14.07578 12.76542 9.96011 8.43521 5.639819999999999 2.81201 1.47067 0 1.44719 2.88795 4.25673 5.6168 7.13993 9.93994 11.34763 12.71535 14.163720000000001 15.547060000000002 16.989910000000002 18.36578 19.74986 22.700820000000004 
19.775530000000003 7.009180000000001 5.6572 8.556099999999999 12.75593 18.412539999999996 24.111189999999997 26.894409999999997 28.290479999999995 29.749399999999994 31.197599999999994 32.54848 33.977689999999996 35.37980999999999 36.84976999999999 38.27485999999999 39.60622999999999 41.06833999999999 42.48940999999999 43.82672999999999 45.28323999999999 46.71786999999999 48.11147999999999 25.444679999999998 22.682439999999996 21.254409999999996 19.848619999999997 16.987489999999998 15.522969999999999 14.21261 11.4073 9.882399999999999 7.087009999999999 4.2592 2.91786 1.44719 0 1.44076 2.80954 4.1696100000000005 5.692740000000001 8.492750000000001 9.900440000000001 11.268160000000002 12.716530000000002 14.099870000000003 15.542720000000003 16.918590000000002 18.302670000000003 21.253630000000005 
18.334770000000002 5.56842 7.09796 9.99686 14.19669 19.8533 25.55195 28.33517 29.73124 31.19016 32.63836 33.989239999999995 35.41844999999999 36.82056999999999 38.29052999999999 39.71561999999999 41.04698999999999 42.50909999999999 43.93016999999999 45.26748999999999 46.72399999999999 48.15862999999999 49.55223999999999 26.885440000000003 24.1232 22.69517 21.28938 18.428250000000002 16.96373 15.65337 12.84806 11.32316 8.52777 5.69996 4.35862 2.88795 1.44076 0 1.36878 2.72885 4.25198 7.05199 8.45968 9.8274 11.275770000000001 12.659110000000002 14.101960000000002 15.47783 16.86191 19.812870000000004 
16.965990000000005 4.1996400000000005 8.46674 11.365639999999999 15.56547 21.22208 26.92073 29.70395 31.10002 32.55894 34.00714 35.358019999999996 36.787229999999994 38.18934999999999 39.65930999999999 41.08439999999999 42.41576999999999 43.87787999999999 45.29894999999999 46.63626999999999 48.09277999999999 49.52740999999999 50.92101999999999 28.25422 25.491979999999998 24.06395 22.65816 19.79703 18.33251 17.02215 14.21684 12.691939999999999 9.89655 7.06874 5.7274 4.25673 2.80954 1.36878 0 1.36007 2.8832 5.683210000000001 7.090900000000001 8.458620000000002 9.906990000000002 11.290330000000003 12.733180000000003 14.109050000000003 15.493130000000004 18.444090000000006 
15.605920000000005 2.83957 9.82681 12.72571 16.925539999999998 22.582149999999995 28.280799999999996 31.064019999999996 32.460089999999994 33.91900999999999 35.36720999999999 36.71808999999999 38.14729999999999 39.549419999999984 41.019379999999984 42.44446999999998 43.77583999999998 45.237949999999984 46.659019999999984 47.99633999999998 49.452849999999984 50.88747999999998 52.281089999999985 29.614289999999997 26.852049999999995 25.424019999999995 24.018229999999996 21.157099999999996 19.692579999999996 18.382219999999997 15.57691 14.05201 11.25662 8.42881 7.087470000000001 5.6168000000000005 4.1696100000000005 2.72885 1.36007 0 1.52313 4.32314 5.730830000000001 7.098550000000001 8.546920000000002 9.930260000000002 11.373110000000002 12.748980000000003 14.133060000000004 17.084020000000006 
14.082790000000003 1.31644 11.34994 14.24884 18.44867 24.105279999999997 29.803929999999998 32.58715 33.98322 35.44214 36.89034 38.24122 39.670429999999996 41.07254999999999 42.54250999999999 43.96759999999999 45.29896999999999 46.76107999999999 48.18214999999999 49.51946999999999 50.97597999999999 52.41060999999999 53.804219999999994 31.13742 28.375179999999997 26.947149999999997 25.541359999999997 22.680229999999998 21.215709999999998 19.90535 17.10004 15.57514 12.77975 9.95194 8.6106 7.13993 5.69274 4.25198 2.8832 1.52313 0 2.8000100000000003 4.207700000000001 5.575420000000001 7.023790000000001 8.40713 9.84998 11.225850000000001 12.609930000000002 15.560890000000002 
11.282780000000002 1.48357 14.14995 17.04885 21.24868 26.905289999999997 32.603939999999994 35.387159999999994 36.783229999999996 38.242149999999995 39.690349999999995 41.04123 42.470439999999996 43.87255999999999 45.34251999999999 46.76760999999999 48.09897999999999 49.56108999999999 50.98215999999999 52.31947999999999 53.77598999999999 55.21061999999999 56.604229999999994 33.93742999999999 31.175189999999997 29.747159999999997 28.341369999999998 25.48024 24.015719999999998 22.70536 19.90005 18.37515 15.57976 12.75195 11.41061 9.93994 8.492750000000001 7.051990000000001 5.683210000000001 4.32314 2.8000100000000003 0 1.40769 2.77541 4.22378 5.60712 7.04997 8.42584 9.809920000000002 12.760880000000002 
9.87509 2.89126 15.55764 18.45654 22.65637 28.312979999999996 34.01163 36.79485 38.19092 39.64984 41.09804 42.44892 43.87813 45.280249999999995 46.750209999999996 48.17529999999999 49.50666999999999 50.968779999999995 52.389849999999996 53.727169999999994 55.183679999999995 56.618309999999994 58.011919999999996 35.345119999999994 32.582879999999996 31.154849999999996 29.749059999999997 26.887929999999997 25.423409999999997 24.113049999999998 21.30774 19.78284 16.98745 14.15964 12.818299999999999 11.347629999999999 9.90044 8.459679999999999 7.0908999999999995 5.73083 4.2077 1.40769 0 1.36772 2.81609 4.1994299999999996 5.6422799999999995 7.0181499999999994 8.40223 11.35319 
8.50737 4.25898 16.92536 19.824260000000002 24.02409 29.680699999999998 35.37935 38.16257 39.558640000000004 41.01756 42.46576 43.81664000000001 45.245850000000004 46.64797 48.11793 49.54302 50.87439 52.3365 53.75757 55.09489 56.5514 57.98603 59.37964 36.71284 33.9506 32.52257 31.11678 28.25565 26.79113 25.48077 22.67546 21.150560000000002 18.35517 15.527360000000002 14.186020000000001 12.71535 11.268160000000002 9.8274 8.45862 7.09855 5.57542 2.77541 1.36772 0 1.44837 2.83171 4.27456 5.65043 7.03451 9.98547 
7.058999999999999 5.70735 18.373730000000002 21.272630000000003 25.47246 31.12907 36.82772 39.61094 41.00701 42.46593 43.91413 45.265010000000004 46.69422 48.09634 49.5663 50.991389999999996 52.322759999999995 53.78487 55.20594 56.54326 57.99977 59.4344 60.82801 38.16121 35.39897 33.97094 32.565149999999996 29.70402 28.2395 26.92914 24.12383 22.598930000000003 19.80354 16.975730000000002 15.634390000000002 14.163720000000001 12.716530000000002 11.275770000000001 9.90699 8.54692 7.02379 4.22378 2.81609 1.44837 0 1.38334 2.82619 4.2020599999999995 5.586139999999999 8.537099999999999 
5.67566 7.09069 19.75707 22.65597 26.8558 32.512409999999996 38.211059999999996 40.994279999999996 42.39035 43.84927 45.29747 46.64834999999999 48.07755999999999 49.47967999999999 50.94963999999999 52.374729999999985 53.706099999999985 55.16820999999999 56.58927999999999 57.926599999999986 59.38310999999999 60.817739999999986 62.21134999999999 39.544549999999994 36.782309999999995 35.354279999999996 33.94848999999999 31.087359999999997 29.622839999999997 28.312479999999997 25.50717 23.98227 21.18688 18.35907 17.01773 15.547060000000002 14.099870000000003 12.659110000000002 11.29033 9.93026 8.40713 5.60712 4.19943 2.83171 1.38334 0 1.44285 2.81872 4.2028 7.15376 
4.23281 8.53354 21.19992 24.09882 28.29865 33.955259999999996 39.653909999999996 42.437129999999996 43.8332 45.29212 46.74032 48.0912 49.52041 50.922529999999995 52.392489999999995 53.81757999999999 55.14894999999999 56.611059999999995 58.032129999999995 59.36944999999999 60.825959999999995 62.26058999999999 63.654199999999996 40.987399999999994 38.225159999999995 36.797129999999996 35.39133999999999 32.53021 31.065689999999996 29.755329999999997 26.95002 25.42512 22.62973 19.80192 18.46058 16.989910000000002 15.542720000000003 14.101960000000002 12.73318 11.37311 9.84998 7.04997 5.64228 4.27456 2.82619 1.44285 0 1.37587 2.75995 5.71091 
2.85694 9.90941 22.575789999999998 25.47469 29.674519999999998 35.331129999999995 41.029779999999995 43.812999999999995 45.20907 46.667989999999996 48.116189999999996 49.46706999999999 50.89627999999999 52.29839999999999 53.76835999999999 55.193449999999984 56.524819999999984 57.98692999999999 59.40799999999999 60.745319999999985 62.20182999999999 63.636459999999985 65.03006999999998 42.36326999999999 39.601029999999994 38.172999999999995 36.76720999999999 33.906079999999996 32.441559999999996 31.131199999999996 28.325889999999998 26.80099 24.005599999999998 21.177789999999998 19.83645 18.36578 16.918590000000002 15.47783 14.10905 12.74898 11.22585 8.425839999999999 7.0181499999999994 5.650429999999999 4.2020599999999995 2.81872 1.37587 0 1.38408 4.335039999999999 
1.47286 11.29349 23.95987 26.85877 31.0586 36.71521 42.41386 45.19708 46.59315 48.05207 49.50027 50.851150000000004 52.28036 53.68248 55.15244 56.577529999999996 57.908899999999996 59.37101 60.79208 62.1294 63.58591 65.02054 66.41414999999999 43.74735 40.98511 39.55708 38.151289999999996 35.29016 33.82564 32.51528 29.70997 28.18507 25.38968 22.56187 21.22053 19.74986 18.302670000000003 16.86191 15.49313 14.13306 12.60993 9.80992 8.40223 7.03451 5.58614 4.2028 2.75995 1.38408 0 2.9509600000000002 
1.4781 14.244450000000002 26.91083 29.809730000000002 34.00956 39.66617 45.36482 48.14804 49.54411 51.00303 52.45123 53.80211 55.23132 56.63343999999999 58.10339999999999 59.52848999999999 60.85985999999999 62.32196999999999 63.74303999999999 65.08036 66.53687 67.97149999999999 69.36510999999999 46.69831 43.93607 42.50804 41.10225 38.24112 36.7766 35.46624 32.66093 31.13603 28.34064 25.51283 24.171490000000002 22.700820000000004 21.253630000000005 19.812870000000004 18.444090000000003 17.084020000000002 15.560890000000002 12.760880000000002 11.353190000000001 9.985470000000001 8.5371 7.15376 5.71091 4.33504 2.9509600000000002 0 
