60
173 45 158 26 178 53 105 106 191 54 111 114 181 11 199 10 188 57 194 49 109 128 123 112 146 38 164 47 101 116 161 9 185 78 151 87 140 21 152 143 84 172 46 125 126 182 90 135 130 121 138 133 102 137 118 157 1 167 83 0
0 10000.0 20003.0 10003.0 20003.0 10003.0 20003.0 20004.0 20002.0 10002.0 20003.0 20003.0 20003.0 10003.0 20003.0 10003.0 20003.0 10003.0 20002.0 10002.0 20003.0 20003.0 20002.0 20002.0 20004.0 10004.0 20002.0 10002.0 20002.0 20003.0 20003.0 10003.0 20004.0 10004.0 20003.0 10003.0 20002.0 10002.0 20002.0 20004.0 10004.0 20002.0 10002.0 20002.0 20003.0 20001.0 10001.0 20003.0 20003.0 20003.0 20003.0 20004.0 20003.0 20003.0 20002.0 20003.0 10003.0 20003.0 10003.0 10002.0 
10000.0 0 10003.0 3.0 10003.0 3.0 10003.0 10004.0 10002.0 2.0 10003.0 10003.0 10003.0 3.0 10003.0 3.0 10003.0 3.0 10002.0 2.0 10003.0 10003.0 10002.0 10002.0 10004.0 4.0 10002.0 2.0 10002.0 10003.0 10003.0 3.0 10004.0 4.0 10003.0 3.0 10002.0 2.0 10002.0 10004.0 4.0 10002.0 2.0 10002.0 10003.0 10001.0 1.0 10003.0 10003.0 10003.0 10003.0 10004.0 10003.0 10003.0 10002.0 10003.0 3.0 10003.0 3.0 2.0 
20003.0 10003.0 0 10000.0 20003.0 10003.0 20003.0 20003.0 20002.0 10002.0 20003.0 20001.0 20003.0 10003.0 20001.0 10001.0 20003.0 10003.0 20003.0 10003.0 20003.0 20003.0 20004.0 20004.0 20001.0 10001.0 20002.0 10002.0 20003.0 20003.0 20003.0 10003.0 20003.0 10003.0 20002.0 10002.0 20003.0 10003.0 20002.0 20003.0 10003.0 20004.0 10004.0 20002.0 20002.0 20004.0 10004.0 20003.0 20003.0 20002.0 20003.0 20003.0 20003.0 20003.0 20004.0 20003.0 10003.0 20003.0 10003.0 10003.0 
10003.0 3.0 10000.0 0 10003.0 3.0 10003.0 10003.0 10002.0 2.0 10003.0 10001.0 10003.0 3.0 10001.0 1.0 10003.0 3.0 10003.0 3.0 10003.0 10003.0 10004.0 10004.0 10001.0 1.0 10002.0 2.0 10003.0 10003.0 10003.0 3.0 10003.0 3.0 10002.0 2.0 10003.0 3.0 10002.0 10003.0 3.0 10004.0 4.0 10002.0 10002.0 10004.0 4.0 10003.0 10003.0 10002.0 10003.0 10003.0 10003.0 10003.0 10004.0 10003.0 3.0 10003.0 3.0 3.0 
20003.0 10003.0 20003.0 10003.0 0 10000.0 20003.0 20003.0 20003.0 10003.0 20003.0 20003.0 20003.0 10003.0 20003.0 10003.0 20002.0 10002.0 20002.0 10002.0 20003.0 20003.0 20003.0 20003.0 20002.0 10002.0 20003.0 10003.0 20003.0 20003.0 20003.0 10003.0 20005.0 10005.0 20002.0 10002.0 20003.0 10003.0 20003.0 20003.0 10003.0 20003.0 10003.0 20003.0 20003.0 20002.0 10002.0 20003.0 20003.0 20003.0 20002.0 20003.0 20004.0 20002.0 20001.0 20004.0 10004.0 20003.0 10003.0 10004.0 
10003.0 3.0 10003.0 3.0 10000.0 0 10003.0 10003.0 10003.0 3.0 10003.0 10003.0 10003.0 3.0 10003.0 3.0 10002.0 2.0 10002.0 2.0 10003.0 10003.0 10003.0 10003.0 10002.0 2.0 10003.0 3.0 10003.0 10003.0 10003.0 3.0 10005.0 5.0 10002.0 2.0 10003.0 3.0 10003.0 10003.0 3.0 10003.0 3.0 10003.0 10003.0 10002.0 2.0 10003.0 10003.0 10003.0 10002.0 10003.0 10004.0 10002.0 10001.0 10004.0 4.0 10003.0 3.0 4.0 
20003.0 10003.0 20003.0 10003.0 20003.0 10003.0 0 20001.0 20003.0 10003.0 20002.0 20002.0 20002.0 10002.0 20002.0 10002.0 20003.0 10003.0 20003.0 10003.0 20003.0 20003.0 20003.0 20003.0 20003.0 10003.0 20003.0 10003.0 20003.0 20004.0 20003.0 10003.0 20003.0 10003.0 20003.0 10003.0 20002.0 10002.0 20003.0 20003.0 10003.0 20002.0 10002.0 20003.0 20002.0 20004.0 10004.0 20004.0 20002.0 20004.0 20003.0 20003.0 20003.0 20003.0 20003.0 20003.0 10003.0 20003.0 10003.0 10003.0 
20004.0 10004.0 20003.0 10003.0 20003.0 10003.0 20001.0 0 20003.0 10003.0 20003.0 20003.0 20003.0 10003.0 20003.0 10003.0 20002.0 10002.0 20003.0 10003.0 20003.0 20003.0 20004.0 20004.0 20002.0 10002.0 20003.0 10003.0 20003.0 20003.0 20002.0 10002.0 20003.0 10003.0 20002.0 10002.0 20003.0 10003.0 20003.0 20003.0 10003.0 20002.0 10002.0 20002.0 20002.0 20004.0 10004.0 20004.0 20003.0 20003.0 20002.0 20003.0 20002.0 20002.0 20002.0 20002.0 10002.0 20003.0 10003.0 10003.0 
20002.0 10002.0 20002.0 10002.0 20003.0 10003.0 20003.0 20003.0 0 10000.0 20003.0 20001.0 20002.0 10002.0 20001.0 10001.0 20002.0 10002.0 20003.0 10003.0 20004.0 20004.0 20003.0 20003.0 20002.0 10002.0 20002.0 10002.0 20003.0 20003.0 20003.0 10003.0 20004.0 10004.0 20003.0 10003.0 20002.0 10002.0 20002.0 20003.0 10003.0 20002.0 10002.0 20002.0 20003.0 20003.0 10003.0 20002.0 20002.0 20003.0 20003.0 20003.0 20002.0 20002.0 20003.0 20003.0 10003.0 20003.0 10003.0 10001.0 
10002.0 2.0 10002.0 2.0 10003.0 3.0 10003.0 10003.0 10000.0 0 10003.0 10001.0 10002.0 2.0 10001.0 1.0 10002.0 2.0 10003.0 3.0 10004.0 10004.0 10003.0 10003.0 10002.0 2.0 10002.0 2.0 10003.0 10003.0 10003.0 3.0 10004.0 4.0 10003.0 3.0 10002.0 2.0 10002.0 10003.0 3.0 10002.0 2.0 10002.0 10003.0 10003.0 3.0 10002.0 10002.0 10003.0 10003.0 10003.0 10002.0 10002.0 10003.0 10003.0 3.0 10003.0 3.0 1.0 
20003.0 10003.0 20003.0 10003.0 20003.0 10003.0 20002.0 20003.0 20003.0 10003.0 0 20002.0 20003.0 10003.0 20002.0 10002.0 20003.0 10003.0 20003.0 10003.0 20002.0 20002.0 20003.0 20003.0 20003.0 10003.0 20002.0 10002.0 20003.0 20003.0 20003.0 10003.0 20004.0 10004.0 20003.0 10003.0 20003.0 10003.0 20002.0 20003.0 10003.0 20002.0 10002.0 20002.0 20002.0 20004.0 10004.0 20003.0 20003.0 20004.0 20003.0 20003.0 20003.0 20003.0 20002.0 20002.0 10002.0 20004.0 10004.0 10003.0 
20003.0 10003.0 20001.0 10001.0 20003.0 10003.0 20002.0 20003.0 20001.0 10001.0 20002.0 0 20002.0 10002.0 20000.0 10000.0 20003.0 10003.0 20003.0 10003.0 20003.0 20003.0 20004.0 20004.0 20002.0 10002.0 20003.0 10003.0 20003.0 20003.0 20003.0 10003.0 20004.0 10004.0 20002.0 10002.0 20002.0 10002.0 20003.0 20003.0 10003.0 20003.0 10003.0 20002.0 20002.0 20004.0 10004.0 20002.0 20002.0 20003.0 20003.0 20003.0 20002.0 20003.0 20003.0 20002.0 10002.0 20003.0 10003.0 10002.0 
20003.0 10003.0 20003.0 10003.0 20003.0 10003.0 20002.0 20003.0 20002.0 10002.0 20003.0 20002.0 0 10000.0 20002.0 10002.0 20001.0 10001.0 20002.0 10002.0 20003.0 20003.0 20002.0 20002.0 20003.0 10003.0 20002.0 10002.0 20002.0 20002.0 20002.0 10002.0 20003.0 10003.0 20002.0 10002.0 20002.0 10002.0 20002.0 20003.0 10003.0 20002.0 10002.0 20003.0 20003.0 20002.0 10002.0 20002.0 20000.0 20004.0 20003.0 20003.0 20002.0 20001.0 20002.0 20003.0 10003.0 20001.0 10001.0 10001.0 
10003.0 3.0 10003.0 3.0 10003.0 3.0 10002.0 10003.0 10002.0 2.0 10003.0 10002.0 10000.0 0 10002.0 2.0 10001.0 1.0 10002.0 2.0 10003.0 10003.0 10002.0 10002.0 10003.0 3.0 10002.0 2.0 10002.0 10002.0 10002.0 2.0 10003.0 3.0 10002.0 2.0 10002.0 2.0 10002.0 10003.0 3.0 10002.0 2.0 10003.0 10003.0 10002.0 2.0 10002.0 10000.0 10004.0 10003.0 10003.0 10002.0 10001.0 10002.0 10003.0 3.0 10001.0 1.0 1.0 
20003.0 10003.0 20001.0 10001.0 20003.0 10003.0 20002.0 20003.0 20001.0 10001.0 20002.0 20000.0 20002.0 10002.0 0 10000.0 20003.0 10003.0 20003.0 10003.0 20003.0 20003.0 20004.0 20004.0 20002.0 10002.0 20003.0 10003.0 20003.0 20003.0 20003.0 10003.0 20004.0 10004.0 20002.0 10002.0 20002.0 10002.0 20003.0 20003.0 10003.0 20003.0 10003.0 20002.0 20002.0 20004.0 10004.0 20002.0 20002.0 20003.0 20003.0 20003.0 20002.0 20003.0 20003.0 20002.0 10002.0 20003.0 10003.0 10002.0 
10003.0 3.0 10001.0 1.0 10003.0 3.0 10002.0 10003.0 10001.0 1.0 10002.0 10000.0 10002.0 2.0 10000.0 0 10003.0 3.0 10003.0 3.0 10003.0 10003.0 10004.0 10004.0 10002.0 2.0 10003.0 3.0 10003.0 10003.0 10003.0 3.0 10004.0 4.0 10002.0 2.0 10002.0 2.0 10003.0 10003.0 3.0 10003.0 3.0 10002.0 10002.0 10004.0 4.0 10002.0 10002.0 10003.0 10003.0 10003.0 10002.0 10003.0 10003.0 10002.0 2.0 10003.0 3.0 2.0 
20003.0 10003.0 20003.0 10003.0 20002.0 10002.0 20003.0 20002.0 20002.0 10002.0 20003.0 20003.0 20001.0 10001.0 20003.0 10003.0 0 10000.0 20003.0 10003.0 20003.0 20003.0 20003.0 20003.0 20002.0 10002.0 20001.0 10001.0 20001.0 20002.0 20001.0 10001.0 20003.0 10003.0 20003.0 10003.0 20003.0 10003.0 20001.0 20002.0 10002.0 20002.0 10002.0 20002.0 20002.0 20003.0 10003.0 20003.0 20001.0 20003.0 20002.0 20002.0 20002.0 20000.0 20001.0 20003.0 10003.0 20002.0 10002.0 10002.0 
10003.0 3.0 10003.0 3.0 10002.0 2.0 10003.0 10002.0 10002.0 2.0 10003.0 10003.0 10001.0 1.0 10003.0 3.0 10000.0 0 10003.0 3.0 10003.0 10003.0 10003.0 10003.0 10002.0 2.0 10001.0 1.0 10001.0 10002.0 10001.0 1.0 10003.0 3.0 10003.0 3.0 10003.0 3.0 10001.0 10002.0 2.0 10002.0 2.0 10002.0 10002.0 10003.0 3.0 10003.0 10001.0 10003.0 10002.0 10002.0 10002.0 10000.0 10001.0 10003.0 3.0 10002.0 2.0 2.0 
20002.0 10002.0 20003.0 10003.0 20002.0 10002.0 20003.0 20003.0 20003.0 10003.0 20003.0 20003.0 20002.0 10002.0 20003.0 10003.0 20003.0 10003.0 0 10000.0 20003.0 20003.0 20003.0 20003.0 20002.0 10002.0 20003.0 10003.0 20004.0 20004.0 20003.0 10003.0 20003.0 10003.0 20002.0 10002.0 20003.0 10003.0 20003.0 20003.0 10003.0 20003.0 10003.0 20001.0 20002.0 20003.0 10003.0 20004.0 20002.0 20003.0 20003.0 20003.0 20004.0 20003.0 20003.0 20003.0 10003.0 20003.0 10003.0 10003.0 
10002.0 2.0 10003.0 3.0 10002.0 2.0 10003.0 10003.0 10003.0 3.0 10003.0 10003.0 10002.0 2.0 10003.0 3.0 10003.0 3.0 10000.0 0 10003.0 10003.0 10003.0 10003.0 10002.0 2.0 10003.0 3.0 10004.0 10004.0 10003.0 3.0 10003.0 3.0 10002.0 2.0 10003.0 3.0 10003.0 10003.0 3.0 10003.0 3.0 10001.0 10002.0 10003.0 3.0 10004.0 10002.0 10003.0 10003.0 10003.0 10004.0 10003.0 10003.0 10003.0 3.0 10003.0 3.0 3.0 
20003.0 10003.0 20003.0 10003.0 20003.0 10003.0 20003.0 20003.0 20004.0 10004.0 20002.0 20003.0 20003.0 10003.0 20003.0 10003.0 20003.0 10003.0 20003.0 10003.0 0 20000.0 20004.0 20004.0 20003.0 10003.0 20002.0 10002.0 20003.0 20004.0 20002.0 10002.0 20004.0 10004.0 20002.0 10002.0 20003.0 10003.0 20002.0 20002.0 10002.0 20003.0 10003.0 20002.0 20001.0 20003.0 10003.0 20003.0 20003.0 20004.0 20004.0 20002.0 20003.0 20003.0 20002.0 20003.0 10003.0 20002.0 10002.0 10003.0 
20003.0 10003.0 20003.0 10003.0 20003.0 10003.0 20003.0 20003.0 20004.0 10004.0 20002.0 20003.0 20003.0 10003.0 20003.0 10003.0 20003.0 10003.0 20003.0 10003.0 20000.0 0 20004.0 20004.0 20003.0 10003.0 20002.0 10002.0 20003.0 20004.0 20002.0 10002.0 20004.0 10004.0 20002.0 10002.0 20003.0 10003.0 20002.0 20002.0 10002.0 20003.0 10003.0 20002.0 20001.0 20003.0 10003.0 20003.0 20003.0 20004.0 20004.0 20002.0 20003.0 20003.0 20002.0 20003.0 10003.0 20002.0 10002.0 10003.0 
20002.0 10002.0 20004.0 10004.0 20003.0 10003.0 20003.0 20004.0 20003.0 10003.0 20003.0 20004.0 20002.0 10002.0 20004.0 10004.0 20003.0 10003.0 20003.0 10003.0 20004.0 20004.0 0 20000.0 20004.0 10004.0 20003.0 10003.0 20003.0 20003.0 20004.0 10004.0 20004.0 10004.0 20004.0 10004.0 20004.0 10004.0 20003.0 20004.0 10004.0 20003.0 10003.0 20003.0 20004.0 20003.0 10003.0 20003.0 20002.0 20005.0 20004.0 20004.0 20003.0 20003.0 20002.0 20005.0 10005.0 20003.0 10003.0 10003.0 
20002.0 10002.0 20004.0 10004.0 20003.0 10003.0 20003.0 20004.0 20003.0 10003.0 20003.0 20004.0 20002.0 10002.0 20004.0 10004.0 20003.0 10003.0 20003.0 10003.0 20004.0 20004.0 20000.0 0 20004.0 10004.0 20003.0 10003.0 20003.0 20003.0 20004.0 10004.0 20004.0 10004.0 20004.0 10004.0 20004.0 10004.0 20003.0 20004.0 10004.0 20003.0 10003.0 20003.0 20004.0 20003.0 10003.0 20003.0 20002.0 20005.0 20004.0 20004.0 20003.0 20003.0 20002.0 20005.0 10005.0 20003.0 10003.0 10003.0 
20004.0 10004.0 20001.0 10001.0 20002.0 10002.0 20003.0 20002.0 20002.0 10002.0 20003.0 20002.0 20003.0 10003.0 20002.0 10002.0 20002.0 10002.0 20002.0 10002.0 20003.0 20003.0 20004.0 20004.0 0 10000.0 20003.0 10003.0 20003.0 20003.0 20003.0 10003.0 20004.0 10004.0 20001.0 10001.0 20002.0 10002.0 20003.0 20003.0 10003.0 20003.0 10003.0 20003.0 20002.0 20003.0 10003.0 20004.0 20003.0 20001.0 20002.0 20003.0 20002.0 20002.0 20003.0 20004.0 10004.0 20003.0 10003.0 10003.0 
10004.0 4.0 10001.0 1.0 10002.0 2.0 10003.0 10002.0 10002.0 2.0 10003.0 10002.0 10003.0 3.0 10002.0 2.0 10002.0 2.0 10002.0 2.0 10003.0 10003.0 10004.0 10004.0 10000.0 0 10003.0 3.0 10003.0 10003.0 10003.0 3.0 10004.0 4.0 10001.0 1.0 10002.0 2.0 10003.0 10003.0 3.0 10003.0 3.0 10003.0 10002.0 10003.0 3.0 10004.0 10003.0 10001.0 10002.0 10003.0 10002.0 10002.0 10003.0 10004.0 4.0 10003.0 3.0 3.0 
20002.0 10002.0 20002.0 10002.0 20003.0 10003.0 20003.0 20003.0 20002.0 10002.0 20002.0 20003.0 20002.0 10002.0 20003.0 10003.0 20001.0 10001.0 20003.0 10003.0 20002.0 20002.0 20003.0 20003.0 20003.0 10003.0 0 10000.0 20002.0 20003.0 20002.0 10002.0 20002.0 10002.0 20002.0 10002.0 20003.0 10003.0 20000.0 20003.0 10003.0 20002.0 10002.0 20002.0 20001.0 20003.0 10003.0 20003.0 20002.0 20003.0 20003.0 20003.0 20002.0 20001.0 20002.0 20003.0 10003.0 20002.0 10002.0 10003.0 
10002.0 2.0 10002.0 2.0 10003.0 3.0 10003.0 10003.0 10002.0 2.0 10002.0 10003.0 10002.0 2.0 10003.0 3.0 10001.0 1.0 10003.0 3.0 10002.0 10002.0 10003.0 10003.0 10003.0 3.0 10000.0 0 10002.0 10003.0 10002.0 2.0 10002.0 2.0 10002.0 2.0 10003.0 3.0 10000.0 10003.0 3.0 10002.0 2.0 10002.0 10001.0 10003.0 3.0 10003.0 10002.0 10003.0 10003.0 10003.0 10002.0 10001.0 10002.0 10003.0 3.0 10002.0 2.0 3.0 
20002.0 10002.0 20003.0 10003.0 20003.0 10003.0 20003.0 20003.0 20003.0 10003.0 20003.0 20003.0 20002.0 10002.0 20003.0 10003.0 20001.0 10001.0 20004.0 10004.0 20003.0 20003.0 20003.0 20003.0 20003.0 10003.0 20002.0 10002.0 0 20002.0 20002.0 10002.0 20004.0 10004.0 20003.0 10003.0 20003.0 10003.0 20002.0 20003.0 10003.0 20001.0 10001.0 20003.0 20003.0 20003.0 10003.0 20003.0 20002.0 20004.0 20003.0 20003.0 20003.0 20001.0 20002.0 20003.0 10003.0 20003.0 10003.0 10002.0 
20003.0 10003.0 20003.0 10003.0 20003.0 10003.0 20004.0 20003.0 20003.0 10003.0 20003.0 20003.0 20002.0 10002.0 20003.0 10003.0 20002.0 10002.0 20004.0 10004.0 20004.0 20004.0 20003.0 20003.0 20003.0 10003.0 20003.0 10003.0 20002.0 0 20003.0 10003.0 20003.0 10003.0 20002.0 10002.0 20002.0 10002.0 20003.0 20004.0 10004.0 20003.0 10003.0 20003.0 20003.0 20002.0 10002.0 20003.0 20002.0 20004.0 20003.0 20004.0 20003.0 20002.0 20003.0 20003.0 10003.0 20003.0 10003.0 10002.0 
20003.0 10003.0 20003.0 10003.0 20003.0 10003.0 20003.0 20002.0 20003.0 10003.0 20003.0 20003.0 20002.0 10002.0 20003.0 10003.0 20001.0 10001.0 20003.0 10003.0 20002.0 20002.0 20004.0 20004.0 20003.0 10003.0 20002.0 10002.0 20002.0 20003.0 0 10000.0 20002.0 10002.0 20003.0 10003.0 20003.0 10003.0 20002.0 20001.0 10001.0 20003.0 10003.0 20002.0 20003.0 20003.0 10003.0 20003.0 20002.0 20003.0 20003.0 20001.0 20001.0 20001.0 20002.0 20003.0 10003.0 20002.0 10002.0 10002.0 
10003.0 3.0 10003.0 3.0 10003.0 3.0 10003.0 10002.0 10003.0 3.0 10003.0 10003.0 10002.0 2.0 10003.0 3.0 10001.0 1.0 10003.0 3.0 10002.0 10002.0 10004.0 10004.0 10003.0 3.0 10002.0 2.0 10002.0 10003.0 10000.0 0 10002.0 2.0 10003.0 3.0 10003.0 3.0 10002.0 10001.0 1.0 10003.0 3.0 10002.0 10003.0 10003.0 3.0 10003.0 10002.0 10003.0 10003.0 10001.0 10001.0 10001.0 10002.0 10003.0 3.0 10002.0 2.0 2.0 
20004.0 10004.0 20003.0 10003.0 20005.0 10005.0 20003.0 20003.0 20004.0 10004.0 20004.0 20004.0 20003.0 10003.0 20004.0 10004.0 20003.0 10003.0 20003.0 10003.0 20004.0 20004.0 20004.0 20004.0 20004.0 10004.0 20002.0 10002.0 20004.0 20003.0 20002.0 10002.0 0 10000.0 20004.0 10004.0 20003.0 10003.0 20002.0 20003.0 10003.0 20003.0 10003.0 20002.0 20003.0 20003.0 10003.0 20005.0 20003.0 20005.0 20004.0 20003.0 20003.0 20003.0 20004.0 20003.0 10003.0 20004.0 10004.0 10004.0 
10004.0 4.0 10003.0 3.0 10005.0 5.0 10003.0 10003.0 10004.0 4.0 10004.0 10004.0 10003.0 3.0 10004.0 4.0 10003.0 3.0 10003.0 3.0 10004.0 10004.0 10004.0 10004.0 10004.0 4.0 10002.0 2.0 10004.0 10003.0 10002.0 2.0 10000.0 0 10004.0 4.0 10003.0 3.0 10002.0 10003.0 3.0 10003.0 3.0 10002.0 10003.0 10003.0 3.0 10005.0 10003.0 10005.0 10004.0 10003.0 10003.0 10003.0 10004.0 10003.0 3.0 10004.0 4.0 4.0 
20003.0 10003.0 20002.0 10002.0 20002.0 10002.0 20003.0 20002.0 20003.0 10003.0 20003.0 20002.0 20002.0 10002.0 20002.0 10002.0 20003.0 10003.0 20002.0 10002.0 20002.0 20002.0 20004.0 20004.0 20001.0 10001.0 20002.0 10002.0 20003.0 20002.0 20003.0 10003.0 20004.0 10004.0 0 10000.0 20003.0 10003.0 20002.0 20003.0 10003.0 20003.0 10003.0 20002.0 20001.0 20003.0 10003.0 20004.0 20002.0 20002.0 20003.0 20003.0 20002.0 20003.0 20002.0 20003.0 10003.0 20003.0 10003.0 10003.0 
10003.0 3.0 10002.0 2.0 10002.0 2.0 10003.0 10002.0 10003.0 3.0 10003.0 10002.0 10002.0 2.0 10002.0 2.0 10003.0 3.0 10002.0 2.0 10002.0 10002.0 10004.0 10004.0 10001.0 1.0 10002.0 2.0 10003.0 10002.0 10003.0 3.0 10004.0 4.0 10000.0 0 10003.0 3.0 10002.0 10003.0 3.0 10003.0 3.0 10002.0 10001.0 10003.0 3.0 10004.0 10002.0 10002.0 10003.0 10003.0 10002.0 10003.0 10002.0 10003.0 3.0 10003.0 3.0 3.0 
20002.0 10002.0 20003.0 10003.0 20003.0 10003.0 20002.0 20003.0 20002.0 10002.0 20003.0 20002.0 20002.0 10002.0 20002.0 10002.0 20003.0 10003.0 20003.0 10003.0 20003.0 20003.0 20004.0 20004.0 20002.0 10002.0 20003.0 10003.0 20003.0 20002.0 20003.0 10003.0 20003.0 10003.0 20003.0 10003.0 0 10000.0 20003.0 20002.0 10002.0 20003.0 10003.0 20002.0 20002.0 20003.0 10003.0 20004.0 20002.0 20002.0 20002.0 20002.0 20002.0 20003.0 20003.0 20002.0 10002.0 20003.0 10003.0 10003.0 
10002.0 2.0 10003.0 3.0 10003.0 3.0 10002.0 10003.0 10002.0 2.0 10003.0 10002.0 10002.0 2.0 10002.0 2.0 10003.0 3.0 10003.0 3.0 10003.0 10003.0 10004.0 10004.0 10002.0 2.0 10003.0 3.0 10003.0 10002.0 10003.0 3.0 10003.0 3.0 10003.0 3.0 10000.0 0 10003.0 10002.0 2.0 10003.0 3.0 10002.0 10002.0 10003.0 3.0 10004.0 10002.0 10002.0 10002.0 10002.0 10002.0 10003.0 10003.0 10002.0 2.0 10003.0 3.0 3.0 
20002.0 10002.0 20002.0 10002.0 20003.0 10003.0 20003.0 20003.0 20002.0 10002.0 20002.0 20003.0 20002.0 10002.0 20003.0 10003.0 20001.0 10001.0 20003.0 10003.0 20002.0 20002.0 20003.0 20003.0 20003.0 10003.0 20000.0 10000.0 20002.0 20003.0 20002.0 10002.0 20002.0 10002.0 20002.0 10002.0 20003.0 10003.0 0 20003.0 10003.0 20002.0 10002.0 20002.0 20001.0 20003.0 10003.0 20003.0 20002.0 20003.0 20003.0 20003.0 20002.0 20001.0 20002.0 20003.0 10003.0 20002.0 10002.0 10003.0 
20004.0 10004.0 20003.0 10003.0 20003.0 10003.0 20003.0 20003.0 20003.0 10003.0 20003.0 20003.0 20003.0 10003.0 20003.0 10003.0 20002.0 10002.0 20003.0 10003.0 20002.0 20002.0 20004.0 20004.0 20003.0 10003.0 20003.0 10003.0 20003.0 20004.0 20001.0 10001.0 20003.0 10003.0 20003.0 10003.0 20002.0 10002.0 20003.0 0 10000.0 20003.0 10003.0 20003.0 20003.0 20004.0 10004.0 20004.0 20003.0 20002.0 20002.0 20000.0 20002.0 20002.0 20003.0 20003.0 10003.0 20002.0 10002.0 10003.0 
10004.0 4.0 10003.0 3.0 10003.0 3.0 10003.0 10003.0 10003.0 3.0 10003.0 10003.0 10003.0 3.0 10003.0 3.0 10002.0 2.0 10003.0 3.0 10002.0 10002.0 10004.0 10004.0 10003.0 3.0 10003.0 3.0 10003.0 10004.0 10001.0 1.0 10003.0 3.0 10003.0 3.0 10002.0 2.0 10003.0 10000.0 0 10003.0 3.0 10003.0 10003.0 10004.0 4.0 10004.0 10003.0 10002.0 10002.0 10000.0 10002.0 10002.0 10003.0 10003.0 3.0 10002.0 2.0 3.0 
20002.0 10002.0 20004.0 10004.0 20003.0 10003.0 20002.0 20002.0 20002.0 10002.0 20002.0 20003.0 20002.0 10002.0 20003.0 10003.0 20002.0 10002.0 20003.0 10003.0 20003.0 20003.0 20003.0 20003.0 20003.0 10003.0 20002.0 10002.0 20001.0 20003.0 20003.0 10003.0 20003.0 10003.0 20003.0 10003.0 20003.0 10003.0 20002.0 20003.0 10003.0 0 10000.0 20003.0 20002.0 20003.0 10003.0 20002.0 20002.0 20004.0 20003.0 20003.0 20002.0 20002.0 20003.0 20002.0 10002.0 20003.0 10003.0 10001.0 
10002.0 2.0 10004.0 4.0 10003.0 3.0 10002.0 10002.0 10002.0 2.0 10002.0 10003.0 10002.0 2.0 10003.0 3.0 10002.0 2.0 10003.0 3.0 10003.0 10003.0 10003.0 10003.0 10003.0 3.0 10002.0 2.0 10001.0 10003.0 10003.0 3.0 10003.0 3.0 10003.0 3.0 10003.0 3.0 10002.0 10003.0 3.0 10000.0 0 10003.0 10002.0 10003.0 3.0 10002.0 10002.0 10004.0 10003.0 10003.0 10002.0 10002.0 10003.0 10002.0 2.0 10003.0 3.0 1.0 
20002.0 10002.0 20002.0 10002.0 20003.0 10003.0 20003.0 20002.0 20002.0 10002.0 20002.0 20002.0 20003.0 10003.0 20002.0 10002.0 20002.0 10002.0 20001.0 10001.0 20002.0 20002.0 20003.0 20003.0 20003.0 10003.0 20002.0 10002.0 20003.0 20003.0 20002.0 10002.0 20002.0 10002.0 20002.0 10002.0 20002.0 10002.0 20002.0 20003.0 10003.0 20003.0 10003.0 0 20001.0 20003.0 10003.0 20003.0 20003.0 20003.0 20002.0 20003.0 20003.0 20002.0 20002.0 20002.0 10002.0 20003.0 10003.0 10002.0 
20003.0 10003.0 20002.0 10002.0 20003.0 10003.0 20002.0 20002.0 20003.0 10003.0 20002.0 20002.0 20003.0 10003.0 20002.0 10002.0 20002.0 10002.0 20002.0 10002.0 20001.0 20001.0 20004.0 20004.0 20002.0 10002.0 20001.0 10001.0 20003.0 20003.0 20003.0 10003.0 20003.0 10003.0 20001.0 10001.0 20002.0 10002.0 20001.0 20003.0 10003.0 20002.0 10002.0 20001.0 0 20002.0 10002.0 20004.0 20003.0 20003.0 20003.0 20003.0 20002.0 20002.0 20002.0 20002.0 10002.0 20003.0 10003.0 10003.0 
20001.0 10001.0 20004.0 10004.0 20002.0 10002.0 20004.0 20004.0 20003.0 10003.0 20004.0 20004.0 20002.0 10002.0 20004.0 10004.0 20003.0 10003.0 20003.0 10003.0 20003.0 20003.0 20003.0 20003.0 20003.0 10003.0 20003.0 10003.0 20003.0 20002.0 20003.0 10003.0 20003.0 10003.0 20003.0 10003.0 20003.0 10003.0 20003.0 20004.0 10004.0 20003.0 10003.0 20003.0 20002.0 0 10000.0 20003.0 20002.0 20002.0 20004.0 20004.0 20003.0 20003.0 20003.0 20004.0 10004.0 20002.0 10002.0 10002.0 
10001.0 1.0 10004.0 4.0 10002.0 2.0 10004.0 10004.0 10003.0 3.0 10004.0 10004.0 10002.0 2.0 10004.0 4.0 10003.0 3.0 10003.0 3.0 10003.0 10003.0 10003.0 10003.0 10003.0 3.0 10003.0 3.0 10003.0 10002.0 10003.0 3.0 10003.0 3.0 10003.0 3.0 10003.0 3.0 10003.0 10004.0 4.0 10003.0 3.0 10003.0 10002.0 10000.0 0 10003.0 10002.0 10002.0 10004.0 10004.0 10003.0 10003.0 10003.0 10004.0 4.0 10002.0 2.0 2.0 
20003.0 10003.0 20003.0 10003.0 20003.0 10003.0 20004.0 20004.0 20002.0 10002.0 20003.0 20002.0 20002.0 10002.0 20002.0 10002.0 20003.0 10003.0 20004.0 10004.0 20003.0 20003.0 20003.0 20003.0 20004.0 10004.0 20003.0 10003.0 20003.0 20003.0 20003.0 10003.0 20005.0 10005.0 20004.0 10004.0 20004.0 10004.0 20003.0 20004.0 10004.0 20002.0 10002.0 20003.0 20004.0 20003.0 10003.0 0 20002.0 20004.0 20003.0 20004.0 20002.0 20003.0 20003.0 20003.0 10003.0 20003.0 10003.0 10001.0 
20003.0 10003.0 20003.0 10003.0 20003.0 10003.0 20002.0 20003.0 20002.0 10002.0 20003.0 20002.0 20000.0 10000.0 20002.0 10002.0 20001.0 10001.0 20002.0 10002.0 20003.0 20003.0 20002.0 20002.0 20003.0 10003.0 20002.0 10002.0 20002.0 20002.0 20002.0 10002.0 20003.0 10003.0 20002.0 10002.0 20002.0 10002.0 20002.0 20003.0 10003.0 20002.0 10002.0 20003.0 20003.0 20002.0 10002.0 20002.0 0 20004.0 20003.0 20003.0 20002.0 20001.0 20002.0 20003.0 10003.0 20001.0 10001.0 10001.0 
20003.0 10003.0 20002.0 10002.0 20003.0 10003.0 20004.0 20003.0 20003.0 10003.0 20004.0 20003.0 20004.0 10004.0 20003.0 10003.0 20003.0 10003.0 20003.0 10003.0 20004.0 20004.0 20005.0 20005.0 20001.0 10001.0 20003.0 10003.0 20004.0 20004.0 20003.0 10003.0 20005.0 10005.0 20002.0 10002.0 20002.0 10002.0 20003.0 20002.0 10002.0 20004.0 10004.0 20003.0 20003.0 20002.0 10002.0 20004.0 20004.0 0 20002.0 20002.0 20003.0 20003.0 20003.0 20004.0 10004.0 20004.0 10004.0 10003.0 
20003.0 10003.0 20003.0 10003.0 20002.0 10002.0 20003.0 20002.0 20003.0 10003.0 20003.0 20003.0 20003.0 10003.0 20003.0 10003.0 20002.0 10002.0 20003.0 10003.0 20004.0 20004.0 20004.0 20004.0 20002.0 10002.0 20003.0 10003.0 20003.0 20003.0 20003.0 10003.0 20004.0 10004.0 20003.0 10003.0 20002.0 10002.0 20003.0 20002.0 10002.0 20003.0 10003.0 20002.0 20003.0 20004.0 10004.0 20003.0 20003.0 20002.0 0 20002.0 20003.0 20002.0 20002.0 20002.0 10002.0 20004.0 10004.0 10002.0 
20004.0 10004.0 20003.0 10003.0 20003.0 10003.0 20003.0 20003.0 20003.0 10003.0 20003.0 20003.0 20003.0 10003.0 20003.0 10003.0 20002.0 10002.0 20003.0 10003.0 20002.0 20002.0 20004.0 20004.0 20003.0 10003.0 20003.0 10003.0 20003.0 20004.0 20001.0 10001.0 20003.0 10003.0 20003.0 10003.0 20002.0 10002.0 20003.0 20000.0 10000.0 20003.0 10003.0 20003.0 20003.0 20004.0 10004.0 20004.0 20003.0 20002.0 20002.0 0 20002.0 20002.0 20003.0 20003.0 10003.0 20002.0 10002.0 10003.0 
20003.0 10003.0 20003.0 10003.0 20004.0 10004.0 20003.0 20002.0 20002.0 10002.0 20003.0 20002.0 20002.0 10002.0 20002.0 10002.0 20002.0 10002.0 20004.0 10004.0 20003.0 20003.0 20003.0 20003.0 20002.0 10002.0 20002.0 10002.0 20003.0 20003.0 20001.0 10001.0 20003.0 10003.0 20002.0 10002.0 20002.0 10002.0 20002.0 20002.0 10002.0 20002.0 10002.0 20003.0 20002.0 20003.0 10003.0 20002.0 20002.0 20003.0 20003.0 20002.0 0 20002.0 20003.0 20002.0 10002.0 20003.0 10003.0 10001.0 
20003.0 10003.0 20003.0 10003.0 20002.0 10002.0 20003.0 20002.0 20002.0 10002.0 20003.0 20003.0 20001.0 10001.0 20003.0 10003.0 20000.0 10000.0 20003.0 10003.0 20003.0 20003.0 20003.0 20003.0 20002.0 10002.0 20001.0 10001.0 20001.0 20002.0 20001.0 10001.0 20003.0 10003.0 20003.0 10003.0 20003.0 10003.0 20001.0 20002.0 10002.0 20002.0 10002.0 20002.0 20002.0 20003.0 10003.0 20003.0 20001.0 20003.0 20002.0 20002.0 20002.0 0 20001.0 20003.0 10003.0 20002.0 10002.0 10002.0 
20002.0 10002.0 20004.0 10004.0 20001.0 10001.0 20003.0 20002.0 20003.0 10003.0 20002.0 20003.0 20002.0 10002.0 20003.0 10003.0 20001.0 10001.0 20003.0 10003.0 20002.0 20002.0 20002.0 20002.0 20003.0 10003.0 20002.0 10002.0 20002.0 20003.0 20002.0 10002.0 20004.0 10004.0 20002.0 10002.0 20003.0 10003.0 20002.0 20003.0 10003.0 20003.0 10003.0 20002.0 20002.0 20003.0 10003.0 20003.0 20002.0 20003.0 20002.0 20003.0 20003.0 20001.0 0 20004.0 10004.0 20003.0 10003.0 10003.0 
20003.0 10003.0 20003.0 10003.0 20004.0 10004.0 20003.0 20002.0 20003.0 10003.0 20002.0 20002.0 20003.0 10003.0 20002.0 10002.0 20003.0 10003.0 20003.0 10003.0 20003.0 20003.0 20005.0 20005.0 20004.0 10004.0 20003.0 10003.0 20003.0 20003.0 20003.0 10003.0 20003.0 10003.0 20003.0 10003.0 20002.0 10002.0 20003.0 20003.0 10003.0 20002.0 10002.0 20002.0 20002.0 20004.0 10004.0 20003.0 20003.0 20004.0 20002.0 20003.0 20002.0 20003.0 20004.0 0 10000.0 20004.0 10004.0 10002.0 
10003.0 3.0 10003.0 3.0 10004.0 4.0 10003.0 10002.0 10003.0 3.0 10002.0 10002.0 10003.0 3.0 10002.0 2.0 10003.0 3.0 10003.0 3.0 10003.0 10003.0 10005.0 10005.0 10004.0 4.0 10003.0 3.0 10003.0 10003.0 10003.0 3.0 10003.0 3.0 10003.0 3.0 10002.0 2.0 10003.0 10003.0 3.0 10002.0 2.0 10002.0 10002.0 10004.0 4.0 10003.0 10003.0 10004.0 10002.0 10003.0 10002.0 10003.0 10004.0 10000.0 0 10004.0 4.0 2.0 
20003.0 10003.0 20003.0 10003.0 20003.0 10003.0 20003.0 20003.0 20003.0 10003.0 20004.0 20003.0 20001.0 10001.0 20003.0 10003.0 20002.0 10002.0 20003.0 10003.0 20002.0 20002.0 20003.0 20003.0 20003.0 10003.0 20002.0 10002.0 20003.0 20003.0 20002.0 10002.0 20004.0 10004.0 20003.0 10003.0 20003.0 10003.0 20002.0 20002.0 10002.0 20003.0 10003.0 20003.0 20003.0 20002.0 10002.0 20003.0 20001.0 20004.0 20004.0 20002.0 20003.0 20002.0 20003.0 20004.0 10004.0 0 10000.0 10002.0 
10003.0 3.0 10003.0 3.0 10003.0 3.0 10003.0 10003.0 10003.0 3.0 10004.0 10003.0 10001.0 1.0 10003.0 3.0 10002.0 2.0 10003.0 3.0 10002.0 10002.0 10003.0 10003.0 10003.0 3.0 10002.0 2.0 10003.0 10003.0 10002.0 2.0 10004.0 4.0 10003.0 3.0 10003.0 3.0 10002.0 10002.0 2.0 10003.0 3.0 10003.0 10003.0 10002.0 2.0 10003.0 10001.0 10004.0 10004.0 10002.0 10003.0 10002.0 10003.0 10004.0 4.0 10000.0 0 2.0 
10002.0 2.0 10003.0 3.0 10004.0 4.0 10003.0 10003.0 10001.0 1.0 10003.0 10002.0 10001.0 1.0 10002.0 2.0 10002.0 2.0 10003.0 3.0 10003.0 10003.0 10003.0 10003.0 10003.0 3.0 10003.0 3.0 10002.0 10002.0 10002.0 2.0 10004.0 4.0 10003.0 3.0 10003.0 3.0 10003.0 10003.0 3.0 10001.0 1.0 10002.0 10003.0 10002.0 2.0 10001.0 10001.0 10003.0 10002.0 10003.0 10001.0 10002.0 10003.0 10002.0 2.0 10002.0 2.0 0 
