29
94 32 62 7 21 87 82 48 14 45 53 42 44 60 99 22 70 66 13 34 52 72 11 36 43 65 61 54 85
0 8.0 24.0 31.0 33.0 19.0 23.0 30.0 23.0 28.0 32.0 30.0 29.0 16.0 22.0 23.0 23.0 17.0 23.0 30.0 18.0 8.0 10.0 6.0 14.0 13.0 21.0 13.0 7.0 
8.0 0 16.0 23.0 27.0 11.0 15.0 22.0 15.0 21.0 24.0 22.0 28.0 13.0 18.0 20.0 21.0 17.0 15.0 22.0 10.0 15.0 15.0 11.0 12.0 11.0 17.0 9.0 15.0 
24.0 16.0 0 7.0 11.0 8.0 12.0 19.0 22.0 28.0 21.0 16.0 21.0 22.0 26.0 27.0 30.0 28.0 16.0 25.0 26.0 30.0 30.0 26.0 28.0 26.0 28.0 25.0 26.0 
31.0 23.0 7.0 0 4.0 15.0 12.0 22.0 26.0 28.0 26.0 21.0 25.0 29.0 33.0 34.0 35.0 34.0 23.0 32.0 33.0 36.0 35.0 31.0 35.0 32.0 35.0 32.0 33.0 
33.0 27.0 11.0 4.0 0 17.0 16.0 18.0 22.0 24.0 22.0 17.0 24.0 30.0 33.0 37.0 37.0 36.0 27.0 36.0 37.0 40.0 36.0 35.0 39.0 36.0 38.0 29.0 36.0 
19.0 11.0 8.0 15.0 17.0 0 4.0 27.0 20.0 26.0 27.0 22.0 26.0 21.0 27.0 28.0 32.0 27.0 20.0 24.0 21.0 25.0 24.0 20.0 23.0 22.0 21.0 20.0 26.0 
23.0 15.0 12.0 12.0 16.0 4.0 0 31.0 24.0 27.0 28.0 23.0 26.0 24.0 30.0 31.0 34.0 30.0 24.0 20.0 22.0 29.0 27.0 24.0 25.0 24.0 24.0 24.0 22.0 
30.0 22.0 19.0 22.0 18.0 27.0 31.0 0 10.0 16.0 30.0 25.0 38.0 27.0 21.0 29.0 25.0 24.0 24.0 40.0 32.0 31.0 30.0 26.0 34.0 31.0 39.0 31.0 34.0 
23.0 15.0 22.0 26.0 22.0 20.0 24.0 10.0 0 6.0 20.0 15.0 30.0 17.0 11.0 19.0 15.0 20.0 14.0 30.0 22.0 22.0 21.0 17.0 24.0 24.0 32.0 24.0 27.0 
28.0 21.0 28.0 28.0 24.0 26.0 27.0 16.0 6.0 0 14.0 19.0 34.0 21.0 17.0 22.0 18.0 15.0 20.0 36.0 28.0 27.0 26.0 23.0 28.0 27.0 26.0 28.0 21.0 
32.0 24.0 21.0 26.0 22.0 27.0 28.0 30.0 20.0 14.0 0 5.0 21.0 24.0 30.0 31.0 32.0 28.0 26.0 40.0 34.0 32.0 36.0 33.0 36.0 35.0 40.0 33.0 35.0 
30.0 22.0 16.0 21.0 17.0 22.0 23.0 25.0 15.0 19.0 5.0 0 16.0 19.0 25.0 26.0 29.0 23.0 21.0 35.0 32.0 31.0 31.0 28.0 34.0 31.0 38.0 31.0 35.0 
29.0 28.0 21.0 25.0 24.0 26.0 26.0 38.0 30.0 34.0 21.0 16.0 0 16.0 22.0 23.0 25.0 19.0 25.0 41.0 34.0 29.0 31.0 27.0 34.0 34.0 42.0 35.0 34.0 
16.0 13.0 22.0 29.0 30.0 21.0 24.0 27.0 17.0 21.0 24.0 19.0 16.0 0 6.0 7.0 11.0 6.0 15.0 27.0 18.0 16.0 15.0 11.0 18.0 24.0 29.0 21.0 23.0 
22.0 18.0 26.0 33.0 33.0 27.0 30.0 21.0 11.0 17.0 30.0 25.0 22.0 6.0 0 9.0 5.0 11.0 21.0 33.0 24.0 16.0 19.0 17.0 23.0 27.0 35.0 27.0 29.0 
23.0 20.0 27.0 34.0 37.0 28.0 31.0 29.0 19.0 22.0 31.0 26.0 23.0 7.0 9.0 0 4.0 7.0 22.0 34.0 25.0 18.0 19.0 18.0 25.0 29.0 36.0 28.0 30.0 
23.0 21.0 30.0 35.0 37.0 32.0 34.0 25.0 15.0 18.0 32.0 29.0 25.0 11.0 5.0 4.0 0 6.0 26.0 37.0 25.0 18.0 15.0 18.0 24.0 31.0 38.0 30.0 29.0 
17.0 17.0 28.0 34.0 36.0 27.0 30.0 24.0 20.0 15.0 28.0 23.0 19.0 6.0 11.0 7.0 6.0 0 21.0 33.0 22.0 12.0 16.0 17.0 19.0 25.0 33.0 26.0 24.0 
23.0 15.0 16.0 23.0 27.0 20.0 24.0 24.0 14.0 20.0 26.0 21.0 25.0 15.0 21.0 22.0 26.0 21.0 0 16.0 20.0 18.0 22.0 23.0 22.0 12.0 18.0 24.0 18.0 
30.0 22.0 25.0 32.0 36.0 24.0 20.0 40.0 30.0 36.0 40.0 35.0 41.0 27.0 33.0 34.0 37.0 33.0 16.0 0 12.0 22.0 26.0 27.0 29.0 20.0 14.0 21.0 24.0 
18.0 10.0 26.0 33.0 37.0 21.0 22.0 32.0 22.0 28.0 34.0 32.0 34.0 18.0 24.0 25.0 25.0 22.0 20.0 12.0 0 10.0 14.0 15.0 17.0 21.0 25.0 19.0 22.0 
8.0 15.0 30.0 36.0 40.0 25.0 29.0 31.0 22.0 27.0 32.0 31.0 29.0 16.0 16.0 18.0 18.0 12.0 18.0 22.0 10.0 0 4.0 5.0 7.0 18.0 24.0 18.0 14.0 
10.0 15.0 30.0 35.0 36.0 24.0 27.0 30.0 21.0 26.0 36.0 31.0 31.0 15.0 19.0 19.0 15.0 16.0 22.0 26.0 14.0 4.0 0 4.0 11.0 21.0 26.0 19.0 15.0 
6.0 11.0 26.0 31.0 35.0 20.0 24.0 26.0 17.0 23.0 33.0 28.0 27.0 11.0 17.0 18.0 18.0 17.0 23.0 27.0 15.0 5.0 4.0 0 9.0 17.0 22.0 15.0 13.0 
14.0 12.0 28.0 35.0 39.0 23.0 25.0 34.0 24.0 28.0 36.0 34.0 34.0 18.0 23.0 25.0 24.0 19.0 22.0 29.0 17.0 7.0 11.0 9.0 0 11.0 17.0 14.0 7.0 
13.0 11.0 26.0 32.0 36.0 22.0 24.0 31.0 24.0 27.0 35.0 31.0 34.0 24.0 27.0 29.0 31.0 25.0 12.0 20.0 21.0 18.0 21.0 17.0 11.0 0 8.0 13.0 6.0 
21.0 17.0 28.0 35.0 38.0 21.0 24.0 39.0 32.0 26.0 40.0 38.0 42.0 29.0 35.0 36.0 38.0 33.0 18.0 14.0 25.0 24.0 26.0 22.0 17.0 8.0 0 9.0 14.0 
13.0 9.0 25.0 32.0 29.0 20.0 24.0 31.0 24.0 28.0 33.0 31.0 35.0 21.0 27.0 28.0 30.0 26.0 24.0 21.0 19.0 18.0 19.0 15.0 14.0 13.0 9.0 0 7.0 
7.0 15.0 26.0 33.0 36.0 26.0 22.0 34.0 27.0 21.0 35.0 35.0 34.0 23.0 29.0 30.0 29.0 24.0 18.0 24.0 22.0 14.0 15.0 13.0 7.0 6.0 14.0 7.0 0 
