17
v w l ac h af ai aq ap al am aj ak ao b c j
0 17.3 221.0 231.0 243.0 244.0 247.0 244.0 243.0 246.0 247.0 244.0 243.0 240.0 221.0 221.0 110.0 
17.3 0 221.0 231.0 243.0 244.0 247.0 244.0 243.0 246.0 247.0 244.0 243.0 240.0 221.0 221.0 110.0 
221.0 221.0 0 27.3 143.0 144.0 147.0 144.0 143.0 146.0 147.0 144.0 143.0 140.0 319.0 319.0 311.0 
231.0 231.0 27.3 0 153.0 154.0 157.0 154.0 153.0 156.0 157.0 154.0 153.0 150.0 329.0 329.0 321.0 
243.0 243.0 143.0 153.0 0 7.0 4.0 7.0 6.0 3.0 4.0 7.0 6.0 7.0 243.0 243.0 333.0 
244.0 244.0 144.0 154.0 7.0 0 3.0 4.0 7.0 10.0 7.0 4.0 7.0 4.0 244.0 244.0 334.0 
247.0 247.0 147.0 157.0 4.0 3.0 0 3.0 6.0 7.0 4.0 7.0 10.0 7.0 247.0 247.0 337.0 
244.0 244.0 144.0 154.0 7.0 4.0 3.0 0 3.0 6.0 3.0 4.0 7.0 4.0 244.0 244.0 334.0 
243.0 243.0 143.0 153.0 6.0 7.0 6.0 3.0 0 3.0 6.0 7.0 6.0 3.0 243.0 243.0 333.0 
246.0 246.0 146.0 156.0 3.0 10.0 7.0 6.0 3.0 0 3.0 6.0 3.0 6.0 246.0 246.0 336.0 
247.0 247.0 147.0 157.0 4.0 7.0 4.0 3.0 6.0 3.0 0 3.0 6.0 7.0 247.0 247.0 337.0 
244.0 244.0 144.0 154.0 7.0 4.0 7.0 4.0 7.0 6.0 3.0 0 3.0 4.0 244.0 244.0 334.0 
243.0 243.0 143.0 153.0 6.0 7.0 10.0 7.0 6.0 3.0 6.0 3.0 0 3.0 243.0 243.0 333.0 
240.0 240.0 140.0 150.0 7.0 4.0 7.0 4.0 3.0 6.0 7.0 4.0 3.0 0 240.0 240.0 330.0 
221.0 221.0 319.0 329.0 243.0 244.0 247.0 244.0 243.0 246.0 247.0 244.0 243.0 240.0 0 17.3 111.0 
221.0 221.0 319.0 329.0 243.0 244.0 247.0 244.0 243.0 246.0 247.0 244.0 243.0 240.0 17.3 0 111.0 
110.0 110.0 311.0 321.0 333.0 334.0 337.0 334.0 333.0 336.0 337.0 334.0 333.0 330.0 111.0 111.0 0 
