65
Durango bifurcate icon involuntary slowdown funny felony trill administer stanza numerology diligent McCall simulate Stephen PDP limitate inform millennium funky swordfish Rodney Simon Darwin catenate transfuse trimester postscript dull archive MN monotonous casserole anvil Winchester bat Curtis illusion yogurt encumbrance bunch Sunday whatsoever jewel shovel choice lexicon mitre spill thirteen broil barnacle softball car papal Irvin mack December Fisk swingy creekside Tucson extrovert Andersen woebegone
0 51.0 71.0 41.0 57.0 51.0 48.0 31.0 58.0 86.0 65.0 82.0 60.0 100.0 93.0 77.0 82.0 72.0 73.0 62.0 89.0 58.0 93.0 60.0 80.0 75.0 86.0 80.0 82.0 80.0 63.0 37.0 71.0 97.0 59.0 53.0 84.0 86.0 92.0 39.0 87.0 96.0 102.0 96.0 53.0 78.0 55.0 51.0 50.0 75.0 46.0 67.0 90.0 50.0 79.0 67.0 112.0 68.0 51.0 67.0 66.0 65.0 71.0 78.0 39.0 
51.0 0 108.0 92.0 108.0 102.0 79.0 82.0 97.0 113.0 116.0 133.0 111.0 140.0 129.0 118.0 123.0 101.0 102.0 113.0 126.0 109.0 91.0 111.0 126.0 88.0 79.0 78.0 100.0 97.0 72.0 88.0 93.0 133.0 110.0 104.0 84.0 72.0 84.0 90.0 116.0 138.0 132.0 95.0 103.0 104.0 106.0 102.0 101.0 126.0 97.0 118.0 110.0 96.0 115.0 84.0 121.0 119.0 102.0 101.0 117.0 105.0 118.0 127.0 90.0 
71.0 108.0 0 40.0 69.0 66.0 42.0 61.0 99.0 67.0 62.0 83.0 85.0 124.0 131.0 86.0 89.0 86.0 85.0 50.0 91.0 114.0 90.0 113.0 87.0 93.0 84.0 79.0 82.0 84.0 42.0 68.0 63.0 82.0 46.0 58.0 79.0 91.0 99.0 58.0 91.0 103.0 104.0 78.0 108.0 88.0 54.0 50.0 49.0 74.0 84.0 105.0 118.0 100.0 102.0 83.0 128.0 81.0 87.0 71.0 75.0 85.0 72.0 97.0 56.0 
41.0 92.0 40.0 0 29.0 53.0 68.0 71.0 65.0 55.0 44.0 52.0 73.0 111.0 111.0 88.0 93.0 112.0 113.0 90.0 70.0 98.0 82.0 92.0 73.0 76.0 78.0 86.0 98.0 97.0 73.0 78.0 66.0 87.0 53.0 65.0 83.0 85.0 81.0 63.0 72.0 85.0 107.0 66.0 68.0 48.0 14.0 10.0 9.0 34.0 44.0 65.0 104.0 68.0 92.0 102.0 99.0 55.0 84.0 100.0 89.0 74.0 73.0 110.0 61.0 
57.0 108.0 69.0 29.0 0 50.0 51.0 48.0 86.0 67.0 46.0 67.0 70.0 108.0 112.0 72.0 77.0 110.0 109.0 100.0 96.0 101.0 111.0 117.0 102.0 97.0 86.0 100.0 96.0 93.0 84.0 94.0 63.0 111.0 82.0 92.0 91.0 92.0 106.0 39.0 43.0 87.0 107.0 77.0 55.0 74.0 40.0 39.0 38.0 63.0 73.0 84.0 127.0 90.0 94.0 86.0 128.0 84.0 78.0 81.0 93.0 100.0 99.0 96.0 38.0 
51.0 102.0 66.0 53.0 50.0 0 24.0 34.0 72.0 78.0 57.0 52.0 20.0 58.0 69.0 90.0 95.0 81.0 82.0 60.0 98.0 87.0 97.0 100.0 73.0 91.0 80.0 107.0 75.0 77.0 63.0 84.0 42.0 71.0 84.0 94.0 75.0 87.0 70.0 27.0 77.0 101.0 79.0 76.0 71.0 68.0 42.0 45.0 44.0 87.0 84.0 95.0 101.0 78.0 81.0 71.0 110.0 81.0 56.0 58.0 96.0 81.0 89.0 83.0 25.0 
48.0 79.0 42.0 68.0 51.0 24.0 0 19.0 57.0 71.0 71.0 75.0 43.0 82.0 93.0 90.0 94.0 88.0 87.0 74.0 98.0 72.0 86.0 94.0 86.0 81.0 78.0 90.0 73.0 70.0 44.0 60.0 23.0 78.0 77.0 89.0 83.0 83.0 61.0 16.0 69.0 96.0 74.0 76.0 67.0 92.0 64.0 69.0 68.0 79.0 94.0 108.0 104.0 67.0 70.0 47.0 92.0 74.0 46.0 57.0 97.0 100.0 97.0 72.0 14.0 
31.0 82.0 61.0 71.0 48.0 34.0 19.0 0 38.0 80.0 72.0 80.0 54.0 92.0 94.0 85.0 80.0 93.0 92.0 73.0 107.0 53.0 67.0 91.0 98.0 98.0 87.0 85.0 58.0 55.0 63.0 68.0 42.0 82.0 77.0 84.0 82.0 84.0 80.0 12.0 72.0 84.0 86.0 85.0 51.0 76.0 65.0 79.0 78.0 60.0 77.0 93.0 89.0 63.0 66.0 58.0 103.0 58.0 50.0 53.0 97.0 94.0 83.0 68.0 10.0 
58.0 97.0 99.0 65.0 86.0 72.0 57.0 38.0 0 42.0 63.0 84.0 92.0 113.0 102.0 57.0 52.0 88.0 89.0 111.0 107.0 91.0 91.0 118.0 123.0 108.0 97.0 100.0 96.0 93.0 101.0 95.0 80.0 73.0 95.0 103.0 101.0 104.0 117.0 50.0 86.0 68.0 90.0 94.0 89.0 85.0 51.0 75.0 74.0 97.0 104.0 125.0 107.0 93.0 104.0 91.0 136.0 96.0 88.0 91.0 116.0 95.0 108.0 106.0 48.0 
86.0 113.0 67.0 55.0 67.0 78.0 71.0 80.0 42.0 0 21.0 42.0 58.0 113.0 104.0 65.0 70.0 57.0 58.0 80.0 68.0 105.0 101.0 104.0 81.0 101.0 90.0 79.0 78.0 75.0 69.0 76.0 79.0 49.0 81.0 76.0 92.0 97.0 87.0 85.0 59.0 68.0 90.0 52.0 106.0 98.0 64.0 45.0 46.0 72.0 99.0 100.0 85.0 78.0 93.0 76.0 112.0 83.0 100.0 98.0 92.0 90.0 77.0 110.0 83.0 
65.0 116.0 62.0 44.0 46.0 57.0 71.0 72.0 63.0 21.0 0 21.0 40.0 92.0 89.0 44.0 49.0 78.0 79.0 59.0 89.0 101.0 91.0 99.0 66.0 87.0 84.0 78.0 69.0 72.0 67.0 55.0 58.0 70.0 65.0 55.0 79.0 89.0 66.0 64.0 68.0 47.0 69.0 31.0 85.0 85.0 51.0 54.0 53.0 78.0 88.0 95.0 100.0 95.0 87.0 82.0 91.0 62.0 91.0 77.0 99.0 69.0 72.0 101.0 62.0 
82.0 133.0 83.0 52.0 67.0 52.0 75.0 80.0 84.0 42.0 21.0 0 32.0 94.0 83.0 38.0 43.0 76.0 75.0 80.0 94.0 122.0 85.0 108.0 87.0 66.0 77.0 99.0 90.0 93.0 84.0 76.0 79.0 91.0 63.0 75.0 82.0 82.0 87.0 68.0 52.0 58.0 80.0 52.0 87.0 72.0 38.0 62.0 61.0 84.0 96.0 93.0 121.0 96.0 84.0 103.0 112.0 83.0 107.0 98.0 98.0 86.0 93.0 122.0 70.0 
60.0 111.0 85.0 73.0 70.0 20.0 43.0 54.0 92.0 58.0 40.0 32.0 0 78.0 89.0 70.0 75.0 98.0 97.0 62.0 103.0 107.0 117.0 115.0 93.0 80.0 90.0 103.0 84.0 81.0 78.0 95.0 62.0 91.0 91.0 95.0 93.0 96.0 90.0 47.0 57.0 85.0 91.0 56.0 90.0 88.0 62.0 65.0 64.0 107.0 104.0 98.0 111.0 98.0 99.0 90.0 130.0 101.0 76.0 78.0 97.0 101.0 109.0 103.0 45.0 
100.0 140.0 124.0 111.0 108.0 58.0 82.0 92.0 113.0 113.0 92.0 94.0 78.0 0 11.0 56.0 61.0 94.0 93.0 118.0 136.0 138.0 103.0 126.0 131.0 106.0 95.0 122.0 101.0 98.0 102.0 128.0 100.0 125.0 96.0 108.0 90.0 102.0 115.0 85.0 80.0 76.0 98.0 113.0 129.0 126.0 100.0 103.0 102.0 130.0 129.0 121.0 112.0 134.0 116.0 67.0 112.0 92.0 114.0 116.0 98.0 104.0 117.0 94.0 83.0 
93.0 129.0 131.0 111.0 112.0 69.0 93.0 94.0 102.0 104.0 89.0 83.0 89.0 11.0 0 45.0 50.0 83.0 82.0 117.0 140.0 127.0 92.0 115.0 142.0 117.0 106.0 111.0 90.0 87.0 91.0 117.0 111.0 114.0 85.0 97.0 101.0 113.0 118.0 87.0 69.0 65.0 87.0 102.0 138.0 131.0 97.0 114.0 113.0 119.0 118.0 110.0 101.0 125.0 105.0 78.0 123.0 103.0 114.0 111.0 87.0 93.0 106.0 83.0 85.0 
77.0 118.0 86.0 88.0 72.0 90.0 90.0 85.0 57.0 65.0 44.0 38.0 70.0 56.0 45.0 0 5.0 38.0 37.0 72.0 100.0 91.0 47.0 70.0 110.0 83.0 72.0 66.0 65.0 64.0 46.0 72.0 67.0 69.0 40.0 52.0 77.0 76.0 73.0 88.0 29.0 20.0 42.0 57.0 93.0 110.0 76.0 85.0 84.0 74.0 91.0 70.0 98.0 91.0 78.0 76.0 121.0 76.0 69.0 75.0 85.0 48.0 61.0 99.0 90.0 
82.0 123.0 89.0 93.0 77.0 95.0 94.0 80.0 52.0 70.0 49.0 43.0 75.0 61.0 50.0 5.0 0 36.0 37.0 72.0 105.0 86.0 42.0 75.0 115.0 85.0 77.0 61.0 69.0 66.0 51.0 77.0 72.0 74.0 43.0 55.0 82.0 81.0 69.0 83.0 34.0 25.0 47.0 62.0 88.0 113.0 81.0 90.0 89.0 79.0 90.0 75.0 100.0 96.0 83.0 81.0 126.0 81.0 74.0 80.0 80.0 43.0 56.0 96.0 85.0 
72.0 101.0 86.0 112.0 110.0 81.0 88.0 93.0 88.0 57.0 78.0 76.0 98.0 94.0 83.0 38.0 36.0 0 1.0 36.0 77.0 101.0 78.0 101.0 107.0 69.0 69.0 39.0 47.0 44.0 68.0 94.0 89.0 101.0 78.0 90.0 74.0 76.0 89.0 81.0 67.0 58.0 80.0 82.0 112.0 105.0 114.0 102.0 103.0 111.0 97.0 82.0 78.0 91.0 62.0 109.0 145.0 72.0 43.0 59.0 69.0 79.0 92.0 79.0 83.0 
73.0 102.0 85.0 113.0 109.0 82.0 87.0 92.0 89.0 58.0 79.0 75.0 97.0 93.0 82.0 37.0 37.0 1.0 0 35.0 76.0 102.0 79.0 102.0 108.0 70.0 70.0 40.0 48.0 45.0 69.0 95.0 90.0 100.0 77.0 89.0 75.0 77.0 90.0 80.0 66.0 57.0 79.0 83.0 113.0 106.0 113.0 103.0 104.0 111.0 98.0 83.0 79.0 92.0 63.0 110.0 146.0 73.0 44.0 60.0 70.0 80.0 93.0 80.0 82.0 
62.0 113.0 50.0 90.0 100.0 60.0 74.0 73.0 111.0 80.0 59.0 80.0 62.0 118.0 117.0 72.0 72.0 36.0 35.0 0 41.0 95.0 114.0 115.0 107.0 105.0 97.0 75.0 58.0 55.0 81.0 70.0 92.0 65.0 86.0 98.0 102.0 95.0 90.0 77.0 74.0 82.0 104.0 84.0 97.0 122.0 96.0 100.0 99.0 81.0 91.0 93.0 89.0 91.0 62.0 88.0 133.0 94.0 65.0 79.0 59.0 105.0 92.0 90.0 75.0 
89.0 126.0 91.0 70.0 96.0 98.0 98.0 107.0 107.0 68.0 89.0 94.0 103.0 136.0 140.0 100.0 105.0 77.0 76.0 41.0 0 54.0 89.0 130.0 120.0 82.0 93.0 106.0 99.0 96.0 54.0 80.0 75.0 106.0 110.0 108.0 98.0 98.0 111.0 109.0 115.0 120.0 142.0 90.0 102.0 90.0 56.0 80.0 79.0 102.0 100.0 121.0 121.0 109.0 103.0 95.0 140.0 110.0 99.0 83.0 58.0 96.0 108.0 109.0 109.0 
58.0 109.0 114.0 98.0 101.0 87.0 72.0 53.0 91.0 105.0 101.0 122.0 107.0 138.0 127.0 91.0 86.0 101.0 102.0 95.0 54.0 0 44.0 85.0 125.0 87.0 90.0 112.0 103.0 100.0 91.0 95.0 95.0 108.0 88.0 98.0 95.0 94.0 71.0 65.0 76.0 96.0 118.0 115.0 104.0 121.0 87.0 91.0 92.0 92.0 104.0 117.0 95.0 55.0 84.0 104.0 144.0 63.0 82.0 98.0 95.0 110.0 123.0 100.0 63.0 
93.0 91.0 90.0 82.0 111.0 97.0 86.0 67.0 91.0 101.0 91.0 85.0 117.0 103.0 92.0 47.0 42.0 78.0 79.0 114.0 89.0 44.0 0 41.0 81.0 43.0 46.0 68.0 77.0 74.0 79.0 105.0 100.0 78.0 44.0 56.0 51.0 53.0 27.0 77.0 70.0 67.0 89.0 89.0 104.0 122.0 88.0 88.0 87.0 86.0 115.0 94.0 89.0 75.0 62.0 101.0 100.0 97.0 81.0 97.0 100.0 84.0 97.0 67.0 75.0 
60.0 111.0 113.0 92.0 117.0 100.0 94.0 91.0 118.0 104.0 99.0 108.0 115.0 126.0 115.0 70.0 75.0 101.0 102.0 115.0 130.0 85.0 41.0 0 57.0 84.0 83.0 98.0 75.0 72.0 83.0 97.0 95.0 113.0 67.0 79.0 88.0 90.0 68.0 94.0 87.0 90.0 102.0 119.0 108.0 112.0 78.0 102.0 101.0 96.0 106.0 110.0 101.0 83.0 70.0 109.0 112.0 111.0 89.0 96.0 92.0 100.0 89.0 107.0 94.0 
80.0 126.0 87.0 73.0 102.0 73.0 86.0 98.0 123.0 81.0 66.0 87.0 93.0 131.0 142.0 110.0 115.0 107.0 108.0 107.0 120.0 125.0 81.0 57.0 0 38.0 49.0 79.0 98.0 95.0 89.0 115.0 105.0 105.0 94.0 82.0 54.0 54.0 69.0 90.0 92.0 93.0 115.0 97.0 128.0 119.0 85.0 83.0 82.0 39.0 74.0 95.0 113.0 80.0 105.0 109.0 125.0 92.0 91.0 107.0 94.0 109.0 96.0 130.0 88.0 
75.0 88.0 93.0 76.0 97.0 91.0 81.0 98.0 108.0 101.0 87.0 66.0 80.0 106.0 117.0 83.0 85.0 69.0 70.0 105.0 82.0 87.0 43.0 84.0 38.0 0 11.0 41.0 67.0 64.0 51.0 77.0 72.0 101.0 56.0 44.0 16.0 16.0 31.0 88.0 54.0 94.0 95.0 87.0 96.0 115.0 90.0 86.0 85.0 77.0 96.0 95.0 82.0 42.0 67.0 71.0 87.0 54.0 53.0 69.0 102.0 86.0 99.0 99.0 88.0 
86.0 79.0 84.0 78.0 86.0 80.0 78.0 87.0 97.0 90.0 84.0 77.0 90.0 95.0 106.0 72.0 77.0 69.0 70.0 97.0 93.0 90.0 46.0 83.0 49.0 11.0 0 30.0 56.0 53.0 61.0 79.0 82.0 93.0 45.0 33.0 5.0 7.0 20.0 79.0 43.0 83.0 103.0 77.0 86.0 104.0 85.0 77.0 78.0 88.0 90.0 84.0 79.0 39.0 58.0 62.0 76.0 57.0 64.0 77.0 100.0 75.0 88.0 88.0 77.0 
80.0 78.0 79.0 86.0 100.0 107.0 90.0 85.0 100.0 79.0 78.0 99.0 103.0 122.0 111.0 66.0 61.0 39.0 40.0 75.0 106.0 112.0 68.0 98.0 79.0 41.0 30.0 0 32.0 30.0 52.0 78.0 67.0 75.0 45.0 57.0 35.0 37.0 50.0 84.0 57.0 86.0 103.0 47.0 89.0 107.0 97.0 90.0 91.0 91.0 89.0 68.0 64.0 69.0 48.0 71.0 106.0 87.0 69.0 53.0 73.0 82.0 80.0 65.0 86.0 
82.0 100.0 82.0 98.0 96.0 75.0 73.0 58.0 96.0 78.0 69.0 90.0 84.0 101.0 90.0 65.0 69.0 47.0 48.0 58.0 99.0 103.0 77.0 75.0 98.0 67.0 56.0 32.0 0 3.0 45.0 66.0 66.0 86.0 61.0 51.0 61.0 52.0 50.0 57.0 82.0 85.0 92.0 56.0 71.0 96.0 85.0 108.0 107.0 64.0 62.0 41.0 37.0 50.0 21.0 69.0 114.0 66.0 37.0 21.0 61.0 61.0 48.0 38.0 59.0 
80.0 97.0 84.0 97.0 93.0 77.0 70.0 55.0 93.0 75.0 72.0 93.0 81.0 98.0 87.0 64.0 66.0 44.0 45.0 55.0 96.0 100.0 74.0 72.0 95.0 64.0 53.0 30.0 3.0 0 42.0 63.0 63.0 83.0 59.0 48.0 58.0 49.0 47.0 54.0 79.0 84.0 95.0 53.0 68.0 93.0 83.0 107.0 106.0 67.0 59.0 38.0 34.0 47.0 18.0 66.0 111.0 69.0 40.0 24.0 58.0 64.0 51.0 35.0 56.0 
63.0 72.0 42.0 73.0 84.0 63.0 44.0 63.0 101.0 69.0 67.0 84.0 78.0 102.0 91.0 46.0 51.0 68.0 69.0 81.0 54.0 91.0 79.0 83.0 89.0 51.0 61.0 52.0 45.0 42.0 0 26.0 21.0 80.0 65.0 77.0 66.0 54.0 57.0 57.0 67.0 66.0 88.0 36.0 67.0 92.0 84.0 83.0 82.0 61.0 87.0 80.0 76.0 82.0 60.0 41.0 86.0 58.0 45.0 29.0 69.0 87.0 79.0 55.0 55.0 
37.0 88.0 68.0 78.0 94.0 84.0 60.0 68.0 95.0 76.0 55.0 76.0 95.0 128.0 117.0 72.0 77.0 94.0 95.0 70.0 80.0 95.0 105.0 97.0 115.0 77.0 79.0 78.0 66.0 63.0 26.0 0 47.0 106.0 91.0 90.0 74.0 80.0 83.0 76.0 93.0 92.0 114.0 62.0 90.0 115.0 92.0 88.0 87.0 87.0 83.0 101.0 97.0 87.0 81.0 67.0 112.0 84.0 71.0 55.0 95.0 95.0 84.0 81.0 74.0 
71.0 93.0 63.0 66.0 63.0 42.0 23.0 42.0 80.0 79.0 58.0 79.0 62.0 100.0 111.0 67.0 72.0 89.0 90.0 92.0 75.0 95.0 100.0 95.0 105.0 72.0 82.0 67.0 66.0 63.0 21.0 47.0 0 63.0 76.0 88.0 81.0 75.0 78.0 37.0 81.0 87.0 97.0 57.0 53.0 78.0 63.0 76.0 75.0 82.0 108.0 101.0 97.0 88.0 72.0 62.0 107.0 60.0 66.0 50.0 90.0 105.0 94.0 76.0 37.0 
97.0 133.0 82.0 87.0 111.0 71.0 78.0 82.0 73.0 49.0 70.0 91.0 91.0 125.0 114.0 69.0 74.0 101.0 100.0 65.0 106.0 108.0 78.0 113.0 105.0 101.0 93.0 75.0 86.0 83.0 80.0 106.0 63.0 0 52.0 64.0 90.0 94.0 105.0 82.0 79.0 49.0 71.0 100.0 99.0 115.0 81.0 94.0 95.0 78.0 76.0 97.0 60.0 60.0 89.0 65.0 110.0 91.0 116.0 107.0 115.0 104.0 91.0 105.0 80.0 
59.0 110.0 46.0 53.0 82.0 84.0 77.0 77.0 95.0 81.0 65.0 63.0 91.0 96.0 85.0 40.0 43.0 78.0 77.0 86.0 110.0 88.0 44.0 67.0 94.0 56.0 45.0 45.0 61.0 59.0 65.0 91.0 76.0 52.0 0 12.0 50.0 52.0 65.0 69.0 45.0 60.0 58.0 84.0 100.0 98.0 64.0 63.0 62.0 79.0 80.0 86.0 93.0 54.0 77.0 57.0 102.0 83.0 96.0 82.0 74.0 68.0 81.0 77.0 67.0 
53.0 104.0 58.0 65.0 92.0 94.0 89.0 84.0 103.0 76.0 55.0 75.0 95.0 108.0 97.0 52.0 55.0 90.0 89.0 98.0 108.0 98.0 56.0 79.0 82.0 44.0 33.0 57.0 51.0 48.0 77.0 90.0 88.0 64.0 12.0 0 38.0 40.0 53.0 81.0 57.0 67.0 70.0 86.0 106.0 86.0 52.0 75.0 74.0 91.0 92.0 86.0 82.0 66.0 66.0 69.0 109.0 90.0 88.0 72.0 86.0 80.0 93.0 83.0 79.0 
84.0 84.0 79.0 83.0 91.0 75.0 83.0 82.0 101.0 92.0 79.0 82.0 93.0 90.0 101.0 77.0 82.0 74.0 75.0 102.0 98.0 95.0 51.0 88.0 54.0 16.0 5.0 35.0 61.0 58.0 66.0 74.0 81.0 90.0 50.0 38.0 0 12.0 25.0 74.0 48.0 88.0 108.0 82.0 87.0 108.0 87.0 82.0 83.0 93.0 85.0 89.0 84.0 44.0 63.0 67.0 71.0 62.0 69.0 79.0 95.0 73.0 86.0 93.0 72.0 
86.0 72.0 91.0 85.0 92.0 87.0 83.0 84.0 104.0 97.0 89.0 82.0 96.0 102.0 113.0 76.0 81.0 76.0 77.0 95.0 98.0 94.0 53.0 90.0 54.0 16.0 7.0 37.0 52.0 49.0 54.0 80.0 75.0 94.0 52.0 40.0 12.0 0 27.0 72.0 49.0 90.0 110.0 84.0 93.0 111.0 92.0 84.0 85.0 93.0 94.0 87.0 81.0 41.0 51.0 55.0 83.0 50.0 68.0 73.0 105.0 82.0 95.0 84.0 74.0 
92.0 84.0 99.0 81.0 106.0 70.0 61.0 80.0 117.0 87.0 66.0 87.0 90.0 115.0 118.0 73.0 69.0 89.0 90.0 90.0 111.0 71.0 27.0 68.0 69.0 31.0 20.0 50.0 50.0 47.0 57.0 83.0 78.0 105.0 65.0 53.0 25.0 27.0 0 76.0 63.0 93.0 115.0 69.0 77.0 102.0 92.0 91.0 90.0 107.0 98.0 85.0 62.0 52.0 65.0 80.0 95.0 77.0 84.0 71.0 105.0 83.0 96.0 82.0 75.0 
39.0 90.0 58.0 63.0 39.0 27.0 16.0 12.0 50.0 85.0 64.0 68.0 47.0 85.0 87.0 88.0 83.0 81.0 80.0 77.0 109.0 65.0 77.0 94.0 90.0 88.0 79.0 84.0 57.0 54.0 57.0 76.0 37.0 82.0 69.0 81.0 74.0 72.0 76.0 0 66.0 90.0 88.0 77.0 63.0 87.0 53.0 72.0 71.0 72.0 85.0 92.0 88.0 51.0 58.0 50.0 95.0 68.0 41.0 45.0 94.0 89.0 81.0 60.0 2.0 
87.0 116.0 91.0 72.0 43.0 77.0 69.0 72.0 86.0 59.0 68.0 52.0 57.0 80.0 69.0 29.0 34.0 67.0 66.0 74.0 115.0 76.0 70.0 87.0 92.0 54.0 43.0 57.0 82.0 79.0 67.0 93.0 81.0 79.0 45.0 57.0 48.0 49.0 63.0 66.0 0 44.0 64.0 79.0 98.0 105.0 83.0 82.0 81.0 63.0 62.0 41.0 91.0 82.0 95.0 102.0 112.0 72.0 68.0 84.0 95.0 77.0 90.0 92.0 65.0 
96.0 138.0 103.0 85.0 87.0 101.0 96.0 84.0 68.0 68.0 47.0 58.0 85.0 76.0 65.0 20.0 25.0 58.0 57.0 82.0 120.0 96.0 67.0 90.0 93.0 94.0 83.0 86.0 85.0 84.0 66.0 92.0 87.0 49.0 60.0 67.0 88.0 90.0 93.0 90.0 44.0 0 22.0 77.0 113.0 119.0 85.0 95.0 94.0 54.0 85.0 64.0 109.0 102.0 98.0 84.0 129.0 96.0 67.0 83.0 100.0 68.0 81.0 101.0 90.0 
102.0 132.0 104.0 107.0 107.0 79.0 74.0 86.0 90.0 90.0 69.0 80.0 91.0 98.0 87.0 42.0 47.0 80.0 79.0 104.0 142.0 118.0 89.0 102.0 115.0 95.0 103.0 103.0 92.0 95.0 88.0 114.0 97.0 71.0 58.0 70.0 108.0 110.0 115.0 88.0 64.0 22.0 0 88.0 102.0 127.0 99.0 117.0 116.0 76.0 107.0 86.0 119.0 112.0 96.0 106.0 130.0 118.0 89.0 105.0 110.0 90.0 103.0 106.0 87.0 
96.0 95.0 78.0 66.0 77.0 76.0 76.0 85.0 94.0 52.0 31.0 52.0 56.0 113.0 102.0 57.0 62.0 82.0 83.0 84.0 90.0 115.0 89.0 119.0 97.0 87.0 77.0 47.0 56.0 53.0 36.0 62.0 57.0 100.0 84.0 86.0 82.0 84.0 69.0 77.0 79.0 77.0 88.0 0 64.0 89.0 80.0 58.0 57.0 97.0 109.0 91.0 87.0 90.0 71.0 77.0 106.0 93.0 81.0 65.0 77.0 90.0 103.0 88.0 75.0 
53.0 103.0 108.0 68.0 55.0 71.0 67.0 51.0 89.0 106.0 85.0 87.0 90.0 129.0 138.0 93.0 88.0 112.0 113.0 97.0 102.0 104.0 104.0 108.0 128.0 96.0 86.0 89.0 71.0 68.0 67.0 90.0 53.0 99.0 100.0 106.0 87.0 93.0 77.0 63.0 98.0 113.0 102.0 64.0 0 25.0 54.0 77.0 77.0 92.0 99.0 106.0 102.0 89.0 86.0 99.0 114.0 90.0 100.0 92.0 54.0 62.0 75.0 103.0 61.0 
78.0 104.0 88.0 48.0 74.0 68.0 92.0 76.0 85.0 98.0 85.0 72.0 88.0 126.0 131.0 110.0 113.0 105.0 106.0 122.0 90.0 121.0 122.0 112.0 119.0 115.0 104.0 107.0 96.0 93.0 92.0 115.0 78.0 115.0 98.0 86.0 108.0 111.0 102.0 87.0 105.0 119.0 127.0 89.0 25.0 0 34.0 58.0 57.0 80.0 92.0 113.0 114.0 92.0 111.0 115.0 137.0 88.0 117.0 117.0 79.0 87.0 93.0 109.0 86.0 
55.0 106.0 54.0 14.0 40.0 42.0 64.0 65.0 51.0 64.0 51.0 38.0 62.0 100.0 97.0 76.0 81.0 114.0 113.0 96.0 56.0 87.0 88.0 78.0 85.0 90.0 85.0 97.0 85.0 83.0 84.0 92.0 63.0 81.0 64.0 52.0 87.0 92.0 92.0 53.0 83.0 85.0 99.0 80.0 54.0 34.0 0 24.0 23.0 46.0 58.0 79.0 98.0 58.0 87.0 101.0 113.0 54.0 83.0 98.0 82.0 60.0 59.0 97.0 55.0 
51.0 102.0 50.0 10.0 39.0 45.0 69.0 79.0 75.0 45.0 54.0 62.0 65.0 103.0 114.0 85.0 90.0 102.0 103.0 100.0 80.0 91.0 88.0 102.0 83.0 86.0 77.0 90.0 108.0 107.0 83.0 88.0 76.0 94.0 63.0 75.0 82.0 84.0 91.0 72.0 82.0 95.0 117.0 58.0 77.0 58.0 24.0 0 1.0 44.0 54.0 75.0 114.0 78.0 102.0 98.0 108.0 65.0 94.0 103.0 99.0 72.0 83.0 120.0 70.0 
50.0 101.0 49.0 9.0 38.0 44.0 68.0 78.0 74.0 46.0 53.0 61.0 64.0 102.0 113.0 84.0 89.0 103.0 104.0 99.0 79.0 92.0 87.0 101.0 82.0 85.0 78.0 91.0 107.0 106.0 82.0 87.0 75.0 95.0 62.0 74.0 83.0 85.0 90.0 71.0 81.0 94.0 116.0 57.0 77.0 57.0 23.0 1.0 0 43.0 53.0 74.0 113.0 77.0 101.0 99.0 108.0 64.0 93.0 102.0 98.0 73.0 82.0 119.0 69.0 
75.0 126.0 74.0 34.0 63.0 87.0 79.0 60.0 97.0 72.0 78.0 84.0 107.0 130.0 119.0 74.0 79.0 111.0 111.0 81.0 102.0 92.0 86.0 96.0 39.0 77.0 88.0 91.0 64.0 67.0 61.0 87.0 82.0 78.0 79.0 91.0 93.0 93.0 107.0 72.0 63.0 54.0 76.0 97.0 92.0 80.0 46.0 44.0 43.0 0 35.0 56.0 74.0 94.0 85.0 102.0 108.0 57.0 86.0 85.0 55.0 81.0 94.0 102.0 70.0 
46.0 97.0 84.0 44.0 73.0 84.0 94.0 77.0 104.0 99.0 88.0 96.0 104.0 129.0 118.0 91.0 90.0 97.0 98.0 91.0 100.0 104.0 115.0 106.0 74.0 96.0 90.0 89.0 62.0 59.0 87.0 83.0 108.0 76.0 80.0 92.0 85.0 94.0 98.0 85.0 62.0 85.0 107.0 109.0 99.0 92.0 58.0 54.0 53.0 35.0 0 21.0 93.0 96.0 77.0 97.0 135.0 92.0 97.0 83.0 47.0 93.0 106.0 94.0 85.0 
67.0 118.0 105.0 65.0 84.0 95.0 108.0 93.0 125.0 100.0 95.0 93.0 98.0 121.0 110.0 70.0 75.0 82.0 83.0 93.0 121.0 117.0 94.0 110.0 95.0 95.0 84.0 68.0 41.0 38.0 80.0 101.0 101.0 97.0 86.0 86.0 89.0 87.0 85.0 92.0 41.0 64.0 86.0 91.0 106.0 113.0 79.0 75.0 74.0 56.0 21.0 0 72.0 85.0 56.0 104.0 149.0 107.0 78.0 62.0 68.0 102.0 89.0 73.0 94.0 
90.0 110.0 118.0 104.0 127.0 101.0 104.0 89.0 107.0 85.0 100.0 121.0 111.0 112.0 101.0 98.0 100.0 78.0 79.0 89.0 121.0 95.0 89.0 101.0 113.0 82.0 79.0 64.0 37.0 34.0 76.0 97.0 97.0 60.0 93.0 82.0 84.0 81.0 62.0 88.0 91.0 109.0 119.0 87.0 102.0 114.0 98.0 114.0 113.0 74.0 93.0 72.0 0 40.0 52.0 90.0 135.0 82.0 74.0 58.0 92.0 98.0 85.0 69.0 90.0 
50.0 96.0 100.0 68.0 90.0 78.0 67.0 63.0 93.0 78.0 95.0 96.0 98.0 134.0 125.0 91.0 96.0 91.0 92.0 91.0 109.0 55.0 75.0 83.0 80.0 42.0 39.0 69.0 50.0 47.0 82.0 87.0 88.0 60.0 54.0 66.0 44.0 41.0 52.0 51.0 82.0 102.0 112.0 90.0 89.0 92.0 58.0 78.0 77.0 94.0 96.0 85.0 40.0 0 29.0 83.0 115.0 42.0 71.0 71.0 83.0 111.0 98.0 82.0 53.0 
79.0 115.0 102.0 92.0 94.0 81.0 70.0 66.0 104.0 93.0 87.0 84.0 99.0 116.0 105.0 78.0 83.0 62.0 63.0 62.0 103.0 84.0 62.0 70.0 105.0 67.0 58.0 48.0 21.0 18.0 60.0 81.0 72.0 89.0 77.0 66.0 63.0 51.0 65.0 58.0 95.0 98.0 96.0 71.0 86.0 111.0 87.0 102.0 101.0 85.0 77.0 56.0 52.0 29.0 0 54.0 99.0 71.0 58.0 42.0 76.0 82.0 69.0 53.0 56.0 
67.0 84.0 83.0 102.0 86.0 71.0 47.0 58.0 91.0 76.0 82.0 103.0 90.0 67.0 78.0 76.0 81.0 109.0 110.0 88.0 95.0 104.0 101.0 109.0 109.0 71.0 62.0 71.0 69.0 66.0 41.0 67.0 62.0 65.0 57.0 69.0 67.0 55.0 80.0 50.0 102.0 84.0 106.0 77.0 99.0 115.0 101.0 98.0 99.0 102.0 97.0 104.0 90.0 83.0 54.0 0 45.0 99.0 86.0 70.0 50.0 96.0 102.0 62.0 48.0 
112.0 121.0 128.0 99.0 128.0 110.0 92.0 103.0 136.0 112.0 91.0 112.0 130.0 112.0 123.0 121.0 126.0 145.0 146.0 133.0 140.0 144.0 100.0 112.0 125.0 87.0 76.0 106.0 114.0 111.0 86.0 112.0 107.0 110.0 102.0 109.0 71.0 83.0 95.0 95.0 112.0 129.0 130.0 106.0 114.0 137.0 113.0 108.0 108.0 108.0 135.0 149.0 135.0 115.0 99.0 45.0 0 90.0 119.0 115.0 95.0 141.0 147.0 107.0 93.0 
68.0 119.0 81.0 55.0 84.0 81.0 74.0 58.0 96.0 83.0 62.0 83.0 101.0 92.0 103.0 76.0 81.0 72.0 73.0 94.0 110.0 63.0 97.0 111.0 92.0 54.0 57.0 87.0 66.0 69.0 58.0 84.0 60.0 91.0 83.0 90.0 62.0 50.0 77.0 68.0 72.0 96.0 118.0 93.0 90.0 88.0 54.0 65.0 64.0 57.0 92.0 107.0 82.0 42.0 71.0 99.0 90.0 0 29.0 45.0 83.0 103.0 90.0 83.0 67.0 
51.0 102.0 87.0 84.0 78.0 56.0 46.0 50.0 88.0 100.0 91.0 107.0 76.0 114.0 114.0 69.0 74.0 43.0 44.0 65.0 99.0 82.0 81.0 89.0 91.0 53.0 64.0 69.0 37.0 40.0 45.0 71.0 66.0 116.0 96.0 88.0 69.0 68.0 84.0 41.0 68.0 67.0 89.0 81.0 100.0 117.0 83.0 94.0 93.0 86.0 97.0 78.0 74.0 71.0 58.0 86.0 119.0 29.0 0 16.0 96.0 91.0 85.0 75.0 40.0 
67.0 101.0 71.0 100.0 81.0 58.0 57.0 53.0 91.0 98.0 77.0 98.0 78.0 116.0 111.0 75.0 80.0 59.0 60.0 79.0 83.0 98.0 97.0 96.0 107.0 69.0 77.0 53.0 21.0 24.0 29.0 55.0 50.0 107.0 82.0 72.0 79.0 73.0 71.0 45.0 84.0 83.0 105.0 65.0 92.0 117.0 98.0 103.0 102.0 85.0 83.0 62.0 58.0 71.0 42.0 70.0 115.0 45.0 16.0 0 80.0 75.0 69.0 59.0 43.0 
66.0 117.0 75.0 89.0 93.0 96.0 97.0 97.0 116.0 92.0 99.0 98.0 97.0 98.0 87.0 85.0 80.0 69.0 70.0 59.0 58.0 95.0 100.0 92.0 94.0 102.0 100.0 73.0 61.0 58.0 69.0 95.0 90.0 115.0 74.0 86.0 95.0 105.0 105.0 94.0 95.0 100.0 110.0 77.0 54.0 79.0 82.0 99.0 98.0 55.0 47.0 68.0 92.0 83.0 76.0 50.0 95.0 83.0 96.0 80.0 0 46.0 59.0 88.0 92.0 
65.0 105.0 85.0 74.0 100.0 81.0 100.0 94.0 95.0 90.0 69.0 86.0 101.0 104.0 93.0 48.0 43.0 79.0 80.0 105.0 96.0 110.0 84.0 100.0 109.0 86.0 75.0 82.0 61.0 64.0 87.0 95.0 105.0 104.0 68.0 80.0 73.0 82.0 83.0 89.0 77.0 68.0 90.0 90.0 62.0 87.0 60.0 72.0 73.0 81.0 93.0 102.0 98.0 111.0 82.0 96.0 141.0 103.0 91.0 75.0 46.0 0 13.0 53.0 89.0 
71.0 118.0 72.0 73.0 99.0 89.0 97.0 83.0 108.0 77.0 72.0 93.0 109.0 117.0 106.0 61.0 56.0 92.0 93.0 92.0 108.0 123.0 97.0 89.0 96.0 99.0 88.0 80.0 48.0 51.0 79.0 84.0 94.0 91.0 81.0 93.0 86.0 95.0 96.0 81.0 90.0 81.0 103.0 103.0 75.0 93.0 59.0 83.0 82.0 94.0 106.0 89.0 85.0 98.0 69.0 102.0 147.0 90.0 85.0 69.0 59.0 13.0 0 40.0 83.0 
78.0 127.0 97.0 110.0 96.0 83.0 72.0 68.0 106.0 110.0 101.0 122.0 103.0 94.0 83.0 99.0 96.0 79.0 80.0 90.0 109.0 100.0 67.0 107.0 130.0 99.0 88.0 65.0 38.0 35.0 55.0 81.0 76.0 105.0 77.0 83.0 93.0 84.0 82.0 60.0 92.0 101.0 106.0 88.0 103.0 109.0 97.0 120.0 119.0 102.0 94.0 73.0 69.0 82.0 53.0 62.0 107.0 83.0 75.0 59.0 88.0 53.0 40.0 0 58.0 
39.0 90.0 56.0 61.0 38.0 25.0 14.0 10.0 48.0 83.0 62.0 70.0 45.0 83.0 85.0 90.0 85.0 83.0 82.0 75.0 109.0 63.0 75.0 94.0 88.0 88.0 77.0 86.0 59.0 56.0 55.0 74.0 37.0 80.0 67.0 79.0 72.0 74.0 75.0 2.0 65.0 90.0 87.0 75.0 61.0 86.0 55.0 70.0 69.0 70.0 85.0 94.0 90.0 53.0 56.0 48.0 93.0 67.0 40.0 43.0 92.0 89.0 83.0 58.0 0 
