17
felony Dominican swordfish Irvin decor McCall sacrifice Sicilian Halstead lordosis Tucson Bernini Injun tate combine Iowa exothermic
0 192896337.0 403729711.0 70807727.0 206065430.0 898072193.0 1852879868.0 1330371858.0 1830886393.0 1166607356.0 1685877225.0 1614084679.0 1878628774.0 1430542402.0 1577590473.0 1250960627.0 196778423.0 
192896337.0 0 339750447.0 263704064.0 398961767.0 958744737.0 1756660218.0 1523268195.0 1956159281.0 1315571658.0 1664754042.0 1633625131.0 1921696188.0 1543079798.0 1403239600.0 1281165192.0 389674760.0 
403729711.0 339750447.0 0 474537438.0 609795141.0 718122171.0 1449150157.0 1726662993.0 1871032413.0 1460103940.0 1990183331.0 1569637180.0 1975016755.0 1203329351.0 1265278824.0 1066584607.0 490275007.0 
70807727.0 263704064.0 474537438.0 0 135257703.0 943329515.0 1869322741.0 1259564131.0 1760078666.0 1213225983.0 1729343049.0 1642075548.0 1883152078.0 1359734675.0 1514470116.0 1289186544.0 267586150.0 
206065430.0 398961767.0 609795141.0 135257703.0 0 1078587218.0 2004580444.0 1177861064.0 1624820963.0 1206649492.0 1829590260.0 1777333251.0 1924103077.0 1494992378.0 1649727819.0 1424444247.0 402843853.0 
898072193.0 958744737.0 718122171.0 943329515.0 1078587218.0 0 1278633067.0 1160302307.0 1919157525.0 1302485591.0 1330313019.0 1284840017.0 1280858732.0 1852571845.0 1604501703.0 1784706778.0 1041836188.0 
1852879868.0 1756660218.0 1449150157.0 1869322741.0 2004580444.0 1278633067.0 0 1315884983.0 2134994854.0 2581118658.0 2608946086.0 2003594768.0 1982945637.0 2652479508.0 1540151112.0 2308700337.0 1774390701.0 
1330371858.0 1523268195.0 1726662993.0 1259564131.0 1177861064.0 1160302307.0 1315884983.0 0 819109871.0 1392408184.0 1667183130.0 1208437414.0 1715484523.0 1383287525.0 2032155531.0 1812583304.0 1527150281.0 
1830886393.0 1956159281.0 1871032413.0 1760078666.0 1624820963.0 1919157525.0 2134994854.0 819109871.0 0 1205751262.0 2290467990.0 1963146762.0 2337109545.0 1739779553.0 1880939613.0 2060888176.0 1741627308.0 
1166607356.0 1315571658.0 1460103940.0 1213225983.0 1206649492.0 1302485591.0 2581118658.0 1392408184.0 1205751262.0 0 1084716728.0 1449164062.0 1550330721.0 1237305026.0 2060097921.0 2046735515.0 969828933.0 
1685877225.0 1664754042.0 1990183331.0 1729343049.0 1829590260.0 1330313019.0 2608946086.0 1667183130.0 2290467990.0 1084716728.0 0 692263760.0 1361917298.0 1818126175.0 1536091613.0 1963757202.0 1747845493.0 
1614084679.0 1633625131.0 1569637180.0 1642075548.0 1777333251.0 1284840017.0 2003594768.0 1208437414.0 1963146762.0 1449164062.0 692263760.0 0 669653538.0 1255664572.0 1124546573.0 1615357133.0 1496212690.0 
1878628774.0 1921696188.0 1975016755.0 1883152078.0 1924103077.0 1280858732.0 1982945637.0 1715484523.0 2337109545.0 1550330721.0 1361917298.0 669653538.0 0 1762711681.0 1061680799.0 1415231427.0 1691708756.0 
1430542402.0 1543079798.0 1203329351.0 1359734675.0 1494992378.0 1852571845.0 2652479508.0 1383287525.0 1739779553.0 1237305026.0 1818126175.0 1255664572.0 1762711681.0 0 2153570373.0 1558934809.0 1263462206.0 
1577590473.0 1403239600.0 1265278824.0 1514470116.0 1649727819.0 1604501703.0 1540151112.0 2032155531.0 1880939613.0 2060097921.0 1536091613.0 1124546573.0 1061680799.0 2153570373.0 0 768549225.0 1689782664.0 
1250960627.0 1281165192.0 1066584607.0 1289186544.0 1424444247.0 1784706778.0 2308700337.0 1812583304.0 2060888176.0 2046735515.0 1963757202.0 1615357133.0 1415231427.0 1558934809.0 768549225.0 0 1076906582.0 
196778423.0 389674760.0 490275007.0 267586150.0 402843853.0 1041836188.0 1774390701.0 1527150281.0 1741627308.0 969828933.0 1747845493.0 1496212690.0 1691708756.0 1263462206.0 1689782664.0 1076906582.0 0 
