31
24 15 43 45 47 85 22 78 30 87 46 44 52 20 76 38 42 79 59 53 41 18 64 33 40 67 82 27 91 88 5
0 0.42597 0.29628 0.44860999999999995 0.38827 0.6363000000000001 0.70234 0.5661400000000001 0.69547 0.76453 0.7295400000000001 0.70021 0.60119 0.7564 0.69733 0.49300999999999995 0.40329 0.5994 0.50525 0.53982 0.33661 0.5398799999999999 0.5888 0.26808 0.58086 0.56925 0.5499499999999999 0.6979 0.65541 0.39519 0.14455 
0.42597 0 0.18121 0.33354 0.46383 0.50753 0.59005 0.38375000000000004 0.47685 0.62428 0.6089100000000001 0.58604 0.55064 0.57826 0.73394 0.5469999999999999 0.57801 0.37448 0.4145 0.37625 0.31016 0.44781 0.45528 0.17601 0.48958 0.47666 0.44722999999999996 0.51346 0.55452 0.19656 0.2816 
0.29628 0.18121 0 0.15233 0.33816 0.5179400000000001 0.603 0.44565 0.56843 0.63903 0.54115 0.40483 0.52449 0.5001 0.55972 0.36579 0.39680000000000004 0.31122 0.46745000000000003 0.47446 0.48129 0.53225 0.551 0.26174 0.67076 0.585 0.59553 0.60699 0.52837 0.31163 0.15173 
0.44861 0.33354 0.15233 0 0.18583 0.44562999999999997 0.68643 0.47423999999999994 0.61755 0.66847 0.60086 0.54755 0.3831 0.53831 0.60714 0.45859000000000005 0.36887000000000003 0.38065 0.31512 0.43265 0.61121 0.56871 0.39867 0.41406999999999994 0.62164 0.5640799999999999 0.6285399999999999 0.64684 0.57742 0.33797999999999995 0.30406 
0.38827 0.46383 0.33816 0.18583 0 0.2598 0.5005999999999999 0.54347 0.66738 0.7210300000000001 0.58894 0.5884 0.49219 0.40958 0.42131 0.27276 0.18304 0.31566 0.46113000000000004 0.5786600000000001 0.5769299999999999 0.56445 0.39415 0.36724999999999997 0.7808900000000001 0.73251 0.72008 0.77175 0.68672 0.43023999999999996 0.24372 
0.6363000000000001 0.5075299999999999 0.5179400000000001 0.44562999999999997 0.2598 0 0.2408 0.45077999999999996 0.67019 0.75917 0.45189999999999997 0.48061 0.47336 0.31815 0.4678 0.38626 0.44284 0.57546 0.67051 0.68305 0.6819999999999999 0.74773 0.65395 0.47593 0.84677 0.7509600000000001 0.7488600000000001 0.63268 0.55502 0.52023 0.50276 
0.70234 0.59005 0.603 0.6864299999999999 0.5005999999999999 0.2408 0 0.40807 0.62748 0.72496 0.50837 0.50118 0.59491 0.55895 0.64742 0.6270600000000001 0.6836399999999999 0.81626 0.91119 0.9238500000000001 0.90021 0.9823999999999999 0.8947499999999999 0.71673 1.03482 0.89968 0.91636 0.7727700000000001 0.52081 0.51303 0.7041 
0.5661400000000001 0.38375000000000004 0.44565 0.47424 0.54347 0.45078 0.40807 0 0.21941 0.38264000000000004 0.41728 0.39470000000000005 0.44588 0.46787 0.54265 0.6087100000000001 0.6194 0.65717 0.7822900000000002 0.7515700000000001 0.6469100000000001 0.77396 0.7704900000000001 0.54512 0.7843800000000001 0.58674 0.5996 0.59809 0.51682 0.24767 0.42159 
0.69547 0.47685 0.56843 0.61755 0.66738 0.67019 0.62748 0.21941 0 0.20343 0.55948 0.6141099999999999 0.64325 0.6872799999999999 0.76206 0.82812 0.82979 0.83008 0.8908499999999999 0.8314999999999999 0.7254700000000001 0.84527 0.89902 0.6526 0.73966 0.46152 0.52598 0.54308 0.37242 0.34194 0.5510999999999999 
0.76453 0.62428 0.63903 0.66847 0.7210300000000001 0.75917 0.72496 0.38264000000000004 0.20343 0 0.35605 0.49237 0.5697 0.58324 0.62861 0.7575400000000001 0.7885500000000001 0.84772 0.9705 0.93396 0.87808 0.95538 0.96472 0.73768 0.8744700000000001 0.65295 0.71741 0.74651 0.57585 0.42772 0.6216999999999999 
0.7295400000000001 0.6089100000000001 0.54115 0.60086 0.58894 0.45189999999999997 0.50837 0.41728 0.55948 0.35605 0 0.13632 0.30854 0.22719 0.41678 0.48906 0.56305 0.7285299999999999 0.91598 0.95105 0.89137 0.99903 0.87411 0.74697 1.0201 0.87164 0.89966 0.87625 0.6086199999999999 0.4997 0.62344 
0.70021 0.58604 0.40483 0.54755 0.5884 0.48061 0.50118 0.39470000000000005 0.61411 0.49237 0.13632 0 0.19777 0.35297999999999996 0.40979 0.35274 0.42673 0.61533 0.8450799999999999 0.87693 0.88612 0.93648 0.79701 0.66468 1.04275 0.90035 0.9262 0.76657 0.6014299999999999 0.51383 0.55566 
0.60119 0.55064 0.52449 0.3831 0.49219 0.47336 0.59491 0.44588 0.64325 0.5697 0.30854 0.19777 0 0.15521 0.25003000000000003 0.30561000000000005 0.39337 0.41999 0.68704 0.80457 0.8138000000000001 0.77889 0.77059 0.54401 0.93632 0.86867 0.84622 0.82124 0.61247 0.44088 0.50716 
0.7564 0.57826 0.5001 0.53831 0.40958 0.31815 0.55895 0.46787 0.68728 0.58324 0.22719 0.35297999999999996 0.15521 0 0.19672 0.27888999999999997 0.35808 0.57098 0.83803 0.91363 0.88842 0.9340999999999999 0.76075 0.69922 1.06784 0.93906 0.96719 0.8397399999999999 0.7003299999999999 0.55348 0.61709 
0.69733 0.7339399999999999 0.55972 0.60714 0.42131 0.4678 0.64742 0.54265 0.76206 0.62861 0.41678 0.40979 0.25003000000000003 0.19672 0 0.28215 0.37006 0.6165499999999999 0.866 0.92695 0.95088 0.98117 0.79794 0.75195 1.13196 1.01468 1.03922 0.90726 0.74204 0.62551 0.63041 
0.49300999999999995 0.547 0.36579 0.45859 0.27276 0.38626 0.62706 0.6087100000000001 0.8281200000000001 0.7575400000000001 0.48906 0.35274 0.30561000000000005 0.27888999999999997 0.28215 0 0.08972 0.34468 0.61173 0.67492 0.7982499999999999 0.79339 0.62426 0.5623900000000001 1.00209 0.95079 0.93655 0.92679 0.8395699999999999 0.56652 0.51648 
0.40329 0.57801 0.39680000000000004 0.36887000000000003 0.18304 0.44284 0.68364 0.6194 0.82979 0.7885500000000001 0.56305 0.42673 0.39337 0.35808 0.37006 0.08972 0 0.26069 0.5276 0.64513 0.7399 0.7094 0.53454 0.5502900000000001 0.95586 0.90335 0.90312 0.91981 0.78937 0.56941 0.42676000000000003 
0.5993999999999999 0.37448 0.31122 0.38065 0.31566 0.57546 0.81626 0.65717 0.83008 0.84772 0.7285299999999999 0.61533 0.41999 0.57098 0.6165499999999999 0.34468 0.26069 0 0.26705 0.38458000000000003 0.5268200000000001 0.44871 0.3506 0.39261999999999997 0.76152 0.7617 0.74408 0.8685 0.8135 0.48814 0.45485 
0.50525 0.4145 0.46745000000000003 0.31512 0.46113000000000004 0.67051 0.91119 0.78229 0.89085 0.9705 0.91598 0.8450799999999999 0.68704 0.83803 0.866 0.61173 0.5276 0.26705 0 0.11753 0.37809 0.25359 0.08355 0.23849 0.60689 0.67937 0.6499400000000001 0.8694 0.84926 0.55176 0.3607 
0.53982 0.37625 0.47446 0.43265 0.57866 0.68305 0.9238500000000001 0.7515700000000001 0.8314999999999999 0.93396 0.95105 0.87693 0.80457 0.91363 0.92695 0.67492 0.64513 0.38458000000000003 0.11753 0 0.26695 0.37112 0.20107999999999998 0.35602 0.5047 0.5787100000000001 0.5518900000000001 0.8762800000000001 0.8054399999999999 0.50677 0.47823000000000004 
0.33661 0.31016 0.48129 0.61121 0.5769299999999999 0.6819999999999999 0.90021 0.6469100000000001 0.7254700000000001 0.87808 0.89137 0.88612 0.8138000000000001 0.88842 0.95088 0.7982499999999999 0.7399 0.5268200000000001 0.37809 0.26695 0 0.20617 0.46164 0.47797 0.5502 0.31437000000000004 0.28494 0.6594800000000001 0.61989 0.45972 0.48116000000000003 
0.5398799999999999 0.44781 0.53225 0.56871 0.56445 0.74773 0.9823999999999999 0.77396 0.84527 0.95538 0.9990300000000001 0.93648 0.77889 0.9340999999999999 0.98117 0.79339 0.7094 0.44871 0.25359 0.37112 0.20617 0 0.2997 0.2718 0.75637 0.52054 0.49111 0.76608 0.82606 0.52804 0.39532999999999996 
0.5888 0.45528 0.551 0.39867 0.39415 0.65395 0.89475 0.7704900000000001 0.89902 0.96472 0.87411 0.79701 0.77059 0.76075 0.79794 0.62426 0.53454 0.3506 0.08355 0.20107999999999998 0.46164 0.2997 0 0.32204 0.69044 0.72924 0.70292 0.95295 0.88447 0.63531 0.44425000000000003 
0.26808 0.17601 0.26174 0.41406999999999994 0.36724999999999997 0.47593 0.71673 0.54512 0.6526 0.73768 0.7469699999999999 0.66468 0.54401 0.69922 0.75195 0.5623900000000001 0.55029 0.39261999999999997 0.23849 0.35602 0.47797 0.2718 0.32204 0 0.50463 0.51698 0.48396 0.65733 0.63457 0.31327 0.12353 
0.5808599999999999 0.48958 0.67076 0.62164 0.7808900000000001 0.84677 1.03482 0.78438 0.73966 0.8744700000000001 1.0201 1.04275 0.93632 1.06784 1.13196 1.00209 0.95586 0.76152 0.60689 0.5047 0.5502 0.75637 0.69044 0.50463 0 0.43633 0.41331 0.59002 0.85249 0.62654 0.53723 
0.56925 0.47666 0.585 0.5640799999999999 0.73251 0.7509600000000001 0.89968 0.58674 0.46152 0.65295 0.87164 0.90035 0.86867 0.93906 1.01468 0.95079 0.90335 0.7617 0.67937 0.5787100000000001 0.31437000000000004 0.52054 0.72924 0.51698 0.43633 0 0.06446 0.439 0.8308399999999999 0.47817000000000004 0.48878999999999995 
0.5499499999999999 0.44723 0.59553 0.62854 0.72008 0.7488600000000001 0.91636 0.5996 0.52598 0.71741 0.89966 0.9262 0.84622 0.96719 1.03922 0.93655 0.90312 0.74408 0.6499400000000001 0.55189 0.28494 0.49111000000000005 0.70292 0.48396 0.41330999999999996 0.06446 0 0.37454 0.76638 0.41371 0.55325 
0.6979 0.51346 0.60699 0.64684 0.77175 0.63268 0.7727700000000001 0.59809 0.54308 0.74651 0.87625 0.76657 0.82124 0.8397399999999999 0.90726 0.92679 0.91981 0.8685 0.8694 0.8762800000000001 0.65948 0.76608 0.95295 0.65733 0.59002 0.439 0.37454 0 0.39184 0.38036000000000003 0.56694 
0.65541 0.55452 0.52837 0.57742 0.68672 0.55502 0.52081 0.51682 0.37242 0.57585 0.6086199999999999 0.60143 0.61247 0.7003299999999999 0.74204 0.8395699999999999 0.78937 0.8135 0.84926 0.8054399999999999 0.61989 0.82606 0.88447 0.63457 0.85249 0.83084 0.7663800000000001 0.39184 0 0.50974 0.5110399999999999 
0.39519 0.19656 0.31163 0.33798 0.43024 0.52023 0.51303 0.24767 0.34194 0.42772 0.4997 0.51383 0.44088 0.55348 0.62551 0.56652 0.56941 0.48814 0.55176 0.50677 0.45972 0.52804 0.63531 0.31327 0.62654 0.47817000000000004 0.41371 0.38036000000000003 0.50974 0 0.25064 
0.14455 0.2816 0.15173 0.30406 0.24372 0.50276 0.7041 0.42159 0.5510999999999999 0.6216999999999999 0.62344 0.55566 0.50716 0.61709 0.63041 0.51648 0.42676000000000003 0.45485 0.3607 0.47823000000000004 0.48116000000000003 0.39532999999999996 0.44425000000000003 0.12353 0.53723 0.48879 0.55325 0.56694 0.5110399999999999 0.25064 0 
