28
28 16 29 86 4 18 39 77 1 87 3 31 99 54 14 35 10 7 70 11 96 83 19 15 49 53 50 55
0 22.63703 19.93068 39.48792999999999 65.86085 72.89260999999999 35.30259 25.05475 29.429949999999998 56.277829999999994 52.438199999999995 55.25874 39.78666 30.354039999999998 53.198209999999996 38.3946 17.36591 44.004419999999996 36.30856 58.18985 47.63455999999999 56.21021999999999 58.84515999999999 45.85048 47.88305 27.499339999999997 48.859399999999994 54.321279999999994 
22.63703 0 2.70635 22.2636 53.01679 60.04855 30.09026 14.711409999999999 14.197429999999999 41.04531 29.80117 38.034409999999994 44.821 22.59445 36.72092 26.239259999999998 22.40025 33.66108 30.836409999999997 63.22418999999999 32.40204 33.57319 41.62083 41.24677 32.650529999999996 12.26682 37.142959999999995 55.03519 
19.93068 2.70635 0 19.55725 50.31044 57.3422 27.38391 12.00506 11.49108 38.33896 32.50752 35.32806 42.11465 19.8881 35.259339999999995 23.532909999999998 19.6939 30.954729999999998 28.13006 60.51784 29.69569 36.27954 38.91448 42.64882 29.94418 9.56047 34.43661 52.32884 
39.48793 22.2636 19.55725 0 60.399249999999995 67.43101 46.941159999999996 31.562309999999997 28.87454 41.93955 46.06115 40.073809999999995 53.67251 37.27156 52.6428 40.91637 31.251759999999997 37.13373 47.68731 70.74031 10.66993 36.154669999999996 45.07808 53.19889 49.50143 29.11772 53.99386 51.378299999999996 
65.86085 53.01678999999999 50.31043999999999 60.399249999999995 0 7.03176 52.56658 43.194559999999996 38.81936 65.66724 62.00411 70.42308 69.11894 47.21638 62.58762 50.86119 48.49494 62.14422999999999 67.43759 79.68549 57.02397 82.52709999999999 79.17506 70.44207 61.13368 40.74997 65.62611 83.51834 
72.89260999999999 60.04854999999999 57.34219999999999 67.43101 7.03176 0 45.53482 50.226319999999994 45.85112 72.699 69.03587 77.45483999999999 76.1507 54.24814 69.61938 57.89295 55.5267 69.17599 74.46934999999999 86.71725 64.05573 88.86513 86.20682 77.47382999999999 65.1484 47.781729999999996 72.65787 90.55009999999999 
35.30259 30.09026 27.38391 46.941159999999996 52.56658 45.53482 0 39.38896999999999 38.87499 65.72287 44.296499999999995 52.715469999999996 57.93693 47.272009999999995 51.216249999999995 50.916819999999994 46.54582 58.33864 55.51397 76.34012 57.0796 61.97797 66.29839 55.7421 38.26124 36.944379999999995 61.820519999999995 63.92312 
25.05475 14.711409999999999 12.00506 31.562309999999997 43.194559999999996 50.226319999999994 39.38897 0 4.3751999999999995 31.22308 27.559949999999997 35.978919999999995 30.10959 12.772219999999999 28.143459999999997 16.417029999999997 7.68884 18.94967 26.63149 48.51278 22.57981 48.2846 40.869679999999995 36.17341 22.8283 2.44459 27.320729999999998 40.32378 
29.429949999999998 14.197429999999999 11.49108 28.87454 38.81936 45.85112 38.87499 4.3751999999999995 0 26.84788 23.184749999999998 31.60372 34.48479 8.39702 23.768259999999998 12.04183 12.064039999999999 23.32487 29.571279999999998 52.88798 18.20461 47.63812 40.3557 40.54861 22.31432 1.93061 26.80675 44.69898 
56.277829999999994 41.04531 38.33896 41.93955 65.66724 72.699 65.72287 31.22308 26.84788 0 50.03263 58.4516 61.33266999999999 35.2449 50.61614 38.88971 38.91192 50.17275 56.41915999999999 79.73586 31.26962 74.48599999999999 67.20357999999999 67.39649 49.1622 28.77849 53.65463 71.54686 
52.438199999999995 29.80117 32.50752 46.06115 62.00411 69.03586999999999 44.296499999999995 27.559949999999997 23.184749999999998 50.03263 0 18.34413 47.05203 31.58177 28.56789 35.22658 35.24879 24.06647 34.76634 65.45522 39.526529999999994 55.66391 36.19569 22.54043 19.33102 25.11536 49.991499999999995 44.970099999999995 
55.258739999999996 38.03441 35.32806 40.073809999999995 70.42308 77.45483999999999 52.715469999999996 35.978919999999995 31.60372 58.4516 18.34413 0 65.39616 40.00074 36.98686 28.628069999999997 43.13928 42.4106 41.16054 78.29378 47.945499999999996 38.35546 51.944959999999995 40.88456 37.67515 33.53433 41.31335 54.04289 
39.78666 44.821 42.11465 53.67251 69.11894 76.1507 57.93693 30.10959 34.48479 61.33266999999999 47.05203 65.39616 0 34.20474 58.253049999999995 43.449439999999996 22.42075 49.059259999999995 41.3634 52.21505 52.68939999999999 69.24355 58.18872999999999 33.15801 52.937889999999996 32.55418 52.49945 58.17198 
30.354039999999998 22.59445 19.8881 37.27156 47.21638 54.24814 47.272009999999995 12.772219999999999 8.39702 35.2449 31.581769999999995 40.00073999999999 34.20474 0 32.165279999999996 20.43885 12.98813 31.72189 31.93078 52.607929999999996 26.60163 56.03514 48.75272 40.26856 30.71134 10.32763 35.20377 48.73936 
53.198209999999996 36.72092 35.259339999999995 52.642799999999994 62.58762 69.61938 51.21625 28.143459999999997 23.768259999999998 50.61614 28.56789 36.98686 58.253049999999995 32.165279999999996 0 19.882089999999998 35.8323 47.09313 52.259859999999996 76.65624 41.97287 39.79051 63.04428 51.10832 46.08257999999999 25.69887 50.57501 54.927249999999994 
38.3946 26.239259999999998 23.532909999999998 40.91637 50.86119 57.89295 50.916819999999994 16.417029999999997 12.04183 38.88971 35.22658 28.628069999999997 43.449439999999996 20.43885 19.882089999999998 0 21.02869 35.366699999999994 39.97134 61.85263 30.24644 43.75195 52.397529999999996 49.51326 34.35615 13.972439999999999 38.84858 43.20081999999999 
17.36591 22.40025 19.6939 31.251759999999997 48.49494 55.5267 46.54582 7.68884 12.06404 38.91192 35.24879 43.13928 22.42075 12.98813 35.8323 21.02869 0 26.63851 18.94265 40.82394 30.268649999999997 46.822799999999994 48.55852 28.484569999999998 30.517139999999998 10.13343 31.49349 36.955369999999995 
44.004419999999996 33.66108 30.954729999999998 37.13373 62.14422999999999 69.17599 58.33864 18.94967 23.32487 50.17275 24.06647 42.4106 49.059259999999995 31.72189 47.09313 35.3667 26.63851 0 41.42118 67.46244999999999 41.52948 67.23427 59.81935 46.606899999999996 41.777969999999996 21.39426 46.270399999999995 59.27345 
36.30856 30.83641 28.13006 47.68731 67.43759 74.46934999999999 55.51397 26.63149 29.571279999999998 56.41916 34.76634 41.16054 41.3634 31.93078 52.259859999999996 39.97134 18.94265 41.42118 0 59.76659 41.50351 60.873999999999995 44.74696 47.42722 48.024379999999994 27.64067 46.441289999999995 33.88273 
58.18985 63.22418999999999 60.51783999999999 70.74031 79.68549 86.71725 76.34012 48.51278 52.88798 79.73586 65.45522 78.29378 52.21505 52.607929999999996 76.65624 61.85263 40.82394 67.46244999999999 59.76659 0 64.34121999999999 76.17085 82.28493 58.27887 71.34108 50.95737 67.6283 76.57517 
47.63455999999999 32.40204 29.69569 10.66993 57.02397 64.05573 57.0796 22.57981 18.20461 31.26962 39.52653 47.945499999999996 52.68939999999999 26.60163 41.97287 30.24644 30.268649999999997 41.52948 41.50351 64.34121999999999 0 46.8246 55.58154999999999 58.75322 39.54848 20.13522 45.011359999999996 40.708369999999995 
56.21021999999999 33.57319 36.27954 36.154669999999996 82.52709999999999 88.86513 61.97797 48.28459999999999 47.63812 74.48599999999999 55.663909999999994 38.35546 69.24355 56.03514 39.79051 43.75195 46.822799999999994 67.23427 60.873999999999995 76.17085 46.8246 0 50.26311 54.81735 44.85291 45.84000999999999 56.43723 69.16677 
58.84515999999999 41.62083 38.91448 45.07808 79.17506 86.20682 66.29839 40.869679999999995 40.3557 67.20358 36.19569 51.944959999999995 58.18872999999999 48.75272 63.04428 52.397529999999996 48.558519999999994 59.81935 44.74696 82.28493 55.58154999999999 50.26311 0 25.03072 46.7629 38.42509 44.85574 30.39508 
45.85048 41.24677 42.64882 53.19889 70.44207 77.47382999999999 55.7421 36.17341 40.54861 67.39649 22.54043 40.88456 33.15801 40.26856 51.10832 49.51326 28.484569999999998 46.606899999999996 47.42722 58.27887 58.75322 54.81735 25.03072 0 21.73218 38.617999999999995 58.77392 48.31891 
47.88305 32.650529999999996 29.94418 49.50143 61.13368 65.1484 38.26124 22.8283 22.31432 49.1622 19.33102 37.67515 52.937889999999996 30.71134 46.08258 34.35615 30.517139999999998 41.777969999999996 48.024379999999994 71.34108 39.54848 44.85291 46.7629 21.73218 0 20.38371 45.25984999999999 29.18453 
27.499339999999997 12.26682 9.56047 29.11772 40.74997 47.781729999999996 36.944379999999995 2.44459 1.93061 28.77849 25.11536 33.53433 32.55418 10.32763 25.69887 13.972439999999999 10.13343 21.39426 27.64067 50.95737 20.13522 45.84000999999999 38.42509 38.617999999999995 20.38371 0 24.87614 42.76837 
48.8594 37.142959999999995 34.436609999999995 53.99386 65.62611 72.65787 61.820519999999995 27.320729999999998 26.80675 53.65463 49.991499999999995 41.31335 52.49945 35.20377 50.57501 38.84858 31.49349 46.270399999999995 46.441289999999995 67.6283 45.011359999999996 56.43723 44.85574 58.77392 45.25985 24.87614 0 17.91014 
54.321279999999994 55.03518999999999 52.32883999999999 51.378299999999996 83.51834 90.5501 63.92312 40.32378 44.69898 71.54686 44.970099999999995 54.04289 58.17198 48.73936 54.927249999999994 43.20081999999999 36.955369999999995 59.27345 33.88273 76.57517 40.708369999999995 69.16677 30.39508 48.31891 29.18453 42.76837 17.91014 0 
