15
loc1 loc4 loc5 loc11 loc19 loc20 loc21 loc13 loc14 loc23 loc24 loc25 loc16 loc17 start
0 1.0 2.0 2.0 3.0 3.0 3.0 2.0 2.0 3.0 3.0 2.0 1.0 2.0 1.0 
1.0 0 1.0 2.0 4.0 3.0 2.0 1.0 2.0 3.0 4.0 3.0 2.0 3.0 2.0 
2.0 1.0 0 2.0 4.0 3.0 2.0 2.0 3.0 2.0 3.0 4.0 3.0 3.0 3.0 
2.0 2.0 2.0 0 2.0 1.0 2.0 2.0 2.0 3.0 3.0 2.0 1.0 1.0 2.0 
3.0 4.0 4.0 2.0 0 1.0 2.0 3.0 2.0 3.0 2.0 3.0 2.0 2.0 3.0 
3.0 3.0 3.0 1.0 1.0 0 1.0 2.0 1.0 2.0 2.0 3.0 2.0 2.0 3.0 
3.0 2.0 2.0 2.0 2.0 1.0 0 1.0 2.0 2.0 3.0 4.0 3.0 3.0 4.0 
2.0 1.0 2.0 2.0 3.0 2.0 1.0 0 1.0 2.0 3.0 4.0 3.0 3.0 3.0 
2.0 2.0 3.0 2.0 2.0 1.0 2.0 1.0 0 1.0 2.0 3.0 2.0 3.0 3.0 
3.0 3.0 2.0 3.0 3.0 2.0 2.0 2.0 1.0 0 1.0 2.0 3.0 4.0 3.0 
3.0 4.0 3.0 3.0 2.0 2.0 3.0 3.0 2.0 1.0 0 1.0 2.0 3.0 2.0 
2.0 3.0 4.0 2.0 3.0 3.0 4.0 4.0 3.0 2.0 1.0 0 1.0 2.0 1.0 
1.0 2.0 3.0 1.0 2.0 2.0 3.0 3.0 2.0 3.0 2.0 1.0 0 1.0 2.0 
2.0 3.0 3.0 1.0 2.0 2.0 3.0 3.0 3.0 4.0 3.0 2.0 1.0 0 1.0 
1.0 2.0 3.0 2.0 3.0 3.0 4.0 3.0 3.0 3.0 2.0 1.0 2.0 1.0 0 
