11
KtuGJ VzbsN eo9RR PqcOh lGTR3 4HmGm sBCEV 3rGcS hWCGd jGP1H E5QfM
0 1.0 2.0 1.0 2.0 2.0 1.0 1.0 1.0 2.0 1.0 
1.0 0 1.0 2.0 1.0 2.0 1.0 2.0 2.0 2.0 2.0 
2.0 1.0 0 1.0 2.0 2.0 2.0 2.0 2.0 2.0 2.0 
1.0 2.0 1.0 0 1.0 2.0 1.0 2.0 2.0 2.0 2.0 
2.0 1.0 2.0 1.0 0 1.0 1.0 2.0 1.0 1.0 2.0 
2.0 2.0 2.0 2.0 1.0 0 1.0 2.0 2.0 1.0 1.0 
1.0 1.0 2.0 1.0 1.0 1.0 0 1.0 2.0 1.0 1.0 
1.0 2.0 2.0 2.0 2.0 2.0 1.0 0 1.0 2.0 1.0 
1.0 2.0 2.0 2.0 1.0 2.0 2.0 1.0 0 1.0 1.0 
2.0 2.0 2.0 2.0 1.0 1.0 1.0 2.0 1.0 0 2.0 
1.0 2.0 2.0 2.0 2.0 1.0 1.0 1.0 1.0 2.0 0 
