21
D3 E1 C5 A1 C3 C1 A5 D4 A4 E7 C0 D0 D5 D8 C7 A3 C2 E3 B8 A8 C8
0 20.17 45.120000000000005 52.97 42.480000000000004 51.08 49.58 64.2 45.760000000000005 63.61000000000001 42.900000000000006 51.44 51.58 48.8 69.06 50.2 72.64 49.86 26.61 49.28 28.07 
20.17 0 24.95 45.11 22.31 43.45 50.379999999999995 44.03 25.59 43.44 22.73 44.21 42.269999999999996 48.39 48.89 49.79 52.47 42.54 46.78 42.980000000000004 44.37 
45.120000000000005 24.95 0 20.16 43.239999999999995 23.54 44.989999999999995 64.03 42.76 52.0 47.68 48.620000000000005 57.05 44.56 29.59 49.56 27.52 41.29 51.19 24.53 45.06 
52.97 45.11 20.16 0 23.08 43.7 51.53 58.18000000000001 44.79 46.8 43.55 28.46 43.22 49.13 49.75 50.58 47.68 43.32 50.31 43.75 24.9 
42.480000000000004 22.31 43.239999999999995 23.08 0 21.14 42.59 53.86 47.9 46.739999999999995 45.04 24.55 29.92 46.89 45.75 46.67 46.19 48.74 47.16 20.67 43.11 
51.08 43.45 23.54 43.7 21.14 0 21.45 41.65 41.5 62.13 46.81 45.69 51.06 47.12 53.129999999999995 50.35 45.86 50.989999999999995 27.65 41.81 47.0 
49.58 50.379999999999995 44.989999999999995 51.53 42.59 21.45 0 20.2 24.79 46.59 67.30000000000001 58.09 48.879999999999995 48.849999999999994 47.709999999999994 66.5 51.55 47.83 22.97 56.47 64.44 
64.2 44.03 64.03 58.18000000000001 53.86 41.65 20.2 0 21.27 43.07 63.78 68.42 42.14 51.019999999999996 50.230000000000004 46.3 51.980000000000004 47.9 43.17 56.900000000000006 44.239999999999995 
45.760000000000005 25.59 42.76 44.79 47.9 41.5 24.79 21.27 0 21.8 42.510000000000005 48.230000000000004 24.09 47.19 44.21 54.36 53.4 41.65 47.04 53.44 41.019999999999996 
63.61 43.44 52.0 46.8 46.739999999999995 62.13 46.59 43.07 21.8 0 20.71 42.19 25.5 51.71 22.41 42.75 55.03 62.11 40.64 64.82 42.379999999999995 
42.900000000000006 22.73 47.68 43.55 45.04 46.81 67.30000000000001 63.78 42.510000000000005 20.71 0 21.48 43.989999999999995 50.870000000000005 43.120000000000005 43.6 43.78 41.400000000000006 45.78 51.35 49.099999999999994 
51.44 44.21 48.620000000000005 28.46 24.55 45.69 58.09 68.42 48.230000000000004 42.19 21.48 0 29.35 55.56 23.63 22.12 24.7 45.33 52.8 45.22 47.47 
51.58 42.269999999999996 57.05 43.22 29.92 51.06 48.879999999999995 42.14 24.09 25.5 43.989999999999995 29.35 0 26.21 43.489999999999995 51.47 29.53 51.37 50.75 45.95 23.51 
48.8 48.39 44.56 49.13 46.89 47.12 48.849999999999994 51.019999999999996 47.19 51.71 50.870000000000005 55.56 26.21 0 43.26 52.68 48.69 29.75 54.61 51.760000000000005 49.72 
69.06 48.89 29.59 49.75 45.75 53.129999999999995 47.709999999999994 50.230000000000004 44.21 22.41 43.120000000000005 23.63 43.489999999999995 43.26 0 20.34 47.55 48.51 44.11 49.64 64.78999999999999 
50.2 49.79 49.56 50.58 46.67 50.35 66.5 46.3 54.36 42.75 43.6 22.12 51.47 52.68 20.34 0 46.82 46.26 56.3 29.3 51.74 
72.64 52.47 27.52 47.68 46.19 45.86 51.55 51.980000000000004 53.4 55.03 43.78 24.7 29.53 48.69 47.55 46.82 0 24.15 49.01 25.52 47.96 
49.86 42.54 41.29 43.32 48.74 50.989999999999995 47.83 47.9 41.65 62.11000000000001 41.400000000000006 45.33 51.37 29.75 48.51 46.26 24.15 0 24.86 47.980000000000004 55.64 
26.61 46.78 51.19 50.31 47.16 27.65 22.97 43.17 47.04 40.64 45.78 52.8 50.75 54.61 44.11 56.3 49.01 24.86 0 58.11 48.79 
49.28 42.980000000000004 24.53 43.75 20.67 41.81 56.47 56.900000000000006 53.44 64.82 51.35 45.22 45.95 51.760000000000005 49.64 29.3 25.52 47.980000000000004 58.11 0 22.44 
28.07 44.37 45.06 24.9 43.11 47.0 64.44 44.239999999999995 41.019999999999996 42.379999999999995 49.099999999999994 47.47 23.51 49.72 64.78999999999999 51.74 47.96 55.64 48.79 22.44 0 
