11
AlumniHouse BarrowLane SeniorHall TangCenter SutardjaDaiHall EshlemanHall LeConteHall MLK SatherTower MorganHall Soda
0 1.0 10.74 11.741 16.841 26.462 27.462 31.462 7.2 9.3004 6.3 
1.0 0 11.74 12.741 17.841 27.462 28.462 32.462 8.2 10.3004 7.3 
10.74 11.74 0 1.001 6.100999999999999 24.602 25.602 29.602 5.340000000000001 7.4404 4.44 
11.741 12.741 1.001 0 5.1 25.603 26.603 30.603 6.341000000000001 8.441400000000002 5.441000000000001 
16.841 17.841 6.100999999999999 5.1 0 30.703 31.703 35.703 11.441 13.5414 10.541 
26.462 27.462 24.602 25.603 30.703000000000003 0 1.0 5.0 21.061999999999998 23.162399999999998 20.162 
27.462 28.462 25.602 26.603 31.703000000000003 1.0 0 4.0 22.061999999999998 24.162399999999998 21.162 
31.462 32.462 29.602 30.603 35.703 5.0 4.0 0 26.061999999999998 28.162399999999998 25.162 
7.2 8.2 5.340000000000001 6.341000000000001 11.441 21.061999999999998 22.061999999999998 26.061999999999998 0 3.0 0.9 
9.3004 10.3004 7.4404 8.4414 13.5414 23.162399999999998 24.162399999999998 28.162399999999998 3.0 0 3.0004 
6.3 7.3 4.44 5.441000000000001 10.541 20.162 21.162 25.162 0.9 3.0004 0 
