12
LOC45 LOC31 LOC0 LOC4 LOC42 LOC41 LOC47 LOC5 LOC39 LOC14 LOC48 LOC8
0 7.0 5.0 6.0 8.0 6.0 7.0 12.0 10.0 7.0 9.0 6.0 
7.0 0 2.0 5.0 7.0 2.0 2.0 7.0 13.0 13.0 11.0 13.0 
5.0 2.0 0 3.0 5.0 4.0 2.0 7.0 13.0 12.0 10.0 11.0 
6.0 5.0 3.0 0 2.0 7.0 5.0 10.0 16.0 13.0 13.0 12.0 
8.0 7.0 5.0 2.0 0 9.0 7.0 12.0 18.0 15.0 15.0 14.0 
6.0 2.0 4.0 7.0 9.0 0 2.0 7.0 12.0 13.0 11.0 12.0 
7.0 2.0 2.0 5.0 7.0 2.0 0 5.0 11.0 14.0 12.0 13.0 
12.0 7.0 7.0 10.0 12.0 7.0 5.0 0 6.0 15.0 17.0 14.0 
10.0 13.0 13.0 16.0 18.0 12.0 11.0 6.0 0 17.0 15.0 16.0 
7.0 13.0 12.0 13.0 15.0 13.0 14.0 15.0 17.0 0 2.0 5.0 
9.0 11.0 10.0 13.0 15.0 11.0 12.0 17.0 15.0 2.0 0 3.0 
6.0 13.0 11.0 12.0 14.0 12.0 13.0 14.0 16.0 5.0 3.0 0 
