21
seven fourteen thirteen twelve thirtytwo thirtyone thirtyeight fortyfive fortysix thirtynine fortytwo thirtyfive thirtyfour twentyfive eighteen nineteen twenty fifteen sixteen nine zero
0 2.0 3.0 4.0 16.0 16.0 22.0 29.0 29.0 22.0 20.0 14.0 15.0 11.0 7.0 7.0 6.0 6.0 7.0 4.0 1.0 
2.0 0 1.0 2.0 15.0 15.0 21.0 28.0 28.0 21.0 18.0 12.0 13.0 10.0 6.0 5.0 4.0 4.0 5.0 2.0 3.0 
3.0 1.0 0 1.0 14.0 15.0 21.0 28.0 27.0 20.0 19.0 13.0 12.0 9.0 5.0 4.0 3.0 5.0 6.0 3.0 3.0 
4.0 2.0 1.0 0 13.0 14.0 20.0 27.0 26.0 19.0 20.0 14.0 13.0 8.0 4.0 3.0 4.0 6.0 6.0 3.0 3.0 
16.0 15.0 14.0 13.0 0 1.0 7.0 14.0 13.0 6.0 9.0 3.0 2.0 5.0 9.0 10.0 11.0 12.0 11.0 14.0 15.0 
16.0 15.0 15.0 14.0 1.0 0 6.0 13.0 14.0 7.0 9.0 3.0 3.0 6.0 10.0 11.0 12.0 11.0 10.0 13.0 15.0 
22.0 21.0 21.0 20.0 7.0 6.0 0 7.0 8.0 1.0 3.0 9.0 9.0 12.0 16.0 17.0 18.0 17.0 16.0 19.0 21.0 
29.0 28.0 28.0 27.0 14.0 13.0 7.0 0 1.0 8.0 10.0 16.0 16.0 19.0 23.0 24.0 25.0 24.0 23.0 26.0 28.0 
29.0 28.0 27.0 26.0 13.0 14.0 8.0 1.0 0 7.0 10.0 16.0 15.0 18.0 22.0 23.0 24.0 25.0 24.0 27.0 28.0 
22.0 21.0 20.0 19.0 6.0 7.0 1.0 8.0 7.0 0 3.0 9.0 8.0 11.0 15.0 16.0 17.0 18.0 17.0 20.0 21.0 
20.0 18.0 19.0 20.0 9.0 9.0 3.0 10.0 10.0 3.0 0 6.0 7.0 14.0 18.0 17.0 16.0 16.0 17.0 20.0 21.0 
14.0 12.0 13.0 14.0 3.0 3.0 9.0 16.0 16.0 9.0 6.0 0 1.0 8.0 12.0 11.0 10.0 10.0 11.0 14.0 15.0 
15.0 13.0 12.0 13.0 2.0 3.0 9.0 16.0 15.0 8.0 7.0 1.0 0 7.0 11.0 10.0 9.0 11.0 12.0 15.0 15.0 
11.0 10.0 9.0 8.0 5.0 6.0 12.0 19.0 18.0 11.0 14.0 8.0 7.0 0 4.0 5.0 6.0 7.0 6.0 9.0 10.0 
7.0 6.0 5.0 4.0 9.0 10.0 16.0 23.0 22.0 15.0 18.0 12.0 11.0 4.0 0 1.0 2.0 3.0 2.0 5.0 6.0 
7.0 5.0 4.0 3.0 10.0 11.0 17.0 24.0 23.0 16.0 17.0 11.0 10.0 5.0 1.0 0 1.0 3.0 3.0 6.0 6.0 
6.0 4.0 3.0 4.0 11.0 12.0 18.0 25.0 24.0 17.0 16.0 10.0 9.0 6.0 2.0 1.0 0 2.0 3.0 6.0 6.0 
6.0 4.0 5.0 6.0 12.0 11.0 17.0 24.0 25.0 18.0 16.0 10.0 11.0 7.0 3.0 3.0 2.0 0 1.0 4.0 6.0 
7.0 5.0 6.0 6.0 11.0 10.0 16.0 23.0 24.0 17.0 17.0 11.0 12.0 6.0 2.0 3.0 3.0 1.0 0 3.0 6.0 
4.0 2.0 3.0 3.0 14.0 13.0 19.0 26.0 27.0 20.0 20.0 14.0 15.0 9.0 5.0 6.0 6.0 4.0 3.0 0 3.0 
1.0 3.0 3.0 3.0 15.0 15.0 21.0 28.0 28.0 21.0 21.0 15.0 15.0 10.0 6.0 6.0 6.0 6.0 6.0 3.0 0 
