41
4 10 9 8 5 6 48 47 50 49 3 2 18 16 11 15 14 19 13 17 21 41 42 44 45 30 23 28 26 27 25 24 38 40 37 36 32 35 34 33 0
0 57.0 102.0 123.0 156.0 175.0 196.0 116.0 72.0 34.0 115.0 188.0 270.0 220.0 210.0 188.0 147.0 102.0 79.0 31.0 174.0 55.0 68.0 165.0 168.0 237.0 178.0 140.0 94.0 45.0 32.0 24.0 95.0 166.0 177.0 271.0 222.0 205.0 83.0 47.0 18.0 
57.0 0 45.0 66.0 99.0 118.0 253.0 173.0 129.0 91.0 172.0 245.0 327.0 277.0 267.0 245.0 204.0 159.0 136.0 88.0 231.0 112.0 125.0 222.0 225.0 294.0 235.0 197.0 151.0 102.0 89.0 81.0 152.0 223.0 234.0 328.0 279.0 262.0 140.0 104.0 75.0 
102.0 45.0 0 21.0 54.0 73.0 298.0 218.0 174.0 136.0 217.0 290.0 372.0 322.0 312.0 290.0 249.0 204.0 181.0 133.0 276.0 157.0 170.0 267.0 270.0 339.0 280.0 242.0 196.0 147.0 134.0 126.0 197.0 268.0 279.0 373.0 324.0 307.0 185.0 149.0 120.0 
123.0 66.0 21.0 0 33.0 52.0 319.0 239.0 195.0 157.0 238.0 311.0 393.0 343.0 333.0 311.0 270.0 225.0 202.0 154.0 297.0 178.0 191.0 288.0 291.0 360.0 301.0 263.0 217.0 168.0 155.0 147.0 218.0 289.0 300.0 394.0 345.0 328.0 206.0 170.0 141.0 
156.0 99.0 54.0 33.0 0 19.0 352.0 272.0 228.0 190.0 271.0 344.0 426.0 376.0 366.0 344.0 303.0 258.0 235.0 187.0 330.0 211.0 224.0 321.0 324.0 393.0 334.0 296.0 250.0 201.0 188.0 180.0 251.0 322.0 333.0 427.0 378.0 361.0 239.0 203.0 174.0 
175.0 118.0 73.0 52.0 19.0 0 371.0 291.0 247.0 209.0 290.0 363.0 445.0 395.0 385.0 363.0 322.0 277.0 254.0 206.0 349.0 230.0 243.0 340.0 343.0 412.0 353.0 315.0 269.0 220.0 207.0 199.0 270.0 341.0 352.0 446.0 397.0 380.0 258.0 222.0 193.0 
196.0 253.0 298.0 319.0 352.0 371.0 0 80.0 124.0 162.0 275.0 348.0 430.0 380.0 370.0 348.0 307.0 262.0 239.0 191.0 334.0 215.0 228.0 325.0 328.0 397.0 338.0 300.0 254.0 205.0 192.0 184.0 255.0 326.0 337.0 431.0 382.0 365.0 243.0 207.0 178.0 
116.0 173.0 218.0 239.0 272.0 291.0 80.0 0 44.0 82.0 195.0 268.0 350.0 300.0 290.0 268.0 227.0 182.0 159.0 111.0 254.0 135.0 148.0 245.0 248.0 317.0 258.0 220.0 174.0 125.0 112.0 104.0 175.0 246.0 257.0 351.0 302.0 285.0 163.0 127.0 98.0 
72.0 129.0 174.0 195.0 228.0 247.0 124.0 44.0 0 38.0 151.0 224.0 306.0 256.0 246.0 224.0 183.0 138.0 115.0 67.0 210.0 91.0 104.0 201.0 204.0 273.0 214.0 176.0 130.0 81.0 68.0 60.0 131.0 202.0 213.0 307.0 258.0 241.0 119.0 83.0 54.0 
34.0 91.0 136.0 157.0 190.0 209.0 162.0 82.0 38.0 0 113.0 186.0 268.0 218.0 208.0 186.0 145.0 100.0 77.0 29.0 172.0 53.0 66.0 163.0 166.0 235.0 176.0 138.0 92.0 43.0 30.0 22.0 93.0 164.0 175.0 269.0 220.0 203.0 81.0 45.0 16.0 
115.0 172.0 217.0 238.0 271.0 290.0 275.0 195.0 151.0 113.0 0 73.0 349.0 299.0 289.0 267.0 226.0 181.0 158.0 110.0 253.0 134.0 147.0 244.0 247.0 316.0 257.0 219.0 173.0 124.0 111.0 103.0 174.0 245.0 256.0 350.0 301.0 284.0 162.0 126.0 97.0 
188.0 245.0 290.0 311.0 344.0 363.0 348.0 268.0 224.0 186.0 73.0 0 422.0 372.0 362.0 340.0 299.0 254.0 231.0 183.0 326.0 207.0 220.0 317.0 320.0 389.0 330.0 292.0 246.0 197.0 184.0 176.0 247.0 318.0 329.0 423.0 374.0 357.0 235.0 199.0 170.0 
270.0 327.0 372.0 393.0 426.0 445.0 430.0 350.0 306.0 268.0 349.0 422.0 0 50.0 60.0 82.0 123.0 168.0 191.0 239.0 408.0 289.0 302.0 399.0 402.0 471.0 412.0 374.0 328.0 279.0 266.0 258.0 329.0 400.0 411.0 505.0 456.0 439.0 317.0 281.0 252.0 
220.0 277.0 322.0 343.0 376.0 395.0 380.0 300.0 256.0 218.0 299.0 372.0 50.0 0 10.0 32.0 73.0 118.0 141.0 189.0 358.0 239.0 252.0 349.0 352.0 421.0 362.0 324.0 278.0 229.0 216.0 208.0 279.0 350.0 361.0 455.0 406.0 389.0 267.0 231.0 202.0 
210.0 267.0 312.0 333.0 366.0 385.0 370.0 290.0 246.0 208.0 289.0 362.0 60.0 10.0 0 22.0 63.0 108.0 131.0 179.0 348.0 229.0 242.0 339.0 342.0 411.0 352.0 314.0 268.0 219.0 206.0 198.0 269.0 340.0 351.0 445.0 396.0 379.0 257.0 221.0 192.0 
188.0 245.0 290.0 311.0 344.0 363.0 348.0 268.0 224.0 186.0 267.0 340.0 82.0 32.0 22.0 0 41.0 86.0 109.0 157.0 326.0 207.0 220.0 317.0 320.0 389.0 330.0 292.0 246.0 197.0 184.0 176.0 247.0 318.0 329.0 423.0 374.0 357.0 235.0 199.0 170.0 
147.0 204.0 249.0 270.0 303.0 322.0 307.0 227.0 183.0 145.0 226.0 299.0 123.0 73.0 63.0 41.0 0 45.0 68.0 116.0 285.0 166.0 179.0 276.0 279.0 348.0 289.0 251.0 205.0 156.0 143.0 135.0 206.0 277.0 288.0 382.0 333.0 316.0 194.0 158.0 129.0 
102.0 159.0 204.0 225.0 258.0 277.0 262.0 182.0 138.0 100.0 181.0 254.0 168.0 118.0 108.0 86.0 45.0 0 23.0 71.0 240.0 121.0 134.0 231.0 234.0 303.0 244.0 206.0 160.0 111.0 98.0 90.0 161.0 232.0 243.0 337.0 288.0 271.0 149.0 113.0 84.0 
79.0 136.0 181.0 202.0 235.0 254.0 239.0 159.0 115.0 77.0 158.0 231.0 191.0 141.0 131.0 109.0 68.0 23.0 0 48.0 217.0 98.0 111.0 208.0 211.0 280.0 221.0 183.0 137.0 88.0 75.0 67.0 138.0 209.0 220.0 314.0 265.0 248.0 126.0 90.0 61.0 
31.0 88.0 133.0 154.0 187.0 206.0 191.0 111.0 67.0 29.0 110.0 183.0 239.0 189.0 179.0 157.0 116.0 71.0 48.0 0 169.0 50.0 63.0 160.0 163.0 232.0 173.0 135.0 89.0 40.0 27.0 19.0 90.0 161.0 172.0 266.0 217.0 200.0 78.0 42.0 13.0 
174.0 231.0 276.0 297.0 330.0 349.0 334.0 254.0 210.0 172.0 253.0 326.0 408.0 358.0 348.0 326.0 285.0 240.0 217.0 169.0 0 193.0 206.0 303.0 306.0 375.0 316.0 278.0 232.0 183.0 170.0 162.0 233.0 304.0 315.0 409.0 360.0 343.0 221.0 185.0 156.0 
55.0 112.0 157.0 178.0 211.0 230.0 215.0 135.0 91.0 53.0 134.0 207.0 289.0 239.0 229.0 207.0 166.0 121.0 98.0 50.0 193.0 0 13.0 110.0 113.0 256.0 197.0 159.0 113.0 64.0 51.0 43.0 114.0 185.0 196.0 290.0 241.0 224.0 102.0 66.0 37.0 
68.0 125.0 170.0 191.0 224.0 243.0 228.0 148.0 104.0 66.0 147.0 220.0 302.0 252.0 242.0 220.0 179.0 134.0 111.0 63.0 206.0 13.0 0 97.0 100.0 269.0 210.0 172.0 126.0 77.0 64.0 56.0 127.0 198.0 209.0 303.0 254.0 237.0 115.0 79.0 50.0 
165.0 222.0 267.0 288.0 321.0 340.0 325.0 245.0 201.0 163.0 244.0 317.0 399.0 349.0 339.0 317.0 276.0 231.0 208.0 160.0 303.0 110.0 97.0 0 3.0 366.0 307.0 269.0 223.0 174.0 161.0 153.0 224.0 295.0 306.0 400.0 351.0 334.0 212.0 176.0 147.0 
168.0 225.0 270.0 291.0 324.0 343.0 328.0 248.0 204.0 166.0 247.0 320.0 402.0 352.0 342.0 320.0 279.0 234.0 211.0 163.0 306.0 113.0 100.0 3.0 0 369.0 310.0 272.0 226.0 177.0 164.0 156.0 227.0 298.0 309.0 403.0 354.0 337.0 215.0 179.0 150.0 
237.0 294.0 339.0 360.0 393.0 412.0 397.0 317.0 273.0 235.0 316.0 389.0 471.0 421.0 411.0 389.0 348.0 303.0 280.0 232.0 375.0 256.0 269.0 366.0 369.0 0 59.0 97.0 143.0 192.0 205.0 213.0 296.0 367.0 378.0 472.0 423.0 406.0 284.0 248.0 219.0 
178.0 235.0 280.0 301.0 334.0 353.0 338.0 258.0 214.0 176.0 257.0 330.0 412.0 362.0 352.0 330.0 289.0 244.0 221.0 173.0 316.0 197.0 210.0 307.0 310.0 59.0 0 38.0 84.0 133.0 146.0 154.0 237.0 308.0 319.0 413.0 364.0 347.0 225.0 189.0 160.0 
140.0 197.0 242.0 263.0 296.0 315.0 300.0 220.0 176.0 138.0 219.0 292.0 374.0 324.0 314.0 292.0 251.0 206.0 183.0 135.0 278.0 159.0 172.0 269.0 272.0 97.0 38.0 0 46.0 95.0 108.0 116.0 199.0 270.0 281.0 375.0 326.0 309.0 187.0 151.0 122.0 
94.0 151.0 196.0 217.0 250.0 269.0 254.0 174.0 130.0 92.0 173.0 246.0 328.0 278.0 268.0 246.0 205.0 160.0 137.0 89.0 232.0 113.0 126.0 223.0 226.0 143.0 84.0 46.0 0 49.0 62.0 70.0 153.0 224.0 235.0 329.0 280.0 263.0 141.0 105.0 76.0 
45.0 102.0 147.0 168.0 201.0 220.0 205.0 125.0 81.0 43.0 124.0 197.0 279.0 229.0 219.0 197.0 156.0 111.0 88.0 40.0 183.0 64.0 77.0 174.0 177.0 192.0 133.0 95.0 49.0 0 13.0 21.0 104.0 175.0 186.0 280.0 231.0 214.0 92.0 56.0 27.0 
32.0 89.0 134.0 155.0 188.0 207.0 192.0 112.0 68.0 30.0 111.0 184.0 266.0 216.0 206.0 184.0 143.0 98.0 75.0 27.0 170.0 51.0 64.0 161.0 164.0 205.0 146.0 108.0 62.0 13.0 0 8.0 91.0 162.0 173.0 267.0 218.0 201.0 79.0 43.0 14.0 
24.0 81.0 126.0 147.0 180.0 199.0 184.0 104.0 60.0 22.0 103.0 176.0 258.0 208.0 198.0 176.0 135.0 90.0 67.0 19.0 162.0 43.0 56.0 153.0 156.0 213.0 154.0 116.0 70.0 21.0 8.0 0 83.0 154.0 165.0 259.0 210.0 193.0 71.0 35.0 6.0 
95.0 152.0 197.0 218.0 251.0 270.0 255.0 175.0 131.0 93.0 174.0 247.0 329.0 279.0 269.0 247.0 206.0 161.0 138.0 90.0 233.0 114.0 127.0 224.0 227.0 296.0 237.0 199.0 153.0 104.0 91.0 83.0 0 71.0 82.0 330.0 281.0 264.0 142.0 106.0 77.0 
166.0 223.0 268.0 289.0 322.0 341.0 326.0 246.0 202.0 164.0 245.0 318.0 400.0 350.0 340.0 318.0 277.0 232.0 209.0 161.0 304.0 185.0 198.0 295.0 298.0 367.0 308.0 270.0 224.0 175.0 162.0 154.0 71.0 0 11.0 401.0 352.0 335.0 213.0 177.0 148.0 
177.0 234.0 279.0 300.0 333.0 352.0 337.0 257.0 213.0 175.0 256.0 329.0 411.0 361.0 351.0 329.0 288.0 243.0 220.0 172.0 315.0 196.0 209.0 306.0 309.0 378.0 319.0 281.0 235.0 186.0 173.0 165.0 82.0 11.0 0 412.0 363.0 346.0 224.0 188.0 159.0 
271.0 328.0 373.0 394.0 427.0 446.0 431.0 351.0 307.0 269.0 350.0 423.0 505.0 455.0 445.0 423.0 382.0 337.0 314.0 266.0 409.0 290.0 303.0 400.0 403.0 472.0 413.0 375.0 329.0 280.0 267.0 259.0 330.0 401.0 412.0 0 49.0 66.0 188.0 224.0 253.0 
222.0 279.0 324.0 345.0 378.0 397.0 382.0 302.0 258.0 220.0 301.0 374.0 456.0 406.0 396.0 374.0 333.0 288.0 265.0 217.0 360.0 241.0 254.0 351.0 354.0 423.0 364.0 326.0 280.0 231.0 218.0 210.0 281.0 352.0 363.0 49.0 0 17.0 139.0 175.0 204.0 
205.0 262.0 307.0 328.0 361.0 380.0 365.0 285.0 241.0 203.0 284.0 357.0 439.0 389.0 379.0 357.0 316.0 271.0 248.0 200.0 343.0 224.0 237.0 334.0 337.0 406.0 347.0 309.0 263.0 214.0 201.0 193.0 264.0 335.0 346.0 66.0 17.0 0 122.0 158.0 187.0 
83.0 140.0 185.0 206.0 239.0 258.0 243.0 163.0 119.0 81.0 162.0 235.0 317.0 267.0 257.0 235.0 194.0 149.0 126.0 78.0 221.0 102.0 115.0 212.0 215.0 284.0 225.0 187.0 141.0 92.0 79.0 71.0 142.0 213.0 224.0 188.0 139.0 122.0 0 36.0 65.0 
47.0 104.0 149.0 170.0 203.0 222.0 207.0 127.0 83.0 45.0 126.0 199.0 281.0 231.0 221.0 199.0 158.0 113.0 90.0 42.0 185.0 66.0 79.0 176.0 179.0 248.0 189.0 151.0 105.0 56.0 43.0 35.0 106.0 177.0 188.0 224.0 175.0 158.0 36.0 0 29.0 
18.0 75.0 120.0 141.0 174.0 193.0 178.0 98.0 54.0 16.0 97.0 170.0 252.0 202.0 192.0 170.0 129.0 84.0 61.0 13.0 156.0 37.0 50.0 147.0 150.0 219.0 160.0 122.0 76.0 27.0 14.0 6.0 77.0 148.0 159.0 253.0 204.0 187.0 65.0 29.0 0 
