39
Q D AT AN CV CR C AR B U AX K W AJ AB AU DY BP J BW CB AW AH CT AD CD G CN M AE V F A DJ R Y CK H S
0 500.0 1000.0 524.0 1000.0 500.0 1000.0 500.0 1000.0 1000.0 500.0 504.0 500.0 510.0 509.0 500.0 501.0 1000.0 500.0 500.0 571.0 520.0 1002.0 518.0 1002.0 500.0 521.0 500.0 521.0 500.0 505.0 523.0 557.0 537.0 1002.0 500.0 1002.0 508.0 500.0 
500.0 0 500.0 512.0 500.0 517.0 500.0 1000.0 539.0 500.0 1000.0 523.0 1000.0 554.0 550.0 517.0 520.0 500.0 1000.0 546.0 505.0 535.0 1004.0 512.0 1004.0 509.0 518.0 503.0 553.0 538.0 541.0 633.0 519.0 553.0 1003.0 524.0 1004.0 538.0 518.0 
1000.0 500.0 0 500.0 1000.0 1000.0 1000.0 1000.0 536.0 1000.0 1000.0 504.0 1000.0 1000.0 509.0 1000.0 501.0 1000.0 500.0 1000.0 503.0 500.0 1000.0 500.0 1000.0 1000.0 511.0 1000.0 521.0 1000.0 501.0 511.0 501.0 1000.0 1002.0 1000.0 1000.0 555.0 1002.0 
524.0 512.0 500.0 0 500.0 500.0 524.0 500.0 524.0 509.0 500.0 509.0 509.0 500.0 553.0 500.0 544.0 500.0 512.0 500.0 510.0 621.0 500.0 1000.0 500.0 500.0 518.0 500.0 505.0 500.0 636.0 637.0 507.0 500.0 509.0 500.0 1004.0 609.0 509.0 
1000.0 500.0 1000.0 500.0 0 1000.0 1000.0 1000.0 1000.0 1000.0 1000.0 504.0 1000.0 1000.0 509.0 1000.0 1001.0 1000.0 500.0 1000.0 501.0 500.0 1000.0 1002.0 1000.0 1000.0 502.0 1000.0 505.0 1000.0 1001.0 502.0 501.0 1000.0 1002.0 1000.0 1000.0 508.0 1002.0 
500.0 517.0 1000.0 500.0 1000.0 0 500.0 1000.0 518.0 1002.0 1000.0 518.0 1000.0 1000.0 509.0 1000.0 1001.0 1000.0 516.0 1000.0 501.0 500.0 1000.0 1002.0 1000.0 1000.0 1002.0 1000.0 504.0 1000.0 501.0 512.0 625.0 1000.0 1002.0 1000.0 1000.0 511.0 1000.0 
1000.0 500.0 1000.0 524.0 1000.0 500.0 0 500.0 1000.0 1000.0 500.0 504.0 500.0 510.0 509.0 500.0 501.0 1000.0 541.0 520.0 571.0 520.0 1002.0 518.0 1002.0 505.0 537.0 503.0 521.0 505.0 505.0 523.0 521.0 537.0 1002.0 515.0 1002.0 666.0 503.0 
500.0 1000.0 1000.0 500.0 1000.0 1000.0 500.0 0 500.0 1002.0 1000.0 501.0 1000.0 1000.0 509.0 1000.0 501.0 1000.0 1000.0 1000.0 503.0 500.0 1000.0 500.0 1000.0 1000.0 1002.0 1000.0 504.0 1000.0 501.0 1002.0 1002.0 1000.0 1002.0 1000.0 1000.0 509.0 1000.0 
1000.0 539.0 536.0 524.0 1000.0 518.0 1000.0 500.0 0 580.0 500.0 504.0 500.0 554.0 550.0 525.0 523.0 1000.0 541.0 520.0 571.0 520.0 1002.0 518.0 1002.0 505.0 537.0 503.0 521.0 505.0 505.0 523.0 521.0 537.0 1002.0 515.0 1002.0 666.0 503.0 
1000.0 500.0 1000.0 509.0 1000.0 1002.0 1000.0 1002.0 580.0 0 1002.0 504.0 1000.0 1002.0 509.0 1002.0 501.0 1000.0 500.0 1000.0 503.0 509.0 1002.0 505.0 1000.0 1002.0 506.0 1002.0 521.0 1000.0 501.0 523.0 519.0 500.0 1000.0 1000.0 1002.0 575.0 1000.0 
500.0 1000.0 1000.0 500.0 1000.0 1000.0 500.0 1000.0 500.0 1002.0 0 501.0 1000.0 1000.0 509.0 1000.0 501.0 1000.0 1000.0 1000.0 503.0 500.0 1000.0 500.0 1000.0 1000.0 1002.0 1000.0 504.0 1000.0 501.0 1002.0 1002.0 1000.0 1002.0 1000.0 1000.0 509.0 1000.0 
504.0 523.0 504.0 509.0 504.0 518.0 504.0 501.0 504.0 504.0 501.0 0 523.0 544.0 550.0 542.0 547.0 504.0 523.0 522.0 609.0 550.0 504.0 509.0 504.0 505.0 542.0 504.0 526.0 523.0 626.0 542.0 559.0 545.0 1004.0 1004.0 504.0 560.0 504.0 
500.0 1000.0 1000.0 509.0 1000.0 1000.0 500.0 1000.0 500.0 1000.0 1000.0 523.0 0 1000.0 509.0 1000.0 501.0 1000.0 1000.0 1000.0 503.0 500.0 1000.0 505.0 1000.0 1000.0 503.0 1000.0 504.0 1000.0 501.0 503.0 519.0 500.0 1000.0 1000.0 1000.0 509.0 1000.0 
510.0 554.0 1000.0 500.0 1000.0 1000.0 510.0 1000.0 554.0 1002.0 1000.0 544.0 1000.0 0 509.0 1000.0 501.0 1000.0 506.0 1000.0 503.0 500.0 1000.0 500.0 1000.0 1000.0 516.0 1000.0 690.0 1000.0 501.0 516.0 548.0 1000.0 506.0 1000.0 1000.0 527.0 1002.0 
509.0 550.0 509.0 553.0 509.0 509.0 509.0 509.0 550.0 509.0 509.0 550.0 509.0 509.0 0 509.0 664.0 509.0 529.0 509.0 537.0 566.0 509.0 553.0 509.0 509.0 550.0 509.0 556.0 509.0 566.0 651.0 627.0 620.0 509.0 509.0 509.0 548.0 509.0 
500.0 517.0 1000.0 500.0 1000.0 1000.0 500.0 1000.0 525.0 1002.0 1000.0 542.0 1000.0 1000.0 509.0 0 501.0 1000.0 516.0 1000.0 503.0 500.0 1000.0 500.0 1000.0 1000.0 1002.0 1000.0 504.0 1000.0 501.0 516.0 625.0 1000.0 1002.0 1000.0 1000.0 511.0 1000.0 
501.0 520.0 501.0 544.0 1001.0 1001.0 501.0 501.0 523.0 501.0 501.0 547.0 501.0 501.0 664.0 501.0 0 1001.0 520.0 1001.0 501.0 722.0 501.0 1001.0 501.0 1001.0 523.0 1001.0 555.0 501.0 509.0 523.0 523.0 1001.0 501.0 501.0 1002.0 555.0 501.0 
1000.0 500.0 1000.0 500.0 1000.0 1000.0 1000.0 1000.0 1000.0 1000.0 1000.0 504.0 1000.0 1000.0 509.0 1000.0 1001.0 0 500.0 1000.0 503.0 500.0 1000.0 1002.0 1000.0 1000.0 504.0 1000.0 508.0 1000.0 1001.0 511.0 501.0 1000.0 1002.0 1000.0 1000.0 555.0 1002.0 
500.0 1000.0 500.0 512.0 500.0 516.0 541.0 1000.0 541.0 500.0 1000.0 523.0 1000.0 506.0 529.0 516.0 520.0 500.0 0 500.0 503.0 525.0 1004.0 512.0 1004.0 1000.0 518.0 1000.0 515.0 1000.0 516.0 599.0 563.0 504.0 1003.0 500.0 1004.0 509.0 512.0 
500.0 546.0 1000.0 500.0 1000.0 1000.0 520.0 1000.0 520.0 1000.0 1000.0 522.0 1000.0 1000.0 509.0 1000.0 1001.0 1000.0 500.0 0 501.0 500.0 1000.0 1002.0 1000.0 1000.0 522.0 1000.0 504.0 1000.0 501.0 527.0 558.0 1000.0 1002.0 1000.0 1000.0 678.0 1000.0 
571.0 505.0 503.0 510.0 501.0 501.0 571.0 503.0 571.0 503.0 503.0 609.0 503.0 503.0 537.0 503.0 501.0 503.0 503.0 501.0 0 516.0 503.0 501.0 503.0 501.0 526.0 501.0 525.0 503.0 538.0 526.0 505.0 501.0 503.0 503.0 501.0 591.0 503.0 
520.0 535.0 500.0 621.0 500.0 500.0 520.0 500.0 520.0 509.0 500.0 550.0 500.0 500.0 566.0 500.0 722.0 500.0 525.0 500.0 516.0 0 500.0 621.0 500.0 500.0 550.0 500.0 546.0 500.0 509.0 593.0 540.0 500.0 509.0 500.0 500.0 509.0 509.0 
1002.0 1004.0 1000.0 500.0 1000.0 1000.0 1002.0 1000.0 1002.0 1002.0 1000.0 504.0 1000.0 1000.0 509.0 1000.0 501.0 1000.0 1004.0 1000.0 503.0 500.0 0 500.0 1000.0 1000.0 517.0 1000.0 504.0 1000.0 501.0 517.0 519.0 1000.0 1002.0 1000.0 1000.0 508.0 1002.0 
518.0 512.0 500.0 1000.0 1002.0 1002.0 518.0 500.0 518.0 505.0 500.0 509.0 505.0 500.0 553.0 500.0 1001.0 1002.0 512.0 1002.0 501.0 621.0 500.0 0 500.0 1002.0 505.0 1002.0 505.0 500.0 518.0 505.0 507.0 1000.0 505.0 500.0 1002.0 518.0 505.0 
1002.0 1004.0 1000.0 500.0 1000.0 1000.0 1002.0 1000.0 1002.0 1000.0 1000.0 504.0 1000.0 1000.0 509.0 1000.0 501.0 1000.0 1004.0 1000.0 503.0 500.0 1000.0 500.0 0 1000.0 518.0 1000.0 504.0 1000.0 501.0 521.0 557.0 500.0 1000.0 1000.0 1000.0 508.0 1000.0 
500.0 509.0 1000.0 500.0 1000.0 1000.0 505.0 1000.0 505.0 1002.0 1000.0 505.0 1000.0 1000.0 509.0 1000.0 1001.0 1000.0 1000.0 1000.0 501.0 500.0 1000.0 1002.0 1000.0 0 500.0 1000.0 504.0 1000.0 501.0 500.0 504.0 1000.0 1001.0 1000.0 1000.0 509.0 1000.0 
521.0 518.0 511.0 518.0 502.0 1002.0 537.0 1002.0 537.0 506.0 1002.0 542.0 503.0 516.0 550.0 1002.0 523.0 504.0 518.0 522.0 526.0 550.0 517.0 505.0 518.0 500.0 0 1004.0 504.0 514.0 501.0 1000.0 506.0 500.0 1000.0 1000.0 1004.0 511.0 1000.0 
500.0 503.0 1000.0 500.0 1000.0 1000.0 503.0 1000.0 503.0 1002.0 1000.0 504.0 1000.0 1000.0 509.0 1000.0 1001.0 1000.0 1000.0 1000.0 501.0 500.0 1000.0 1002.0 1000.0 1000.0 1004.0 0 503.0 1000.0 1005.0 1004.0 506.0 1000.0 1002.0 1000.0 1000.0 509.0 1000.0 
521.0 553.0 521.0 505.0 505.0 504.0 521.0 504.0 521.0 521.0 504.0 526.0 504.0 690.0 556.0 504.0 555.0 508.0 515.0 504.0 525.0 546.0 504.0 505.0 504.0 504.0 504.0 503.0 0 1005.0 523.0 504.0 522.0 553.0 504.0 504.0 1006.0 679.0 504.0 
500.0 538.0 1000.0 500.0 1000.0 1000.0 505.0 1000.0 505.0 1000.0 1000.0 523.0 1000.0 1000.0 509.0 1000.0 501.0 1000.0 1000.0 1000.0 503.0 500.0 1000.0 500.0 1000.0 1000.0 514.0 1000.0 1005.0 0 501.0 548.0 522.0 500.0 1000.0 1000.0 1000.0 509.0 1000.0 
505.0 541.0 501.0 636.0 1001.0 501.0 505.0 501.0 505.0 501.0 501.0 626.0 501.0 501.0 566.0 501.0 509.0 1001.0 516.0 501.0 538.0 509.0 501.0 518.0 501.0 501.0 501.0 1005.0 523.0 501.0 0 501.0 641.0 553.0 501.0 501.0 1003.0 633.0 501.0 
523.0 633.0 511.0 637.0 502.0 512.0 523.0 1002.0 523.0 523.0 1002.0 542.0 503.0 516.0 651.0 516.0 523.0 511.0 599.0 527.0 526.0 593.0 517.0 505.0 521.0 500.0 1000.0 1004.0 504.0 548.0 501.0 0 519.0 500.0 523.0 569.0 502.0 511.0 1000.0 
557.0 519.0 501.0 507.0 501.0 625.0 521.0 1002.0 521.0 519.0 1002.0 559.0 519.0 548.0 627.0 625.0 523.0 501.0 563.0 558.0 505.0 540.0 519.0 507.0 557.0 504.0 506.0 506.0 522.0 522.0 641.0 519.0 0 539.0 527.0 508.0 501.0 599.0 506.0 
537.0 553.0 1000.0 500.0 1000.0 1000.0 537.0 1000.0 537.0 500.0 1000.0 545.0 500.0 1000.0 620.0 1000.0 1001.0 1000.0 504.0 1000.0 501.0 500.0 1000.0 1000.0 500.0 1000.0 500.0 1000.0 553.0 500.0 553.0 500.0 539.0 0 500.0 500.0 1000.0 553.0 500.0 
1002.0 1003.0 1002.0 509.0 1002.0 1002.0 1002.0 1002.0 1002.0 1000.0 1002.0 1004.0 1000.0 506.0 509.0 1002.0 501.0 1002.0 1003.0 1002.0 503.0 509.0 1002.0 505.0 1000.0 1001.0 1000.0 1002.0 504.0 1000.0 501.0 523.0 527.0 500.0 0 1000.0 1002.0 509.0 1000.0 
500.0 524.0 1000.0 500.0 1000.0 1000.0 515.0 1000.0 515.0 1000.0 1000.0 1004.0 1000.0 1000.0 509.0 1000.0 501.0 1000.0 500.0 1000.0 503.0 500.0 1000.0 500.0 1000.0 1000.0 1000.0 1000.0 504.0 1000.0 501.0 569.0 508.0 500.0 1000.0 0 1000.0 511.0 1000.0 
1002.0 1004.0 1000.0 1004.0 1000.0 1000.0 1002.0 1000.0 1002.0 1002.0 1000.0 504.0 1000.0 1000.0 509.0 1000.0 1002.0 1000.0 1004.0 1000.0 501.0 500.0 1000.0 1002.0 1000.0 1000.0 1004.0 1000.0 1006.0 1000.0 1003.0 502.0 501.0 1000.0 1002.0 1000.0 0 502.0 1002.0 
508.0 538.0 555.0 609.0 508.0 511.0 666.0 509.0 666.0 575.0 509.0 560.0 509.0 527.0 548.0 511.0 555.0 555.0 509.0 678.0 591.0 509.0 508.0 518.0 508.0 509.0 511.0 509.0 679.0 509.0 633.0 511.0 599.0 553.0 509.0 511.0 502.0 0 511.0 
500.0 518.0 1002.0 509.0 1002.0 1000.0 503.0 1000.0 503.0 1000.0 1000.0 504.0 1000.0 1002.0 509.0 1000.0 501.0 1002.0 512.0 1000.0 503.0 509.0 1002.0 505.0 1000.0 1000.0 1000.0 1000.0 504.0 1000.0 501.0 1000.0 506.0 500.0 1000.0 1000.0 1002.0 511.0 0 
