63
a4 a9 a11 a123 a121 a116 a113 a108 a107 a27 a28 a33 a36 a41 a59 a57 a52 a49 a44 a43 a12 a17 a20 a25 a105 a100 a97 a92 a91 a139 a140 a145 a148 a153 a137 a132 a129 a124 a60 a65 a68 a73 a89 a84 a81 a76 a75 a187 a188 a189 a185 a180 a177 a172 a171 a155 a156 a161 a164 a169 a166 a5 a1
0 2.0 4.0 4.0001 5.0001 4.0001 4.0001 5.0001 4.0001 4.0001 5.0001 4.0001 4.0001 5.0001 4.0001 5.0001 4.0001 4.0001 5.0001 4.0001 4.0 4.0001 4.0001 5.0001 5.0001 4.0001 4.0001 5.0001 4.0001 4.0001 5.0001 4.0001 4.0001 5.0001 5.0001 4.0001 4.0001 5.0001 5.0001 4.0001 4.0001 5.0001 5.0001 4.0001 4.0001 5.0001 4.0001 4.0001 4.0 5.0 5.0001 4.0001 4.0001 5.0001 4.0001 4.0001 5.0001 4.0001 4.0001 5.0001 2.0001 1.0 2.0 
2.0 0 2.0 2.0001 4.0001 5.0001 5.0001 3.0001 2.0001 2.0001 3.0001 5.0001 5.0001 4.0001 2.0001 4.0001 5.0001 5.0001 3.0001 2.0001 2.0 4.0 5.0001 4.0001 4.0001 5.0001 5.0001 3.0001 2.0001 2.0001 3.0001 5.0001 5.0001 4.0001 4.0001 5.0001 5.0001 3.0001 3.0001 5.0001 5.0001 4.0001 4.0001 5.0001 5.0001 3.0001 2.0001 2.0001 3.0001 4.0001 4.0001 5.0001 5.0001 3.0001 2.0001 2.0001 3.0001 5.0001 5.0001 4.0001 3.0001 3.0 4.0 
4.0 2.0 0 0.0001 2.0000999999999998 4.0001 3.0000999999999998 1.0001 0.0001 0.0001 1.0001 3.0000999999999998 4.0001 2.0000999999999998 0.0001 2.0000999999999998 4.0001 3.0000999999999998 1.0001 0.0001 1.0 3.0 4.0001 2.0000999999999998 2.0000999999999998 4.0001 3.0000999999999998 1.0001 0.0001 0.0001 1.0001 3.0000999999999998 4.0001 2.0000999999999998 2.0000999999999998 4.0001 3.0000999999999998 1.0001 1.0001 3.0000999999999998 4.0001 2.0000999999999998 2.0000999999999998 4.0001 3.0000999999999998 1.0001 0.0001 0.0001 1.0001 2.0000999999999998 2.0000999999999998 4.0001 3.0000999999999998 1.0001 0.0001 0.0001 1.0001 3.0000999999999998 4.0001 2.0000999999999998 5.0001 4.0001 3.0000999999999998 
4.0001 2.0000999999999998 0.0001 0 2.0 4.0 3.0000999999999998 1.0001 0.0001 0.0001 1.0001 3.0000999999999998 4.0001 2.0000999999999998 0.0001 2.0000999999999998 4.0001 3.0000999999999998 1.0001 0.0001 1.0001 3.0000999999999998 4.0001 2.0000999999999998 2.0000999999999998 4.0001 3.0000999999999998 1.0001 0.0001 0.0001 1.0001 3.0000999999999998 4.0001 2.0000999999999998 2.0000999999999998 4.0001 3.0 1.0 1.0001 3.0000999999999998 4.0001 2.0000999999999998 2.0000999999999998 4.0001 3.0000999999999998 1.0001 0.0001 0.0001 1.0001 2.0000999999999998 2.0000999999999998 4.0001 3.0000999999999998 1.0001 0.0001 0.0001 1.0001 3.0000999999999998 4.0001 2.0000999999999998 5.0001 4.0001 3.0000999999999998 
5.0001 4.0001 2.0001 2.0 0 2.0 4.0 3.0001 2.0001 2.0001 3.0001 5.0001 5.0001 4.0001 2.0001 4.0001 5.0001 5.0001 3.0001 2.0001 3.0001 5.0001 5.0001 4.0001 4.0001 5.0001 5.0001 3.0001 2.0001 2.0001 3.0001 5.0001 5.0001 4.0001 4.0001 5.0001 4.0 2.0 3.0001 5.0001 5.0001 4.0001 4.0001 5.0001 5.0001 3.0001 2.0001 2.0001 3.0001 4.0001 4.0001 5.0001 5.0001 3.0001 2.0001 2.0001 3.0001 5.0001 5.0001 4.0001 3.0001 4.0001 5.0001 
4.0001 5.0001 4.0001 4.0 2.0 0 2.0 4.0 4.0001 4.0001 5.0001 4.0001 4.0001 5.0001 4.0001 5.0001 4.0001 4.0001 5.0001 4.0001 5.0001 4.0001 4.0001 5.0001 5.0001 4.0001 4.0001 5.0001 4.0001 4.0001 5.0001 4.0001 4.0001 5.0001 5.0001 4.0001 4.0001 4.0 5.0001 4.0001 4.0001 5.0001 5.0001 4.0001 4.0001 5.0001 4.0001 4.0001 5.0001 6.0001 5.0001 4.0001 4.0001 5.0001 4.0001 4.0001 5.0001 4.0001 4.0001 5.0001 2.0001 3.0001 4.0001 
4.0001 5.0001 3.0001 3.0001 4.0 2.0 0 2.0 3.0 3.0001 4.0001 4.0001 4.0001 5.0001 3.0001 5.0001 4.0001 4.0001 4.0001 3.0001 4.0001 4.0001 4.0001 5.0001 4.0 4.0001 4.0001 4.0001 3.0001 3.0001 4.0001 4.0001 4.0001 5.0001 5.0001 4.0001 4.0001 4.0001 4.0001 4.0001 4.0001 5.0001 5.0001 4.0001 4.0001 4.0001 3.0001 3.0001 4.0001 5.0001 5.0001 4.0001 4.0001 4.0001 3.0001 3.0001 4.0001 4.0001 4.0001 5.0001 2.0001 3.0001 4.0001 
5.0001 3.0000999999999998 1.0001 1.0001 3.0000999999999998 4.0 2.0 0 1.0 1.0001 2.0000999999999998 4.0001 5.0001 3.0000999999999998 1.0001 3.0000999999999998 5.0001 4.0001 2.0000999999999998 1.0001 2.0000999999999998 4.0001 5.0001 3.0000999999999998 2.0 4.0 4.0001 2.0000999999999998 1.0001 1.0001 2.0000999999999998 4.0001 5.0001 3.0000999999999998 3.0000999999999998 5.0001 4.0001 2.0000999999999998 2.0000999999999998 4.0001 5.0001 3.0000999999999998 3.0000999999999998 5.0001 4.0001 2.0000999999999998 1.0001 1.0001 2.0000999999999998 3.0000999999999998 3.0000999999999998 5.0001 4.0001 2.0000999999999998 1.0001 1.0001 2.0000999999999998 4.0001 5.0001 3.0000999999999998 4.0001 5.0001 4.0001 
4.0001 2.0000999999999998 0.0001 0.0001 2.0000999999999998 4.0001 3.0 1.0 0 0.0001 1.0001 3.0000999999999998 4.0001 2.0000999999999998 0.0001 2.0000999999999998 4.0001 3.0000999999999998 1.0001 0.0001 1.0001 3.0000999999999998 4.0001 2.0000999999999998 2.0 4.0 3.0000999999999998 1.0001 0.0001 0.0001 1.0001 3.0000999999999998 4.0001 2.0000999999999998 2.0000999999999998 4.0001 3.0000999999999998 1.0001 1.0001 3.0000999999999998 4.0001 2.0000999999999998 2.0000999999999998 4.0001 3.0000999999999998 1.0001 0.0001 0.0001 1.0001 2.0000999999999998 2.0000999999999998 4.0001 3.0000999999999998 1.0001 0.0001 0.0001 1.0001 3.0000999999999998 4.0001 2.0000999999999998 5.0001 4.0001 3.0000999999999998 
4.0001 2.0000999999999998 0.0001 0.0001 2.0000999999999998 4.0001 3.0000999999999998 1.0001 0.0001 0 1.0 3.0 4.0001 2.0000999999999998 0.0001 2.0000999999999998 4.0001 3.0000999999999998 1.0001 0.0001 1.0001 3.0000999999999998 4.0 2.0 2.0000999999999998 4.0001 3.0000999999999998 1.0001 0.0001 0.0001 1.0001 3.0000999999999998 4.0001 2.0000999999999998 2.0000999999999998 4.0001 3.0000999999999998 1.0001 1.0001 3.0000999999999998 4.0001 2.0000999999999998 2.0000999999999998 4.0001 3.0000999999999998 1.0001 0.0001 0.0001 1.0001 2.0000999999999998 2.0000999999999998 4.0001 3.0000999999999998 1.0001 0.0001 0.0001 1.0001 3.0000999999999998 4.0001 2.0000999999999998 5.0001 4.0001 3.0000999999999998 
5.0001 3.0000999999999998 1.0001 1.0001 3.0000999999999998 5.0001 4.0001 2.0000999999999998 1.0001 1.0 0 2.0 4.0 3.0000999999999998 1.0001 3.0000999999999998 5.0001 4.0001 2.0000999999999998 1.0001 2.0000999999999998 4.0001 4.0 2.0 3.0000999999999998 5.0001 4.0001 2.0000999999999998 1.0001 1.0001 2.0000999999999998 4.0001 5.0001 3.0000999999999998 3.0000999999999998 5.0001 4.0001 2.0000999999999998 2.0000999999999998 4.0001 5.0001 3.0000999999999998 3.0000999999999998 5.0001 4.0001 2.0000999999999998 1.0001 1.0001 2.0000999999999998 3.0000999999999998 3.0000999999999998 5.0001 4.0001 2.0000999999999998 1.0001 1.0001 2.0000999999999998 4.0001 5.0001 3.0000999999999998 4.0001 5.0001 4.0001 
4.0001 5.0001 3.0001 3.0001 5.0001 4.0001 4.0001 4.0001 3.0001 3.0 2.0 0 2.0 4.0 3.0001 5.0001 4.0001 4.0001 4.0001 3.0001 4.0001 4.0001 4.0001 4.0 5.0001 4.0001 4.0001 4.0001 3.0001 3.0001 4.0001 4.0001 4.0001 5.0001 5.0001 4.0001 4.0001 4.0001 4.0001 4.0001 4.0001 5.0001 5.0001 4.0001 4.0001 4.0001 3.0001 3.0001 4.0001 5.0001 5.0001 4.0001 4.0001 4.0001 3.0001 3.0001 4.0001 4.0001 4.0001 5.0001 2.0001 3.0001 4.0001 
4.0001 5.0001 4.0001 4.0001 5.0001 4.0001 4.0001 5.0001 4.0001 4.0001 4.0 2.0 0 2.0 4.0001 5.0001 4.0001 4.0001 4.0 4.0 5.0001 4.0001 4.0001 5.0001 5.0001 4.0001 4.0001 5.0001 4.0001 4.0001 5.0001 4.0001 4.0001 5.0001 5.0001 4.0001 4.0001 5.0001 5.0001 4.0001 4.0001 5.0001 5.0001 4.0001 4.0001 5.0001 4.0001 4.0001 5.0001 6.0001 5.0001 4.0001 4.0001 5.0001 4.0001 4.0001 5.0001 4.0001 4.0001 5.0001 2.0001 3.0001 4.0001 
5.0001 4.0001 2.0001 2.0001 4.0001 5.0001 5.0001 3.0001 2.0001 2.0001 3.0001 4.0 2.0 0 2.0001 4.0001 5.0001 4.0 2.0 2.0 3.0001 5.0001 5.0001 4.0001 4.0001 5.0001 5.0001 3.0001 2.0001 2.0001 3.0001 5.0001 5.0001 4.0001 4.0001 5.0001 5.0001 3.0001 3.0001 5.0001 5.0001 4.0001 4.0001 5.0001 5.0001 3.0001 2.0001 2.0001 3.0001 4.0001 4.0001 5.0001 5.0001 3.0001 2.0001 2.0001 3.0001 5.0001 5.0001 4.0001 3.0001 4.0001 5.0001 
4.0001 2.0000999999999998 0.0001 0.0001 2.0000999999999998 4.0001 3.0000999999999998 1.0001 0.0001 0.0001 1.0001 3.0000999999999998 4.0001 2.0000999999999998 0 2.0 4.0 3.0000999999999998 1.0001 0.0001 1.0001 3.0000999999999998 4.0001 2.0000999999999998 2.0000999999999998 4.0001 3.0000999999999998 1.0001 0.0001 0.0001 1.0001 3.0000999999999998 4.0001 2.0000999999999998 2.0000999999999998 4.0001 3.0000999999999998 1.0001 1.0 3.0 4.0001 2.0000999999999998 2.0000999999999998 4.0001 3.0000999999999998 1.0001 0.0001 0.0001 1.0001 2.0000999999999998 2.0000999999999998 4.0001 3.0000999999999998 1.0001 0.0001 0.0001 1.0001 3.0000999999999998 4.0001 2.0000999999999998 5.0001 4.0001 3.0000999999999998 
5.0001 4.0001 2.0001 2.0001 4.0001 5.0001 5.0001 3.0001 2.0001 2.0001 3.0001 5.0001 5.0001 4.0001 2.0 0 2.0 4.0 3.0001 2.0001 3.0001 5.0001 5.0001 4.0001 4.0001 5.0001 5.0001 3.0001 2.0001 2.0001 3.0001 5.0001 5.0001 4.0001 4.0001 5.0001 5.0001 3.0001 2.0 4.0 5.0001 4.0001 4.0001 5.0001 5.0001 3.0001 2.0001 2.0001 3.0001 4.0001 4.0001 5.0001 5.0001 3.0001 2.0001 2.0001 3.0001 5.0001 5.0001 4.0001 3.0001 4.0001 5.0001 
4.0001 5.0001 4.0001 4.0001 5.0001 4.0001 4.0001 5.0001 4.0001 4.0001 5.0001 4.0001 4.0001 5.0001 4.0 2.0 0 2.0 4.0 4.0001 5.0001 4.0001 4.0001 5.0001 5.0001 4.0001 4.0001 5.0001 4.0001 4.0001 5.0001 4.0001 4.0001 5.0001 5.0001 4.0001 4.0001 5.0001 4.0 4.0001 4.0001 5.0001 5.0001 4.0001 4.0001 5.0001 4.0001 4.0001 5.0001 6.0001 5.0001 4.0001 4.0001 5.0001 4.0001 4.0001 5.0001 4.0001 4.0001 5.0001 2.0001 3.0001 4.0001 
4.0001 5.0001 3.0001 3.0001 5.0001 4.0001 4.0001 4.0001 3.0001 3.0001 4.0001 4.0001 4.0001 4.0 3.0001 4.0 2.0 0 2.0 3.0 4.0001 4.0001 4.0001 5.0001 5.0001 4.0001 4.0001 4.0001 3.0001 3.0001 4.0001 4.0001 4.0001 5.0001 5.0001 4.0001 4.0001 4.0001 4.0001 4.0001 4.0001 5.0001 5.0001 4.0001 4.0001 4.0001 3.0001 3.0001 4.0001 5.0001 5.0001 4.0001 4.0001 4.0001 3.0001 3.0001 4.0001 4.0001 4.0001 5.0001 2.0001 3.0001 4.0001 
5.0001 3.0000999999999998 1.0001 1.0001 3.0000999999999998 5.0001 4.0001 2.0000999999999998 1.0001 1.0001 2.0000999999999998 4.0001 4.0 2.0 1.0001 3.0000999999999998 4.0 2.0 0 1.0 2.0000999999999998 4.0001 5.0001 3.0000999999999998 3.0000999999999998 5.0001 4.0001 2.0000999999999998 1.0001 1.0001 2.0000999999999998 4.0001 5.0001 3.0000999999999998 3.0000999999999998 5.0001 4.0001 2.0000999999999998 2.0000999999999998 4.0001 5.0001 3.0000999999999998 3.0000999999999998 5.0001 4.0001 2.0000999999999998 1.0001 1.0001 2.0000999999999998 3.0000999999999998 3.0000999999999998 5.0001 4.0001 2.0000999999999998 1.0001 1.0001 2.0000999999999998 4.0001 5.0001 3.0000999999999998 4.0001 5.0001 4.0001 
4.0001 2.0000999999999998 0.0001 0.0001 2.0000999999999998 4.0001 3.0000999999999998 1.0001 0.0001 0.0001 1.0001 3.0000999999999998 4.0 2.0 0.0001 2.0000999999999998 4.0001 3.0 1.0 0 1.0001 3.0000999999999998 4.0001 2.0000999999999998 2.0000999999999998 4.0001 3.0000999999999998 1.0001 0.0001 0.0001 1.0001 3.0000999999999998 4.0001 2.0000999999999998 2.0000999999999998 4.0001 3.0000999999999998 1.0001 1.0001 3.0000999999999998 4.0001 2.0000999999999998 2.0000999999999998 4.0001 3.0000999999999998 1.0001 0.0001 0.0001 1.0001 2.0000999999999998 2.0000999999999998 4.0001 3.0000999999999998 1.0001 0.0001 0.0001 1.0001 3.0000999999999998 4.0001 2.0000999999999998 5.0001 4.0001 3.0000999999999998 
4.0 2.0 1.0 1.0001 3.0000999999999998 5.0001 4.0001 2.0000999999999998 1.0001 1.0001 2.0000999999999998 4.0001 5.0001 3.0000999999999998 1.0001 3.0000999999999998 5.0001 4.0001 2.0000999999999998 1.0001 0 2.0 4.0 3.0000999999999998 3.0000999999999998 5.0001 4.0001 2.0000999999999998 1.0001 1.0001 2.0000999999999998 4.0001 5.0001 3.0000999999999998 3.0000999999999998 5.0001 4.0001 2.0000999999999998 2.0000999999999998 4.0001 5.0001 3.0000999999999998 3.0000999999999998 5.0001 4.0001 2.0000999999999998 1.0001 1.0001 2.0000999999999998 3.0000999999999998 3.0000999999999998 5.0001 4.0001 2.0000999999999998 1.0001 1.0001 2.0000999999999998 4.0001 5.0001 3.0000999999999998 4.0001 5.0 4.0001 
4.0001 4.0 3.0 3.0001 5.0001 4.0001 4.0001 4.0001 3.0001 3.0001 4.0001 4.0001 4.0001 5.0001 3.0001 5.0001 4.0001 4.0001 4.0001 3.0001 2.0 0 2.0 4.0 5.0001 4.0001 4.0001 4.0001 3.0001 3.0001 4.0001 4.0001 4.0001 5.0001 5.0001 4.0001 4.0001 4.0001 4.0001 4.0001 4.0001 5.0001 5.0001 4.0001 4.0001 4.0001 3.0001 3.0001 4.0001 5.0001 5.0001 4.0001 4.0001 4.0001 3.0001 3.0001 4.0001 4.0001 4.0001 5.0001 2.0001 3.0001 4.0001 
4.0001 5.0001 4.0001 4.0001 5.0001 4.0001 4.0001 5.0001 4.0001 4.0 4.0 4.0001 4.0001 5.0001 4.0001 5.0001 4.0001 4.0001 5.0001 4.0001 4.0 2.0 0 2.0 5.0001 4.0001 4.0001 5.0001 4.0001 4.0001 5.0001 4.0001 4.0001 5.0001 5.0001 4.0001 4.0001 5.0001 5.0001 4.0001 4.0001 5.0001 5.0001 4.0001 4.0001 5.0001 4.0001 4.0001 5.0001 6.0001 5.0001 4.0001 4.0001 5.0001 4.0001 4.0001 5.0001 4.0001 4.0001 5.0001 2.0001 3.0001 4.0001 
5.0001 4.0001 2.0001 2.0001 4.0001 5.0001 5.0001 3.0001 2.0001 2.0 2.0 4.0 5.0001 4.0001 2.0001 4.0001 5.0001 5.0001 3.0001 2.0001 3.0001 4.0 2.0 0 4.0001 5.0001 5.0001 3.0001 2.0001 2.0001 3.0001 5.0001 5.0001 4.0001 4.0001 5.0001 5.0001 3.0001 3.0001 5.0001 5.0001 4.0001 4.0001 5.0001 5.0001 3.0001 2.0001 2.0001 3.0001 4.0001 4.0001 5.0001 5.0001 3.0001 2.0001 2.0001 3.0001 5.0001 5.0001 4.0001 3.0001 4.0001 5.0001 
5.0001 4.0001 2.0001 2.0001 4.0001 5.0001 4.0 2.0 2.0 2.0001 3.0001 5.0001 5.0001 4.0001 2.0001 4.0001 5.0001 5.0001 3.0001 2.0001 3.0001 5.0001 5.0001 4.0001 0 2.0 4.0 3.0001 2.0001 2.0001 3.0001 5.0001 5.0001 4.0001 4.0001 5.0001 5.0001 3.0001 3.0001 5.0001 5.0001 4.0001 4.0001 5.0001 5.0001 3.0001 2.0001 2.0001 3.0001 4.0001 4.0001 5.0001 5.0001 3.0001 2.0001 2.0001 3.0001 5.0001 5.0001 4.0001 3.0001 4.0001 5.0001 
4.0001 5.0001 4.0001 4.0001 5.0001 4.0001 4.0001 4.0 4.0 4.0001 5.0001 4.0001 4.0001 5.0001 4.0001 5.0001 4.0001 4.0001 5.0001 4.0001 5.0001 4.0001 4.0001 5.0001 2.0 0 2.0 4.0 4.0001 4.0001 5.0001 4.0001 4.0001 5.0001 5.0001 4.0001 4.0001 5.0001 5.0001 4.0001 4.0001 5.0001 5.0001 4.0001 4.0001 5.0001 4.0001 4.0001 5.0001 6.0001 5.0001 4.0001 4.0001 5.0001 4.0001 4.0001 5.0001 4.0001 4.0001 5.0001 2.0001 3.0001 4.0001 
4.0001 5.0001 3.0001 3.0001 5.0001 4.0001 4.0001 4.0001 3.0001 3.0001 4.0001 4.0001 4.0001 5.0001 3.0001 5.0001 4.0001 4.0001 4.0001 3.0001 4.0001 4.0001 4.0001 5.0001 4.0 2.0 0 2.0 3.0 3.0001 4.0001 4.0001 4.0001 5.0001 5.0001 4.0001 4.0001 4.0001 4.0001 4.0001 4.0001 5.0001 4.0 4.0001 4.0001 4.0001 3.0001 3.0001 4.0001 5.0001 5.0001 4.0001 4.0001 4.0001 3.0001 3.0001 4.0001 4.0001 4.0001 5.0001 2.0001 3.0001 4.0001 
5.0001 3.0000999999999998 1.0001 1.0001 3.0000999999999998 5.0001 4.0001 2.0000999999999998 1.0001 1.0001 2.0000999999999998 4.0001 5.0001 3.0000999999999998 1.0001 3.0000999999999998 5.0001 4.0001 2.0000999999999998 1.0001 2.0000999999999998 4.0001 5.0001 3.0000999999999998 3.0000999999999998 4.0 2.0 0 1.0 1.0001 2.0000999999999998 4.0001 5.0001 3.0000999999999998 3.0000999999999998 5.0001 4.0001 2.0000999999999998 2.0000999999999998 4.0001 5.0001 3.0000999999999998 2.0 4.0 4.0001 2.0000999999999998 1.0001 1.0001 2.0000999999999998 3.0000999999999998 3.0000999999999998 5.0001 4.0001 2.0000999999999998 1.0001 1.0001 2.0000999999999998 4.0001 5.0001 3.0000999999999998 4.0001 5.0001 4.0001 
4.0001 2.0000999999999998 0.0001 0.0001 2.0000999999999998 4.0001 3.0000999999999998 1.0001 0.0001 0.0001 1.0001 3.0000999999999998 4.0001 2.0000999999999998 0.0001 2.0000999999999998 4.0001 3.0000999999999998 1.0001 0.0001 1.0001 3.0000999999999998 4.0001 2.0000999999999998 2.0000999999999998 4.0001 3.0 1.0 0 0.0001 1.0001 3.0000999999999998 4.0001 2.0000999999999998 2.0000999999999998 4.0001 3.0000999999999998 1.0001 1.0001 3.0000999999999998 4.0001 2.0000999999999998 2.0 4.0 3.0000999999999998 1.0001 0.0001 0.0001 1.0001 2.0000999999999998 2.0000999999999998 4.0001 3.0000999999999998 1.0001 0.0001 0.0001 1.0001 3.0000999999999998 4.0001 2.0000999999999998 5.0001 4.0001 3.0000999999999998 
4.0001 2.0000999999999998 0.0001 0.0001 2.0000999999999998 4.0001 3.0000999999999998 1.0001 0.0001 0.0001 1.0001 3.0000999999999998 4.0001 2.0000999999999998 0.0001 2.0000999999999998 4.0001 3.0000999999999998 1.0001 0.0001 1.0001 3.0000999999999998 4.0001 2.0000999999999998 2.0000999999999998 4.0001 3.0000999999999998 1.0001 0.0001 0 1.0 3.0 4.0001 2.0000999999999998 2.0 4.0 3.0000999999999998 1.0001 1.0001 3.0000999999999998 4.0001 2.0000999999999998 2.0000999999999998 4.0001 3.0000999999999998 1.0001 0.0001 0.0001 1.0001 2.0000999999999998 2.0000999999999998 4.0001 3.0000999999999998 1.0001 0.0001 0.0001 1.0001 3.0000999999999998 4.0001 2.0000999999999998 5.0001 4.0001 3.0000999999999998 
5.0001 3.0000999999999998 1.0001 1.0001 3.0000999999999998 5.0001 4.0001 2.0000999999999998 1.0001 1.0001 2.0000999999999998 4.0001 5.0001 3.0000999999999998 1.0001 3.0000999999999998 5.0001 4.0001 2.0000999999999998 1.0001 2.0000999999999998 4.0001 5.0001 3.0000999999999998 3.0000999999999998 5.0001 4.0001 2.0000999999999998 1.0001 1.0 0 2.0 4.0 3.0000999999999998 2.0 4.0 4.0001 2.0000999999999998 2.0000999999999998 4.0001 5.0001 3.0000999999999998 3.0000999999999998 5.0001 4.0001 2.0000999999999998 1.0001 1.0001 2.0000999999999998 3.0000999999999998 3.0000999999999998 5.0001 4.0001 2.0000999999999998 1.0001 1.0001 2.0000999999999998 4.0001 5.0001 3.0000999999999998 4.0001 5.0001 4.0001 
4.0001 5.0001 3.0001 3.0001 5.0001 4.0001 4.0001 4.0001 3.0001 3.0001 4.0001 4.0001 4.0001 5.0001 3.0001 5.0001 4.0001 4.0001 4.0001 3.0001 4.0001 4.0001 4.0001 5.0001 5.0001 4.0001 4.0001 4.0001 3.0001 3.0 2.0 0 2.0 4.0 4.0 4.0001 4.0001 4.0001 4.0001 4.0001 4.0001 5.0001 5.0001 4.0001 4.0001 4.0001 3.0001 3.0001 4.0001 5.0001 5.0001 4.0001 4.0001 4.0001 3.0001 3.0001 4.0001 4.0001 4.0001 5.0001 2.0001 3.0001 4.0001 
4.0001 5.0001 4.0001 4.0001 5.0001 4.0001 4.0001 5.0001 4.0001 4.0001 5.0001 4.0001 4.0001 5.0001 4.0001 5.0001 4.0001 4.0001 5.0001 4.0001 5.0001 4.0001 4.0001 5.0001 5.0001 4.0001 4.0001 5.0001 4.0001 4.0001 4.0 2.0 0 2.0 5.0001 4.0001 4.0001 5.0001 5.0001 4.0001 4.0001 5.0001 5.0001 4.0001 4.0001 5.0001 4.0001 4.0001 5.0001 6.0001 5.0001 4.0001 4.0001 5.0001 4.0001 4.0 4.0 4.0001 4.0001 5.0001 2.0001 3.0001 4.0001 
5.0001 4.0001 2.0001 2.0001 4.0001 5.0001 5.0001 3.0001 2.0001 2.0001 3.0001 5.0001 5.0001 4.0001 2.0001 4.0001 5.0001 5.0001 3.0001 2.0001 3.0001 5.0001 5.0001 4.0001 4.0001 5.0001 5.0001 3.0001 2.0001 2.0001 3.0001 4.0 2.0 0 4.0001 5.0001 5.0001 3.0001 3.0001 5.0001 5.0001 4.0001 4.0001 5.0001 5.0001 3.0001 2.0001 2.0001 3.0001 4.0001 4.0001 5.0001 5.0001 3.0001 2.0001 2.0 2.0 4.0 5.0001 4.0001 3.0001 4.0001 5.0001 
5.0001 4.0001 2.0001 2.0001 4.0001 5.0001 5.0001 3.0001 2.0001 2.0001 3.0001 5.0001 5.0001 4.0001 2.0001 4.0001 5.0001 5.0001 3.0001 2.0001 3.0001 5.0001 5.0001 4.0001 4.0001 5.0001 5.0001 3.0001 2.0001 2.0 2.0 4.0 5.0001 4.0001 0 2.0 4.0 3.0001 3.0001 5.0001 5.0001 4.0001 4.0001 5.0001 5.0001 3.0001 2.0001 2.0001 3.0001 4.0001 4.0001 5.0001 5.0001 3.0001 2.0001 2.0001 3.0001 5.0001 5.0001 4.0001 3.0001 4.0001 5.0001 
4.0001 5.0001 4.0001 4.0001 5.0001 4.0001 4.0001 5.0001 4.0001 4.0001 5.0001 4.0001 4.0001 5.0001 4.0001 5.0001 4.0001 4.0001 5.0001 4.0001 5.0001 4.0001 4.0001 5.0001 5.0001 4.0001 4.0001 5.0001 4.0001 4.0 4.0 4.0001 4.0001 5.0001 2.0 0 2.0 4.0 5.0001 4.0001 4.0001 5.0001 5.0001 4.0001 4.0001 5.0001 4.0001 4.0001 5.0001 6.0001 5.0001 4.0001 4.0001 5.0001 4.0001 4.0001 5.0001 4.0001 4.0001 5.0001 2.0001 3.0001 4.0001 
4.0001 5.0001 3.0001 3.0 4.0 4.0001 4.0001 4.0001 3.0001 3.0001 4.0001 4.0001 4.0001 5.0001 3.0001 5.0001 4.0001 4.0001 4.0001 3.0001 4.0001 4.0001 4.0001 5.0001 5.0001 4.0001 4.0001 4.0001 3.0001 3.0001 4.0001 4.0001 4.0001 5.0001 4.0 2.0 0 2.0 4.0001 4.0001 4.0001 5.0001 5.0001 4.0001 4.0001 4.0001 3.0001 3.0001 4.0001 5.0001 5.0001 4.0001 4.0001 4.0001 3.0001 3.0001 4.0001 4.0001 4.0001 5.0001 2.0001 3.0001 4.0001 
5.0001 3.0000999999999998 1.0001 1.0 2.0 4.0 4.0001 2.0000999999999998 1.0001 1.0001 2.0000999999999998 4.0001 5.0001 3.0000999999999998 1.0001 3.0000999999999998 5.0001 4.0001 2.0000999999999998 1.0001 2.0000999999999998 4.0001 5.0001 3.0000999999999998 3.0000999999999998 5.0001 4.0001 2.0000999999999998 1.0001 1.0001 2.0000999999999998 4.0001 5.0001 3.0000999999999998 3.0000999999999998 4.0 2.0 0 2.0000999999999998 4.0001 5.0001 3.0000999999999998 3.0000999999999998 5.0001 4.0001 2.0000999999999998 1.0001 1.0001 2.0000999999999998 3.0000999999999998 3.0000999999999998 5.0001 4.0001 2.0000999999999998 1.0001 1.0001 2.0000999999999998 4.0001 5.0001 3.0000999999999998 4.0001 5.0001 4.0001 
5.0001 3.0000999999999998 1.0001 1.0001 3.0000999999999998 5.0001 4.0001 2.0000999999999998 1.0001 1.0001 2.0000999999999998 4.0001 5.0001 3.0000999999999998 1.0 2.0 4.0 4.0001 2.0000999999999998 1.0001 2.0000999999999998 4.0001 5.0001 3.0000999999999998 3.0000999999999998 5.0001 4.0001 2.0000999999999998 1.0001 1.0001 2.0000999999999998 4.0001 5.0001 3.0000999999999998 3.0000999999999998 5.0001 4.0001 2.0000999999999998 0 2.0 4.0 3.0000999999999998 3.0000999999999998 5.0001 4.0001 2.0000999999999998 1.0001 1.0001 2.0000999999999998 3.0000999999999998 3.0000999999999998 5.0001 4.0001 2.0000999999999998 1.0001 1.0001 2.0000999999999998 4.0001 5.0001 3.0000999999999998 4.0001 5.0001 4.0001 
4.0001 5.0001 3.0001 3.0001 5.0001 4.0001 4.0001 4.0001 3.0001 3.0001 4.0001 4.0001 4.0001 5.0001 3.0 4.0 4.0001 4.0001 4.0001 3.0001 4.0001 4.0001 4.0001 5.0001 5.0001 4.0001 4.0001 4.0001 3.0001 3.0001 4.0001 4.0001 4.0001 5.0001 5.0001 4.0001 4.0001 4.0001 2.0 0 2.0 4.0 5.0001 4.0001 4.0001 4.0001 3.0001 3.0001 4.0001 5.0001 5.0001 4.0001 4.0001 4.0001 3.0001 3.0001 4.0001 4.0001 4.0001 5.0001 2.0001 3.0001 4.0001 
4.0001 5.0001 4.0001 4.0001 5.0001 4.0001 4.0001 5.0001 4.0001 4.0001 5.0001 4.0001 4.0001 5.0001 4.0001 5.0001 4.0001 4.0001 5.0001 4.0001 5.0001 4.0001 4.0001 5.0001 5.0001 4.0001 4.0001 5.0001 4.0001 4.0001 5.0001 4.0001 4.0001 5.0001 5.0001 4.0001 4.0001 5.0001 4.0 2.0 0 2.0 5.0001 4.0001 4.0001 4.0 4.0 4.0001 5.0001 6.0001 5.0001 4.0001 4.0001 5.0001 4.0001 4.0001 5.0001 4.0001 4.0001 5.0001 2.0001 3.0001 4.0001 
5.0001 4.0001 2.0001 2.0001 4.0001 5.0001 5.0001 3.0001 2.0001 2.0001 3.0001 5.0001 5.0001 4.0001 2.0001 4.0001 5.0001 5.0001 3.0001 2.0001 3.0001 5.0001 5.0001 4.0001 4.0001 5.0001 5.0001 3.0001 2.0001 2.0001 3.0001 5.0001 5.0001 4.0001 4.0001 5.0001 5.0001 3.0001 3.0001 4.0 2.0 0 4.0001 5.0001 4.0 2.0 2.0 2.0001 3.0001 4.0001 4.0001 5.0001 5.0001 3.0001 2.0001 2.0001 3.0001 5.0001 5.0001 4.0001 3.0001 4.0001 5.0001 
5.0001 4.0001 2.0001 2.0001 4.0001 5.0001 5.0001 3.0001 2.0001 2.0001 3.0001 5.0001 5.0001 4.0001 2.0001 4.0001 5.0001 5.0001 3.0001 2.0001 3.0001 5.0001 5.0001 4.0001 4.0001 5.0001 4.0 2.0 2.0 2.0001 3.0001 5.0001 5.0001 4.0001 4.0001 5.0001 5.0001 3.0001 3.0001 5.0001 5.0001 4.0001 0 2.0 4.0 3.0001 2.0001 2.0001 3.0001 4.0001 4.0001 5.0001 5.0001 3.0001 2.0001 2.0001 3.0001 5.0001 5.0001 4.0001 3.0001 4.0001 5.0001 
4.0001 5.0001 4.0001 4.0001 5.0001 4.0001 4.0001 5.0001 4.0001 4.0001 5.0001 4.0001 4.0001 5.0001 4.0001 5.0001 4.0001 4.0001 5.0001 4.0001 5.0001 4.0001 4.0001 5.0001 5.0001 4.0001 4.0001 4.0 4.0 4.0001 5.0001 4.0001 4.0001 5.0001 5.0001 4.0001 4.0001 5.0001 5.0001 4.0001 4.0001 5.0001 2.0 0 2.0 4.0 4.0001 4.0001 5.0001 6.0001 5.0001 4.0001 4.0001 5.0001 4.0001 4.0001 5.0001 4.0001 4.0001 5.0001 2.0001 3.0001 4.0001 
4.0001 5.0001 3.0001 3.0001 5.0001 4.0001 4.0001 4.0001 3.0001 3.0001 4.0001 4.0001 4.0001 5.0001 3.0001 5.0001 4.0001 4.0001 4.0001 3.0001 4.0001 4.0001 4.0001 5.0001 5.0001 4.0001 4.0001 4.0001 3.0001 3.0001 4.0001 4.0001 4.0001 5.0001 5.0001 4.0001 4.0001 4.0001 4.0001 4.0001 4.0001 4.0 4.0 2.0 0 2.0 3.0 3.0001 4.0001 5.0001 5.0001 4.0001 4.0001 4.0001 3.0001 3.0001 4.0001 4.0001 4.0001 5.0001 2.0001 3.0001 4.0001 
5.0001 3.0000999999999998 1.0001 1.0001 3.0000999999999998 5.0001 4.0001 2.0000999999999998 1.0001 1.0001 2.0000999999999998 4.0001 5.0001 3.0000999999999998 1.0001 3.0000999999999998 5.0001 4.0001 2.0000999999999998 1.0001 2.0000999999999998 4.0001 5.0001 3.0000999999999998 3.0000999999999998 5.0001 4.0001 2.0000999999999998 1.0001 1.0001 2.0000999999999998 4.0001 5.0001 3.0000999999999998 3.0000999999999998 5.0001 4.0001 2.0000999999999998 2.0000999999999998 4.0001 4.0 2.0 3.0000999999999998 4.0 2.0 0 1.0 1.0001 2.0000999999999998 3.0000999999999998 3.0000999999999998 5.0001 4.0001 2.0000999999999998 1.0001 1.0001 2.0000999999999998 4.0001 5.0001 3.0000999999999998 4.0001 5.0001 4.0001 
4.0001 2.0000999999999998 0.0001 0.0001 2.0000999999999998 4.0001 3.0000999999999998 1.0001 0.0001 0.0001 1.0001 3.0000999999999998 4.0001 2.0000999999999998 0.0001 2.0000999999999998 4.0001 3.0000999999999998 1.0001 0.0001 1.0001 3.0000999999999998 4.0001 2.0000999999999998 2.0000999999999998 4.0001 3.0000999999999998 1.0001 0.0001 0.0001 1.0001 3.0000999999999998 4.0001 2.0000999999999998 2.0000999999999998 4.0001 3.0000999999999998 1.0001 1.0001 3.0000999999999998 4.0 2.0 2.0000999999999998 4.0001 3.0 1.0 0 0.0001 1.0001 2.0000999999999998 2.0000999999999998 4.0001 3.0000999999999998 1.0001 0.0001 0.0001 1.0001 3.0000999999999998 4.0001 2.0000999999999998 5.0001 4.0001 3.0000999999999998 
4.0001 2.0000999999999998 0.0001 0.0001 2.0000999999999998 4.0001 3.0000999999999998 1.0001 0.0001 0.0001 1.0001 3.0000999999999998 4.0001 2.0000999999999998 0.0001 2.0000999999999998 4.0001 3.0000999999999998 1.0001 0.0001 1.0001 3.0000999999999998 4.0001 2.0000999999999998 2.0000999999999998 4.0001 3.0000999999999998 1.0001 0.0001 0.0001 1.0001 3.0000999999999998 4.0001 2.0000999999999998 2.0000999999999998 4.0001 3.0000999999999998 1.0001 1.0001 3.0000999999999998 4.0001 2.0000999999999998 2.0000999999999998 4.0001 3.0000999999999998 1.0001 0.0001 0 1.0 2.0 2.0 4.0 3.0000999999999998 1.0001 0.0001 0.0001 1.0001 3.0000999999999998 4.0001 2.0000999999999998 5.0001 4.0 3.0 
4.0 3.0000999999999998 1.0001 1.0001 3.0000999999999998 5.0001 4.0001 2.0000999999999998 1.0001 1.0001 2.0000999999999998 4.0001 5.0001 3.0000999999999998 1.0001 3.0000999999999998 5.0001 4.0001 2.0000999999999998 1.0001 2.0000999999999998 4.0001 5.0001 3.0000999999999998 3.0000999999999998 5.0001 4.0001 2.0000999999999998 1.0001 1.0001 2.0000999999999998 4.0001 5.0001 3.0000999999999998 3.0000999999999998 5.0001 4.0001 2.0000999999999998 2.0000999999999998 4.0001 5.0001 3.0000999999999998 3.0000999999999998 5.0001 4.0001 2.0000999999999998 1.0001 1.0 0 1.0 2.0 4.0 4.0001 2.0000999999999998 1.0001 1.0001 2.0000999999999998 4.0001 5.0001 3.0000999999999998 4.0001 3.0 2.0 
5.0 4.0001 2.0001 2.0001 4.0001 6.0001 5.0001 3.0001 2.0001 2.0001 3.0001 5.0001 6.0001 4.0001 2.0001 4.0001 6.0001 5.0001 3.0001 2.0001 3.0001 5.0001 6.0001 4.0001 4.0001 6.0001 5.0001 3.0001 2.0001 2.0001 3.0001 5.0001 6.0001 4.0001 4.0001 6.0001 5.0001 3.0001 3.0001 5.0001 6.0001 4.0001 4.0001 6.0001 5.0001 3.0001 2.0001 2.0 1.0 0 1.0 3.0 5.0 3.0001 2.0001 2.0001 3.0001 5.0001 6.0001 4.0001 4.0001 4.0 3.0 
5.0001 4.0001 2.0001 2.0001 4.0001 5.0001 5.0001 3.0001 2.0001 2.0001 3.0001 5.0001 5.0001 4.0001 2.0001 4.0001 5.0001 5.0001 3.0001 2.0001 3.0001 5.0001 5.0001 4.0001 4.0001 5.0001 5.0001 3.0001 2.0001 2.0001 3.0001 5.0001 5.0001 4.0001 4.0001 5.0001 5.0001 3.0001 3.0001 5.0001 5.0001 4.0001 4.0001 5.0001 5.0001 3.0001 2.0001 2.0 2.0 1.0 0 2.0 4.0 3.0001 2.0001 2.0001 3.0001 5.0001 5.0001 4.0001 3.0001 4.0001 4.0 
4.0001 5.0001 4.0001 4.0001 5.0001 4.0001 4.0001 5.0001 4.0001 4.0001 5.0001 4.0001 4.0001 5.0001 4.0001 5.0001 4.0001 4.0001 5.0001 4.0001 5.0001 4.0001 4.0001 5.0001 5.0001 4.0001 4.0001 5.0001 4.0001 4.0001 5.0001 4.0001 4.0001 5.0001 5.0001 4.0001 4.0001 5.0001 5.0001 4.0001 4.0001 5.0001 5.0001 4.0001 4.0001 5.0001 4.0001 4.0 4.0 3.0 2.0 0 2.0 4.0 4.0001 4.0001 5.0001 4.0001 4.0001 5.0001 2.0001 3.0001 4.0001 
4.0001 5.0001 3.0001 3.0001 5.0001 4.0001 4.0001 4.0001 3.0001 3.0001 4.0001 4.0001 4.0001 5.0001 3.0001 5.0001 4.0001 4.0001 4.0001 3.0001 4.0001 4.0001 4.0001 5.0001 5.0001 4.0001 4.0001 4.0001 3.0001 3.0001 4.0001 4.0001 4.0001 5.0001 5.0001 4.0001 4.0001 4.0001 4.0001 4.0001 4.0001 5.0001 5.0001 4.0001 4.0001 4.0001 3.0001 3.0001 4.0001 5.0 4.0 2.0 0 2.0 3.0 3.0001 4.0001 4.0001 4.0001 4.0 2.0001 3.0001 4.0001 
5.0001 3.0000999999999998 1.0001 1.0001 3.0000999999999998 5.0001 4.0001 2.0000999999999998 1.0001 1.0001 2.0000999999999998 4.0001 5.0001 3.0000999999999998 1.0001 3.0000999999999998 5.0001 4.0001 2.0000999999999998 1.0001 2.0000999999999998 4.0001 5.0001 3.0000999999999998 3.0000999999999998 5.0001 4.0001 2.0000999999999998 1.0001 1.0001 2.0000999999999998 4.0001 5.0001 3.0000999999999998 3.0000999999999998 5.0001 4.0001 2.0000999999999998 2.0000999999999998 4.0001 5.0001 3.0000999999999998 3.0000999999999998 5.0001 4.0001 2.0000999999999998 1.0001 1.0001 2.0000999999999998 3.0000999999999998 3.0000999999999998 4.0 2.0 0 1.0 1.0001 2.0000999999999998 4.0001 4.0 2.0 4.0001 5.0001 4.0001 
4.0001 2.0000999999999998 0.0001 0.0001 2.0000999999999998 4.0001 3.0000999999999998 1.0001 0.0001 0.0001 1.0001 3.0000999999999998 4.0001 2.0000999999999998 0.0001 2.0000999999999998 4.0001 3.0000999999999998 1.0001 0.0001 1.0001 3.0000999999999998 4.0001 2.0000999999999998 2.0000999999999998 4.0001 3.0000999999999998 1.0001 0.0001 0.0001 1.0001 3.0000999999999998 4.0001 2.0000999999999998 2.0000999999999998 4.0001 3.0000999999999998 1.0001 1.0001 3.0000999999999998 4.0001 2.0000999999999998 2.0000999999999998 4.0001 3.0000999999999998 1.0001 0.0001 0.0001 1.0001 2.0000999999999998 2.0000999999999998 4.0001 3.0 1.0 0 0.0001 1.0001 3.0000999999999998 4.0 2.0 5.0 4.0001 3.0000999999999998 
4.0001 2.0000999999999998 0.0001 0.0001 2.0000999999999998 4.0001 3.0000999999999998 1.0001 0.0001 0.0001 1.0001 3.0000999999999998 4.0001 2.0000999999999998 0.0001 2.0000999999999998 4.0001 3.0000999999999998 1.0001 0.0001 1.0001 3.0000999999999998 4.0001 2.0000999999999998 2.0000999999999998 4.0001 3.0000999999999998 1.0001 0.0001 0.0001 1.0001 3.0000999999999998 4.0 2.0 2.0000999999999998 4.0001 3.0000999999999998 1.0001 1.0001 3.0000999999999998 4.0001 2.0000999999999998 2.0000999999999998 4.0001 3.0000999999999998 1.0001 0.0001 0.0001 1.0001 2.0000999999999998 2.0000999999999998 4.0001 3.0000999999999998 1.0001 0.0001 0 1.0 3.0 4.0001 2.0000999999999998 5.0 4.0001 3.0000999999999998 
5.0001 3.0000999999999998 1.0001 1.0001 3.0000999999999998 5.0001 4.0001 2.0000999999999998 1.0001 1.0001 2.0000999999999998 4.0001 5.0001 3.0000999999999998 1.0001 3.0000999999999998 5.0001 4.0001 2.0000999999999998 1.0001 2.0000999999999998 4.0001 5.0001 3.0000999999999998 3.0000999999999998 5.0001 4.0001 2.0000999999999998 1.0001 1.0001 2.0000999999999998 4.0001 4.0 2.0 3.0000999999999998 5.0001 4.0001 2.0000999999999998 2.0000999999999998 4.0001 5.0001 3.0000999999999998 3.0000999999999998 5.0001 4.0001 2.0000999999999998 1.0001 1.0001 2.0000999999999998 3.0000999999999998 3.0000999999999998 5.0001 4.0001 2.0000999999999998 1.0001 1.0 0 2.0 4.0 3.0000999999999998 4.0 5.0001 4.0001 
4.0001 5.0001 3.0001 3.0001 5.0001 4.0001 4.0001 4.0001 3.0001 3.0001 4.0001 4.0001 4.0001 5.0001 3.0001 5.0001 4.0001 4.0001 4.0001 3.0001 4.0001 4.0001 4.0001 5.0001 5.0001 4.0001 4.0001 4.0001 3.0001 3.0001 4.0001 4.0001 4.0001 4.0 5.0001 4.0001 4.0001 4.0001 4.0001 4.0001 4.0001 5.0001 5.0001 4.0001 4.0001 4.0001 3.0001 3.0001 4.0001 5.0001 5.0001 4.0001 4.0001 4.0001 3.0001 3.0 2.0 0 2.0 4.0 2.0 3.0001 4.0001 
4.0001 5.0001 4.0001 4.0001 5.0001 4.0001 4.0001 5.0001 4.0001 4.0001 5.0001 4.0001 4.0001 5.0001 4.0001 5.0001 4.0001 4.0001 5.0001 4.0001 5.0001 4.0001 4.0001 5.0001 5.0001 4.0001 4.0001 5.0001 4.0001 4.0001 5.0001 4.0001 4.0001 5.0001 5.0001 4.0001 4.0001 5.0001 5.0001 4.0001 4.0001 5.0001 5.0001 4.0001 4.0001 5.0001 4.0001 4.0001 5.0001 6.0001 5.0001 4.0001 4.0001 4.0 4.0 4.0001 4.0 2.0 0 2.0 2.0 3.0001 4.0001 
5.0001 4.0001 2.0001 2.0001 4.0001 5.0001 5.0001 3.0001 2.0001 2.0001 3.0001 5.0001 5.0001 4.0001 2.0001 4.0001 5.0001 5.0001 3.0001 2.0001 3.0001 5.0001 5.0001 4.0001 4.0001 5.0001 5.0001 3.0001 2.0001 2.0001 3.0001 5.0001 5.0001 4.0001 4.0001 5.0001 5.0001 3.0001 3.0001 5.0001 5.0001 4.0001 4.0001 5.0001 5.0001 3.0001 2.0001 2.0001 3.0001 4.0001 4.0001 5.0001 4.0 2.0 2.0 2.0001 3.0001 4.0 2.0 0 3.0 4.0001 5.0001 
2.0000999999999998 3.0000999999999998 5.0001 5.0001 3.0000999999999998 2.0000999999999998 2.0000999999999998 4.0001 5.0001 5.0001 4.0001 2.0000999999999998 2.0000999999999998 3.0000999999999998 5.0001 3.0000999999999998 2.0000999999999998 2.0000999999999998 4.0001 5.0001 4.0001 2.0000999999999998 2.0000999999999998 3.0000999999999998 3.0000999999999998 2.0000999999999998 2.0000999999999998 4.0001 5.0001 5.0001 4.0001 2.0000999999999998 2.0000999999999998 3.0000999999999998 3.0000999999999998 2.0000999999999998 2.0000999999999998 4.0001 4.0001 2.0000999999999998 2.0000999999999998 3.0000999999999998 3.0000999999999998 2.0000999999999998 2.0000999999999998 4.0001 5.0001 5.0001 4.0001 4.0001 3.0000999999999998 2.0000999999999998 2.0000999999999998 4.0001 5.0 5.0 4.0 2.0 2.0 3.0 0 1.0001 2.0000999999999998 
1.0 3.0 4.0001 4.0001 4.0001 3.0000999999999998 3.0000999999999998 5.0001 4.0001 4.0001 5.0001 3.0000999999999998 3.0000999999999998 4.0001 4.0001 4.0001 3.0000999999999998 3.0000999999999998 5.0001 4.0001 5.0 3.0000999999999998 3.0000999999999998 4.0001 4.0001 3.0000999999999998 3.0000999999999998 5.0001 4.0001 4.0001 5.0001 3.0000999999999998 3.0000999999999998 4.0001 4.0001 3.0000999999999998 3.0000999999999998 5.0001 5.0001 3.0000999999999998 3.0000999999999998 4.0001 4.0001 3.0000999999999998 3.0000999999999998 5.0001 4.0001 4.0 3.0 4.0 4.0001 3.0000999999999998 3.0000999999999998 5.0001 4.0001 4.0001 5.0001 3.0000999999999998 3.0000999999999998 4.0001 1.0001 0 1.0 
2.0 4.0 3.0001 3.0001 5.0001 4.0001 4.0001 4.0001 3.0001 3.0001 4.0001 4.0001 4.0001 5.0001 3.0001 5.0001 4.0001 4.0001 4.0001 3.0001 4.0001 4.0001 4.0001 5.0001 5.0001 4.0001 4.0001 4.0001 3.0001 3.0001 4.0001 4.0001 4.0001 5.0001 5.0001 4.0001 4.0001 4.0001 4.0001 4.0001 4.0001 5.0001 5.0001 4.0001 4.0001 4.0001 3.0001 3.0 2.0 3.0 4.0 4.0001 4.0001 4.0001 3.0001 3.0001 4.0001 4.0001 4.0001 5.0001 2.0001 1.0 0 
