49
67 22 68 25 64 5 151 184 36 70 180 161 183 88 84 11 136 58 93 8 12 48 143 63 75 171 182 113 186 139 51 61 107 20 9 114 71 167 140 78 79 165 97 81 166 149 23 169 86
0 1.0 2.0 2.0 3.0 3.0 2.0 3.0 3.0 2.0 3.0 3.0 3.0 3.0 3.0 3.0 2.0 2.0 1.0 2.0 3.0 3.0 3.0 2.0 3.0 2.0 2.0 3.0 3.0 3.0 3.0 2.0 3.0 3.0 3.0 1.0 1.0 2.0 1.0 2.0 3.0 3.0 2.0 3.0 3.0 3.0 3.0 2.0 1.0 
1.0 0 1.0 2.0 3.0 2.0 2.0 3.0 4.0 3.0 3.0 3.0 3.0 3.0 4.0 3.0 3.0 3.0 2.0 3.0 2.0 3.0 2.0 2.0 3.0 3.0 3.0 3.0 3.0 4.0 4.0 3.0 4.0 3.0 2.0 2.0 2.0 3.0 2.0 2.0 3.0 2.0 3.0 3.0 3.0 3.0 3.0 3.0 2.0 
2.0 1.0 0 1.0 2.0 3.0 3.0 4.0 3.0 3.0 3.0 3.0 2.0 3.0 4.0 4.0 2.0 3.0 2.0 2.0 3.0 3.0 2.0 3.0 4.0 3.0 2.0 3.0 3.0 3.0 4.0 3.0 3.0 3.0 3.0 2.0 3.0 3.0 2.0 3.0 3.0 3.0 2.0 3.0 3.0 3.0 3.0 2.0 3.0 
2.0 2.0 1.0 0 1.0 3.0 3.0 3.0 2.0 3.0 2.0 2.0 1.0 2.0 3.0 3.0 3.0 3.0 3.0 3.0 3.0 2.0 1.0 2.0 3.0 3.0 3.0 3.0 3.0 2.0 4.0 3.0 4.0 3.0 3.0 2.0 3.0 2.0 1.0 3.0 4.0 3.0 3.0 3.0 2.0 3.0 4.0 3.0 2.0 
3.0 3.0 2.0 1.0 0 2.0 4.0 4.0 3.0 3.0 3.0 3.0 2.0 3.0 4.0 3.0 3.0 2.0 2.0 3.0 3.0 3.0 2.0 3.0 4.0 3.0 4.0 4.0 4.0 3.0 3.0 3.0 4.0 3.0 3.0 3.0 2.0 3.0 2.0 3.0 4.0 3.0 3.0 3.0 3.0 2.0 3.0 4.0 3.0 
3.0 2.0 3.0 3.0 2.0 0 2.0 3.0 3.0 3.0 3.0 2.0 2.0 3.0 3.0 2.0 3.0 3.0 4.0 3.0 3.0 3.0 2.0 2.0 3.0 3.0 3.0 4.0 3.0 4.0 3.0 3.0 2.0 3.0 2.0 3.0 2.0 3.0 4.0 2.0 3.0 2.0 3.0 3.0 3.0 3.0 3.0 3.0 2.0 
2.0 2.0 3.0 3.0 4.0 2.0 0 1.0 4.0 3.0 2.0 1.0 2.0 1.0 2.0 2.0 3.0 3.0 3.0 4.0 3.0 3.0 2.0 2.0 3.0 3.0 3.0 3.0 3.0 3.0 3.0 3.0 4.0 4.0 2.0 3.0 3.0 4.0 3.0 3.0 4.0 3.0 2.0 3.0 2.0 3.0 3.0 3.0 2.0 
3.0 3.0 4.0 3.0 4.0 3.0 1.0 0 3.0 2.0 2.0 1.0 3.0 2.0 3.0 3.0 3.0 3.0 3.0 3.0 3.0 3.0 3.0 3.0 4.0 3.0 2.0 2.0 2.0 3.0 3.0 2.0 3.0 4.0 3.0 3.0 3.0 3.0 2.0 2.0 3.0 3.0 3.0 3.0 3.0 2.0 3.0 2.0 3.0 
3.0 4.0 3.0 2.0 3.0 3.0 4.0 3.0 0 1.0 2.0 3.0 3.0 3.0 3.0 4.0 3.0 3.0 3.0 3.0 4.0 3.0 3.0 2.0 3.0 4.0 3.0 3.0 2.0 3.0 3.0 2.0 2.0 1.0 4.0 2.0 3.0 4.0 3.0 3.0 3.0 2.0 3.0 3.0 3.0 3.0 3.0 3.0 2.0 
2.0 3.0 3.0 3.0 3.0 3.0 3.0 2.0 1.0 0 1.0 2.0 3.0 3.0 4.0 3.0 3.0 3.0 2.0 2.0 3.0 3.0 2.0 1.0 2.0 3.0 3.0 2.0 2.0 3.0 3.0 2.0 1.0 2.0 3.0 1.0 3.0 3.0 2.0 2.0 3.0 2.0 3.0 2.0 2.0 3.0 3.0 2.0 3.0 
3.0 3.0 3.0 2.0 3.0 3.0 2.0 2.0 2.0 1.0 0 1.0 3.0 3.0 3.0 3.0 3.0 2.0 3.0 2.0 2.0 3.0 3.0 2.0 2.0 3.0 3.0 3.0 2.0 3.0 3.0 3.0 2.0 3.0 2.0 2.0 3.0 3.0 3.0 2.0 3.0 1.0 2.0 2.0 2.0 3.0 2.0 3.0 3.0 
3.0 3.0 3.0 2.0 3.0 2.0 1.0 1.0 3.0 2.0 1.0 0 2.0 2.0 3.0 3.0 3.0 3.0 3.0 3.0 2.0 3.0 2.0 3.0 3.0 3.0 2.0 3.0 3.0 3.0 3.0 2.0 3.0 4.0 2.0 3.0 3.0 3.0 3.0 3.0 3.0 2.0 3.0 2.0 3.0 2.0 2.0 3.0 2.0 
3.0 3.0 2.0 1.0 2.0 2.0 2.0 3.0 3.0 3.0 3.0 2.0 0 3.0 3.0 3.0 3.0 3.0 2.0 4.0 3.0 3.0 2.0 3.0 4.0 3.0 3.0 4.0 3.0 3.0 4.0 3.0 3.0 4.0 3.0 3.0 2.0 3.0 2.0 3.0 4.0 3.0 2.0 2.0 1.0 2.0 4.0 4.0 3.0 
3.0 3.0 3.0 2.0 3.0 3.0 1.0 2.0 3.0 3.0 3.0 2.0 3.0 0 1.0 3.0 2.0 4.0 3.0 3.0 2.0 2.0 1.0 2.0 3.0 3.0 3.0 4.0 2.0 2.0 2.0 3.0 3.0 3.0 2.0 2.0 3.0 4.0 3.0 3.0 3.0 2.0 3.0 2.0 3.0 3.0 3.0 3.0 3.0 
3.0 4.0 4.0 3.0 4.0 3.0 2.0 3.0 3.0 4.0 3.0 3.0 3.0 1.0 0 2.0 2.0 3.0 4.0 3.0 2.0 3.0 2.0 3.0 3.0 3.0 4.0 4.0 3.0 2.0 2.0 3.0 3.0 3.0 2.0 3.0 3.0 3.0 4.0 4.0 3.0 2.0 2.0 3.0 2.0 3.0 3.0 4.0 4.0 
3.0 3.0 4.0 3.0 3.0 2.0 2.0 3.0 4.0 3.0 3.0 3.0 3.0 3.0 2.0 0 2.0 3.0 4.0 3.0 3.0 4.0 3.0 3.0 3.0 3.0 4.0 4.0 3.0 3.0 4.0 3.0 2.0 4.0 3.0 3.0 3.0 2.0 3.0 3.0 2.0 2.0 2.0 3.0 2.0 3.0 4.0 4.0 3.0 
2.0 3.0 2.0 3.0 3.0 3.0 3.0 3.0 3.0 3.0 3.0 3.0 3.0 2.0 2.0 2.0 0 2.0 3.0 3.0 3.0 3.0 3.0 2.0 3.0 3.0 2.0 3.0 3.0 2.0 2.0 3.0 3.0 3.0 3.0 2.0 3.0 3.0 3.0 3.0 4.0 2.0 2.0 3.0 3.0 3.0 3.0 2.0 3.0 
2.0 3.0 3.0 3.0 2.0 3.0 3.0 3.0 3.0 3.0 2.0 3.0 3.0 4.0 3.0 3.0 2.0 0 1.0 2.0 3.0 3.0 3.0 4.0 3.0 2.0 3.0 3.0 2.0 3.0 2.0 3.0 4.0 3.0 2.0 2.0 3.0 4.0 3.0 2.0 3.0 2.0 1.0 4.0 3.0 2.0 1.0 2.0 3.0 
1.0 2.0 2.0 3.0 2.0 4.0 3.0 3.0 3.0 2.0 3.0 3.0 2.0 3.0 4.0 4.0 3.0 1.0 0 2.0 3.0 3.0 4.0 3.0 4.0 3.0 3.0 4.0 2.0 3.0 3.0 3.0 3.0 4.0 2.0 1.0 2.0 3.0 2.0 3.0 3.0 3.0 2.0 3.0 3.0 3.0 2.0 3.0 2.0 
2.0 3.0 2.0 3.0 3.0 3.0 4.0 3.0 3.0 2.0 2.0 3.0 4.0 3.0 3.0 3.0 3.0 2.0 2.0 0 1.0 2.0 3.0 3.0 2.0 3.0 4.0 3.0 3.0 3.0 3.0 2.0 3.0 3.0 2.0 1.0 2.0 3.0 3.0 1.0 1.0 1.0 2.0 3.0 3.0 2.0 1.0 2.0 3.0 
3.0 2.0 3.0 3.0 3.0 3.0 3.0 3.0 4.0 3.0 2.0 2.0 3.0 2.0 2.0 3.0 3.0 3.0 3.0 1.0 0 1.0 2.0 2.0 3.0 3.0 3.0 3.0 3.0 3.0 3.0 2.0 3.0 3.0 2.0 2.0 3.0 3.0 3.0 2.0 1.0 2.0 3.0 2.0 2.0 1.0 2.0 3.0 3.0 
3.0 3.0 3.0 2.0 3.0 3.0 3.0 3.0 3.0 3.0 3.0 3.0 3.0 2.0 3.0 4.0 3.0 3.0 3.0 2.0 1.0 0 1.0 2.0 3.0 4.0 3.0 4.0 3.0 4.0 2.0 1.0 2.0 4.0 3.0 3.0 2.0 3.0 3.0 3.0 2.0 3.0 3.0 3.0 3.0 2.0 3.0 4.0 3.0 
3.0 2.0 2.0 1.0 2.0 2.0 2.0 3.0 3.0 2.0 3.0 2.0 2.0 1.0 2.0 3.0 3.0 3.0 4.0 3.0 2.0 1.0 0 1.0 2.0 3.0 3.0 4.0 3.0 3.0 3.0 2.0 3.0 4.0 2.0 3.0 3.0 3.0 2.0 4.0 3.0 3.0 2.0 2.0 3.0 3.0 4.0 3.0 2.0 
2.0 2.0 3.0 2.0 3.0 2.0 2.0 3.0 2.0 1.0 2.0 3.0 3.0 2.0 3.0 3.0 2.0 4.0 3.0 3.0 2.0 2.0 1.0 0 1.0 2.0 3.0 3.0 3.0 4.0 4.0 3.0 2.0 3.0 2.0 2.0 3.0 2.0 3.0 3.0 3.0 2.0 3.0 3.0 3.0 3.0 3.0 3.0 2.0 
3.0 3.0 4.0 3.0 4.0 3.0 3.0 4.0 3.0 2.0 2.0 3.0 4.0 3.0 3.0 3.0 3.0 3.0 4.0 2.0 3.0 3.0 2.0 1.0 0 1.0 2.0 3.0 4.0 3.0 3.0 3.0 3.0 4.0 2.0 3.0 3.0 3.0 4.0 3.0 3.0 1.0 2.0 3.0 4.0 3.0 3.0 4.0 3.0 
2.0 3.0 3.0 3.0 3.0 3.0 3.0 3.0 4.0 3.0 3.0 3.0 3.0 3.0 3.0 3.0 3.0 2.0 3.0 3.0 3.0 4.0 3.0 2.0 1.0 0 1.0 2.0 3.0 2.0 4.0 3.0 3.0 3.0 1.0 2.0 2.0 3.0 3.0 3.0 3.0 2.0 1.0 2.0 3.0 2.0 2.0 3.0 3.0 
2.0 3.0 2.0 3.0 4.0 3.0 3.0 2.0 3.0 3.0 3.0 2.0 3.0 3.0 4.0 4.0 2.0 3.0 3.0 4.0 3.0 3.0 3.0 3.0 2.0 1.0 0 1.0 3.0 3.0 3.0 2.0 3.0 4.0 2.0 3.0 3.0 3.0 3.0 3.0 3.0 3.0 2.0 3.0 3.0 2.0 3.0 2.0 3.0 
3.0 3.0 3.0 3.0 4.0 4.0 3.0 2.0 3.0 2.0 3.0 3.0 4.0 4.0 4.0 4.0 3.0 3.0 4.0 3.0 3.0 4.0 4.0 3.0 3.0 2.0 1.0 0 2.0 3.0 4.0 3.0 3.0 4.0 3.0 3.0 3.0 3.0 2.0 2.0 4.0 4.0 3.0 3.0 4.0 3.0 3.0 2.0 3.0 
3.0 3.0 3.0 3.0 4.0 3.0 3.0 2.0 2.0 2.0 2.0 3.0 3.0 2.0 3.0 3.0 3.0 2.0 2.0 3.0 3.0 3.0 3.0 3.0 4.0 3.0 3.0 2.0 0 1.0 3.0 3.0 3.0 2.0 2.0 2.0 3.0 3.0 2.0 2.0 2.0 3.0 3.0 2.0 3.0 3.0 2.0 1.0 2.0 
3.0 4.0 3.0 2.0 3.0 4.0 3.0 3.0 3.0 3.0 3.0 3.0 3.0 2.0 2.0 3.0 2.0 3.0 3.0 3.0 3.0 4.0 3.0 4.0 3.0 2.0 3.0 3.0 1.0 0 2.0 3.0 3.0 2.0 3.0 2.0 2.0 3.0 3.0 3.0 3.0 2.0 3.0 2.0 3.0 2.0 3.0 2.0 3.0 
3.0 4.0 4.0 4.0 3.0 3.0 3.0 3.0 3.0 3.0 3.0 3.0 4.0 2.0 2.0 4.0 2.0 2.0 3.0 3.0 3.0 2.0 3.0 4.0 3.0 4.0 3.0 4.0 3.0 2.0 0 1.0 2.0 3.0 4.0 4.0 2.0 3.0 4.0 3.0 2.0 2.0 3.0 3.0 4.0 3.0 3.0 4.0 4.0 
2.0 3.0 3.0 3.0 3.0 3.0 3.0 2.0 2.0 2.0 3.0 2.0 3.0 3.0 3.0 3.0 3.0 3.0 3.0 2.0 2.0 1.0 2.0 3.0 3.0 3.0 2.0 3.0 3.0 3.0 1.0 0 1.0 3.0 3.0 3.0 1.0 2.0 3.0 2.0 1.0 2.0 3.0 2.0 3.0 2.0 3.0 4.0 3.0 
3.0 4.0 3.0 4.0 4.0 2.0 4.0 3.0 2.0 1.0 2.0 3.0 3.0 3.0 3.0 2.0 3.0 4.0 3.0 3.0 3.0 2.0 3.0 2.0 3.0 3.0 3.0 3.0 3.0 3.0 2.0 1.0 0 3.0 3.0 2.0 2.0 2.0 3.0 3.0 2.0 2.0 3.0 1.0 2.0 3.0 4.0 3.0 4.0 
3.0 3.0 3.0 3.0 3.0 3.0 4.0 4.0 1.0 2.0 3.0 4.0 4.0 3.0 3.0 4.0 3.0 3.0 4.0 3.0 3.0 4.0 4.0 3.0 4.0 3.0 4.0 4.0 2.0 2.0 3.0 3.0 3.0 0 3.0 3.0 3.0 3.0 3.0 3.0 2.0 3.0 4.0 3.0 3.0 3.0 4.0 3.0 3.0 
3.0 2.0 3.0 3.0 3.0 2.0 2.0 3.0 4.0 3.0 2.0 2.0 3.0 2.0 2.0 3.0 3.0 2.0 2.0 2.0 2.0 3.0 2.0 2.0 2.0 1.0 2.0 3.0 2.0 3.0 4.0 3.0 3.0 3.0 0 3.0 3.0 3.0 3.0 3.0 3.0 3.0 2.0 2.0 3.0 3.0 3.0 3.0 2.0 
1.0 2.0 2.0 2.0 3.0 3.0 3.0 3.0 2.0 1.0 2.0 3.0 3.0 2.0 3.0 3.0 2.0 2.0 1.0 1.0 2.0 3.0 3.0 2.0 3.0 2.0 3.0 3.0 2.0 2.0 4.0 3.0 2.0 3.0 3.0 0 2.0 3.0 2.0 2.0 2.0 2.0 3.0 2.0 3.0 3.0 2.0 3.0 2.0 
1.0 2.0 3.0 3.0 2.0 2.0 3.0 3.0 3.0 3.0 3.0 3.0 2.0 3.0 3.0 3.0 3.0 3.0 2.0 2.0 3.0 2.0 3.0 3.0 3.0 2.0 3.0 3.0 3.0 2.0 2.0 1.0 2.0 3.0 3.0 2.0 0 1.0 2.0 1.0 2.0 3.0 3.0 2.0 3.0 2.0 2.0 3.0 2.0 
2.0 3.0 3.0 2.0 3.0 3.0 4.0 3.0 4.0 3.0 3.0 3.0 3.0 4.0 3.0 2.0 3.0 4.0 3.0 3.0 3.0 3.0 3.0 2.0 3.0 3.0 3.0 3.0 3.0 3.0 3.0 2.0 2.0 3.0 3.0 3.0 1.0 0 1.0 2.0 2.0 2.0 3.0 3.0 2.0 3.0 3.0 3.0 3.0 
1.0 2.0 2.0 1.0 2.0 4.0 3.0 2.0 3.0 2.0 3.0 3.0 2.0 3.0 4.0 3.0 3.0 3.0 2.0 3.0 3.0 3.0 2.0 3.0 4.0 3.0 3.0 2.0 2.0 3.0 4.0 3.0 3.0 3.0 3.0 2.0 2.0 1.0 0 2.0 3.0 3.0 3.0 3.0 3.0 3.0 3.0 2.0 2.0 
2.0 2.0 3.0 3.0 3.0 2.0 3.0 2.0 3.0 2.0 2.0 3.0 3.0 3.0 4.0 3.0 3.0 2.0 3.0 1.0 2.0 3.0 4.0 3.0 3.0 3.0 3.0 2.0 2.0 3.0 3.0 2.0 3.0 3.0 3.0 2.0 1.0 2.0 2.0 0 2.0 2.0 3.0 3.0 3.0 3.0 1.0 2.0 3.0 
3.0 3.0 3.0 4.0 4.0 3.0 4.0 3.0 3.0 3.0 3.0 3.0 4.0 3.0 3.0 2.0 4.0 3.0 3.0 1.0 1.0 2.0 3.0 3.0 3.0 3.0 3.0 4.0 2.0 3.0 2.0 1.0 2.0 2.0 3.0 2.0 2.0 2.0 3.0 2.0 0 2.0 3.0 3.0 3.0 2.0 2.0 3.0 4.0 
3.0 2.0 3.0 3.0 3.0 2.0 3.0 3.0 2.0 2.0 1.0 2.0 3.0 2.0 2.0 2.0 2.0 2.0 3.0 1.0 2.0 3.0 3.0 2.0 1.0 2.0 3.0 4.0 3.0 2.0 2.0 2.0 2.0 3.0 3.0 2.0 3.0 2.0 3.0 2.0 2.0 0 1.0 3.0 3.0 3.0 2.0 3.0 3.0 
2.0 3.0 2.0 3.0 3.0 3.0 2.0 3.0 3.0 3.0 2.0 3.0 2.0 3.0 2.0 2.0 2.0 1.0 2.0 2.0 3.0 3.0 2.0 3.0 2.0 1.0 2.0 3.0 3.0 3.0 3.0 3.0 3.0 4.0 2.0 3.0 3.0 3.0 3.0 3.0 3.0 1.0 0 3.0 2.0 3.0 2.0 2.0 3.0 
3.0 3.0 3.0 3.0 3.0 3.0 3.0 3.0 3.0 2.0 2.0 2.0 2.0 2.0 3.0 3.0 3.0 4.0 3.0 3.0 2.0 3.0 2.0 3.0 3.0 2.0 3.0 3.0 2.0 2.0 3.0 2.0 1.0 3.0 2.0 2.0 2.0 3.0 3.0 3.0 3.0 3.0 3.0 0 1.0 2.0 3.0 3.0 3.0 
3.0 3.0 3.0 2.0 3.0 3.0 2.0 3.0 3.0 2.0 2.0 3.0 1.0 3.0 2.0 2.0 3.0 3.0 3.0 3.0 2.0 3.0 3.0 3.0 4.0 3.0 3.0 4.0 3.0 3.0 4.0 3.0 2.0 3.0 3.0 3.0 3.0 2.0 3.0 3.0 3.0 3.0 2.0 1.0 0 1.0 3.0 3.0 4.0 
3.0 3.0 3.0 3.0 2.0 3.0 3.0 2.0 3.0 3.0 3.0 2.0 2.0 3.0 3.0 3.0 3.0 2.0 3.0 2.0 1.0 2.0 3.0 3.0 3.0 2.0 2.0 3.0 3.0 2.0 3.0 2.0 3.0 3.0 3.0 3.0 2.0 3.0 3.0 3.0 2.0 3.0 3.0 2.0 1.0 0 2.0 3.0 3.0 
3.0 3.0 3.0 4.0 3.0 3.0 3.0 3.0 3.0 3.0 2.0 2.0 4.0 3.0 3.0 4.0 3.0 1.0 2.0 1.0 2.0 3.0 4.0 3.0 3.0 2.0 3.0 3.0 2.0 3.0 3.0 3.0 4.0 4.0 3.0 2.0 2.0 3.0 3.0 1.0 2.0 2.0 2.0 3.0 3.0 2.0 0 1.0 2.0 
2.0 3.0 2.0 3.0 4.0 3.0 3.0 2.0 3.0 2.0 3.0 3.0 4.0 3.0 4.0 4.0 2.0 2.0 3.0 2.0 3.0 4.0 3.0 3.0 4.0 3.0 2.0 2.0 1.0 2.0 4.0 4.0 3.0 3.0 3.0 3.0 3.0 3.0 2.0 2.0 3.0 3.0 2.0 3.0 3.0 3.0 1.0 0 1.0 
1.0 2.0 3.0 2.0 3.0 2.0 2.0 3.0 2.0 3.0 3.0 2.0 3.0 3.0 4.0 3.0 3.0 3.0 2.0 3.0 3.0 3.0 2.0 2.0 3.0 3.0 3.0 3.0 2.0 3.0 4.0 3.0 4.0 3.0 2.0 2.0 2.0 3.0 2.0 3.0 4.0 3.0 3.0 3.0 4.0 3.0 2.0 1.0 0 
