59
X4 D3 Y3 I0 G4 Z4 X2 K1 U2 A1 X1 P6 G6 N2 C7 N1 A7 F0 Q6 A4 M0 H0 L5 C4 V6 O6 V2 T3 E1 Z1 P0 M1 O4 Y0 D0 J1 G0 M5 J5 M6 A6 F3 G3 I5 Z3 J0 B4 X6 R4 C0 W4 M4 W5 B5 O5 F6 R6 D2 A0
0 17.12476 16.22685 11.76742 14.56202 16.58151 19.27659 11.90543 12.28987 16.30492 15.04256 13.58228 15.73946 16.12323 14.07528 16.89115 14.8405 18.9177 13.54581 19.82448 13.66226 11.51715 15.7265 17.98573 19.72759 18.22246 19.98726 18.36532 12.88755 16.26075 10.96556 14.06203 18.53835 11.57282 19.93755 18.71178 16.41866 19.02628 15.31258 12.44635 17.91669 18.38183 14.77092 19.73387 19.06031 11.80547 11.62016 15.06106 19.75112 14.09103 19.24746 16.33792 10.89904 13.88031 16.53379 11.25785 14.55473 15.44636 10.03967 
17.12476 0 10.0589 12.78593 17.40897 12.83802 15.88379 19.68039 13.82148 10.3696 14.53287 19.13985 19.03544 11.14337 19.74951 10.55473 11.35897 15.71648 16.48486 11.84211 12.98723 10.15134 15.40254 11.94298 10.73508 19.2775 18.98252 14.76246 15.70914 15.94799 12.77629 16.14918 15.20857 13.35216 10.78159 12.16439 11.62913 11.1734 12.76645 14.95445 11.92222 10.76213 13.16833 10.50755 10.60164 10.63208 11.03868 11.57763 17.70769 18.79995 10.48693 11.58968 13.00328 17.45724 17.8697 14.14248 16.07405 14.75679 18.25593 
16.22685 10.0589 0 11.87427 18.54687 12.09242 17.45931 18.70834 18.74331 13.57557 10.42044 13.79843 11.63039 12.27424 14.41972 11.86103 11.76988 18.36764 16.0362 19.09882 11.42205 17.04609 15.73786 12.91109 12.66964 12.82996 11.55334 18.09514 11.50416 18.95787 10.63114 11.29365 14.22998 16.66662 11.47602 14.22801 18.81574 11.51174 12.16482 12.69192 16.84223 16.43789 13.84026 11.54234 16.22882 19.25546 14.45872 14.43399 16.35544 16.22045 12.08706 15.25805 19.40864 12.72319 15.82482 16.60448 19.15921 19.76521 16.34494 
11.76742 12.78593 11.87427 0 19.59831 15.81828 11.59428 16.45119 18.52525 15.08196 11.49503 12.74327 17.01909 10.62789 12.56407 11.36697 18.5564 14.64088 15.20701 19.51675 15.22149 11.47955 10.78736 16.85366 14.97758 12.34394 17.85623 13.60553 16.60742 15.6766 11.62298 18.72382 19.1328 10.11325 18.28127 12.3311 13.17437 11.81021 16.53441 16.03147 18.5053 17.71592 11.33043 12.92477 13.21644 12.35362 16.06807 11.12846 15.71257 14.22842 18.4282 13.63961 14.13791 11.2874 18.03765 15.70277 12.86358 17.91651 17.7273 
14.56202 17.40897 18.54687 19.59831 0 10.12168 13.45263 10.51394 16.06917 17.02665 16.71854 14.20439 16.27382 13.51891 19.73853 19.48021 16.08158 14.7426 16.33948 15.2958 17.40049 19.94853 18.49653 12.63717 17.18919 15.43223 19.72234 16.98818 13.12508 15.5056 17.98523 16.63123 13.11147 11.02328 10.68156 18.759 14.12864 13.62489 11.69556 14.68155 15.62565 17.42132 18.87324 13.89755 13.91231 10.5772 17.69858 14.09017 10.66849 13.39575 12.78149 15.35728 14.62819 12.72896 11.30155 15.82703 12.83946 10.65517 14.92852 
16.58151 12.83802 12.09242 15.81828 10.12168 0 15.67177 17.15663 18.47533 16.06993 10.73763 19.98637 12.48881 19.30783 17.90819 11.32788 12.89456 14.93973 16.94804 12.39079 14.44928 18.5328 16.54388 16.21116 14.37256 16.8772 12.73029 17.79337 10.73782 12.44737 18.6035 19.77641 12.92528 13.8946 19.74963 10.77524 19.86078 17.58187 13.20131 12.89635 15.48316 14.13707 13.92627 19.75332 16.08592 14.85096 15.23535 16.14958 14.66267 17.41967 19.81547 12.8822 12.58633 16.55342 13.95276 15.50874 10.53493 14.96836 16.25689 
19.27659 15.88379 17.45931 11.59428 13.45263 15.67177 0 10.15461 12.28755 17.24354 13.01932 12.68348 12.59601 10.90309 17.27329 10.08136 13.16562 15.83484 13.03491 17.84367 14.87876 18.49814 11.91937 19.2481 12.39728 13.97681 13.82154 12.73232 12.53203 15.863 17.34497 10.32933 10.81675 15.59482 19.30042 15.50188 15.69097 11.6004 16.64701 14.13091 16.16806 14.6213 12.92814 12.54934 14.81343 13.48964 12.66225 10.71532 12.06233 13.4627 13.81295 19.34484 12.4944 17.05358 18.79721 18.35148 10.87441 16.02259 12.67009 
11.90543 19.68039 18.70834 16.45119 10.51394 17.15663 10.15461 0 13.38498 10.02226 19.91576 19.94561 16.58425 15.74678 19.49652 13.08714 18.2823 17.47392 14.35321 19.74755 19.12533 19.01054 19.59002 15.49228 13.34661 12.23274 13.58613 16.85076 11.92314 10.71668 11.79108 16.99638 18.23364 14.71201 17.29471 19.89544 11.29939 14.15789 14.77748 18.66194 13.07817 15.99164 16.17018 17.49924 11.48603 16.66089 18.36664 15.52122 13.25667 19.39983 14.34647 18.5246 10.55211 15.03018 18.94224 19.34574 15.65474 10.59409 18.48134 
12.28987 13.82148 18.74331 18.52525 16.06917 18.47533 12.28755 13.38498 0 10.24589 18.1801 16.73979 14.65724 14.6346 14.72962 15.83707 17.36783 13.72263 19.52205 18.50098 17.16697 18.01901 19.56002 17.82933 18.04378 11.00988 16.58472 13.92322 19.53968 10.30572 16.36846 11.50421 11.9697 12.77759 13.50711 12.44993 16.11748 18.7793 15.99182 17.9291 16.1762 10.81049 13.64006 13.631 19.95183 11.62972 13.01709 16.20984 11.37323 10.73802 18.10076 14.28309 16.4838 11.41768 12.33539 14.38413 12.62321 16.43238 17.08783 
16.30492 10.3696 13.57557 15.08196 17.02665 16.06993 17.24354 10.02226 10.24589 0 13.80527 11.14814 19.43731 12.00775 12.79473 19.05973 18.38731 13.48423 11.51375 17.52424 17.2011 19.6797 14.75924 15.09131 13.35564 13.53692 15.8815 19.8128 13.0882 18.72694 10.2683 13.43468 13.51243 11.50996 10.412 14.33437 19.01946 16.01981 11.72055 15.09152 14.28549 15.72908 16.11121 10.04359 14.01816 14.86837 19.89637 10.68062 15.4494 13.91304 19.72535 17.1234 17.18119 15.55189 10.47812 17.78941 11.70408 16.28403 14.61248 
15.04256 14.53287 10.42044 11.49503 16.71854 10.73763 13.01932 19.91576 18.1801 13.80527 0 10.24328 15.96988 17.19586 18.16418 11.17487 10.58101 19.43072 17.07385 12.2183 10.31113 14.11837 17.93225 17.62528 16.5982 10.90449 13.17347 13.52733 16.54584 11.93109 15.41754 16.60691 11.34925 10.7872 11.31438 11.64315 19.78232 16.66108 15.37417 15.29524 19.10386 12.05477 11.36863 12.01758 18.42483 12.63893 15.62014 15.32354 16.1691 13.61646 14.96422 11.74032 12.94275 19.67083 14.3759 19.63632 19.96907 17.81306 11.02465 
13.58228 19.13985 13.79843 12.74327 14.20439 19.98637 12.68348 19.94561 16.73979 11.14814 10.24328 0 10.25431 16.91856 19.68242 11.79716 16.9984 13.07575 15.27483 15.48865 12.17365 10.88357 13.1114 10.50405 11.64941 19.39444 17.81357 12.56445 17.80826 11.14561 12.27312 16.47506 10.75983 14.285 16.93225 13.04648 12.77028 18.97522 13.12039 18.37197 18.44016 12.09932 11.69181 10.95645 18.45343 19.15615 11.46983 14.93451 17.2544 16.52375 13.60478 17.2727 19.87299 14.98904 17.81067 12.57892 14.77459 14.10018 16.14608 
15.73946 19.03544 11.63039 17.01909 16.27382 12.48881 12.59601 16.58425 14.65724 19.43731 15.96988 10.25431 0 18.19326 16.45137 12.43312 19.58624 11.8202 16.75556 13.3391 19.30829 15.76791 16.84541 18.37483 18.34605 14.61218 18.35669 18.26794 19.13348 18.68002 19.36795 16.67837 14.95818 18.76993 16.84725 14.19127 10.77763 17.30155 10.75282 12.12856 16.75835 10.1957 12.31158 10.94782 14.86012 15.417 19.01771 14.55238 10.87036 16.78518 13.10965 19.73762 15.91905 14.45063 12.39861 18.08074 10.59901 19.82816 10.79919 
16.12323 11.14337 12.27424 10.62789 13.51891 19.30783 10.90309 15.74678 14.6346 12.00775 17.19586 16.91856 18.19326 0 19.09146 18.84771 10.92364 15.27698 13.56231 12.00112 16.1723 15.52443 19.7137 19.22989 19.53077 12.16047 15.3863 15.72752 10.33341 15.227 14.52586 19.82641 18.3048 10.67362 16.23921 17.7446 17.121 10.02592 12.04951 19.48287 11.28399 18.71126 10.73562 12.4662 10.41172 16.3806 10.95991 15.27339 10.20168 10.19016 14.71417 19.36466 13.00312 17.7853 18.06084 12.8045 17.06677 13.54988 11.29259 
14.07528 19.74951 14.41972 12.56407 19.73853 17.90819 17.27329 19.49652 14.72962 12.79473 18.16418 19.68242 16.45137 19.09146 0 19.13061 16.22899 10.60278 10.59597 15.75198 19.52948 19.21019 16.28706 14.14188 14.20051 14.63647 12.90982 12.74469 19.03953 19.32586 11.39584 17.94614 15.28932 14.94299 11.94451 14.6567 10.54806 10.00437 12.08705 10.12026 12.66242 14.27333 12.54153 13.58627 18.8126 15.57133 12.19195 13.25114 15.74491 18.13285 19.077 19.03811 14.33044 12.71078 11.35333 11.26721 12.63796 14.1425 17.48273 
16.89115 10.55473 11.86103 11.36697 19.48021 11.32788 10.08136 13.08714 15.83707 19.05973 11.17487 11.79716 12.43312 18.84771 19.13061 0 12.74351 16.75468 15.78807 19.18661 11.04219 13.70858 12.52182 15.80558 18.57788 15.77031 16.55896 17.65874 14.91197 14.21555 14.6386 16.98068 12.96909 18.8556 19.46453 16.16991 11.37714 14.20869 13.26592 13.38366 16.14536 19.93287 14.43568 15.56592 10.83459 13.84058 14.61486 16.02106 17.45589 12.36235 12.27038 15.67047 10.33879 16.95144 19.81567 18.18748 18.53904 11.41644 11.4565 
14.8405 11.35897 11.76988 18.5564 16.08158 12.89456 13.16562 18.2823 17.36783 18.38731 10.58101 16.9984 19.58624 10.92364 16.22899 12.74351 0 10.44515 17.24891 13.79985 15.8326 14.79266 12.4969 17.19271 18.39827 15.91042 11.24425 18.19068 16.49449 17.60092 19.53245 12.21904 12.26965 19.51531 15.36827 18.2927 12.15649 19.02018 15.55898 18.19979 12.74731 12.13439 19.39815 15.60168 12.26141 14.89794 15.92261 12.18966 19.47424 18.26851 10.55257 16.01658 18.107 17.37937 15.40877 13.15349 10.23414 12.5751 19.69898 
18.9177 15.71648 18.36764 14.64088 14.7426 14.93973 15.83484 17.47392 13.72263 13.48423 19.43072 13.07575 11.8202 15.27698 10.60278 16.75468 10.44515 0 10.01318 18.336 18.65219 11.42098 16.86207 16.71638 17.95501 11.98243 19.31914 14.46373 12.48571 15.68384 13.77857 12.19373 14.68292 11.60935 10.4436 13.32322 15.68151 11.64277 17.92584 17.90977 19.62538 11.0914 11.5832 15.52068 12.14293 10.71546 14.60924 19.94099 10.59289 19.22266 12.15098 18.09855 16.23551 13.49856 19.78593 12.49618 13.74027 11.84221 16.13995 
13.54581 16.48486 16.0362 15.20701 16.33948 16.94804 13.03491 14.35321 19.52205 11.51375 17.07385 15.27483 16.75556 13.56231 10.59597 15.78807 17.24891 10.01318 0 10.11351 15.20981 13.33973 14.04505 15.75125 18.72258 17.51702 19.20611 12.52044 17.48828 15.43494 13.50379 15.99947 15.30443 16.86937 11.94075 19.18381 18.93656 12.57083 13.10954 10.00698 10.55106 13.20789 12.80622 16.60457 10.1939 18.29779 15.96358 10.03726 16.4373 14.95382 19.62722 13.0751 18.00778 10.23315 19.16063 16.51818 18.59223 12.57203 13.56678 
19.82448 11.84211 19.09882 19.51675 15.2958 12.39079 17.84367 19.74755 18.50098 17.52424 12.2183 15.48865 13.3391 12.00112 15.75198 19.18661 13.79985 18.336 10.11351 0 10.96877 13.07283 12.66012 16.42463 12.69623 14.41206 12.25977 17.12696 17.26251 17.57791 15.33013 12.46469 13.22476 18.32631 19.74588 15.16274 13.70216 17.64061 10.57999 17.94498 18.54593 16.02266 19.33999 18.20984 19.73862 14.62471 16.65747 15.1656 17.92642 14.9584 17.1048 17.78955 11.94051 17.92903 14.3564 13.5269 17.45812 11.35941 15.07763 
13.66226 12.98723 11.42205 15.22149 17.40049 14.44928 14.87876 19.12533 17.16697 17.2011 10.31113 12.17365 19.30829 16.1723 19.52948 11.04219 15.8326 18.65219 15.20981 10.96877 0 10.04477 14.88422 10.26989 15.39349 11.95102 17.2951 17.16973 10.10963 15.53876 15.16923 14.80501 10.75494 11.05119 11.5705 14.8824 17.52628 14.55111 13.32479 15.07267 12.82942 13.7317 14.18284 19.85954 11.81074 17.37477 11.3205 17.13268 12.99046 18.99777 12.36869 15.30919 13.99002 10.9436 12.86227 17.70343 10.79825 17.38872 14.52864 
11.51715 10.15134 17.04609 11.47955 19.94853 18.5328 18.49814 19.01054 18.01901 19.6797 14.11837 10.88357 15.76791 15.52443 19.21019 13.70858 14.79266 11.42098 13.33973 13.07283 10.04477 0 17.7207 19.00399 11.3054 11.47585 12.88538 18.19959 19.06542 18.50966 17.01123 12.57866 15.39519 16.3674 18.21147 13.88881 12.67859 13.59783 19.46662 10.91072 17.21023 12.2261 19.07728 17.70707 15.5247 14.15453 14.18723 14.10638 11.27663 15.51853 12.68086 14.18263 10.42234 10.80461 11.03909 13.42384 17.83498 17.00559 10.74777 
15.7265 15.40254 15.73786 10.78736 18.49653 16.54388 11.91937 19.59002 19.56002 14.75924 17.93225 13.1114 16.84541 19.7137 16.28706 12.52182 12.4969 16.86207 14.04505 12.66012 14.88422 17.7207 0 19.52171 19.34124 18.64558 19.76283 14.80943 13.34642 13.02869 16.84463 13.03613 13.1637 19.61488 17.4101 12.42148 10.6835 13.21055 14.52807 14.8713 12.23369 18.6638 16.14701 17.49773 15.79183 11.55597 12.18305 12.62858 11.53304 16.38093 13.26856 10.42258 15.83655 11.56007 17.08772 17.42968 12.34978 19.49887 11.05215 
17.98573 11.94298 12.91109 16.85366 12.63717 16.21116 19.2481 15.49228 17.82933 15.09131 17.62528 10.50405 18.37483 19.22989 14.14188 15.80558 17.19271 16.71638 15.75125 16.42463 10.26989 19.00399 19.52171 0 10.00757 18.87821 19.28723 15.20669 14.15776 14.60998 11.72566 12.21941 14.79733 10.18553 15.4475 12.3589 17.84234 17.49484 13.51681 13.24205 19.59782 18.24354 12.01789 18.63149 10.69605 17.69343 13.29421 15.95929 19.70688 17.21838 15.93738 11.14792 19.09971 15.57215 13.7472 17.87145 15.23668 15.67497 18.76967 
19.72759 10.73508 12.66964 14.97758 17.18919 14.37256 12.39728 13.34661 18.04378 13.35564 16.5982 11.64941 18.34605 19.53077 14.20051 18.57788 18.39827 17.95501 18.72258 12.69623 15.39349 11.3054 19.34124 10.00757 0 15.99727 19.53915 11.31029 11.48753 18.09534 16.09361 14.4868 18.56446 12.31082 17.05503 14.70499 13.83674 11.68484 11.14482 13.95634 18.21626 10.45524 11.28301 17.68714 12.35482 18.49642 15.01315 14.02551 14.06724 13.4693 12.96812 16.84133 10.12479 13.99481 15.79883 14.48342 19.69156 10.78782 10.3225 
18.22246 19.2775 12.82996 12.34394 15.43223 16.8772 13.97681 12.23274 11.00988 13.53692 10.90449 19.39444 14.61218 12.16047 14.63647 15.77031 15.91042 11.98243 17.51702 14.41206 11.95102 11.47585 18.64558 18.87821 15.99727 0 10.14605 17.04354 14.52958 15.72883 13.5122 13.84271 16.37971 15.98831 19.88894 11.23866 18.6069 17.69588 11.88929 14.51227 13.52334 19.83829 19.59631 15.63203 14.39814 11.27759 18.26156 13.24157 13.50212 17.45484 12.42616 19.971 10.04012 12.87029 17.12 18.50986 19.36409 16.74554 10.78663 
19.98726 18.98252 11.55334 17.85623 19.72234 12.73029 13.82154 13.58613 16.58472 15.8815 13.17347 17.81357 18.35669 15.3863 12.90982 16.55896 11.24425 19.31914 19.20611 12.25977 17.2951 12.88538 19.76283 19.28723 19.53915 10.14605 0 17.44842 19.25849 18.89176 15.50517 13.82513 12.19426 18.09127 14.35888 15.21013 19.59442 15.83087 14.12466 13.03105 15.90118 11.95874 17.50751 12.13959 10.32649 15.26986 11.05056 12.36651 15.87626 17.46747 15.00077 12.66033 16.18281 16.86646 16.99202 19.89073 19.04788 15.37328 16.61028 
18.36532 14.76246 18.09514 13.60553 16.98818 17.79337 12.73232 16.85076 13.92322 19.8128 13.52733 12.56445 18.26794 15.72752 12.74469 17.65874 18.19068 14.46373 12.52044 17.12696 17.16973 18.19959 14.80943 15.20669 11.31029 17.04354 17.44842 0 14.50658 13.96508 19.16619 16.2576 19.10831 18.25856 15.4274 10.50846 12.30584 19.93078 14.33549 12.6916 13.96298 15.12572 12.67696 19.63257 17.15025 14.25711 18.39646 15.48526 16.28084 16.65686 19.30571 17.12869 15.98624 18.29968 11.09922 12.36862 17.8077 12.31131 11.3818 
12.88755 15.70914 11.50416 16.60742 13.12508 10.73782 12.53203 11.92314 19.53968 13.0882 16.54584 17.80826 19.13348 10.33341 19.03953 14.91197 16.49449 12.48571 17.48828 17.26251 10.10963 19.06542 13.34642 14.15776 11.48753 14.52958 19.25849 14.50658 0 17.80304 18.83772 19.81047 13.35641 13.80006 17.64342 18.96961 17.41395 15.83776 16.63272 15.31656 17.50723 14.36279 19.02456 18.99195 18.33152 16.64588 10.39902 17.26801 16.81936 10.75761 19.48054 15.15894 17.59037 14.71147 16.44522 13.78567 16.20804 12.82072 14.53801 
16.26075 15.94799 18.95787 15.6766 15.5056 12.44737 15.863 10.71668 10.30572 18.72694 11.93109 11.14561 18.68002 15.227 19.32586 14.21555 17.60092 15.68384 15.43494 17.57791 15.53876 18.50966 13.02869 14.60998 18.09534 15.72883 18.89176 13.96508 17.80304 0 15.39911 18.1698 11.26703 14.65885 16.85409 17.54106 11.30352 19.00002 16.90268 15.76888 14.22529 19.59331 18.83625 18.48448 17.87023 18.96516 15.60426 17.22579 16.08567 12.01045 18.54368 19.08391 19.70241 13.52331 13.10287 19.13338 18.5633 11.90217 11.97777 
10.96556 12.77629 10.63114 11.62298 17.98523 18.6035 17.34497 11.79108 16.36846 10.2683 15.41754 12.27312 19.36795 14.52586 11.39584 14.6386 19.53245 13.77857 13.50379 15.33013 15.16923 17.01123 16.84463 11.72566 16.09361 13.5122 15.50517 19.16619 18.83772 15.39911 0 19.76246 13.47249 12.08655 16.56596 11.94102 13.20519 10.56006 18.46153 12.47472 10.85763 13.7808 19.12388 14.19047 18.69452 17.27613 15.95755 17.18908 18.22235 19.92273 13.84796 10.3386 19.40966 19.80199 17.24971 18.54198 12.05702 14.12223 14.34756 
14.06203 16.14918 11.29365 18.72382 16.63123 19.77641 10.32933 16.99638 11.50421 13.43468 16.60691 16.47506 16.67837 19.82641 17.94614 16.98068 12.21904 12.19373 15.99947 12.46469 14.80501 12.57866 13.03613 12.21941 14.4868 13.84271 13.82513 16.2576 19.81047 18.1698 19.76246 0 18.55624 15.16198 15.52414 18.4219 11.55622 12.30124 16.63996 16.79935 18.98212 14.88366 17.97052 15.62234 13.51204 11.02408 17.51959 13.54278 18.75207 19.86053 15.71208 11.83323 15.11621 18.56484 14.10301 12.57588 15.99182 13.03421 13.24233 
18.53835 15.20857 14.22998 19.1328 13.11147 12.92528 10.81675 18.23364 11.9697 13.51243 11.34925 10.75983 14.95818 18.3048 15.28932 12.96909 12.26965 14.68292 15.30443 13.22476 10.75494 15.39519 13.1637 14.79733 18.56446 16.37971 12.19426 19.10831 13.35641 11.26703 13.47249 18.55624 0 15.46104 17.87182 19.18256 13.42778 10.96261 18.10147 17.0202 12.17682 13.01287 12.27932 16.93367 17.02858 12.30514 10.74764 19.36569 19.00267 11.02282 19.15139 14.0052 11.0626 11.62025 10.70401 11.60393 14.82698 15.6607 19.82258 
11.57282 13.35216 16.66662 10.11325 11.02328 13.8946 15.59482 14.71201 12.77759 11.50996 10.7872 14.285 18.76993 10.67362 14.94299 18.8556 19.51531 11.60935 16.86937 18.32631 11.05119 16.3674 19.61488 10.18553 12.31082 15.98831 18.09127 18.25856 13.80006 14.65885 12.08655 15.16198 15.46104 0 10.08681 12.11705 19.66366 18.44814 13.22642 14.85395 18.05852 14.00786 19.12261 10.81177 14.21865 16.28813 16.1303 12.50846 18.62248 13.13701 16.8274 18.74056 10.28545 16.40662 17.63941 19.33807 15.89796 16.75644 12.54373 
19.93755 10.78159 11.47602 18.28127 10.68156 19.74963 19.30042 17.29471 13.50711 10.412 11.31438 16.93225 16.84725 16.23921 11.94451 19.46453 15.36827 10.4436 11.94075 19.74588 11.5705 18.21147 17.4101 15.4475 17.05503 19.88894 14.35888 15.4274 17.64342 16.85409 16.56596 15.52414 17.87182 10.08681 0 16.36372 12.91885 17.37473 11.84096 11.95481 13.72474 19.69578 14.03973 13.94805 11.78071 15.5439 15.07966 12.50267 10.54572 10.14252 17.19393 16.62957 15.87 12.94316 18.07752 13.12865 13.17362 16.65366 16.44389 
18.71178 12.16439 14.22801 12.3311 18.759 10.77524 15.50188 19.89544 12.44993 14.33437 11.64315 13.04648 14.19127 17.7446 14.6567 16.16991 18.2927 13.32322 19.18381 15.16274 14.8824 13.88881 12.42148 12.3589 14.70499 11.23866 15.21013 10.50846 18.96961 17.54106 11.94102 18.4219 19.18256 12.11705 16.36372 0 10.05483 14.6269 14.63568 12.20263 16.77657 18.14323 19.4336 13.54902 14.95478 18.12122 17.37549 11.40025 17.48528 10.48743 14.62138 19.06798 13.44146 10.58459 17.86939 12.44863 19.79146 13.38811 12.63878 
16.41866 11.62913 18.81574 13.17437 14.12864 19.86078 15.69097 11.29939 16.11748 19.01946 19.78232 12.77028 10.77763 17.121 10.54806 11.37714 12.15649 15.68151 18.93656 13.70216 17.52628 12.67859 10.6835 17.84234 13.83674 18.6069 19.59442 12.30584 17.41395 11.30352 13.20519 11.55622 13.42778 19.66366 12.91885 10.05483 0 17.35836 15.59883 19.80946 15.72785 12.04653 14.28836 19.26106 13.93771 10.37306 15.78999 12.54531 13.16142 17.10712 12.44968 18.61404 14.58911 19.35768 12.64216 12.79203 18.41598 13.37336 15.48743 
19.02628 11.1734 11.51174 11.81021 13.62489 17.58187 11.6004 14.15789 18.7793 16.01981 16.66108 18.97522 17.30155 10.02592 10.00437 14.20869 19.02018 11.64277 12.57083 17.64061 14.55111 13.59783 13.21055 17.49484 11.68484 17.69588 15.83087 19.93078 15.83776 19.00002 10.56006 12.30124 10.96261 18.44814 17.37473 14.6269 17.35836 0 10.06832 10.97265 18.09616 10.35604 18.2017 16.70697 19.84974 13.19888 18.88353 12.75262 15.13855 12.93517 13.23109 16.34097 12.18118 14.83823 14.5949 14.24013 19.69787 19.79491 17.65875 
15.31258 12.76645 12.16482 16.53441 11.69556 13.20131 16.64701 14.77748 15.99182 11.72055 15.37417 13.12039 10.75282 12.04951 12.08705 13.26592 15.55898 17.92584 13.10954 10.57999 13.32479 19.46662 14.52807 13.51681 11.14482 11.88929 14.12466 14.33549 16.63272 16.90268 18.46153 16.63996 18.10147 13.22642 11.84096 14.63568 15.59883 10.06832 0 18.85722 17.48081 12.06251 12.3755 16.94416 12.49505 16.26196 16.4036 11.58664 11.0248 14.46138 16.63281 19.8142 14.24151 16.10378 12.44299 15.24882 18.45714 14.95984 18.79495 
12.44635 14.95445 12.69192 16.03147 14.68155 12.89635 14.13091 18.66194 17.9291 15.09152 15.29524 18.37197 12.12856 19.48287 10.12026 13.38366 18.19979 17.90977 10.00698 17.94498 15.07267 10.91072 14.8713 13.24205 13.95634 14.51227 13.03105 12.6916 15.31656 15.76888 12.47472 16.79935 17.0202 14.85395 11.95481 12.20263 19.80946 10.97265 18.85722 0 10.26521 16.90155 17.21039 13.30828 18.93192 14.47524 19.19956 14.651 10.57324 10.75927 17.0591 16.23981 14.72631 11.00845 15.02134 13.43217 13.6671 10.23306 17.66931 
17.91669 11.92222 16.84223 18.5053 15.62565 15.48316 16.16806 13.07817 16.1762 14.28549 19.10386 18.44016 16.75835 11.28399 12.66242 16.14536 12.74731 19.62538 10.55106 18.54593 12.82942 17.21023 12.23369 19.59782 18.21626 13.52334 15.90118 13.96298 17.50723 14.22529 10.85763 18.98212 12.17682 18.05852 13.72474 16.77657 15.72785 18.09616 17.48081 10.26521 0 11.83663 14.6796 15.1184 10.45866 18.33171 19.25791 15.3412 19.04256 10.93994 10.75885 19.31878 10.8634 11.40819 15.43507 19.22871 14.0939 14.4627 10.91035 
18.38183 10.76213 16.43789 17.71592 17.42132 14.13707 14.6213 15.99164 10.81049 15.72908 12.05477 12.09932 10.1957 18.71126 14.27333 19.93287 12.13439 11.0914 13.20789 16.02266 13.7317 12.2261 18.6638 18.24354 10.45524 19.83829 11.95874 15.12572 14.36279 19.59331 13.7808 14.88366 13.01287 14.00786 19.69578 18.14323 12.04653 10.35604 12.06251 16.90155 11.83663 0 11.33729 12.84718 17.05966 17.08734 16.20403 15.57275 10.73322 11.36048 18.65075 17.64203 11.48833 19.20128 17.99034 17.34615 13.43863 15.62043 16.24949 
14.77092 13.16833 13.84026 11.33043 18.87324 13.92627 12.92814 16.17018 13.64006 16.11121 11.36863 11.69181 12.31158 10.73562 12.54153 14.43568 19.39815 11.5832 12.80622 19.33999 14.18284 19.07728 16.14701 12.01789 11.28301 19.59631 17.50751 12.67696 19.02456 18.83625 19.12388 17.97052 12.27932 19.12261 14.03973 19.4336 14.28836 18.2017 12.3755 17.21039 14.6796 11.33729 0 17.90217 16.77489 12.49864 18.00429 13.18451 11.70935 11.75754 11.54207 17.83239 14.33333 19.88456 12.83607 14.12898 14.61645 10.44778 10.4266 
19.73387 10.50755 11.54234 12.92477 13.89755 19.75332 12.54934 17.49924 13.631 10.04359 12.01758 10.95645 10.94782 12.4662 13.58627 15.56592 15.60168 15.52068 16.60457 18.20984 19.85954 17.70707 17.49773 18.63149 17.68714 15.63203 12.13959 19.63257 18.99195 18.48448 14.19047 15.62234 16.93367 10.81177 13.94805 13.54902 19.26106 16.70697 16.94416 13.30828 15.1184 12.84718 17.90217 0 11.5681 14.81008 17.95119 14.45485 15.0452 12.36414 12.60899 16.51477 13.1669 19.22068 17.8298 16.50279 16.43499 13.31322 10.39717 
19.06031 10.60164 16.22882 13.21644 13.91231 16.08592 14.81343 11.48603 19.95183 14.01816 18.42483 18.45343 14.86012 10.41172 18.8126 10.83459 12.26141 12.14293 10.1939 19.73862 11.81074 15.5247 15.79183 10.69605 12.35482 14.39814 10.32649 17.15025 18.33152 17.87023 18.69452 13.51204 17.02858 14.21865 11.78071 14.95478 13.93771 19.84974 12.49505 18.93192 10.45866 17.05966 16.77489 11.5681 0 13.70347 16.90137 12.33735 15.1841 18.9873 14.39195 18.10782 17.18757 15.02478 18.32919 11.7749 13.61533 14.33212 16.58702 
11.80547 10.63208 19.25546 12.35362 10.5772 14.85096 13.48964 16.66089 11.62972 14.86837 12.63893 19.15615 15.417 16.3806 15.57133 13.84058 14.89794 10.71546 18.29779 14.62471 17.37477 14.15453 11.55597 17.69343 18.49642 11.27759 15.26986 14.25711 16.64588 18.96516 17.27613 11.02408 12.30514 16.28813 15.5439 18.12122 10.37306 13.19888 16.26196 14.47524 18.33171 17.08734 12.49864 14.81008 13.70347 0 13.39385 16.06561 15.34489 14.33092 18.44247 12.87336 11.29441 16.16474 13.57225 10.34633 11.58831 12.31414 18.68435 
11.62016 11.03868 14.45872 16.06807 17.69858 15.23535 12.66225 18.36664 13.01709 19.89637 15.62014 11.46983 19.01771 10.95991 12.19195 14.61486 15.92261 14.60924 15.96358 16.65747 11.3205 14.18723 12.18305 13.29421 15.01315 18.26156 11.05056 18.39646 10.39902 15.60426 15.95755 17.51959 10.74764 16.1303 15.07966 17.37549 15.78999 18.88353 16.4036 19.19956 19.25791 16.20403 18.00429 17.95119 16.90137 13.39385 0 10.11092 13.98626 10.1906 12.09321 14.76844 13.10189 19.80907 14.36876 17.34546 11.35656 18.51416 18.81156 
15.06106 11.57763 14.43399 11.12846 14.09017 16.14958 10.71532 15.52122 16.20984 10.68062 15.32354 14.93451 14.55238 15.27339 13.25114 16.02106 12.18966 19.94099 10.03726 15.1656 17.13268 14.10638 12.62858 15.95929 14.02551 13.24157 12.36651 15.48526 17.26801 17.22579 17.18908 13.54278 19.36569 12.50846 12.50267 11.40025 12.54531 12.75262 11.58664 14.651 15.3412 15.57275 13.18451 14.45485 12.33735 16.06561 10.11092 0 12.08521 14.1448 19.35984 14.58582 17.83807 13.32525 13.35164 12.2979 10.60506 12.50005 18.00201 
19.75112 17.70769 16.35544 15.71257 10.66849 14.66267 12.06233 13.25667 11.37323 15.4494 16.1691 17.2544 10.87036 10.20168 15.74491 17.45589 19.47424 10.59289 16.4373 17.92642 12.99046 11.27663 11.53304 19.70688 14.06724 13.50212 15.87626 16.28084 16.81936 16.08567 18.22235 18.75207 19.00267 18.62248 10.54572 17.48528 13.16142 15.13855 11.0248 10.57324 19.04256 10.73322 11.70935 15.0452 15.1841 15.34489 13.98626 12.08521 0 10.1105 19.43195 17.76975 13.69473 18.13927 18.05549 16.05067 18.18082 13.52829 18.81001 
14.09103 18.79995 16.22045 14.22842 13.39575 17.41967 13.4627 19.39983 10.73802 13.91304 13.61646 16.52375 16.78518 10.19016 18.13285 12.36235 18.26851 19.22266 14.95382 14.9584 18.99777 15.51853 16.38093 17.21838 13.4693 17.45484 17.46747 16.65686 10.75761 12.01045 19.92273 19.86053 11.02282 13.13701 10.14252 10.48743 17.10712 12.93517 14.46138 10.75927 10.93994 11.36048 11.75754 12.36414 18.9873 14.33092 10.1906 14.1448 10.1105 0 10.25686 16.75572 11.26311 17.33052 18.83476 16.97874 12.90856 10.5176 18.07719 
19.24746 10.48693 12.08706 18.4282 12.78149 19.81547 13.81295 14.34647 18.10076 19.72535 14.96422 13.60478 13.10965 14.71417 19.077 12.27038 10.55257 12.15098 19.62722 17.1048 12.36869 12.68086 13.26856 15.93738 12.96812 12.42616 15.00077 19.30571 19.48054 18.54368 13.84796 15.71208 19.15139 16.8274 17.19393 14.62138 12.44968 13.23109 16.63281 17.0591 10.75885 18.65075 11.54207 12.60899 14.39195 18.44247 12.09321 19.35984 19.43195 10.25686 0 19.80353 16.5685 17.54271 16.94501 19.10673 13.74472 15.88084 17.82483 
16.33792 11.58968 15.25805 13.63961 15.35728 12.8822 19.34484 18.5246 14.28309 17.1234 11.74032 17.2727 19.73762 19.36466 19.03811 15.67047 16.01658 18.09855 13.0751 17.78955 15.30919 14.18263 10.42258 11.14792 16.84133 19.971 12.66033 17.12869 15.15894 19.08391 10.3386 11.83323 14.0052 18.74056 16.62957 19.06798 18.61404 16.34097 19.8142 16.23981 19.31878 17.64203 17.83239 16.51477 18.10782 12.87336 14.76844 14.58582 17.76975 16.75572 19.80353 0 12.18204 10.48527 15.75075 19.77156 18.13252 14.09413 15.80489 
10.89904 13.00328 19.40864 14.13791 14.62819 12.58633 12.4944 10.55211 16.4838 17.18119 12.94275 19.87299 15.91905 13.00312 14.33044 10.33879 18.107 16.23551 18.00778 11.94051 13.99002 10.42234 15.83655 19.09971 10.12479 10.04012 16.18281 15.98624 17.59037 19.70241 19.40966 15.11621 11.0626 10.28545 15.87 13.44146 14.58911 12.18118 14.24151 14.72631 10.8634 11.48833 14.33333 13.1669 17.18757 11.29441 13.10189 17.83807 13.69473 11.26311 16.5685 12.18204 0 11.68209 18.0034 17.70107 11.39699 10.42173 10.84999 
13.88031 17.45724 12.72319 11.2874 12.72896 16.55342 17.05358 15.03018 11.41768 15.55189 19.67083 14.98904 14.45063 17.7853 12.71078 16.95144 17.37937 13.49856 10.23315 17.92903 10.9436 10.80461 11.56007 15.57215 13.99481 12.87029 16.86646 18.29968 14.71147 13.52331 19.80199 18.56484 11.62025 16.40662 12.94316 10.58459 19.35768 14.83823 16.10378 11.00845 11.40819 19.20128 19.88456 19.22068 15.02478 16.16474 19.80907 13.32525 18.13927 17.33052 17.54271 10.48527 11.68209 0 18.45883 18.32483 15.91436 16.89006 18.74968 
16.53379 17.8697 15.82482 18.03765 11.30155 13.95276 18.79721 18.94224 12.33539 10.47812 14.3759 17.81067 12.39861 18.06084 11.35333 19.81567 15.40877 19.78593 19.16063 14.3564 12.86227 11.03909 17.08772 13.7472 15.79883 17.12 16.99202 11.09922 16.44522 13.10287 17.24971 14.10301 10.70401 17.63941 18.07752 17.86939 12.64216 14.5949 12.44299 15.02134 15.43507 17.99034 12.83607 17.8298 18.32919 13.57225 14.36876 13.35164 18.05549 18.83476 16.94501 15.75075 18.0034 18.45883 0 15.61499 12.40142 18.86232 16.09927 
11.25785 14.14248 16.60448 15.70277 15.82703 15.50874 18.35148 19.34574 14.38413 17.78941 19.63632 12.57892 18.08074 12.8045 11.26721 18.18748 13.15349 12.49618 16.51818 13.5269 17.70343 13.42384 17.42968 17.87145 14.48342 18.50986 19.89073 12.36862 13.78567 19.13338 18.54198 12.57588 11.60393 19.33807 13.12865 12.44863 12.79203 14.24013 15.24882 13.43217 19.22871 17.34615 14.12898 16.50279 11.7749 10.34633 17.34546 12.2979 16.05067 16.97874 19.10673 19.77156 17.70107 18.32483 15.61499 0 10.03472 10.43491 14.67731 
14.55473 16.07405 19.15921 12.86358 12.83946 10.53493 10.87441 15.65474 12.62321 11.70408 19.96907 14.77459 10.59901 17.06677 12.63796 18.53904 10.23414 13.74027 18.59223 17.45812 10.79825 17.83498 12.34978 15.23668 19.69156 19.36409 19.04788 17.8077 16.20804 18.5633 12.05702 15.99182 14.82698 15.89796 13.17362 19.79146 18.41598 19.69787 18.45714 13.6671 14.0939 13.43863 14.61645 16.43499 13.61533 11.58831 11.35656 10.60506 18.18082 12.90856 13.74472 18.13252 11.39699 15.91436 12.40142 10.03472 0 16.84773 14.27508 
15.44636 14.75679 19.76521 17.91651 10.65517 14.96836 16.02259 10.59409 16.43238 16.28403 17.81306 14.10018 19.82816 13.54988 14.1425 11.41644 12.5751 11.84221 12.57203 11.35941 17.38872 17.00559 19.49887 15.67497 10.78782 16.74554 15.37328 12.31131 12.82072 11.90217 14.12223 13.03421 15.6607 16.75644 16.65366 13.38811 13.37336 19.79491 14.95984 10.23306 14.4627 15.62043 10.44778 13.31322 14.33212 12.31414 18.51416 12.50005 13.52829 10.5176 15.88084 14.09413 10.42173 16.89006 18.86232 10.43491 16.84773 0 17.1507 
10.03967 18.25593 16.34494 17.7273 14.92852 16.25689 12.67009 18.48134 17.08783 14.61248 11.02465 16.14608 10.79919 11.29259 17.48273 11.4565 19.69898 16.13995 13.56678 15.07763 14.52864 10.74777 11.05215 18.76967 10.3225 10.78663 16.61028 11.3818 14.53801 11.97777 14.34756 13.24233 19.82258 12.54373 16.44389 12.63878 15.48743 17.65875 18.79495 17.66931 10.91035 16.24949 10.4266 10.39717 16.58702 18.68435 18.81156 18.00201 18.81001 18.07719 17.82483 15.80489 10.84999 18.74968 16.09927 14.67731 14.27508 17.1507 0 
