13
18 5 49 13 11 36 20 16 47 22 7 32 40
0 5173090.0587 5905229.4832999995 3170893.7235 4634048.9185999995 4919895.860599999 4305611.6076 3091749.9987 2818986.659 2872429.9059 2450972.9089 7259967.0055 2256700.8736 
5173090.0587 0 732139.4246 3669826.5847 4779942.2397 5065789.1817 4965299.9191 3751438.3101999997 3478674.9705 3310126.7605 3731583.7575 7919655.317 2916389.1851 
5905229.4833 732139.4246 0 3102584.6573 4867248.4911 5153095.4331 4626497.4588 3412635.8499 3139872.5102 4042266.1851 4463723.1821 7580852.856699999 3648528.6097 
3170893.7235 3669826.5847 3102584.6573 0 1764663.8338 2050510.7758 2093101.1448 3511556.4033 3579726.0933999997 5329360.0007 5621866.6324000005 4579105.4699 4142011.8787999996 
4634048.9186 4779942.2397 4867248.491099999 1764663.8338 0 285846.942 328437.311 1746892.5695 1815062.2596 3564696.1669 3986153.1639 5966304.5971 2377348.045 
4919895.8606 5065789.1817 5153095.433099999 2050510.7758 285846.942 0 614284.253 2032739.5115 2100909.2016000003 3850543.1089 4272000.1059 5680457.6551 2663194.987 
4305611.6076 4965299.9191 4626497.458799999 2093101.1448 328437.311 614284.253 0 1418455.2585 1486624.9486 3236258.8559 3657715.8529 5927605.2951 2048910.7340000002 
3091749.9987000003 3751438.3102 3412635.8499 3511556.4033 1746892.5695 2032739.5115 1418455.2585 0 272763.3397 2022397.247 2443854.244 4713743.6862 835049.1251000001 
2818986.659 3478674.9705 3139872.5102 3579726.0933999997 1815062.2596 2100909.2016 1486624.9486 272763.3397 0 1749633.9072999998 2171090.9042999996 4440980.3465 562285.7854 
2872429.9059 3310126.7605 4042266.1851 5329360.0007 3564696.1668999996 3850543.1088999994 3236258.8559 2022397.247 1749633.9072999998 0 421456.997 6190614.2538 2311919.6927 
2450972.9089 3731583.7575 4463723.182099999 5621866.6324000005 3986153.1639 4272000.1059 3657715.8529000003 2443854.244 2171090.9043 421456.997 0 6415421.6033 2733376.6897 
7259967.0055 7919655.317 7580852.856699999 4579105.4699 5966304.5971 5680457.6551 5927605.2951 4713743.6862 4440980.3465 6190614.2538 6415421.6033 0 5003266.1319 
2256700.8736 2916389.1851 3648528.6097 4142011.8788 2377348.045 2663194.9869999997 2048910.7340000002 835049.1251000001 562285.7854 2311919.6927 2733376.6897 5003266.1319 0 
