65
Loc11 Loc12 Loc77 Loc15 Loc28 Loc17 Loc47 Loc1 Loc25 Loc42 Loc94 Loc3 Loc87 Loc55 Loc44 Loc24 Loc64 Loc48 Loc58 Loc7 Loc0 Loc10 Loc66 Loc41 Loc57 Loc79 Loc61 Loc189 Loc98 Loc93 Loc53 Loc22 Loc85 Loc16 Loc71 Loc56 Loc23 Loc18 Loc81 Loc84 Loc68 Loc54 Loc50 Loc43 Loc20 Loc21 Loc92 Loc33 Loc31 Loc45 Loc49 Loc97 Loc6 Loc83 Loc60 Loc91 Loc37 Loc62 Loc82 Loc99 Loc40 Loc96 Loc65 Loc72 Loc76
0 103.0 211.0 145.0 116.0 191.0 178.0 130.0 167.0 222.0 149.0 150.0 182.0 164.0 217.0 158.0 218.0 158.0 164.0 127.0 138.0 221.0 121.0 208.0 213.0 221.0 211.0 150.0 168.0 214.0 213.0 144.0 144.0 118.0 221.0 181.0 117.0 125.0 155.0 155.0 110.0 178.0 112.0 209.0 126.0 112.0 212.0 157.0 210.0 151.0 127.0 215.0 108.0 209.0 153.0 216.0 184.0 212.0 160.0 216.0 107.0 193.0 130.0 123.0 102.0 
103.0 0 153.0 214.0 207.0 104.0 206.0 121.0 161.0 143.0 135.0 124.0 217.0 112.0 165.0 211.0 212.0 119.0 186.0 121.0 219.0 176.0 213.0 223.0 190.0 154.0 177.0 108.0 188.0 180.0 133.0 116.0 219.0 183.0 149.0 139.0 142.0 167.0 208.0 162.0 187.0 124.0 116.0 146.0 196.0 181.0 113.0 120.0 219.0 110.0 125.0 129.0 211.0 106.0 218.0 159.0 117.0 152.0 128.0 216.0 141.0 172.0 164.0 110.0 183.0 
211.0 153.0 0 104.0 121.0 188.0 104.0 111.0 115.0 114.0 113.0 127.0 125.0 148.0 112.0 181.0 177.0 110.0 132.0 219.0 198.0 183.0 180.0 212.0 190.0 182.0 215.0 195.0 195.0 179.0 171.0 177.0 119.0 139.0 212.0 219.0 209.0 218.0 173.0 148.0 107.0 127.0 207.0 108.0 160.0 210.0 211.0 148.0 157.0 131.0 125.0 171.0 143.0 122.0 214.0 172.0 159.0 139.0 220.0 218.0 155.0 106.0 140.0 187.0 212.0 
145.0 214.0 104.0 0 125.0 149.0 132.0 162.0 216.0 156.0 217.0 190.0 184.0 173.0 140.0 209.0 220.0 120.0 209.0 211.0 115.0 182.0 158.0 120.0 221.0 215.0 171.0 106.0 196.0 117.0 154.0 108.0 158.0 216.0 113.0 216.0 122.0 160.0 121.0 132.0 211.0 186.0 217.0 148.0 162.0 106.0 107.0 209.0 155.0 190.0 104.0 118.0 182.0 171.0 217.0 198.0 151.0 164.0 149.0 116.0 130.0 206.0 116.0 152.0 119.0 
116.0 207.0 121.0 125.0 0 103.0 205.0 117.0 213.0 211.0 223.0 205.0 107.0 110.0 187.0 174.0 176.0 174.0 187.0 213.0 209.0 210.0 113.0 162.0 172.0 182.0 176.0 138.0 209.0 208.0 189.0 135.0 158.0 127.0 166.0 120.0 139.0 134.0 164.0 193.0 119.0 198.0 124.0 173.0 207.0 219.0 177.0 166.0 215.0 107.0 157.0 114.0 156.0 179.0 169.0 207.0 207.0 137.0 188.0 108.0 208.0 104.0 103.0 138.0 178.0 
191.0 104.0 188.0 149.0 103.0 0 102.0 192.0 177.0 191.0 189.0 102.0 149.0 158.0 164.0 136.0 135.0 159.0 172.0 110.0 216.0 206.0 109.0 150.0 192.0 128.0 113.0 160.0 221.0 207.0 210.0 130.0 209.0 207.0 139.0 217.0 167.0 210.0 112.0 160.0 176.0 112.0 152.0 192.0 213.0 169.0 122.0 139.0 216.0 114.0 172.0 119.0 157.0 194.0 187.0 111.0 194.0 180.0 160.0 189.0 213.0 115.0 160.0 214.0 128.0 
178.0 206.0 104.0 132.0 205.0 102.0 0 155.0 143.0 129.0 162.0 109.0 123.0 129.0 127.0 185.0 121.0 151.0 122.0 143.0 141.0 127.0 118.0 144.0 111.0 223.0 214.0 127.0 137.0 212.0 108.0 211.0 121.0 224.0 146.0 115.0 171.0 154.0 214.0 112.0 147.0 175.0 108.0 185.0 120.0 166.0 220.0 155.0 182.0 216.0 163.0 153.0 216.0 178.0 138.0 213.0 163.0 192.0 158.0 122.0 219.0 150.0 184.0 119.0 194.0 
130.0 121.0 111.0 162.0 117.0 192.0 155.0 0 103.0 205.0 209.0 206.0 214.0 211.0 120.0 135.0 189.0 114.0 178.0 219.0 215.0 140.0 197.0 141.0 131.0 189.0 217.0 155.0 215.0 175.0 170.0 125.0 119.0 135.0 219.0 142.0 148.0 169.0 154.0 167.0 206.0 133.0 126.0 125.0 189.0 177.0 210.0 149.0 222.0 196.0 145.0 119.0 133.0 108.0 163.0 174.0 136.0 213.0 123.0 135.0 140.0 150.0 158.0 178.0 115.0 
167.0 161.0 115.0 216.0 213.0 177.0 143.0 103.0 0 102.0 131.0 153.0 223.0 124.0 178.0 111.0 143.0 127.0 178.0 137.0 142.0 206.0 217.0 186.0 106.0 219.0 188.0 214.0 112.0 154.0 170.0 173.0 174.0 213.0 212.0 180.0 118.0 164.0 186.0 151.0 140.0 109.0 216.0 210.0 167.0 125.0 193.0 215.0 216.0 164.0 214.0 219.0 139.0 211.0 122.0 140.0 165.0 115.0 211.0 163.0 184.0 133.0 154.0 188.0 197.0 
222.0 143.0 114.0 156.0 211.0 191.0 129.0 205.0 102.0 0 108.0 177.0 170.0 126.0 190.0 186.0 150.0 153.0 197.0 155.0 214.0 155.0 209.0 165.0 127.0 148.0 220.0 146.0 172.0 134.0 219.0 128.0 119.0 116.0 162.0 177.0 145.0 179.0 149.0 129.0 161.0 181.0 123.0 108.0 159.0 185.0 219.0 177.0 214.0 208.0 149.0 118.0 192.0 208.0 157.0 112.0 158.0 217.0 152.0 213.0 146.0 197.0 175.0 190.0 128.0 
149.0 135.0 113.0 217.0 223.0 189.0 162.0 209.0 131.0 108.0 0 162.0 212.0 149.0 217.0 171.0 206.0 217.0 145.0 141.0 226.0 207.0 152.0 121.0 156.0 172.0 218.0 145.0 117.0 150.0 214.0 115.0 130.0 189.0 147.0 181.0 114.0 214.0 195.0 142.0 212.0 124.0 215.0 156.0 191.0 217.0 166.0 140.0 164.0 161.0 176.0 118.0 191.0 181.0 209.0 191.0 215.0 178.0 174.0 115.0 175.0 193.0 120.0 131.0 103.0 
150.0 124.0 127.0 190.0 205.0 102.0 109.0 206.0 153.0 177.0 162.0 0 131.0 143.0 216.0 211.0 198.0 173.0 120.0 185.0 177.0 180.0 147.0 113.0 140.0 210.0 213.0 108.0 214.0 221.0 117.0 121.0 183.0 224.0 121.0 215.0 177.0 190.0 109.0 180.0 124.0 214.0 214.0 213.0 188.0 107.0 147.0 117.0 122.0 198.0 117.0 117.0 153.0 184.0 155.0 184.0 174.0 223.0 207.0 214.0 187.0 121.0 206.0 195.0 125.0 
182.0 217.0 125.0 184.0 107.0 149.0 123.0 214.0 223.0 170.0 212.0 131.0 0 112.0 170.0 114.0 209.0 179.0 175.0 125.0 119.0 111.0 172.0 208.0 164.0 114.0 190.0 129.0 186.0 182.0 122.0 149.0 134.0 144.0 231.0 193.0 207.0 221.0 190.0 174.0 111.0 193.0 159.0 139.0 137.0 220.0 194.0 217.0 220.0 214.0 181.0 159.0 147.0 129.0 161.0 120.0 139.0 122.0 190.0 153.0 167.0 126.0 167.0 183.0 109.0 
164.0 112.0 148.0 173.0 110.0 158.0 129.0 211.0 124.0 126.0 149.0 143.0 112.0 0 102.0 168.0 212.0 206.0 211.0 131.0 138.0 213.0 189.0 154.0 150.0 219.0 208.0 213.0 119.0 185.0 144.0 119.0 213.0 154.0 133.0 145.0 208.0 214.0 128.0 221.0 130.0 155.0 118.0 186.0 174.0 151.0 156.0 220.0 220.0 208.0 138.0 179.0 159.0 195.0 186.0 136.0 214.0 185.0 167.0 196.0 109.0 187.0 123.0 115.0 128.0 
217.0 165.0 112.0 140.0 187.0 164.0 127.0 120.0 178.0 190.0 217.0 216.0 170.0 102.0 0 160.0 213.0 153.0 130.0 140.0 226.0 133.0 115.0 188.0 217.0 213.0 140.0 183.0 146.0 138.0 120.0 138.0 153.0 226.0 172.0 181.0 106.0 162.0 179.0 152.0 194.0 219.0 212.0 193.0 217.0 232.0 219.0 156.0 132.0 182.0 222.0 207.0 213.0 184.0 208.0 211.0 140.0 195.0 205.0 158.0 188.0 139.0 185.0 113.0 115.0 
158.0 211.0 181.0 209.0 174.0 136.0 185.0 135.0 111.0 186.0 171.0 211.0 114.0 168.0 160.0 0 102.0 204.0 191.0 177.0 115.0 102.0 167.0 145.0 209.0 153.0 120.0 103.0 210.0 105.0 162.0 162.0 211.0 225.0 176.0 122.0 207.0 178.0 132.0 116.0 161.0 184.0 110.0 112.0 141.0 140.0 216.0 197.0 118.0 209.0 219.0 207.0 206.0 114.0 129.0 159.0 221.0 216.0 220.0 173.0 177.0 147.0 109.0 161.0 188.0 
218.0 212.0 177.0 220.0 176.0 135.0 121.0 189.0 143.0 150.0 206.0 198.0 209.0 212.0 213.0 102.0 0 102.0 205.0 152.0 182.0 196.0 125.0 129.0 122.0 155.0 217.0 205.0 195.0 207.0 216.0 156.0 109.0 153.0 107.0 217.0 143.0 135.0 218.0 210.0 221.0 138.0 154.0 141.0 217.0 215.0 178.0 147.0 117.0 218.0 129.0 111.0 216.0 216.0 167.0 132.0 124.0 218.0 132.0 193.0 121.0 133.0 194.0 155.0 209.0 
158.0 119.0 110.0 120.0 174.0 159.0 151.0 114.0 127.0 153.0 217.0 173.0 179.0 206.0 153.0 204.0 102.0 0 103.0 137.0 223.0 195.0 194.0 205.0 111.0 115.0 206.0 105.0 114.0 191.0 165.0 113.0 211.0 118.0 130.0 187.0 125.0 146.0 173.0 108.0 124.0 214.0 141.0 184.0 210.0 154.0 131.0 128.0 129.0 130.0 188.0 183.0 188.0 166.0 175.0 213.0 174.0 224.0 122.0 218.0 119.0 189.0 131.0 220.0 134.0 
164.0 186.0 132.0 209.0 187.0 172.0 122.0 178.0 178.0 197.0 145.0 120.0 175.0 211.0 130.0 191.0 205.0 103.0 0 103.0 196.0 206.0 171.0 173.0 214.0 147.0 131.0 208.0 217.0 193.0 188.0 107.0 187.0 131.0 212.0 108.0 152.0 216.0 205.0 159.0 106.0 111.0 195.0 189.0 178.0 123.0 197.0 158.0 219.0 215.0 127.0 206.0 132.0 208.0 137.0 135.0 130.0 152.0 129.0 124.0 126.0 178.0 184.0 191.0 137.0 
127.0 121.0 219.0 211.0 213.0 110.0 143.0 219.0 137.0 155.0 141.0 185.0 125.0 131.0 140.0 177.0 152.0 137.0 103.0 0 106.0 208.0 118.0 137.0 147.0 179.0 167.0 111.0 215.0 129.0 164.0 191.0 196.0 147.0 129.0 154.0 119.0 195.0 166.0 168.0 116.0 214.0 106.0 117.0 116.0 195.0 168.0 216.0 116.0 218.0 213.0 209.0 217.0 150.0 150.0 195.0 223.0 160.0 165.0 193.0 181.0 169.0 127.0 133.0 104.0 
138.0 219.0 198.0 115.0 209.0 216.0 141.0 215.0 142.0 214.0 226.0 177.0 119.0 138.0 226.0 115.0 182.0 223.0 196.0 106.0 0 102.0 139.0 172.0 183.0 116.0 165.0 210.0 109.0 215.0 149.0 149.0 114.0 174.0 145.0 128.0 212.0 213.0 184.0 188.0 182.0 145.0 106.0 146.0 164.0 140.0 127.0 135.0 102.0 211.0 122.0 172.0 206.0 155.0 172.0 206.0 214.0 154.0 213.0 197.0 108.0 112.0 133.0 209.0 210.0 
221.0 176.0 183.0 182.0 210.0 206.0 127.0 140.0 206.0 155.0 207.0 180.0 111.0 213.0 133.0 102.0 196.0 195.0 206.0 208.0 102.0 0 102.0 204.0 112.0 162.0 210.0 205.0 108.0 149.0 185.0 219.0 116.0 197.0 179.0 120.0 118.0 148.0 110.0 160.0 207.0 180.0 208.0 177.0 131.0 109.0 167.0 138.0 204.0 176.0 221.0 161.0 163.0 158.0 208.0 164.0 142.0 149.0 194.0 194.0 174.0 183.0 110.0 213.0 190.0 
121.0 213.0 180.0 158.0 113.0 109.0 118.0 197.0 217.0 209.0 152.0 147.0 172.0 189.0 115.0 167.0 125.0 194.0 171.0 118.0 139.0 102.0 0 102.0 205.0 180.0 108.0 121.0 136.0 205.0 209.0 146.0 112.0 132.0 106.0 183.0 217.0 167.0 144.0 157.0 216.0 125.0 111.0 159.0 146.0 117.0 152.0 141.0 207.0 177.0 178.0 145.0 126.0 128.0 129.0 179.0 121.0 213.0 207.0 198.0 163.0 167.0 120.0 223.0 138.0 
208.0 223.0 212.0 120.0 162.0 150.0 144.0 141.0 186.0 165.0 121.0 113.0 208.0 154.0 188.0 145.0 129.0 205.0 173.0 137.0 172.0 204.0 102.0 0 103.0 126.0 195.0 118.0 176.0 108.0 107.0 216.0 166.0 123.0 117.0 110.0 161.0 127.0 111.0 135.0 135.0 187.0 184.0 207.0 139.0 219.0 119.0 196.0 123.0 172.0 167.0 194.0 188.0 147.0 215.0 214.0 110.0 146.0 105.0 225.0 164.0 205.0 107.0 179.0 197.0 
213.0 190.0 190.0 221.0 172.0 192.0 111.0 131.0 106.0 127.0 156.0 140.0 164.0 150.0 217.0 209.0 122.0 111.0 214.0 147.0 183.0 112.0 205.0 103.0 0 164.0 153.0 123.0 122.0 104.0 208.0 169.0 129.0 174.0 146.0 184.0 132.0 211.0 131.0 160.0 197.0 214.0 139.0 151.0 174.0 220.0 214.0 128.0 210.0 139.0 122.0 208.0 105.0 116.0 215.0 149.0 122.0 131.0 184.0 164.0 166.0 145.0 176.0 198.0 190.0 
221.0 154.0 182.0 215.0 182.0 128.0 223.0 189.0 219.0 148.0 172.0 210.0 114.0 219.0 213.0 153.0 155.0 115.0 147.0 179.0 116.0 162.0 180.0 126.0 164.0 0 105.0 181.0 190.0 129.0 124.0 141.0 212.0 157.0 191.0 223.0 138.0 198.0 121.0 190.0 145.0 144.0 119.0 104.0 157.0 133.0 215.0 185.0 123.0 230.0 149.0 208.0 149.0 116.0 118.0 115.0 196.0 167.0 111.0 144.0 117.0 220.0 213.0 139.0 195.0 
211.0 177.0 215.0 171.0 176.0 113.0 214.0 217.0 188.0 220.0 218.0 213.0 190.0 208.0 140.0 120.0 217.0 206.0 131.0 167.0 165.0 210.0 108.0 195.0 153.0 105.0 0 107.0 195.0 206.0 129.0 183.0 118.0 143.0 214.0 151.0 162.0 110.0 183.0 106.0 108.0 215.0 179.0 184.0 145.0 137.0 213.0 122.0 139.0 220.0 218.0 135.0 109.0 190.0 197.0 180.0 159.0 209.0 206.0 138.0 110.0 154.0 221.0 158.0 137.0 
150.0 108.0 195.0 106.0 138.0 160.0 127.0 155.0 214.0 146.0 145.0 108.0 129.0 213.0 183.0 103.0 205.0 105.0 208.0 111.0 210.0 205.0 121.0 118.0 123.0 181.0 107.0 0 133.0 192.0 160.0 214.0 193.0 186.0 219.0 172.0 104.0 208.0 210.0 212.0 204.0 187.0 210.0 179.0 105.0 153.0 207.0 178.0 112.0 191.0 129.0 178.0 170.0 110.0 215.0 171.0 210.0 166.0 208.0 210.0 109.0 198.0 140.0 193.0 175.0 
168.0 188.0 195.0 196.0 209.0 221.0 137.0 215.0 112.0 172.0 117.0 214.0 186.0 119.0 146.0 210.0 195.0 114.0 217.0 215.0 109.0 108.0 136.0 176.0 122.0 190.0 195.0 133.0 0 132.0 215.0 208.0 149.0 135.0 209.0 126.0 175.0 117.0 214.0 212.0 223.0 172.0 133.0 155.0 165.0 109.0 119.0 212.0 152.0 223.0 123.0 132.0 124.0 214.0 195.0 184.0 110.0 207.0 218.0 132.0 143.0 172.0 106.0 134.0 218.0 
214.0 180.0 179.0 117.0 208.0 207.0 212.0 175.0 154.0 134.0 150.0 221.0 182.0 185.0 138.0 105.0 207.0 191.0 193.0 129.0 215.0 149.0 205.0 108.0 104.0 129.0 206.0 192.0 132.0 0 104.0 210.0 142.0 210.0 174.0 123.0 109.0 131.0 191.0 111.0 214.0 118.0 215.0 163.0 216.0 146.0 196.0 116.0 169.0 229.0 172.0 186.0 178.0 172.0 148.0 132.0 134.0 209.0 115.0 220.0 107.0 138.0 116.0 155.0 213.0 
213.0 133.0 171.0 154.0 189.0 210.0 108.0 170.0 170.0 219.0 214.0 117.0 122.0 144.0 120.0 162.0 216.0 165.0 188.0 164.0 149.0 185.0 209.0 107.0 208.0 124.0 129.0 160.0 215.0 104.0 0 109.0 128.0 206.0 124.0 191.0 213.0 112.0 110.0 211.0 216.0 217.0 211.0 132.0 196.0 224.0 138.0 175.0 174.0 210.0 223.0 220.0 142.0 222.0 119.0 178.0 168.0 152.0 212.0 161.0 151.0 140.0 109.0 157.0 111.0 
144.0 116.0 177.0 108.0 135.0 130.0 211.0 125.0 173.0 128.0 115.0 121.0 149.0 119.0 138.0 162.0 156.0 113.0 107.0 191.0 149.0 219.0 146.0 216.0 169.0 141.0 183.0 214.0 208.0 210.0 109.0 0 103.0 206.0 120.0 197.0 157.0 119.0 131.0 190.0 213.0 155.0 223.0 158.0 162.0 127.0 129.0 159.0 143.0 141.0 124.0 173.0 162.0 180.0 215.0 160.0 151.0 220.0 227.0 213.0 127.0 215.0 213.0 124.0 122.0 
144.0 219.0 119.0 158.0 158.0 209.0 121.0 119.0 174.0 119.0 130.0 183.0 134.0 213.0 153.0 211.0 109.0 211.0 187.0 196.0 114.0 116.0 112.0 166.0 129.0 212.0 118.0 193.0 149.0 142.0 128.0 103.0 0 103.0 148.0 169.0 213.0 129.0 162.0 126.0 115.0 214.0 124.0 211.0 108.0 168.0 147.0 164.0 216.0 142.0 166.0 220.0 137.0 180.0 205.0 190.0 222.0 225.0 214.0 110.0 107.0 112.0 218.0 195.0 179.0 
118.0 183.0 139.0 216.0 127.0 207.0 224.0 135.0 213.0 116.0 189.0 224.0 144.0 154.0 226.0 225.0 153.0 118.0 131.0 147.0 174.0 197.0 132.0 123.0 174.0 157.0 143.0 186.0 135.0 210.0 206.0 206.0 103.0 0 103.0 177.0 213.0 135.0 135.0 212.0 182.0 193.0 186.0 146.0 151.0 218.0 215.0 127.0 167.0 226.0 172.0 126.0 134.0 183.0 125.0 127.0 172.0 134.0 127.0 111.0 123.0 105.0 118.0 113.0 143.0 
221.0 149.0 212.0 113.0 166.0 139.0 146.0 219.0 212.0 162.0 147.0 121.0 231.0 133.0 172.0 176.0 107.0 130.0 212.0 129.0 145.0 179.0 106.0 117.0 146.0 191.0 214.0 219.0 209.0 174.0 124.0 120.0 148.0 103.0 0 120.0 167.0 179.0 142.0 190.0 152.0 224.0 180.0 106.0 209.0 130.0 129.0 175.0 198.0 161.0 154.0 116.0 186.0 177.0 213.0 111.0 163.0 185.0 196.0 179.0 135.0 192.0 140.0 197.0 146.0 
181.0 139.0 219.0 216.0 120.0 217.0 115.0 142.0 180.0 177.0 181.0 215.0 193.0 145.0 181.0 122.0 217.0 187.0 108.0 154.0 128.0 120.0 183.0 110.0 184.0 223.0 151.0 172.0 126.0 123.0 191.0 197.0 169.0 177.0 120.0 0 103.0 207.0 157.0 181.0 214.0 128.0 158.0 137.0 212.0 129.0 116.0 169.0 157.0 115.0 123.0 173.0 207.0 143.0 152.0 142.0 173.0 211.0 127.0 142.0 176.0 116.0 117.0 119.0 146.0 
117.0 142.0 209.0 122.0 139.0 167.0 171.0 148.0 118.0 145.0 114.0 177.0 207.0 208.0 106.0 207.0 143.0 125.0 152.0 119.0 212.0 118.0 217.0 161.0 132.0 138.0 162.0 104.0 175.0 109.0 213.0 157.0 213.0 213.0 167.0 103.0 0 104.0 183.0 196.0 157.0 198.0 106.0 113.0 132.0 169.0 127.0 179.0 152.0 159.0 116.0 107.0 119.0 214.0 187.0 211.0 211.0 108.0 208.0 219.0 166.0 125.0 127.0 132.0 178.0 
125.0 167.0 218.0 160.0 134.0 210.0 154.0 169.0 164.0 179.0 214.0 190.0 221.0 214.0 162.0 178.0 135.0 146.0 216.0 195.0 213.0 148.0 167.0 127.0 211.0 198.0 110.0 208.0 117.0 131.0 112.0 119.0 129.0 135.0 179.0 207.0 104.0 0 104.0 162.0 114.0 105.0 210.0 188.0 183.0 173.0 103.0 194.0 155.0 218.0 214.0 168.0 137.0 122.0 208.0 121.0 115.0 129.0 167.0 183.0 216.0 206.0 111.0 214.0 187.0 
155.0 208.0 173.0 121.0 164.0 112.0 214.0 154.0 186.0 149.0 195.0 109.0 190.0 128.0 179.0 132.0 218.0 173.0 205.0 166.0 184.0 110.0 144.0 111.0 131.0 121.0 183.0 210.0 214.0 191.0 110.0 131.0 162.0 135.0 142.0 157.0 183.0 104.0 0 137.0 213.0 209.0 148.0 177.0 218.0 181.0 110.0 111.0 108.0 123.0 124.0 215.0 161.0 172.0 166.0 159.0 211.0 215.0 209.0 162.0 208.0 104.0 108.0 211.0 149.0 
155.0 162.0 148.0 132.0 193.0 160.0 112.0 167.0 151.0 129.0 142.0 180.0 174.0 221.0 152.0 116.0 210.0 108.0 159.0 168.0 188.0 160.0 157.0 135.0 160.0 190.0 106.0 212.0 212.0 111.0 211.0 190.0 126.0 212.0 190.0 181.0 196.0 162.0 137.0 0 105.0 215.0 135.0 213.0 218.0 218.0 211.0 131.0 213.0 145.0 188.0 150.0 181.0 107.0 163.0 124.0 193.0 139.0 144.0 119.0 112.0 145.0 155.0 112.0 106.0 
110.0 187.0 107.0 211.0 119.0 176.0 147.0 206.0 140.0 161.0 212.0 124.0 111.0 130.0 194.0 161.0 221.0 124.0 106.0 116.0 182.0 207.0 216.0 135.0 197.0 145.0 108.0 204.0 223.0 214.0 216.0 213.0 115.0 182.0 152.0 214.0 157.0 114.0 213.0 105.0 0 151.0 208.0 215.0 121.0 215.0 148.0 226.0 219.0 160.0 208.0 180.0 117.0 211.0 211.0 179.0 228.0 130.0 139.0 153.0 217.0 213.0 222.0 213.0 211.0 
178.0 124.0 127.0 186.0 198.0 112.0 175.0 133.0 109.0 181.0 124.0 214.0 193.0 155.0 219.0 184.0 138.0 214.0 111.0 214.0 145.0 180.0 125.0 187.0 214.0 144.0 215.0 187.0 172.0 118.0 217.0 155.0 214.0 193.0 224.0 128.0 198.0 105.0 209.0 215.0 151.0 0 137.0 215.0 219.0 210.0 115.0 117.0 152.0 214.0 139.0 198.0 193.0 187.0 117.0 164.0 194.0 116.0 117.0 110.0 161.0 113.0 159.0 217.0 134.0 
112.0 116.0 207.0 217.0 124.0 152.0 108.0 126.0 216.0 123.0 215.0 214.0 159.0 118.0 212.0 110.0 154.0 141.0 195.0 106.0 106.0 208.0 111.0 184.0 139.0 119.0 179.0 210.0 133.0 215.0 211.0 223.0 124.0 186.0 180.0 158.0 106.0 210.0 148.0 135.0 208.0 137.0 0 102.0 205.0 217.0 226.0 161.0 183.0 165.0 168.0 178.0 213.0 150.0 167.0 189.0 172.0 130.0 128.0 185.0 150.0 211.0 189.0 126.0 164.0 
209.0 146.0 108.0 148.0 173.0 192.0 185.0 125.0 210.0 108.0 156.0 213.0 139.0 186.0 193.0 112.0 141.0 184.0 189.0 117.0 146.0 177.0 159.0 207.0 151.0 104.0 184.0 179.0 155.0 163.0 132.0 158.0 211.0 146.0 106.0 137.0 113.0 188.0 177.0 213.0 215.0 215.0 102.0 0 103.0 207.0 198.0 220.0 131.0 140.0 138.0 176.0 212.0 213.0 113.0 215.0 114.0 152.0 164.0 184.0 148.0 166.0 109.0 145.0 221.0 
126.0 196.0 160.0 162.0 207.0 213.0 120.0 189.0 167.0 159.0 191.0 188.0 137.0 174.0 217.0 141.0 217.0 210.0 178.0 116.0 164.0 131.0 146.0 139.0 174.0 157.0 145.0 105.0 165.0 216.0 196.0 162.0 108.0 151.0 209.0 212.0 132.0 183.0 218.0 218.0 121.0 219.0 205.0 103.0 0 104.0 176.0 219.0 194.0 222.0 111.0 211.0 156.0 160.0 134.0 176.0 122.0 141.0 115.0 218.0 214.0 214.0 191.0 109.0 165.0 
112.0 181.0 210.0 106.0 219.0 169.0 166.0 177.0 125.0 185.0 217.0 107.0 220.0 151.0 232.0 140.0 215.0 154.0 123.0 195.0 140.0 109.0 117.0 219.0 220.0 133.0 137.0 153.0 109.0 146.0 224.0 127.0 168.0 218.0 130.0 129.0 169.0 173.0 181.0 218.0 215.0 210.0 217.0 207.0 104.0 0 121.0 133.0 130.0 145.0 184.0 217.0 179.0 131.0 165.0 216.0 173.0 190.0 153.0 151.0 152.0 178.0 215.0 164.0 161.0 
212.0 113.0 211.0 107.0 177.0 122.0 220.0 210.0 193.0 219.0 166.0 147.0 194.0 156.0 219.0 216.0 178.0 131.0 197.0 168.0 127.0 167.0 152.0 119.0 214.0 215.0 213.0 207.0 119.0 196.0 138.0 129.0 147.0 215.0 129.0 116.0 127.0 103.0 110.0 211.0 148.0 115.0 226.0 198.0 176.0 121.0 0 155.0 136.0 223.0 136.0 105.0 112.0 215.0 173.0 217.0 109.0 135.0 216.0 174.0 113.0 164.0 112.0 171.0 159.0 
157.0 120.0 148.0 209.0 166.0 139.0 155.0 149.0 215.0 177.0 140.0 117.0 217.0 220.0 156.0 197.0 147.0 128.0 158.0 216.0 135.0 138.0 141.0 196.0 128.0 185.0 122.0 178.0 212.0 116.0 175.0 159.0 164.0 127.0 175.0 169.0 179.0 194.0 111.0 131.0 226.0 117.0 161.0 220.0 219.0 133.0 155.0 0 205.0 128.0 130.0 136.0 211.0 226.0 127.0 222.0 160.0 197.0 195.0 219.0 168.0 142.0 158.0 180.0 112.0 
210.0 219.0 157.0 155.0 215.0 216.0 182.0 222.0 216.0 214.0 164.0 122.0 220.0 220.0 132.0 118.0 117.0 129.0 219.0 116.0 102.0 204.0 207.0 123.0 210.0 123.0 139.0 112.0 152.0 169.0 174.0 143.0 216.0 167.0 198.0 157.0 152.0 155.0 108.0 213.0 219.0 152.0 183.0 131.0 194.0 130.0 136.0 205.0 0 109.0 183.0 172.0 105.0 207.0 212.0 125.0 171.0 210.0 167.0 160.0 182.0 161.0 115.0 109.0 186.0 
151.0 110.0 131.0 190.0 107.0 114.0 216.0 196.0 164.0 208.0 161.0 198.0 214.0 208.0 182.0 209.0 218.0 130.0 215.0 218.0 211.0 176.0 177.0 172.0 139.0 230.0 220.0 191.0 223.0 229.0 210.0 141.0 142.0 226.0 161.0 115.0 159.0 218.0 123.0 145.0 160.0 214.0 165.0 140.0 222.0 145.0 223.0 128.0 109.0 0 197.0 176.0 189.0 184.0 169.0 154.0 155.0 191.0 141.0 154.0 137.0 136.0 147.0 212.0 213.0 
127.0 125.0 125.0 104.0 157.0 172.0 163.0 145.0 214.0 149.0 176.0 117.0 181.0 138.0 222.0 219.0 129.0 188.0 127.0 213.0 122.0 221.0 178.0 167.0 122.0 149.0 218.0 129.0 123.0 172.0 223.0 124.0 166.0 172.0 154.0 123.0 116.0 214.0 124.0 188.0 208.0 139.0 168.0 138.0 111.0 184.0 136.0 130.0 183.0 197.0 0 103.0 210.0 139.0 217.0 138.0 197.0 210.0 165.0 122.0 149.0 219.0 168.0 190.0 182.0 
215.0 129.0 171.0 118.0 114.0 119.0 153.0 119.0 219.0 118.0 118.0 117.0 159.0 179.0 207.0 207.0 111.0 183.0 206.0 209.0 172.0 161.0 145.0 194.0 208.0 208.0 135.0 178.0 132.0 186.0 220.0 173.0 220.0 126.0 116.0 173.0 107.0 168.0 215.0 150.0 180.0 198.0 178.0 176.0 211.0 217.0 105.0 136.0 172.0 176.0 103.0 0 107.0 151.0 174.0 208.0 125.0 107.0 167.0 157.0 218.0 158.0 214.0 221.0 188.0 
108.0 211.0 143.0 182.0 156.0 157.0 216.0 133.0 139.0 192.0 191.0 153.0 147.0 159.0 213.0 206.0 216.0 188.0 132.0 217.0 206.0 163.0 126.0 188.0 105.0 149.0 109.0 170.0 124.0 178.0 142.0 162.0 137.0 134.0 186.0 207.0 119.0 137.0 161.0 181.0 117.0 193.0 213.0 212.0 156.0 179.0 112.0 211.0 105.0 189.0 210.0 107.0 0 167.0 185.0 229.0 176.0 105.0 120.0 127.0 215.0 128.0 137.0 214.0 194.0 
209.0 106.0 122.0 171.0 179.0 194.0 178.0 108.0 211.0 208.0 181.0 184.0 129.0 195.0 184.0 114.0 216.0 166.0 208.0 150.0 155.0 158.0 128.0 147.0 116.0 116.0 190.0 110.0 214.0 172.0 222.0 180.0 180.0 183.0 177.0 143.0 214.0 122.0 172.0 107.0 211.0 187.0 150.0 213.0 160.0 131.0 215.0 226.0 207.0 184.0 139.0 151.0 167.0 0 120.0 210.0 146.0 192.0 148.0 110.0 197.0 159.0 217.0 142.0 160.0 
153.0 218.0 214.0 217.0 169.0 187.0 138.0 163.0 122.0 157.0 209.0 155.0 161.0 186.0 208.0 129.0 167.0 175.0 137.0 150.0 172.0 208.0 129.0 215.0 215.0 118.0 197.0 215.0 195.0 148.0 119.0 215.0 205.0 125.0 213.0 152.0 187.0 208.0 166.0 163.0 211.0 117.0 167.0 113.0 134.0 165.0 173.0 127.0 212.0 169.0 217.0 174.0 185.0 120.0 0 102.0 218.0 219.0 123.0 187.0 120.0 210.0 140.0 171.0 123.0 
216.0 159.0 172.0 198.0 207.0 111.0 213.0 174.0 140.0 112.0 191.0 184.0 120.0 136.0 211.0 159.0 132.0 213.0 135.0 195.0 206.0 164.0 179.0 214.0 149.0 115.0 180.0 171.0 184.0 132.0 178.0 160.0 190.0 127.0 111.0 142.0 211.0 121.0 159.0 124.0 179.0 164.0 189.0 215.0 176.0 216.0 217.0 222.0 125.0 154.0 138.0 208.0 229.0 210.0 102.0 0 127.0 213.0 143.0 198.0 132.0 184.0 190.0 226.0 212.0 
184.0 117.0 159.0 151.0 207.0 194.0 163.0 136.0 165.0 158.0 215.0 174.0 139.0 214.0 140.0 221.0 124.0 174.0 130.0 223.0 214.0 142.0 121.0 110.0 122.0 196.0 159.0 210.0 110.0 134.0 168.0 151.0 222.0 172.0 163.0 173.0 211.0 115.0 211.0 193.0 228.0 194.0 172.0 114.0 122.0 173.0 109.0 160.0 171.0 155.0 197.0 125.0 176.0 146.0 218.0 127.0 0 103.0 185.0 173.0 174.0 110.0 184.0 132.0 224.0 
212.0 152.0 139.0 164.0 137.0 180.0 192.0 213.0 115.0 217.0 178.0 223.0 122.0 185.0 195.0 216.0 218.0 224.0 152.0 160.0 154.0 149.0 213.0 146.0 131.0 167.0 209.0 166.0 207.0 209.0 152.0 220.0 225.0 134.0 185.0 211.0 108.0 129.0 215.0 139.0 130.0 116.0 130.0 152.0 141.0 190.0 135.0 197.0 210.0 191.0 210.0 107.0 105.0 192.0 219.0 213.0 103.0 0 103.0 160.0 149.0 158.0 107.0 147.0 213.0 
160.0 128.0 220.0 149.0 188.0 160.0 158.0 123.0 211.0 152.0 174.0 207.0 190.0 167.0 205.0 220.0 132.0 122.0 129.0 165.0 213.0 194.0 207.0 105.0 184.0 111.0 206.0 208.0 218.0 115.0 212.0 227.0 214.0 127.0 196.0 127.0 208.0 167.0 209.0 144.0 139.0 117.0 128.0 164.0 115.0 153.0 216.0 195.0 167.0 141.0 165.0 167.0 120.0 148.0 123.0 143.0 185.0 103.0 0 143.0 191.0 215.0 196.0 156.0 154.0 
216.0 216.0 218.0 116.0 108.0 189.0 122.0 135.0 163.0 213.0 115.0 214.0 153.0 196.0 158.0 173.0 193.0 218.0 124.0 193.0 197.0 194.0 198.0 225.0 164.0 144.0 138.0 210.0 132.0 220.0 161.0 213.0 110.0 111.0 179.0 142.0 219.0 183.0 162.0 119.0 153.0 110.0 185.0 184.0 218.0 151.0 174.0 219.0 160.0 154.0 122.0 157.0 127.0 110.0 187.0 198.0 173.0 160.0 143.0 0 216.0 161.0 197.0 166.0 116.0 
107.0 141.0 155.0 130.0 208.0 213.0 219.0 140.0 184.0 146.0 175.0 187.0 167.0 109.0 188.0 177.0 121.0 119.0 126.0 181.0 108.0 174.0 163.0 164.0 166.0 117.0 110.0 109.0 143.0 107.0 151.0 127.0 107.0 123.0 135.0 176.0 166.0 216.0 208.0 112.0 217.0 161.0 150.0 148.0 214.0 152.0 113.0 168.0 182.0 137.0 149.0 218.0 215.0 197.0 120.0 132.0 174.0 149.0 191.0 216.0 0 104.0 127.0 223.0 195.0 
193.0 172.0 106.0 206.0 104.0 115.0 150.0 150.0 133.0 197.0 193.0 121.0 126.0 187.0 139.0 147.0 133.0 189.0 178.0 169.0 112.0 183.0 167.0 205.0 145.0 220.0 154.0 198.0 172.0 138.0 140.0 215.0 112.0 105.0 192.0 116.0 125.0 206.0 104.0 145.0 213.0 113.0 211.0 166.0 214.0 178.0 164.0 142.0 161.0 136.0 219.0 158.0 128.0 159.0 210.0 184.0 110.0 158.0 215.0 161.0 104.0 0 128.0 212.0 218.0 
130.0 164.0 140.0 116.0 103.0 160.0 184.0 158.0 154.0 175.0 120.0 206.0 167.0 123.0 185.0 109.0 194.0 131.0 184.0 127.0 133.0 110.0 120.0 107.0 176.0 213.0 221.0 140.0 106.0 116.0 109.0 213.0 218.0 118.0 140.0 117.0 127.0 111.0 108.0 155.0 222.0 159.0 189.0 109.0 191.0 215.0 112.0 158.0 115.0 147.0 168.0 214.0 137.0 217.0 140.0 190.0 184.0 107.0 196.0 197.0 127.0 128.0 0 103.0 127.0 
123.0 110.0 187.0 152.0 138.0 214.0 119.0 178.0 188.0 190.0 131.0 195.0 183.0 115.0 113.0 161.0 155.0 220.0 191.0 133.0 209.0 213.0 223.0 179.0 198.0 139.0 158.0 193.0 134.0 155.0 157.0 124.0 195.0 113.0 197.0 119.0 132.0 214.0 211.0 112.0 213.0 217.0 126.0 145.0 109.0 164.0 171.0 180.0 109.0 212.0 190.0 221.0 214.0 142.0 171.0 226.0 132.0 147.0 156.0 166.0 223.0 212.0 103.0 0 118.0 
102.0 183.0 212.0 119.0 178.0 128.0 194.0 115.0 197.0 128.0 103.0 125.0 109.0 128.0 115.0 188.0 209.0 134.0 137.0 104.0 210.0 190.0 138.0 197.0 190.0 195.0 137.0 175.0 218.0 213.0 111.0 122.0 179.0 143.0 146.0 146.0 178.0 187.0 149.0 106.0 211.0 134.0 164.0 221.0 165.0 161.0 159.0 112.0 186.0 213.0 182.0 188.0 194.0 160.0 123.0 212.0 224.0 213.0 154.0 116.0 195.0 218.0 127.0 118.0 0 
