23
dowbf ablxw bcrwj ywion otirh xeljy qdbec coubd yzaje ugyls artvi aqzce jrfin hopbn tyuep cursl oscrv mlfbi fswhz lnfiu vczkh mzlsn hutmk
0 11.55227 37.95572 51.67833 49.8421 47.8365 60.58012 53.96949 22.78139 19.36406 27.32461 50.47967 61.24514 49.16326 56.345 61.238 45.36016 42.97429 29.38569 16.4667 48.01183 29.62088 6.49164 
11.55227 0 26.46549 40.23864 39.89588 36.84373 50.76882 50.43572 23.96117 22.21225 38.302130000000005 60.25606 68.95603 55.50147 56.36549 61.72209 39.20078 35.64463 22.87759 12.93131 57.9863 41.09709 17.37504 
37.95572 26.46549 0 13.81835 20.44512 18.15851 35.45046 55.07152 43.02416 43.51242 64.60048 85.37018 91.42079 76.66503 67.4822 73.14291 39.86129 34.081 29.8679 29.16062 81.21171 67.55678 43.28058 
51.67833 40.23864 13.81835 0 17.67627 19.94106 34.95973 63.08931 55.92934 56.78591 78.41753 99.02101 104.40068 89.4013 77.29896 82.88053000000001 47.6805 41.8135 41.21975 41.52691 93.48568 81.29783 56.82442 
49.8421 39.89588 20.44512 17.67627 0 35.575720000000004 52.03773 75.50889 61.00765 60.64172 77.09204 100.04428 108.47619 94.3753 87.70612 93.37183 60.25427 54.43628 49.80342 35.50192 84.48368 78.41712 53.41683 
47.8365 36.84373 18.15851 19.94106 35.575720000000004 0 17.29638 43.8605 43.74983 45.87155 71.5015 88.68313 90.91333 75.4784 59.11301 64.54763 28.68685 23.02167 26.83875 44.09937 94.67173 75.93881 54.13109 
60.58012 50.76882 35.45046 34.95973 52.03773 17.29638 0 37.93431 50.4051 53.57743 80.94108 94.51773 93.22532 77.8183 55.11698 59.89104 26.29878 22.76719 33.77683 59.81375 108.46849 86.34685 67.05343 
53.96949 50.43572 55.07152 63.08931 75.50889 43.8605 37.93431 0 32.53867 36.70785 61.34772 65.97351 59.43202 45.07003 17.39518 21.95871 15.43156 21.32093 28.36633 63.31085 97.88961 68.3497 59.48526 
22.78139 23.96117 43.02416 55.92934 61.00765 43.74983 50.4051 32.53867 0 4.19262 31.33325 44.98774 48.47536 33.64883 33.6084 38.62695 28.07243 28.34522 17.1715 36.05932 65.5184 37.62009 27.49464 
19.36406 22.21225 43.51242 56.78591 60.64172 45.87155 53.57743 36.70785 4.19262 0 27.62213 42.9086 48.02149 33.74471 37.04764 41.87886 32.00195 31.91378 19.91972 33.62763 61.32608 33.70275 23.65922 
27.32461 38.302130000000005 64.60048 78.41753 77.09204 71.5015 80.94108 61.34772 31.33325 27.62213 0 24.81417 40.09739 33.45581 55.45316 58.49401 59.36887 59.53591 47.16533 42.42381 39.49537 9.950520000000001 24.1278 
50.47967 60.25606 85.37018 99.02101 100.04428 88.68313 94.51773 65.97351 44.98774 42.9086 24.81417 0 19.25165 23.00861 53.85387 54.52638 69.66667 71.80096 62.13209 66.47185 55.92492 27.92292 48.44249 
61.24514 68.95603 91.42079 104.40068 108.47619 90.91333 93.22532 59.43202 48.47536 48.02149 40.09739 19.25165 0 15.50246 44.04468 42.85503 67.23556 70.78218 64.2315 77.71103 74.8982 45.06402 60.98648 
49.16326 55.50147 76.66503 89.4013 94.3753 75.4784 77.8183 45.07003 33.64883 33.74471 33.45581 23.00861 15.50246 0 31.25315 31.54839 51.88375 55.30893 48.88314 65.43286 72.10739 40.00592 50.12935 
56.345 56.36549 67.4822 77.29896 87.70612 59.11301 55.11698 17.39518 33.6084 37.04764 55.45316 53.85387 44.04468 31.25315 0 5.66577 30.62773 36.51802 38.01087 69.07961 94.41214 62.74756 60.59328 
61.238 61.72209 73.14291 82.88053000000001 93.37183 64.54763 59.89104 21.95871 38.62695 41.87886 58.49401 54.52638 42.85503 31.54839 5.66577 0 35.95137 41.52617 43.67004 74.35968 97.78467 65.77612 65.23416 
45.36016 39.20078 39.86129 47.6805 60.25427 28.68685 26.29878 15.43156 28.07243 32.00195 59.36887 69.66667 67.23556 51.88375 30.62773 35.95137 0 5.89029 16.36758 51.57155 92.27084 65.68131 51.55035 
42.97429 35.64463 34.081 41.8135 54.43628 23.02167 22.76719 21.32093 28.34522 31.91378 59.53591 71.80096 70.78218 55.30893 36.51802 41.52617 5.89029 0 13.61613 47.54166 90.58636 65.47558 49.34798 
29.38569 22.87759 29.8679 41.21975 49.80342 26.83875 33.77683 28.36633 17.1715 19.91972 47.16533 62.13209 64.2315 48.88314 38.01087 43.67004 16.36758 13.61613 0 35.43117 76.9876 52.68606 35.73812 
16.4667 12.93131 29.16062 41.52691 35.50192 44.09937 59.81375 63.31085 36.05932 33.62763 42.42381 66.47185 77.71103 65.43286 69.07961 74.35968 51.57155 47.54166 35.43117 0 52.09524 43.06416 18.31672 
48.01183 57.9863 81.21171 93.48568 84.48368 94.67173 108.46849 97.88961 65.5184 61.32608 39.49537 55.92492 74.8982 72.10739 94.41214 97.78467 92.27084 90.58636 76.9876 52.09524 0 32.37125 41.52126 
29.62088 41.09709 67.55678 81.29783 78.41712 75.93881 86.34685 68.3497 37.62009 33.70275 9.950520000000001 27.92292 45.06402 40.00592 62.74756 65.77612 65.68131 65.47558 52.68606 43.06416 32.37125 0 25.03312 
6.49164 17.37504 43.28058 56.82442 53.41683 54.13109 67.05343 59.48526 27.49464 23.65922 24.1278 48.44249 60.98648 50.12935 60.59328 65.23416 51.55035 49.34798 35.73812 18.31672 41.52126 25.03312 0 
