41
11 25 31 21 53 57 5 123 115 107 29 117 121 7 13 9 127 113 63 67 145 87 36 71 133 135 37 112 43 65 89 14 129 24 79 56 19 147 85 2 1
0 4.0 8.0 4.0 8.0 8.0 8.0 8.0 8.0 4.0 8.0 8.0 8.0 8.0 8.0 8.0 4.0 8.0 8.0 8.0 8.0 8.0 8.0 8.0 8.0 8.0 8.0 4.0 4.0 8.0 8.0 8.0 8.0 8.0 4.0 4.0 4.0 8.0 8.0 8.0 4.0 
4.0 0 4.0 8.0 8.0 4.0 8.0 8.0 8.0 8.0 4.0 8.0 8.0 8.0 8.0 8.0 8.0 8.0 8.0 4.0 8.0 8.0 4.0 8.0 8.0 8.0 4.0 8.0 4.0 4.0 8.0 4.0 8.0 8.0 8.0 8.0 8.0 8.0 8.0 4.0 8.0 
8.0 4.0 0 4.0 8.0 8.0 8.0 8.0 8.0 4.0 8.0 8.0 4.0 8.0 8.0 8.0 4.0 8.0 4.0 4.0 4.0 4.0 8.0 8.0 4.0 8.0 8.0 4.0 8.0 8.0 4.0 4.0 8.0 8.0 8.0 8.0 8.0 8.0 8.0 8.0 8.0 
4.0 8.0 4.0 0 4.0 8.0 4.0 8.0 8.0 4.0 8.0 4.0 4.0 4.0 8.0 4.0 4.0 8.0 8.0 4.0 8.0 4.0 4.0 8.0 8.0 8.0 8.0 8.0 8.0 4.0 8.0 8.0 4.0 8.0 4.0 8.0 4.0 8.0 8.0 8.0 4.0 
8.0 8.0 8.0 4.0 0 4.0 8.0 8.0 8.0 4.0 4.0 8.0 8.0 8.0 8.0 8.0 8.0 4.0 8.0 8.0 4.0 8.0 8.0 8.0 4.0 4.0 8.0 8.0 8.0 4.0 4.0 4.0 4.0 8.0 8.0 8.0 8.0 8.0 8.0 8.0 4.0 
8.0 4.0 8.0 8.0 4.0 0 4.0 8.0 8.0 8.0 8.0 8.0 8.0 8.0 4.0 4.0 4.0 4.0 4.0 8.0 4.0 4.0 4.0 4.0 8.0 4.0 4.0 4.0 8.0 8.0 4.0 8.0 4.0 8.0 8.0 8.0 8.0 4.0 8.0 4.0 8.0 
8.0 8.0 8.0 4.0 8.0 4.0 0 4.0 8.0 8.0 4.0 4.0 8.0 4.0 8.0 8.0 8.0 8.0 8.0 8.0 8.0 8.0 8.0 8.0 8.0 4.0 8.0 8.0 4.0 4.0 8.0 8.0 8.0 8.0 8.0 8.0 4.0 8.0 4.0 4.0 4.0 
8.0 8.0 8.0 8.0 8.0 8.0 4.0 0 4.0 8.0 8.0 8.0 8.0 4.0 4.0 4.0 8.0 8.0 4.0 4.0 8.0 8.0 4.0 4.0 8.0 4.0 8.0 8.0 8.0 8.0 8.0 4.0 4.0 8.0 8.0 8.0 4.0 8.0 8.0 4.0 8.0 
8.0 8.0 8.0 8.0 8.0 8.0 8.0 4.0 0 4.0 4.0 8.0 8.0 8.0 4.0 8.0 4.0 8.0 8.0 4.0 4.0 8.0 8.0 8.0 4.0 8.0 8.0 8.0 8.0 8.0 8.0 8.0 8.0 8.0 8.0 8.0 8.0 8.0 8.0 8.0 8.0 
4.0 8.0 4.0 4.0 4.0 8.0 8.0 8.0 4.0 0 4.0 4.0 4.0 8.0 8.0 4.0 4.0 4.0 4.0 4.0 8.0 8.0 8.0 8.0 8.0 4.0 8.0 8.0 8.0 8.0 4.0 4.0 8.0 4.0 8.0 8.0 4.0 8.0 4.0 4.0 8.0 
8.0 4.0 8.0 8.0 4.0 8.0 4.0 8.0 4.0 4.0 0 4.0 8.0 8.0 8.0 8.0 4.0 4.0 8.0 4.0 4.0 4.0 8.0 4.0 4.0 8.0 8.0 8.0 8.0 8.0 8.0 8.0 8.0 8.0 8.0 8.0 4.0 8.0 4.0 4.0 8.0 
8.0 8.0 8.0 4.0 8.0 8.0 4.0 8.0 8.0 4.0 4.0 0 4.0 8.0 8.0 8.0 4.0 8.0 8.0 8.0 8.0 8.0 4.0 8.0 4.0 8.0 8.0 8.0 8.0 8.0 8.0 8.0 8.0 8.0 8.0 4.0 4.0 8.0 4.0 4.0 8.0 
8.0 8.0 4.0 4.0 8.0 8.0 8.0 8.0 8.0 4.0 8.0 4.0 0 4.0 8.0 8.0 4.0 8.0 8.0 8.0 4.0 4.0 4.0 8.0 8.0 8.0 4.0 4.0 4.0 8.0 4.0 8.0 8.0 4.0 8.0 8.0 4.0 8.0 8.0 8.0 8.0 
8.0 8.0 8.0 4.0 8.0 8.0 4.0 4.0 8.0 8.0 8.0 8.0 4.0 0 4.0 8.0 8.0 4.0 4.0 8.0 8.0 4.0 8.0 4.0 4.0 4.0 8.0 8.0 8.0 8.0 8.0 8.0 8.0 4.0 8.0 4.0 8.0 8.0 8.0 8.0 4.0 
8.0 8.0 8.0 8.0 8.0 4.0 8.0 4.0 4.0 8.0 8.0 8.0 8.0 4.0 0 4.0 4.0 8.0 8.0 8.0 4.0 8.0 8.0 8.0 8.0 4.0 8.0 8.0 8.0 4.0 8.0 8.0 8.0 8.0 8.0 4.0 4.0 8.0 4.0 8.0 4.0 
8.0 8.0 8.0 4.0 8.0 4.0 8.0 4.0 8.0 4.0 8.0 8.0 8.0 8.0 4.0 0 4.0 8.0 8.0 4.0 4.0 4.0 4.0 4.0 4.0 4.0 8.0 4.0 8.0 8.0 8.0 8.0 8.0 8.0 8.0 8.0 4.0 8.0 8.0 8.0 4.0 
4.0 8.0 4.0 4.0 8.0 4.0 8.0 8.0 4.0 4.0 4.0 4.0 4.0 8.0 4.0 4.0 0 4.0 8.0 4.0 8.0 8.0 8.0 8.0 8.0 4.0 8.0 8.0 8.0 8.0 8.0 4.0 8.0 4.0 4.0 8.0 8.0 4.0 4.0 8.0 8.0 
8.0 8.0 8.0 8.0 4.0 4.0 8.0 8.0 8.0 4.0 4.0 8.0 8.0 4.0 8.0 8.0 4.0 0 4.0 8.0 8.0 4.0 4.0 4.0 4.0 8.0 8.0 8.0 8.0 4.0 8.0 8.0 8.0 8.0 8.0 8.0 4.0 8.0 8.0 8.0 4.0 
8.0 8.0 4.0 8.0 8.0 4.0 8.0 4.0 8.0 4.0 8.0 8.0 8.0 4.0 8.0 8.0 8.0 4.0 0 4.0 8.0 8.0 8.0 4.0 4.0 4.0 8.0 4.0 8.0 8.0 8.0 4.0 8.0 4.0 8.0 8.0 8.0 4.0 8.0 8.0 8.0 
8.0 4.0 4.0 4.0 8.0 8.0 8.0 4.0 4.0 4.0 4.0 8.0 8.0 8.0 8.0 4.0 4.0 8.0 4.0 0 4.0 8.0 4.0 4.0 4.0 8.0 8.0 8.0 8.0 8.0 8.0 8.0 4.0 4.0 8.0 4.0 8.0 8.0 8.0 4.0 8.0 
8.0 8.0 4.0 8.0 4.0 4.0 8.0 8.0 4.0 8.0 4.0 8.0 4.0 8.0 4.0 4.0 8.0 8.0 8.0 4.0 0 4.0 8.0 8.0 4.0 4.0 8.0 8.0 8.0 8.0 4.0 8.0 8.0 4.0 8.0 8.0 8.0 8.0 8.0 8.0 8.0 
8.0 8.0 4.0 4.0 8.0 4.0 8.0 8.0 8.0 8.0 4.0 8.0 4.0 4.0 8.0 4.0 8.0 4.0 8.0 8.0 4.0 0 4.0 8.0 8.0 8.0 8.0 4.0 8.0 8.0 4.0 8.0 8.0 8.0 8.0 8.0 4.0 8.0 8.0 8.0 8.0 
8.0 4.0 8.0 4.0 8.0 4.0 8.0 4.0 8.0 8.0 8.0 4.0 4.0 8.0 8.0 4.0 8.0 4.0 8.0 4.0 8.0 4.0 0 4.0 8.0 8.0 8.0 4.0 8.0 4.0 4.0 8.0 8.0 4.0 8.0 8.0 8.0 8.0 8.0 8.0 8.0 
8.0 8.0 8.0 8.0 8.0 4.0 8.0 4.0 8.0 8.0 4.0 8.0 8.0 4.0 8.0 4.0 8.0 4.0 4.0 4.0 8.0 8.0 4.0 0 4.0 8.0 8.0 8.0 8.0 8.0 4.0 8.0 4.0 8.0 8.0 4.0 8.0 4.0 8.0 8.0 8.0 
8.0 8.0 4.0 8.0 4.0 8.0 8.0 8.0 4.0 8.0 4.0 4.0 8.0 4.0 8.0 4.0 8.0 4.0 4.0 4.0 4.0 8.0 8.0 4.0 0 4.0 8.0 4.0 8.0 4.0 4.0 8.0 8.0 8.0 8.0 8.0 4.0 4.0 4.0 4.0 8.0 
8.0 8.0 8.0 8.0 4.0 4.0 4.0 4.0 8.0 4.0 8.0 8.0 8.0 4.0 4.0 4.0 4.0 8.0 4.0 8.0 4.0 8.0 8.0 8.0 4.0 0 4.0 4.0 8.0 8.0 8.0 8.0 8.0 8.0 8.0 4.0 8.0 8.0 8.0 8.0 8.0 
8.0 4.0 8.0 8.0 8.0 4.0 8.0 8.0 8.0 8.0 8.0 8.0 4.0 8.0 8.0 8.0 8.0 8.0 8.0 8.0 8.0 8.0 8.0 8.0 8.0 4.0 0 4.0 8.0 8.0 4.0 8.0 8.0 8.0 8.0 8.0 4.0 8.0 4.0 8.0 8.0 
4.0 8.0 4.0 8.0 8.0 4.0 8.0 8.0 8.0 8.0 8.0 8.0 4.0 8.0 8.0 4.0 8.0 8.0 4.0 8.0 8.0 4.0 4.0 8.0 4.0 4.0 4.0 0 4.0 8.0 4.0 8.0 8.0 8.0 8.0 4.0 8.0 4.0 8.0 8.0 8.0 
4.0 4.0 8.0 8.0 8.0 8.0 4.0 8.0 8.0 8.0 8.0 8.0 4.0 8.0 8.0 8.0 8.0 8.0 8.0 8.0 8.0 8.0 8.0 8.0 8.0 8.0 8.0 4.0 0 4.0 4.0 8.0 8.0 4.0 8.0 8.0 4.0 4.0 4.0 4.0 8.0 
8.0 4.0 8.0 4.0 4.0 8.0 4.0 8.0 8.0 8.0 8.0 8.0 8.0 8.0 4.0 8.0 8.0 4.0 8.0 8.0 8.0 8.0 4.0 8.0 4.0 8.0 8.0 8.0 4.0 0 4.0 8.0 8.0 8.0 8.0 8.0 8.0 8.0 8.0 8.0 8.0 
8.0 8.0 4.0 8.0 4.0 4.0 8.0 8.0 8.0 4.0 8.0 8.0 4.0 8.0 8.0 8.0 8.0 8.0 8.0 8.0 4.0 4.0 4.0 4.0 4.0 8.0 4.0 4.0 4.0 4.0 0 4.0 8.0 8.0 8.0 4.0 8.0 8.0 8.0 8.0 8.0 
8.0 4.0 4.0 8.0 4.0 8.0 8.0 4.0 8.0 4.0 8.0 8.0 8.0 8.0 8.0 8.0 4.0 8.0 4.0 8.0 8.0 8.0 8.0 8.0 8.0 8.0 8.0 8.0 8.0 8.0 4.0 0 4.0 8.0 4.0 8.0 8.0 8.0 8.0 4.0 4.0 
8.0 8.0 8.0 4.0 4.0 4.0 8.0 4.0 8.0 8.0 8.0 8.0 8.0 8.0 8.0 8.0 8.0 8.0 8.0 4.0 8.0 8.0 8.0 4.0 8.0 8.0 8.0 8.0 8.0 8.0 8.0 4.0 0 4.0 8.0 8.0 8.0 4.0 8.0 8.0 4.0 
8.0 8.0 8.0 8.0 8.0 8.0 8.0 8.0 8.0 4.0 8.0 8.0 4.0 4.0 8.0 8.0 4.0 8.0 4.0 4.0 4.0 8.0 4.0 8.0 8.0 8.0 8.0 8.0 4.0 8.0 8.0 8.0 4.0 0 4.0 4.0 8.0 8.0 8.0 8.0 4.0 
4.0 8.0 8.0 4.0 8.0 8.0 8.0 8.0 8.0 8.0 8.0 8.0 8.0 8.0 8.0 8.0 4.0 8.0 8.0 8.0 8.0 8.0 8.0 8.0 8.0 8.0 8.0 8.0 8.0 8.0 8.0 4.0 8.0 4.0 0 4.0 4.0 8.0 8.0 8.0 8.0 
4.0 8.0 8.0 8.0 8.0 8.0 8.0 8.0 8.0 8.0 8.0 4.0 8.0 4.0 4.0 8.0 8.0 8.0 8.0 4.0 8.0 8.0 8.0 4.0 8.0 4.0 8.0 4.0 8.0 8.0 4.0 8.0 8.0 4.0 4.0 0 4.0 8.0 8.0 4.0 8.0 
4.0 8.0 8.0 4.0 8.0 8.0 4.0 4.0 8.0 4.0 4.0 4.0 4.0 8.0 4.0 4.0 8.0 4.0 8.0 8.0 8.0 4.0 8.0 8.0 4.0 8.0 4.0 8.0 4.0 8.0 8.0 8.0 8.0 8.0 4.0 4.0 0 4.0 8.0 4.0 4.0 
8.0 8.0 8.0 8.0 8.0 4.0 8.0 8.0 8.0 8.0 8.0 8.0 8.0 8.0 8.0 8.0 4.0 8.0 4.0 8.0 8.0 8.0 8.0 4.0 4.0 8.0 8.0 4.0 4.0 8.0 8.0 8.0 4.0 8.0 8.0 8.0 4.0 0 4.0 8.0 8.0 
8.0 8.0 8.0 8.0 8.0 8.0 4.0 8.0 8.0 4.0 4.0 4.0 8.0 8.0 4.0 8.0 4.0 8.0 8.0 8.0 8.0 8.0 8.0 8.0 4.0 8.0 4.0 8.0 4.0 8.0 8.0 8.0 8.0 8.0 8.0 8.0 8.0 4.0 0 8.0 8.0 
8.0 4.0 8.0 8.0 8.0 4.0 4.0 4.0 8.0 4.0 4.0 4.0 8.0 8.0 8.0 8.0 8.0 8.0 8.0 4.0 8.0 8.0 8.0 8.0 4.0 8.0 8.0 8.0 4.0 8.0 8.0 4.0 8.0 8.0 8.0 4.0 4.0 8.0 8.0 0 8.0 
4.0 8.0 8.0 4.0 4.0 8.0 4.0 8.0 8.0 8.0 8.0 8.0 8.0 4.0 4.0 4.0 8.0 4.0 8.0 8.0 8.0 8.0 8.0 8.0 8.0 8.0 8.0 8.0 8.0 8.0 8.0 4.0 4.0 4.0 8.0 8.0 4.0 8.0 8.0 8.0 0 
