27
9 2 4 41 35 42 36 33 26 24 3 30 34 46 14 11 5 15 48 10 17 19 31 44 12 23 1
0 1.0 2.0 2.0 1.0 1.0 2.0 1.0 2.0 1.0 2.0 2.0 2.0 2.0 2.0 1.0 2.0 2.0 2.0 2.0 2.0 1.0 2.0 2.0 1.0 1.0 1.0 
1.0 0 1.0 2.0 2.0 1.0 1.0 1.0 1.0 2.0 2.0 2.0 2.0 2.0 2.0 2.0 2.0 1.0 2.0 1.0 2.0 2.0 2.0 2.0 2.0 1.0 2.0 
2.0 1.0 0 1.0 2.0 2.0 2.0 2.0 2.0 1.0 2.0 2.0 2.0 2.0 2.0 2.0 1.0 2.0 2.0 1.0 1.0 1.0 2.0 2.0 2.0 1.0 1.0 
2.0 2.0 1.0 0 1.0 1.0 1.0 1.0 1.0 1.0 2.0 1.0 1.0 1.0 2.0 2.0 2.0 2.0 2.0 1.0 2.0 2.0 1.0 1.0 2.0 2.0 2.0 
1.0 2.0 2.0 1.0 0 1.0 2.0 2.0 2.0 1.0 2.0 2.0 2.0 1.0 1.0 2.0 2.0 2.0 2.0 2.0 2.0 1.0 1.0 2.0 1.0 2.0 2.0 
1.0 1.0 2.0 1.0 1.0 0 1.0 2.0 2.0 1.0 2.0 2.0 1.0 2.0 1.0 1.0 1.0 2.0 2.0 2.0 2.0 2.0 1.0 1.0 2.0 2.0 2.0 
2.0 1.0 2.0 1.0 2.0 1.0 0 1.0 2.0 1.0 2.0 2.0 2.0 2.0 2.0 2.0 2.0 2.0 1.0 1.0 2.0 1.0 2.0 2.0 2.0 2.0 2.0 
1.0 1.0 2.0 1.0 2.0 2.0 1.0 0 1.0 2.0 2.0 2.0 1.0 1.0 2.0 2.0 2.0 2.0 1.0 1.0 1.0 2.0 2.0 2.0 1.0 1.0 2.0 
2.0 1.0 2.0 1.0 2.0 2.0 2.0 1.0 0 1.0 2.0 1.0 1.0 1.0 2.0 1.0 1.0 2.0 2.0 2.0 2.0 2.0 1.0 2.0 1.0 2.0 1.0 
1.0 2.0 1.0 1.0 1.0 1.0 1.0 2.0 1.0 0 1.0 2.0 2.0 1.0 1.0 2.0 1.0 2.0 2.0 2.0 1.0 1.0 1.0 2.0 1.0 2.0 1.0 
2.0 2.0 2.0 2.0 2.0 2.0 2.0 2.0 2.0 1.0 0 1.0 2.0 2.0 2.0 2.0 2.0 2.0 2.0 1.0 2.0 2.0 2.0 2.0 2.0 2.0 1.0 
2.0 2.0 2.0 1.0 2.0 2.0 2.0 2.0 1.0 2.0 1.0 0 2.0 2.0 1.0 2.0 2.0 2.0 2.0 2.0 2.0 2.0 2.0 2.0 2.0 2.0 2.0 
2.0 2.0 2.0 1.0 2.0 1.0 2.0 1.0 1.0 2.0 2.0 2.0 0 1.0 2.0 1.0 2.0 2.0 2.0 2.0 1.0 2.0 2.0 2.0 1.0 1.0 2.0 
2.0 2.0 2.0 1.0 1.0 2.0 2.0 1.0 1.0 1.0 2.0 2.0 1.0 0 1.0 2.0 2.0 2.0 2.0 2.0 1.0 2.0 2.0 2.0 2.0 2.0 2.0 
2.0 2.0 2.0 2.0 1.0 1.0 2.0 2.0 2.0 1.0 2.0 1.0 2.0 1.0 0 1.0 2.0 1.0 1.0 2.0 2.0 2.0 2.0 1.0 1.0 1.0 2.0 
1.0 2.0 2.0 2.0 2.0 1.0 2.0 2.0 1.0 2.0 2.0 2.0 1.0 2.0 1.0 0 1.0 1.0 2.0 2.0 1.0 1.0 2.0 2.0 1.0 1.0 2.0 
2.0 2.0 1.0 2.0 2.0 1.0 2.0 2.0 1.0 1.0 2.0 2.0 2.0 2.0 2.0 1.0 0 1.0 2.0 1.0 2.0 1.0 2.0 2.0 1.0 2.0 1.0 
2.0 1.0 2.0 2.0 2.0 2.0 2.0 2.0 2.0 2.0 2.0 2.0 2.0 2.0 1.0 1.0 1.0 0 1.0 2.0 2.0 2.0 2.0 1.0 1.0 1.0 2.0 
2.0 2.0 2.0 2.0 2.0 2.0 1.0 1.0 2.0 2.0 2.0 2.0 2.0 2.0 1.0 2.0 2.0 1.0 0 1.0 2.0 2.0 2.0 1.0 2.0 1.0 2.0 
2.0 1.0 1.0 1.0 2.0 2.0 1.0 1.0 2.0 2.0 1.0 2.0 2.0 2.0 2.0 2.0 1.0 2.0 1.0 0 1.0 1.0 2.0 2.0 2.0 1.0 1.0 
2.0 2.0 1.0 2.0 2.0 2.0 2.0 1.0 2.0 1.0 2.0 2.0 1.0 1.0 2.0 1.0 2.0 2.0 2.0 1.0 0 1.0 2.0 2.0 1.0 1.0 2.0 
1.0 2.0 1.0 2.0 1.0 2.0 1.0 2.0 2.0 1.0 2.0 2.0 2.0 2.0 2.0 1.0 1.0 2.0 2.0 1.0 1.0 0 2.0 2.0 2.0 1.0 2.0 
2.0 2.0 2.0 1.0 1.0 1.0 2.0 2.0 1.0 1.0 2.0 2.0 2.0 2.0 2.0 2.0 2.0 2.0 2.0 2.0 2.0 2.0 0 1.0 1.0 2.0 2.0 
2.0 2.0 2.0 1.0 2.0 1.0 2.0 2.0 2.0 2.0 2.0 2.0 2.0 2.0 1.0 2.0 2.0 1.0 1.0 2.0 2.0 2.0 1.0 0 1.0 2.0 1.0 
1.0 2.0 2.0 2.0 1.0 2.0 2.0 1.0 1.0 1.0 2.0 2.0 1.0 2.0 1.0 1.0 1.0 1.0 2.0 2.0 1.0 2.0 1.0 1.0 0 2.0 2.0 
1.0 1.0 1.0 2.0 2.0 2.0 2.0 1.0 2.0 2.0 2.0 2.0 1.0 2.0 1.0 1.0 2.0 1.0 1.0 1.0 1.0 1.0 2.0 2.0 2.0 0 2.0 
1.0 2.0 1.0 2.0 2.0 2.0 2.0 2.0 1.0 1.0 1.0 2.0 2.0 2.0 2.0 2.0 1.0 2.0 2.0 1.0 2.0 2.0 2.0 1.0 2.0 2.0 0 
