25
node4 node39 node9 node59 node6 node41 node36 node14 node64 node95 node67 node27 node30 node47 node45 node48 node70 node24 node10 node78 node2 node20 node51 node66 node26
0 1.0 2.0 1.0 2.0 2.0 1.0 1.0 2.0 2.0 2.0 1.0 1.0 1.0 2.0 1.0 2.0 2.0 2.0 2.0 2.0 1.0 1.0 2.0 1.0 
1.0 0 1.0 2.0 2.0 1.0 2.0 2.0 1.0 2.0 1.0 2.0 1.0 2.0 2.0 2.0 2.0 1.0 1.0 2.0 1.0 2.0 2.0 2.0 2.0 
2.0 1.0 0 1.0 2.0 2.0 2.0 2.0 2.0 2.0 2.0 2.0 2.0 2.0 2.0 1.0 2.0 2.0 2.0 2.0 1.0 2.0 2.0 2.0 2.0 
1.0 2.0 1.0 0 1.0 1.0 2.0 1.0 1.0 2.0 2.0 1.0 2.0 2.0 2.0 2.0 2.0 2.0 1.0 1.0 2.0 2.0 2.0 2.0 2.0 
2.0 2.0 2.0 1.0 0 1.0 2.0 2.0 2.0 1.0 1.0 2.0 2.0 2.0 2.0 1.0 2.0 2.0 2.0 2.0 1.0 2.0 2.0 2.0 2.0 
2.0 1.0 2.0 1.0 1.0 0 1.0 2.0 1.0 2.0 2.0 2.0 2.0 2.0 2.0 1.0 2.0 2.0 2.0 2.0 2.0 1.0 2.0 2.0 2.0 
1.0 2.0 2.0 2.0 2.0 1.0 0 1.0 2.0 2.0 2.0 2.0 2.0 2.0 1.0 2.0 2.0 2.0 2.0 2.0 2.0 1.0 2.0 2.0 2.0 
1.0 2.0 2.0 1.0 2.0 2.0 1.0 0 1.0 2.0 2.0 1.0 1.0 2.0 1.0 2.0 2.0 2.0 1.0 2.0 2.0 1.0 1.0 2.0 2.0 
2.0 1.0 2.0 1.0 2.0 1.0 2.0 1.0 0 1.0 2.0 2.0 2.0 1.0 2.0 2.0 2.0 2.0 2.0 2.0 1.0 2.0 2.0 1.0 1.0 
2.0 2.0 2.0 2.0 1.0 2.0 2.0 2.0 1.0 0 1.0 1.0 1.0 1.0 1.0 2.0 2.0 2.0 2.0 2.0 1.0 2.0 2.0 1.0 2.0 
2.0 1.0 2.0 2.0 1.0 2.0 2.0 2.0 2.0 1.0 0 1.0 2.0 1.0 2.0 2.0 1.0 2.0 2.0 1.0 1.0 2.0 1.0 2.0 2.0 
1.0 2.0 2.0 1.0 2.0 2.0 2.0 1.0 2.0 1.0 1.0 0 1.0 2.0 2.0 2.0 1.0 1.0 2.0 2.0 2.0 2.0 2.0 2.0 1.0 
1.0 1.0 2.0 2.0 2.0 2.0 2.0 1.0 2.0 1.0 2.0 1.0 0 1.0 2.0 1.0 2.0 1.0 2.0 2.0 2.0 1.0 1.0 2.0 2.0 
1.0 2.0 2.0 2.0 2.0 2.0 2.0 2.0 1.0 1.0 1.0 2.0 1.0 0 1.0 2.0 2.0 1.0 2.0 1.0 1.0 1.0 2.0 2.0 2.0 
2.0 2.0 2.0 2.0 2.0 2.0 1.0 1.0 2.0 1.0 2.0 2.0 2.0 1.0 0 1.0 2.0 1.0 2.0 2.0 1.0 2.0 2.0 2.0 2.0 
1.0 2.0 1.0 2.0 1.0 1.0 2.0 2.0 2.0 2.0 2.0 2.0 1.0 2.0 1.0 0 1.0 2.0 1.0 1.0 2.0 2.0 2.0 2.0 1.0 
2.0 2.0 2.0 2.0 2.0 2.0 2.0 2.0 2.0 2.0 1.0 1.0 2.0 2.0 2.0 1.0 0 1.0 2.0 2.0 1.0 2.0 2.0 2.0 1.0 
2.0 1.0 2.0 2.0 2.0 2.0 2.0 2.0 2.0 2.0 2.0 1.0 1.0 1.0 1.0 2.0 1.0 0 1.0 2.0 2.0 1.0 2.0 2.0 2.0 
2.0 1.0 2.0 1.0 2.0 2.0 2.0 1.0 2.0 2.0 2.0 2.0 2.0 2.0 2.0 1.0 2.0 1.0 0 1.0 2.0 2.0 1.0 2.0 1.0 
2.0 2.0 2.0 1.0 2.0 2.0 2.0 2.0 2.0 2.0 1.0 2.0 2.0 1.0 2.0 1.0 2.0 2.0 1.0 0 1.0 2.0 1.0 2.0 1.0 
2.0 1.0 1.0 2.0 1.0 2.0 2.0 2.0 1.0 1.0 1.0 2.0 2.0 1.0 1.0 2.0 1.0 2.0 2.0 1.0 0 1.0 2.0 2.0 1.0 
1.0 2.0 2.0 2.0 2.0 1.0 1.0 1.0 2.0 2.0 2.0 2.0 1.0 1.0 2.0 2.0 2.0 1.0 2.0 2.0 1.0 0 1.0 1.0 1.0 
1.0 2.0 2.0 2.0 2.0 2.0 2.0 1.0 2.0 2.0 1.0 2.0 1.0 2.0 2.0 2.0 2.0 2.0 1.0 1.0 2.0 1.0 0 1.0 2.0 
2.0 2.0 2.0 2.0 2.0 2.0 2.0 2.0 1.0 1.0 2.0 2.0 2.0 2.0 2.0 2.0 2.0 2.0 2.0 2.0 2.0 1.0 1.0 0 2.0 
1.0 2.0 2.0 2.0 2.0 2.0 2.0 2.0 1.0 2.0 2.0 1.0 2.0 2.0 2.0 1.0 1.0 2.0 1.0 1.0 1.0 1.0 2.0 2.0 0 
