11
bv af ag ai aj ak bg bh bm bs soda
0 3.0 4.0 6.0 7.0 6.0 10.0 11.0 9.0 3.0 12.0 
3.0 0 1.0 3.0 4.0 3.0 7.0 8.0 9.0 6.0 11.0 
4.0 1.0 0 2.0 3.0 2.0 6.0 7.0 8.0 7.0 12.0 
6.0 3.0 2.0 0 1.0 2.0 6.0 7.0 8.0 9.0 14.0 
7.0 4.0 3.0 1.0 0 1.0 5.0 6.0 7.0 10.0 15.0 
6.0 3.0 2.0 2.0 1.0 0 4.0 5.0 6.0 9.0 14.0 
10.0 7.0 6.0 6.0 5.0 4.0 0 1.0 6.0 12.0 18.0 
11.0 8.0 7.0 7.0 6.0 5.0 1.0 0 5.0 11.0 19.0 
9.0 9.0 8.0 8.0 7.0 6.0 6.0 5.0 0 6.0 17.0 
3.0 6.0 7.0 9.0 10.0 9.0 12.0 11.0 6.0 0 11.0 
12.0 11.0 12.0 14.0 15.0 14.0 18.0 19.0 17.0 11.0 0 
