30
32 58 96 4 5 75 7 57 45 67 63 0 30 53 34 46 31 41 70 59 79 49 72 66 90 64 27 69 99 29
0 35572091.13407 126693774.25636 364472061.80763 351089334.54772 374316049.6472 413381717.10509 557322933.54901 644453462.98877 614859377.59663 657109036.36261 554026484.36637 550104655.5529 601304952.72933 710883476.72883 726082698.78929 645755681.38687 661092641.71935 585890305.64811 600288061.5610601 825565820.90775 1044221057.27719 828847432.77953 672394463.53168 688411068.91249 337688137.21857 389189871.21671 149892710.72606 145164695.3227 151381339.07801002 
35572091.13407 0 91121683.12229 328938504.8554 317011337.51718 345440957.72855 378726037.78172 522327140.03433 609081905.46701 580410385.92544 622771174.6763 519288386.26957 520473228.33554 572960489.07285 681124562.4181199 697992157.10117 619233456.91805 644118249.3164899 565684174.36373 580081930.27668 813403891.50886 1027259437.86918 823531235.26531 679363327.07214 704539124.82928 373260228.35264 424761962.35077995 185464801.86013 131781637.84509 154298494.8358 
126693774.25636 91121683.12229 0 278258599.43747 297910575.75114 358753994.10766 351273735.20796 488802363.36250997 566658704.88322 551390080.66884 594183693.66613 487779958.87977 523335641.82575 581996944.7331901 677019386.46389 705267265.09493 631609084.52104 671378277.30346 601688827.3005099 615085638.05386 866947370.80492 1068293862.32204 890209737.10556 757432962.10959 794583542.45022 444482800.11827 501043279.08253 224976662.8946 193009219.62252998 126105945.59852 
364472061.80763 328938504.8554 278258599.43747 0 114828173.90635 239774625.65143 112510804.64296 216482057.43426 288945674.69153 285466829.39817 327425687.84271 221145486.81389 327608217.27878 389079976.28358 450703543.90311 502262482.77685 448625576.3942 538078172.1788 490140836.33805 504426850.62791 788810598.80868 938116027.72954 863014517.32627 809436111.1789299 919481765.29773 599712078.31724 674088095.4946799 366935153.31683 457693128.09807 395947295.78564 
351089334.54772 317011337.51718 297910575.75114 114828173.90635 0 124982699.6078 66144584.71894 211062496.66218 304620379.18327 264108110.4298 306154721.36998 205014276.3287 236600994.79911 297433705.08003 399133315.06327 418338245.74008 354462160.0624 430276445.10445 378054449.61463 392419649.45693 675434584.98856 833005179.40309 748258092.0307 700509321.15512 825617032.77345 523526819.95111 598320764.84025 307094681.9324 448312570.12638 423915058.83934 
374316049.6472 345440957.72855 358753994.10766 239774625.65143 124982699.6078 0 160849450.67322 271623954.48384 367949406.4371 298738611.99056 334211743.07308 257456224.26991 215552438.07273 227519531.3443 354335718.92741 361093016.45683 274456440.63987 320918620.50241 260475262.06674 274842754.55514 554177746.91573 724541460.1032801 623275392.4229 584436434.02811 742923977.2128999 455326837.1614 531153839.8161 283266615.18279 466698309.53812 480817585.22548 
413381717.10509 378726037.78172 351273735.20796 112510804.64296 66144584.71894 160849450.67322 0 149672999.70237002 245994543.95112002 207438916.94647002 244593660.22884 140692028.84862 215312529.50818 276686400.41706 342016528.61385 392495056.9943 336370842.31897 430966607.52182 388889513.76426 402892726.57874 688844315.98228 828125813.09167 774711163.37539 745251902.37164 881369222.05293 587829692.3589699 663628155.89065 373123570.52524996 510454722.27423 477379680.80648 
557322933.54901 522327140.03433 488802363.36250997 216482057.43426 211062496.66218 271623954.48384 149672999.70237002 0 97006119.28393 71322715.43105 111598592.75214 20004207.89993 216743556.71854 263875604.68181 270493321.46834 341417473.13091 319932315.87268 446507230.82519 428595919.12645 440684553.85866 718431526.4483 814406863.35355 828756768.79622 838895874.74606 997285117.02558 721472374.90452 797141110.14158 516371899.84478 654090436.03975 609354346.36476 
644453462.98877 609081905.46701 566658704.88322 288945674.69153 304620379.18327 367949406.4371 245994543.95112002 97006119.28393 0 94822579.99265 137616741.90437 110618783.16547 290088881.61306 325639778.35368 304917717.46488 375264878.71006 374791829.95755 510079603.35652 503816319.86682 514479304.76965 782677225.88825 853708052.64834 903014969.78509 927817993.17669 1092199021.80568 818385248.79777 894119050.65313 611389719.26005 740368259.66904 684693764.17306 
614859377.59663 580410385.92544 551390080.66884 285466829.39817 264108110.4298 298738611.99056 207438916.94647002 71322715.43105 94822579.99265 0 42794161.91172 86282523.35156 213119312.18295002 230817524.65585 210095137.47223 287146044.56774 290942113.79847 415274239.50877 414504763.26930004 425588544.90294003 687932153.82282 764949981.49322 810363168.2741599 840182907.5109 1012173917.76871 754015442.2327 829866072.51601 561444375.04329 712020497.09985 674801660.76862 
657109036.36261 622771174.6763 594183693.66613 327425687.84271 306154721.36998 334211743.07308 244593660.22884 111598592.75214 137616741.90437 42794161.91172 0 106925284.0103 214848085.4454 238326224.65276 193657010.65459 275312251.24629 281812095.96362 420080839.06553 422488606.98723 433097244.89985 690945286.93578 753488490.03616 818099903.53 861352691.44198 1039610615.78368 789275722.80755 865142204.8518 601068329.78742 754467291.4963601 717549917.87524 
554026484.36637 519288386.26957 487779958.87977 221145486.81389 205014276.3287 257456224.26991 140692028.84862 20004207.89993 110618783.16547 86282523.35156 106925284.0103 0 196739348.81861 244026352.15404 254214136.58929 323514638.12512 300330541.17416 427724408.52329004 408792303.38535 420832031.21635 698427318.54837 795392103.33889 809023829.1690199 821035739.75872 981580238.64021 709423334.46001 785240202.18371 507937702.93595 651050457.25049 610778236.85737 
550104655.5529 520473228.33554 523335641.82575 327608217.27878 236600994.79911 215552438.07273 215312529.50818 216743556.71854 290088881.61306 213119312.18295002 214848085.4454 196739348.81861 0 61611845.90704 162532320.26416 208373010.86662 121736435.04966 230985059.70468 213727438.25376 228125194.16671002 502057198.0866 616150404.87429 613918951.84148 646730360.68515 830804749.5225 610603664.40372 679354607.09696 456878426.13565004 644357503.69575 648502911.96901 
601304952.72933 572960489.07285 581996944.7331901 389079976.28358 297433705.08003 227519531.3443 276686400.41706 263875604.68181 325639778.35368 230817524.65585 238326224.65276 244026352.15404 61611845.90704 0 126816187.58311 146761164.95958 60124589.14262 185147579.25549 186085158.65019 194771020.24709 457485893.57003 557676305.67463 579773678.87724 635165019.91003 831017881.02623 629679781.86713 702338587.55187 497150789.9391 693484912.79437 704850947.80756 
710883476.72883 681124562.4181199 677019386.46389 450703543.90311 399133315.06327 354335718.92741 342016528.61385 270493321.46834 304917717.46488 210095137.47223 193657010.65459 254214136.58929 162532320.26416 126816187.58311 0 84140950.23223 170777526.04918998 268541132.80071 291763431.77073 296541481.23812 517648513.82592 560160771.89645 659096753.73176 745058190.46279 950149933.28736 756464383.45674 829151021.88812 616683035.24502 805430541.14842 803017504.69031 
726082698.78929 697992157.10117 705267265.09493 502262482.77685 418338245.74008 361093016.45683 392495056.9943 341417473.13091 375264878.71006 287146044.56774 275312251.24629 323514638.12512 208373010.86662 146761164.95958 84140950.23223 0 86636575.81696 191241408.75895 238097423.21372 240975445.30308 436587927.91119 478483877.335 582409880.84913 684995457.66215 899401084.15649 733538920.46934 803048469.64172 617996606.33384 821107462.55457 829974043.04541 
645755681.38687 619233456.91805 631609084.52104 448625576.3942 354462160.0624 274456440.63987 336370842.31897 319932315.87268 374791829.95755 290942113.79847 281812095.96362 300330541.17416 121736435.04966 60124589.14262 170777526.04918998 86636575.81696 0 139707558.81873 163925930.75676 168684819.40165 409136639.26512 514511802.15911996 540212991.55233 617150649.1401 824079420.2242299 646902344.65238 717415854.97234 533482215.11792 735830361.81877 754937106.41261 
661092641.71935 644118249.3164899 671378277.30346 538078172.1788 430276445.10445 320918620.50241 430966607.52182 446507230.82519 510079603.35652 415274239.50877 420080839.06553 427724408.52329004 230985059.70468 185147579.25549 268541132.80071 191241408.75895 139707558.81873 0 78434074.95276 69758958.8469 272911614.884 404094900.71385 417009370.98314 495217142.45266 715514340.58714 589318454.40591 653126320.19013 528600056.00032 743656722.84625 789113993.50325 
585890305.64811 565684174.36373 601688827.3005099 490140836.33805 378054449.61463 260475262.06674 388889513.76426 428595919.12645 503816319.86682 414504763.26930004 422488606.98723 408792303.38535 213727438.25376 186085158.65019 291763431.77073 238097423.21372 163925930.75676 78434074.95276 0 14397755.91295 299957108.6415 468357368.81426 403194558.77875 453465762.29545 661687319.7989199 514016823.12166 579495666.494 451227329.11957 665265220.04172 715144159.34894 
600288061.5610601 580081930.27668 615085638.05386 504426850.62791 392419649.45693 274842754.55514 402892726.57874 440684553.85866 514479304.76965 425588544.90294003 433097244.89985 420832031.21635 228125194.16671002 194771020.24709 296541481.23812 240975445.30308 168684819.40165 69758958.8469 14397755.91295 0 286293880.41428 455096693.51428 388796802.8658 450889623.98315 659907394.92362 520027251.23805 584558676.1901 462666798.34382 676934546.57303 728250011.59222 
825565820.90775 813403891.50886 866947370.80492 788810598.80868 675434584.98856 554177746.91573 688844315.98228 718431526.4483 782677225.88825 687932153.82282 690945286.93578 698427318.54837 502057198.0866 457485893.57003 517648513.82592 436587927.91119 409136639.26512 272911614.884 299957108.6415 286293880.41428 0 255662837.26471 165827552.07367 375900602.53277 617298833.87676 638372469.36559 679515977.39791 677331190.09433 887691184.98719 967631790.26501 
1044221057.27719 1027259437.86918 1068293862.32204 938116027.72954 833005179.40309 724541460.1032801 828125813.09167 814406863.35355 853708052.64834 764949981.49322 753488490.03616 795392103.33889 616150404.87429 557676305.67463 560160771.89645 478483877.335 514511802.15911996 404094900.71385 468357368.81426 455096693.51428 255662837.26471 0 384179621.04976 624785601.16754 862887674.8223 889183325.59663 933661503.09317 905253686.37331 1118477247.48399 1179231473.04879 
828847432.77953 823531235.26531 890209737.10556 863014517.32627 748258092.0307 623275392.4229 774711163.37539 828756768.79622 903014969.78509 810363168.2741599 818099903.53 809023829.1690199 613918951.84148 579773678.87724 659096753.73176 582409880.84913 540212991.55233 417009370.98314 403194558.77875 388796802.8658 165827552.07367 384179621.04976 0 251196916.98011 482082693.91707 582290305.35118 609380964.71762 679254950.90803 875254122.68785 975963819.50381 
672394463.53168 679363327.07214 757432962.10959 809436111.1789299 700509321.15512 584436434.02811 745251902.37164 838895874.74606 927817993.17669 840182907.5109 861352691.44198 821035739.75872 646730360.68515 635165019.91003 745058190.46279 684995457.66215 617150649.1401 495217142.45266 453465762.29545 450889623.98315 375900602.53277 624785601.16754 251196916.98011 0 241678981.48494 382188453.98977 376505971.44976 533698858.00692 697081149.8594401 818790861.39153 
688411068.91249 704539124.82928 794583542.45022 919481765.29773 825617032.77345 742923977.2128999 881369222.05293 997285117.02558 1092199021.80568 1012173917.76871 1039610615.78368 981580238.64021 830804749.5225 831017881.02623 950149933.28736 899401084.15649 824079420.2242299 715514340.58714 661687319.7989199 659907394.92362 617298833.87676 862887674.8223 482082693.91707 241678981.48494 0 350722931.69392 306949315.38169 599598311.68433 678373126.14073 820218512.63565 
337688137.21857 373260228.35264 444482800.11827 599712078.31724 523526819.95111 455326837.1614 587829692.3589699 721472374.90452 818385248.79777 754015442.2327 789275722.80755 709423334.46001 610603664.40372 629679781.86713 756464383.45674 733538920.46934 646902344.65238 589318454.40591 514016823.12166 520027251.23805 638372469.36559 889183325.59663 582290305.35118 382188453.98977 350722931.69392 0 75866482.04425 286766406.60958004 340282700.0663 473088598.98208 
389189871.21671 424761962.35077995 501043279.08253 674088095.4946799 598320764.84025 531153839.8161 663628155.89065 797141110.14158 894119050.65313 829866072.51601 865142204.8518 785240202.18371 679354607.09696 702338587.55187 829151021.88812 803048469.64172 717415854.97234 653126320.19013 579495666.494 584558676.1901 679515977.39791 933661503.0931699 609380964.71762 376505971.44976 306949315.38169 75866482.04425 0 307152942.17785 371642017.64427 514858347.45804 
149892710.72606 185464801.86013 224976662.8946 366935153.31683 307094681.9324 283266615.18279 373123570.52524996 516371899.84478 611389719.26005 561444375.04329 601068329.78742 507937702.93595 456878426.13565004 497150789.9391 616683035.24502 617996606.33384 533482215.11792 528600056.00032 451227329.11957 462666798.34382 677331190.09433 905253686.37331 679254950.90803 533698858.00692 599598311.68433 286766406.60958004 307152942.17785 0 215056666.84593 301130334.70806 
145164695.3227 131781637.84509 193009219.62252998 457693128.09807 448312570.12638 466698309.53812 510454722.27423 654090436.03975 740368259.66904 712020497.09985 754467291.4963601 651050457.25049 644357503.69575 693484912.79437 805430541.14842 821107462.55457 735830361.81877 743656722.84625 665265220.04172 676934546.57303 887691184.98719 1118477247.48399 875254122.68785 697081149.8594401 678373126.14073 340282700.0663 371642017.64427 215056666.84593 0 147185418.89111 
151381339.07801002 154298494.8358 126105945.59852 395947295.78564 423915058.83934 480817585.22548 477379680.80648 609354346.36476 684693764.17306 674801660.76862 717549917.87524 610778236.85737 648502911.96901 704850947.80756 803017504.69031 829974043.04541 754937106.41261 789113993.50325 715144159.34894 728250011.59222 967631790.26501 1179231473.04879 975963819.50381 818790861.39153 820218512.63565 473088598.98208 514858347.45804 301130334.70806 147185418.89111 0 
