31
a97 a56 a3 a8 a2 a77 a6 a13 a75 a1 a22 a7 a11 a59 a18 a9 a23 a94 a53 a51 a98 a78 a24 a5 a85 a25 a83 a90 a99 a17 a0
0 544.0 595.0 721.0 994.0 1004.0 1180.0 886.0 1124.0 2012.0 1718.0 1775.0 1683.0 1661.0 2011.0 1968.0 1930.0 1928.0 2192.0 1728.0 1446.0 750.0 962.0 1047.0 626.0 704.0 919.0 953.0 846.0 717.0 299.0 
544.0 0 51.0 177.0 450.0 715.0 636.0 1045.0 996.0 1943.0 1708.0 1613.0 1588.0 1610.0 1944.0 1995.0 1512.0 1510.0 1783.0 1546.0 902.0 206.0 590.0 977.0 626.0 681.0 375.0 409.0 984.0 972.0 554.0 
595.0 51.0 0 126.0 399.0 664.0 602.0 1068.0 945.0 1925.0 1657.0 1562.0 1537.0 1559.0 1926.0 1973.0 1461.0 1459.0 1732.0 1597.0 953.0 155.0 539.0 956.0 677.0 630.0 324.0 358.0 933.0 921.0 503.0 
721.0 177.0 126.0 0 525.0 790.0 728.0 1042.0 1071.0 1801.0 1685.0 1590.0 1411.0 1433.0 1800.0 1853.0 1335.0 1333.0 1606.0 1712.0 1079.0 29.0 413.0 919.0 596.0 504.0 298.0 335.0 907.0 899.0 629.0 
994.0 450.0 399.0 525.0 0 265.0 410.0 911.0 1129.0 1843.0 1516.0 1421.0 1447.0 1425.0 1842.0 1895.0 1549.0 1547.0 1795.0 1331.0 687.0 554.0 938.0 737.0 1076.0 1029.0 723.0 757.0 599.0 728.0 819.0 
1004.0 715.0 664.0 790.0 265.0 0 349.0 850.0 1394.0 1591.0 1456.0 1361.0 1182.0 1160.0 1590.0 1643.0 1814.0 1812.0 2060.0 1596.0 952.0 819.0 1173.0 1002.0 1301.0 1294.0 988.0 1022.0 864.0 993.0 705.0 
1180.0 636.0 602.0 728.0 410.0 349.0 0 501.0 1385.0 1874.0 1575.0 1480.0 1531.0 1509.0 1875.0 1909.0 1614.0 1612.0 1722.0 1741.0 1097.0 754.0 1138.0 866.0 956.0 1048.0 926.0 949.0 916.0 1045.0 890.0 
886.0 1045.0 1068.0 1042.0 911.0 850.0 501.0 0 884.0 1564.0 1701.0 1796.0 1971.0 1993.0 1565.0 1512.0 1681.0 1679.0 1952.0 1505.0 861.0 1071.0 1242.0 1207.0 1184.0 1262.0 1240.0 1277.0 1134.0 1005.0 587.0 
1124.0 996.0 945.0 1071.0 1129.0 1394.0 1385.0 884.0 0 1013.0 1328.0 1270.0 1371.0 1349.0 1014.0 1065.0 1619.0 1621.0 1643.0 1850.0 1702.0 1100.0 1472.0 1565.0 1499.0 1575.0 1269.0 1303.0 1372.0 1243.0 825.0 
2012.0 1943.0 1925.0 1801.0 1843.0 1591.0 1874.0 1564.0 1013.0 0 426.0 444.0 409.0 431.0 1.0 52.0 606.0 608.0 632.0 837.0 1481.0 1772.0 1898.0 1592.0 1549.0 1457.0 1823.0 1860.0 1645.0 1660.0 1713.0 
1718.0 1708.0 1657.0 1685.0 1516.0 1456.0 1575.0 1701.0 1328.0 426.0 0 95.0 274.0 296.0 427.0 388.0 959.0 961.0 971.0 1239.0 1396.0 1714.0 2030.0 1683.0 1414.0 1322.0 1966.0 2003.0 1887.0 1908.0 1806.0 
1775.0 1613.0 1562.0 1590.0 1421.0 1361.0 1480.0 1796.0 1270.0 444.0 95.0 0 179.0 201.0 445.0 483.0 1050.0 1052.0 876.0 1281.0 1301.0 1619.0 1960.0 1699.0 1319.0 1227.0 1871.0 1908.0 1792.0 1921.0 1827.0 
1683.0 1588.0 1537.0 1411.0 1447.0 1182.0 1531.0 1971.0 1371.0 409.0 274.0 179.0 0 22.0 408.0 461.0 1013.0 1015.0 1041.0 1244.0 1480.0 1440.0 1824.0 1842.0 1140.0 1048.0 1695.0 1732.0 1961.0 2069.0 1739.0 
1661.0 1610.0 1559.0 1433.0 1425.0 1160.0 1509.0 1993.0 1349.0 431.0 296.0 201.0 22.0 0 430.0 483.0 1035.0 1037.0 1063.0 1266.0 1502.0 1462.0 1846.0 1826.0 1162.0 1070.0 1706.0 1743.0 1983.0 2091.0 1761.0 
2011.0 1944.0 1926.0 1800.0 1842.0 1590.0 1875.0 1565.0 1014.0 1.0 427.0 445.0 408.0 430.0 0 53.0 605.0 607.0 633.0 836.0 1480.0 1771.0 1899.0 1593.0 1548.0 1456.0 1824.0 1861.0 1644.0 1661.0 1712.0 
1968.0 1995.0 1973.0 1853.0 1895.0 1643.0 1909.0 1512.0 1065.0 52.0 388.0 483.0 461.0 483.0 53.0 0 622.0 624.0 684.0 889.0 1533.0 1824.0 1920.0 1630.0 1601.0 1509.0 1875.0 1912.0 1697.0 1608.0 1669.0 
1930.0 1512.0 1461.0 1335.0 1549.0 1814.0 1614.0 1681.0 1619.0 606.0 959.0 1050.0 1013.0 1035.0 605.0 622.0 0 2.0 275.0 739.0 1383.0 1306.0 1690.0 1742.0 1931.0 1839.0 1339.0 1376.0 1906.0 1777.0 1631.0 
1928.0 1510.0 1459.0 1333.0 1547.0 1812.0 1612.0 1679.0 1621.0 608.0 961.0 1052.0 1015.0 1037.0 607.0 624.0 2.0 0 273.0 737.0 1381.0 1304.0 1688.0 1744.0 1929.0 1837.0 1337.0 1374.0 1908.0 1779.0 1629.0 
2192.0 1783.0 1732.0 1606.0 1795.0 2060.0 1722.0 1952.0 1643.0 632.0 971.0 876.0 1041.0 1063.0 633.0 684.0 275.0 273.0 0 464.0 1108.0 1577.0 1961.0 1969.0 2181.0 2089.0 1610.0 1647.0 2181.0 2052.0 1893.0 
1728.0 1546.0 1597.0 1712.0 1331.0 1596.0 1741.0 1505.0 1850.0 837.0 1239.0 1281.0 1244.0 1266.0 836.0 889.0 739.0 737.0 464.0 0 644.0 1683.0 2067.0 2019.0 2172.0 2216.0 1921.0 1955.0 1930.0 1847.0 1429.0 
1446.0 902.0 953.0 1079.0 687.0 952.0 1097.0 861.0 1702.0 1481.0 1396.0 1301.0 1480.0 1502.0 1480.0 1533.0 1383.0 1381.0 1108.0 644.0 0 1108.0 1492.0 1424.0 1528.0 1583.0 1277.0 1311.0 1286.0 1415.0 1340.0 
750.0 206.0 155.0 29.0 554.0 819.0 754.0 1071.0 1100.0 1772.0 1714.0 1619.0 1440.0 1462.0 1771.0 1824.0 1306.0 1304.0 1577.0 1683.0 1108.0 0 384.0 890.0 625.0 533.0 327.0 364.0 936.0 870.0 628.0 
962.0 590.0 539.0 413.0 938.0 1173.0 1138.0 1242.0 1472.0 1898.0 2030.0 1960.0 1824.0 1846.0 1899.0 1920.0 1690.0 1688.0 1961.0 2067.0 1492.0 384.0 0 506.0 857.0 917.0 711.0 748.0 1038.0 909.0 663.0 
1047.0 977.0 956.0 919.0 737.0 1002.0 866.0 1207.0 1565.0 1592.0 1683.0 1699.0 1842.0 1826.0 1593.0 1630.0 1742.0 1744.0 1969.0 2019.0 1424.0 890.0 506.0 0 755.0 833.0 900.0 937.0 1274.0 1166.0 748.0 
626.0 626.0 677.0 596.0 1076.0 1301.0 956.0 1184.0 1499.0 1549.0 1414.0 1319.0 1140.0 1162.0 1548.0 1601.0 1931.0 1929.0 2181.0 2172.0 1528.0 625.0 857.0 755.0 0 92.0 894.0 931.0 1472.0 1343.0 925.0 
704.0 681.0 630.0 504.0 1029.0 1294.0 1048.0 1262.0 1575.0 1457.0 1322.0 1227.0 1048.0 1070.0 1456.0 1509.0 1839.0 1837.0 2089.0 2216.0 1583.0 533.0 917.0 833.0 92.0 0 802.0 839.0 1411.0 1403.0 1003.0 
919.0 375.0 324.0 298.0 723.0 988.0 926.0 1240.0 1269.0 1823.0 1966.0 1871.0 1695.0 1706.0 1824.0 1875.0 1339.0 1337.0 1610.0 1921.0 1277.0 327.0 711.0 900.0 894.0 802.0 0 37.0 609.0 738.0 827.0 
953.0 409.0 358.0 335.0 757.0 1022.0 949.0 1277.0 1303.0 1860.0 2003.0 1908.0 1732.0 1743.0 1861.0 1912.0 1376.0 1374.0 1647.0 1955.0 1311.0 364.0 748.0 937.0 931.0 839.0 37.0 0 591.0 720.0 861.0 
846.0 984.0 933.0 907.0 599.0 864.0 916.0 1134.0 1372.0 1645.0 1887.0 1792.0 1961.0 1983.0 1644.0 1697.0 1906.0 1908.0 2181.0 1930.0 1286.0 936.0 1038.0 1274.0 1472.0 1411.0 609.0 591.0 0 129.0 547.0 
717.0 972.0 921.0 899.0 728.0 993.0 1045.0 1005.0 1243.0 1660.0 1908.0 1921.0 2069.0 2091.0 1661.0 1608.0 1777.0 1779.0 2052.0 1847.0 1415.0 870.0 909.0 1166.0 1343.0 1403.0 738.0 720.0 129.0 0 418.0 
299.0 554.0 503.0 629.0 819.0 705.0 890.0 587.0 825.0 1713.0 1806.0 1827.0 1739.0 1761.0 1712.0 1669.0 1631.0 1629.0 1893.0 1429.0 1340.0 628.0 663.0 748.0 925.0 1003.0 827.0 861.0 547.0 418.0 0 
