48
L1 L76 L74 L190 L115 L3 L145 L160 L8 L124 L32 L136 L110 L106 L130 L93 L134 L139 L10 L58 L48 L86 L79 L87 L90 L173 L181 L109 L104 L43 L195 L16 L121 L103 L66 L62 L70 L54 L64 L19 L18 L193 L69 L169 L27 L40 L180 L11
0 1.0 2.0 2.0 2.0 2.0 1.0 2.0 1.0 1.0 1.0 2.0 2.0 2.0 1.0 2.0 1.0 2.0 2.0 2.0 1.0 1.0 2.0 2.0 2.0 1.0 1.0 1.0 2.0 2.0 2.0 2.0 1.0 2.0 1.0 2.0 2.0 1.0 2.0 1.0 2.0 2.0 2.0 2.0 2.0 1.0 1.0 1.0 
1.0 0 1.0 2.0 1.0 1.0 1.0 1.0 1.0 1.0 1.0 2.0 2.0 1.0 2.0 2.0 2.0 1.0 2.0 1.0 2.0 1.0 2.0 1.0 1.0 1.0 2.0 1.0 2.0 1.0 2.0 1.0 2.0 1.0 2.0 1.0 1.0 1.0 1.0 2.0 2.0 2.0 2.0 1.0 1.0 1.0 1.0 2.0 
2.0 1.0 0 1.0 1.0 2.0 2.0 2.0 1.0 1.0 1.0 2.0 1.0 1.0 1.0 1.0 1.0 1.0 2.0 2.0 2.0 2.0 1.0 1.0 1.0 1.0 1.0 1.0 1.0 1.0 1.0 1.0 1.0 1.0 1.0 2.0 1.0 1.0 2.0 1.0 1.0 2.0 2.0 2.0 2.0 2.0 1.0 1.0 
2.0 2.0 1.0 0 1.0 2.0 2.0 2.0 2.0 1.0 1.0 1.0 2.0 1.0 1.0 2.0 2.0 2.0 2.0 1.0 1.0 2.0 1.0 1.0 1.0 2.0 1.0 2.0 1.0 1.0 1.0 1.0 2.0 2.0 2.0 2.0 1.0 2.0 2.0 2.0 1.0 2.0 1.0 1.0 1.0 1.0 1.0 1.0 
2.0 1.0 1.0 1.0 0 1.0 2.0 1.0 1.0 1.0 1.0 1.0 2.0 1.0 1.0 2.0 1.0 1.0 1.0 1.0 1.0 2.0 2.0 1.0 2.0 2.0 2.0 1.0 1.0 2.0 1.0 2.0 1.0 1.0 1.0 1.0 2.0 2.0 2.0 1.0 1.0 2.0 2.0 2.0 2.0 1.0 2.0 1.0 
2.0 1.0 2.0 2.0 1.0 0 1.0 1.0 2.0 1.0 1.0 1.0 2.0 1.0 2.0 2.0 2.0 2.0 2.0 1.0 2.0 2.0 2.0 1.0 1.0 2.0 1.0 1.0 2.0 2.0 1.0 2.0 1.0 1.0 2.0 1.0 2.0 2.0 1.0 1.0 1.0 2.0 1.0 1.0 1.0 2.0 1.0 2.0 
1.0 1.0 2.0 2.0 2.0 1.0 0 1.0 1.0 2.0 1.0 2.0 2.0 1.0 2.0 1.0 2.0 2.0 1.0 1.0 1.0 1.0 1.0 1.0 2.0 2.0 1.0 2.0 1.0 1.0 2.0 1.0 1.0 2.0 2.0 1.0 1.0 1.0 2.0 1.0 2.0 1.0 1.0 1.0 1.0 1.0 1.0 1.0 
2.0 1.0 2.0 2.0 1.0 1.0 1.0 0 1.0 2.0 2.0 2.0 1.0 1.0 2.0 1.0 1.0 2.0 1.0 1.0 1.0 1.0 2.0 2.0 1.0 1.0 2.0 2.0 2.0 1.0 2.0 1.0 2.0 1.0 1.0 1.0 1.0 1.0 1.0 1.0 1.0 2.0 2.0 2.0 1.0 2.0 2.0 2.0 
1.0 1.0 1.0 2.0 1.0 2.0 1.0 1.0 0 1.0 1.0 2.0 1.0 1.0 2.0 1.0 2.0 2.0 2.0 2.0 2.0 1.0 2.0 1.0 2.0 1.0 1.0 1.0 1.0 1.0 2.0 1.0 1.0 2.0 2.0 1.0 1.0 2.0 2.0 2.0 2.0 2.0 2.0 2.0 1.0 2.0 2.0 1.0 
1.0 1.0 1.0 1.0 1.0 1.0 2.0 2.0 1.0 0 1.0 1.0 1.0 1.0 1.0 1.0 1.0 2.0 1.0 1.0 1.0 2.0 1.0 1.0 2.0 2.0 2.0 1.0 1.0 1.0 1.0 1.0 2.0 1.0 1.0 2.0 2.0 2.0 2.0 2.0 2.0 2.0 1.0 1.0 1.0 2.0 2.0 2.0 
1.0 1.0 1.0 1.0 1.0 1.0 1.0 2.0 1.0 1.0 0 1.0 2.0 1.0 1.0 1.0 2.0 1.0 1.0 2.0 1.0 1.0 2.0 1.0 2.0 2.0 2.0 1.0 2.0 2.0 2.0 1.0 1.0 1.0 1.0 2.0 2.0 1.0 2.0 2.0 1.0 2.0 2.0 1.0 1.0 1.0 2.0 1.0 
2.0 2.0 2.0 1.0 1.0 1.0 2.0 2.0 2.0 1.0 1.0 0 1.0 2.0 1.0 2.0 2.0 1.0 2.0 2.0 1.0 1.0 2.0 2.0 1.0 1.0 1.0 2.0 1.0 1.0 1.0 2.0 1.0 2.0 1.0 2.0 1.0 1.0 2.0 2.0 1.0 1.0 1.0 1.0 1.0 1.0 1.0 1.0 
2.0 2.0 1.0 2.0 2.0 2.0 2.0 1.0 1.0 1.0 2.0 1.0 0 1.0 2.0 1.0 1.0 2.0 1.0 1.0 2.0 1.0 1.0 1.0 1.0 1.0 1.0 2.0 2.0 1.0 1.0 1.0 1.0 1.0 1.0 1.0 1.0 1.0 2.0 1.0 1.0 2.0 2.0 1.0 1.0 1.0 1.0 2.0 
2.0 1.0 1.0 1.0 1.0 1.0 1.0 1.0 1.0 1.0 1.0 2.0 1.0 0 1.0 1.0 1.0 1.0 2.0 1.0 1.0 2.0 1.0 1.0 1.0 2.0 2.0 1.0 1.0 1.0 1.0 2.0 1.0 2.0 2.0 2.0 2.0 2.0 1.0 2.0 1.0 2.0 1.0 1.0 2.0 1.0 2.0 2.0 
1.0 2.0 1.0 1.0 1.0 2.0 2.0 2.0 2.0 1.0 1.0 1.0 2.0 1.0 0 1.0 1.0 2.0 2.0 1.0 2.0 1.0 1.0 1.0 1.0 2.0 1.0 2.0 1.0 2.0 2.0 2.0 1.0 2.0 1.0 2.0 2.0 2.0 1.0 1.0 2.0 1.0 1.0 2.0 2.0 1.0 1.0 2.0 
2.0 2.0 1.0 2.0 2.0 2.0 1.0 1.0 1.0 1.0 1.0 2.0 1.0 1.0 1.0 0 1.0 2.0 2.0 2.0 1.0 2.0 1.0 1.0 1.0 1.0 1.0 1.0 1.0 1.0 1.0 2.0 1.0 1.0 2.0 1.0 2.0 1.0 1.0 1.0 2.0 2.0 2.0 1.0 1.0 2.0 2.0 1.0 
1.0 2.0 1.0 2.0 1.0 2.0 2.0 1.0 2.0 1.0 2.0 2.0 1.0 1.0 1.0 1.0 0 1.0 1.0 1.0 2.0 2.0 1.0 1.0 1.0 2.0 2.0 1.0 1.0 2.0 1.0 2.0 2.0 2.0 1.0 1.0 2.0 1.0 1.0 1.0 2.0 2.0 2.0 2.0 1.0 2.0 1.0 1.0 
2.0 1.0 1.0 2.0 1.0 2.0 2.0 2.0 2.0 2.0 1.0 1.0 2.0 1.0 2.0 2.0 1.0 0 1.0 2.0 1.0 1.0 2.0 2.0 1.0 1.0 1.0 1.0 1.0 1.0 2.0 1.0 1.0 1.0 1.0 2.0 2.0 2.0 1.0 1.0 1.0 1.0 1.0 1.0 2.0 1.0 2.0 1.0 
2.0 2.0 2.0 2.0 1.0 2.0 1.0 1.0 2.0 1.0 1.0 2.0 1.0 2.0 2.0 2.0 1.0 1.0 0 1.0 2.0 1.0 1.0 1.0 2.0 1.0 2.0 1.0 1.0 2.0 2.0 1.0 2.0 2.0 2.0 1.0 1.0 2.0 2.0 2.0 2.0 2.0 1.0 2.0 2.0 2.0 2.0 2.0 
2.0 1.0 2.0 1.0 1.0 1.0 1.0 1.0 2.0 1.0 2.0 2.0 1.0 1.0 1.0 2.0 1.0 2.0 1.0 0 1.0 2.0 1.0 2.0 1.0 2.0 1.0 1.0 1.0 1.0 2.0 1.0 1.0 1.0 1.0 1.0 1.0 1.0 1.0 1.0 2.0 1.0 1.0 1.0 1.0 1.0 1.0 1.0 
1.0 2.0 2.0 1.0 1.0 2.0 1.0 1.0 2.0 1.0 1.0 1.0 2.0 1.0 2.0 1.0 2.0 1.0 2.0 1.0 0 1.0 2.0 2.0 1.0 2.0 1.0 1.0 1.0 2.0 2.0 1.0 1.0 2.0 1.0 1.0 1.0 1.0 2.0 1.0 2.0 2.0 1.0 2.0 2.0 2.0 1.0 2.0 
1.0 1.0 2.0 2.0 2.0 2.0 1.0 1.0 1.0 2.0 1.0 1.0 1.0 2.0 1.0 2.0 2.0 1.0 1.0 2.0 1.0 0 1.0 2.0 2.0 1.0 2.0 1.0 1.0 1.0 1.0 2.0 2.0 1.0 2.0 1.0 2.0 1.0 2.0 1.0 2.0 1.0 2.0 2.0 1.0 1.0 2.0 1.0 
2.0 2.0 1.0 1.0 2.0 2.0 1.0 2.0 2.0 1.0 2.0 2.0 1.0 1.0 1.0 1.0 1.0 2.0 1.0 1.0 2.0 1.0 0 1.0 1.0 1.0 2.0 2.0 2.0 1.0 2.0 2.0 2.0 1.0 1.0 2.0 2.0 2.0 1.0 1.0 1.0 2.0 1.0 2.0 2.0 1.0 1.0 2.0 
2.0 1.0 1.0 1.0 1.0 1.0 1.0 2.0 1.0 1.0 1.0 2.0 1.0 1.0 1.0 1.0 1.0 2.0 1.0 2.0 2.0 2.0 1.0 0 1.0 1.0 1.0 2.0 2.0 2.0 1.0 1.0 1.0 1.0 1.0 2.0 1.0 2.0 2.0 2.0 2.0 2.0 2.0 1.0 1.0 1.0 2.0 1.0 
2.0 1.0 1.0 1.0 2.0 1.0 2.0 1.0 2.0 2.0 2.0 1.0 1.0 1.0 1.0 1.0 1.0 1.0 2.0 1.0 1.0 2.0 1.0 1.0 0 1.0 2.0 2.0 1.0 2.0 1.0 2.0 2.0 2.0 2.0 1.0 1.0 2.0 1.0 1.0 2.0 1.0 2.0 2.0 1.0 2.0 1.0 2.0 
1.0 1.0 1.0 2.0 2.0 2.0 2.0 1.0 1.0 2.0 2.0 1.0 1.0 2.0 2.0 1.0 2.0 1.0 1.0 2.0 2.0 1.0 1.0 1.0 1.0 0 1.0 2.0 1.0 1.0 2.0 1.0 2.0 2.0 2.0 2.0 2.0 2.0 1.0 2.0 1.0 1.0 2.0 2.0 1.0 1.0 2.0 1.0 
1.0 2.0 1.0 1.0 2.0 1.0 1.0 2.0 1.0 2.0 2.0 1.0 1.0 2.0 1.0 1.0 2.0 1.0 2.0 1.0 1.0 2.0 2.0 1.0 2.0 1.0 0 1.0 2.0 1.0 1.0 1.0 2.0 1.0 2.0 2.0 2.0 2.0 1.0 2.0 1.0 1.0 1.0 1.0 1.0 1.0 2.0 1.0 
1.0 1.0 1.0 2.0 1.0 1.0 2.0 2.0 1.0 1.0 1.0 2.0 2.0 1.0 2.0 1.0 1.0 1.0 1.0 1.0 1.0 1.0 2.0 2.0 2.0 2.0 1.0 0 1.0 2.0 2.0 1.0 1.0 1.0 1.0 1.0 2.0 2.0 1.0 2.0 2.0 1.0 2.0 2.0 2.0 2.0 2.0 1.0 
2.0 2.0 1.0 1.0 1.0 2.0 1.0 2.0 1.0 1.0 2.0 1.0 2.0 1.0 1.0 1.0 1.0 1.0 1.0 1.0 1.0 1.0 2.0 2.0 1.0 1.0 2.0 1.0 0 1.0 2.0 2.0 2.0 1.0 1.0 2.0 2.0 2.0 1.0 1.0 2.0 2.0 2.0 2.0 1.0 2.0 1.0 2.0 
2.0 1.0 1.0 1.0 2.0 2.0 1.0 1.0 1.0 1.0 2.0 1.0 1.0 1.0 2.0 1.0 2.0 1.0 2.0 1.0 2.0 1.0 1.0 2.0 2.0 1.0 1.0 2.0 1.0 0 1.0 1.0 1.0 1.0 1.0 2.0 1.0 2.0 2.0 1.0 1.0 2.0 2.0 2.0 2.0 1.0 2.0 2.0 
2.0 2.0 1.0 1.0 1.0 1.0 2.0 2.0 2.0 1.0 2.0 1.0 1.0 1.0 2.0 1.0 1.0 2.0 2.0 2.0 2.0 1.0 2.0 1.0 1.0 2.0 1.0 2.0 2.0 1.0 0 1.0 2.0 2.0 1.0 2.0 1.0 1.0 1.0 2.0 2.0 2.0 1.0 1.0 2.0 1.0 2.0 1.0 
2.0 1.0 1.0 1.0 2.0 2.0 1.0 1.0 1.0 1.0 1.0 2.0 1.0 2.0 2.0 2.0 2.0 1.0 1.0 1.0 1.0 2.0 2.0 1.0 2.0 1.0 1.0 1.0 2.0 1.0 1.0 0 1.0 1.0 1.0 1.0 1.0 1.0 2.0 2.0 2.0 1.0 1.0 1.0 2.0 2.0 2.0 1.0 
1.0 2.0 1.0 2.0 1.0 1.0 1.0 2.0 1.0 2.0 1.0 1.0 1.0 1.0 1.0 1.0 2.0 1.0 2.0 1.0 1.0 2.0 2.0 1.0 2.0 2.0 2.0 1.0 2.0 1.0 2.0 1.0 0 1.0 1.0 1.0 1.0 1.0 1.0 2.0 2.0 2.0 2.0 1.0 2.0 2.0 2.0 1.0 
2.0 1.0 1.0 2.0 1.0 1.0 2.0 1.0 2.0 1.0 1.0 2.0 1.0 2.0 2.0 1.0 2.0 1.0 2.0 1.0 2.0 1.0 1.0 1.0 2.0 2.0 1.0 1.0 1.0 1.0 2.0 1.0 1.0 0 1.0 2.0 1.0 2.0 1.0 2.0 1.0 2.0 2.0 1.0 1.0 2.0 1.0 1.0 
1.0 2.0 1.0 2.0 1.0 2.0 2.0 1.0 2.0 1.0 1.0 1.0 1.0 2.0 1.0 2.0 1.0 1.0 2.0 1.0 1.0 2.0 1.0 1.0 2.0 2.0 2.0 1.0 1.0 1.0 1.0 1.0 1.0 1.0 0 1.0 2.0 1.0 1.0 2.0 2.0 1.0 2.0 2.0 2.0 1.0 2.0 2.0 
2.0 1.0 2.0 2.0 1.0 1.0 1.0 1.0 1.0 2.0 2.0 2.0 1.0 2.0 2.0 1.0 1.0 2.0 1.0 1.0 1.0 1.0 2.0 2.0 1.0 2.0 2.0 1.0 2.0 2.0 2.0 1.0 1.0 2.0 1.0 0 1.0 2.0 2.0 2.0 2.0 2.0 1.0 2.0 1.0 2.0 1.0 1.0 
2.0 1.0 1.0 1.0 2.0 2.0 1.0 1.0 1.0 2.0 2.0 1.0 1.0 2.0 2.0 2.0 2.0 2.0 1.0 1.0 1.0 2.0 2.0 1.0 1.0 2.0 2.0 2.0 2.0 1.0 1.0 1.0 1.0 1.0 2.0 1.0 0 1.0 2.0 1.0 1.0 1.0 2.0 1.0 2.0 1.0 1.0 2.0 
1.0 1.0 1.0 2.0 2.0 2.0 1.0 1.0 2.0 2.0 1.0 1.0 1.0 2.0 2.0 1.0 1.0 2.0 2.0 1.0 1.0 1.0 2.0 2.0 2.0 2.0 2.0 2.0 2.0 2.0 1.0 1.0 1.0 2.0 1.0 2.0 1.0 0 1.0 1.0 1.0 1.0 2.0 1.0 1.0 1.0 1.0 2.0 
2.0 1.0 2.0 2.0 2.0 1.0 2.0 1.0 2.0 2.0 2.0 2.0 2.0 1.0 1.0 1.0 1.0 1.0 2.0 1.0 2.0 2.0 1.0 2.0 1.0 1.0 1.0 1.0 1.0 2.0 1.0 2.0 1.0 1.0 1.0 2.0 2.0 1.0 0 1.0 2.0 1.0 2.0 1.0 1.0 2.0 2.0 2.0 
1.0 2.0 1.0 2.0 1.0 1.0 1.0 1.0 2.0 2.0 2.0 2.0 1.0 2.0 1.0 1.0 1.0 1.0 2.0 1.0 1.0 1.0 1.0 2.0 1.0 2.0 2.0 2.0 1.0 1.0 2.0 2.0 2.0 2.0 2.0 2.0 1.0 1.0 1.0 0 1.0 2.0 2.0 2.0 1.0 2.0 2.0 2.0 
2.0 2.0 1.0 1.0 1.0 1.0 2.0 1.0 2.0 2.0 1.0 1.0 1.0 1.0 2.0 2.0 2.0 1.0 2.0 2.0 2.0 2.0 1.0 2.0 2.0 1.0 1.0 2.0 2.0 1.0 2.0 2.0 2.0 1.0 2.0 2.0 1.0 1.0 2.0 1.0 0 1.0 2.0 1.0 2.0 2.0 2.0 2.0 
2.0 2.0 2.0 2.0 2.0 2.0 1.0 2.0 2.0 2.0 2.0 1.0 2.0 2.0 1.0 2.0 2.0 1.0 2.0 1.0 2.0 1.0 2.0 2.0 1.0 1.0 1.0 1.0 2.0 2.0 2.0 1.0 2.0 2.0 1.0 2.0 1.0 1.0 1.0 2.0 1.0 0 1.0 2.0 2.0 2.0 1.0 2.0 
2.0 2.0 2.0 1.0 2.0 1.0 1.0 2.0 2.0 1.0 2.0 1.0 2.0 1.0 1.0 2.0 2.0 1.0 1.0 1.0 1.0 2.0 1.0 2.0 2.0 2.0 1.0 2.0 2.0 2.0 1.0 1.0 2.0 2.0 2.0 1.0 2.0 2.0 2.0 2.0 2.0 1.0 0 1.0 1.0 1.0 2.0 1.0 
2.0 1.0 2.0 1.0 2.0 1.0 1.0 2.0 2.0 1.0 1.0 1.0 1.0 1.0 2.0 1.0 2.0 1.0 2.0 1.0 2.0 2.0 2.0 1.0 2.0 2.0 1.0 2.0 2.0 2.0 1.0 1.0 1.0 1.0 2.0 2.0 1.0 1.0 1.0 2.0 1.0 2.0 1.0 0 1.0 1.0 2.0 2.0 
2.0 1.0 2.0 1.0 2.0 1.0 1.0 1.0 1.0 1.0 1.0 1.0 1.0 2.0 2.0 1.0 1.0 2.0 2.0 1.0 2.0 1.0 2.0 1.0 1.0 1.0 1.0 2.0 1.0 2.0 2.0 2.0 2.0 1.0 2.0 1.0 2.0 1.0 1.0 1.0 2.0 2.0 1.0 1.0 0 1.0 1.0 2.0 
1.0 1.0 2.0 1.0 1.0 2.0 1.0 2.0 2.0 2.0 1.0 1.0 1.0 1.0 1.0 2.0 2.0 1.0 2.0 1.0 2.0 1.0 1.0 1.0 2.0 1.0 1.0 2.0 2.0 1.0 1.0 2.0 2.0 2.0 1.0 2.0 1.0 1.0 2.0 2.0 2.0 2.0 1.0 1.0 1.0 0 1.0 2.0 
1.0 1.0 1.0 1.0 2.0 1.0 1.0 2.0 2.0 2.0 2.0 1.0 1.0 2.0 1.0 2.0 1.0 2.0 2.0 1.0 1.0 2.0 1.0 2.0 1.0 2.0 2.0 2.0 1.0 2.0 2.0 2.0 2.0 1.0 2.0 1.0 1.0 1.0 2.0 2.0 2.0 1.0 2.0 2.0 1.0 1.0 0 1.0 
1.0 2.0 1.0 1.0 1.0 2.0 1.0 2.0 1.0 2.0 1.0 1.0 2.0 2.0 2.0 1.0 1.0 1.0 2.0 1.0 2.0 1.0 2.0 1.0 2.0 1.0 1.0 1.0 2.0 2.0 1.0 1.0 1.0 1.0 2.0 1.0 2.0 2.0 2.0 2.0 2.0 2.0 1.0 2.0 2.0 2.0 1.0 0 
