36
TA10 TA54 TA81 TA80 TA27 TA56 TA86 TA85 TA24 TA84 TA48 TA47 TA49 TA8 TA9 TA59 TA58 TA32 TA33 TA76 TA92 TA7 TA18 TA90 TA41 TA40 TA39 TA38 TA50 TA64 TA63 TA62 TA35 TA71 TA36 TA0
0 1.0 3.0 3.0 3.0 3.0 3.0 2.0 3.0 3.0 4.0 4.0 3.0 2.0 1.0 1.0 2.0 3.0 3.0 4.0 3.0 3.0 4.0 5.0 6.0 5.0 4.0 3.0 4.0 4.0 3.0 2.0 2.0 3.0 2.0 1.0 
1.0 0 2.0 3.0 3.0 2.0 3.0 3.0 4.0 3.0 4.0 3.0 4.0 3.0 2.0 2.0 3.0 4.0 4.0 4.0 4.0 3.0 4.0 5.0 5.0 4.0 4.0 4.0 4.0 4.0 4.0 3.0 3.0 3.0 3.0 2.0 
3.0 2.0 0 1.0 3.0 4.0 4.0 4.0 5.0 3.0 4.0 5.0 5.0 5.0 4.0 4.0 5.0 5.0 4.0 4.0 5.0 4.0 5.0 6.0 5.0 6.0 6.0 6.0 5.0 4.0 5.0 4.0 5.0 4.0 5.0 4.0 
3.0 3.0 1.0 0 2.0 3.0 4.0 5.0 5.0 4.0 5.0 6.0 6.0 5.0 4.0 4.0 5.0 6.0 5.0 4.0 4.0 5.0 6.0 5.0 6.0 7.0 7.0 6.0 5.0 5.0 6.0 5.0 4.0 5.0 5.0 4.0 
3.0 3.0 3.0 2.0 0 1.0 2.0 3.0 3.0 4.0 5.0 4.0 4.0 5.0 4.0 4.0 3.0 4.0 4.0 4.0 4.0 5.0 5.0 5.0 6.0 5.0 5.0 4.0 3.0 4.0 5.0 5.0 4.0 4.0 3.0 4.0 
3.0 2.0 4.0 3.0 1.0 0 1.0 2.0 3.0 3.0 4.0 3.0 3.0 4.0 4.0 3.0 2.0 3.0 4.0 5.0 5.0 5.0 5.0 5.0 5.0 4.0 5.0 4.0 2.0 3.0 4.0 5.0 4.0 3.0 4.0 4.0 
3.0 3.0 4.0 4.0 2.0 1.0 0 1.0 2.0 2.0 3.0 2.0 2.0 3.0 4.0 4.0 3.0 4.0 3.0 4.0 4.0 4.0 4.0 4.0 4.0 3.0 4.0 3.0 1.0 2.0 3.0 4.0 3.0 2.0 4.0 4.0 
2.0 3.0 4.0 5.0 3.0 2.0 1.0 0 1.0 1.0 2.0 3.0 3.0 4.0 3.0 3.0 4.0 4.0 3.0 5.0 4.0 5.0 5.0 5.0 5.0 4.0 4.0 3.0 2.0 3.0 4.0 4.0 4.0 3.0 3.0 3.0 
3.0 4.0 5.0 5.0 3.0 3.0 2.0 1.0 0 2.0 3.0 4.0 4.0 5.0 4.0 3.0 4.0 4.0 3.0 5.0 5.0 4.0 4.0 5.0 5.0 5.0 4.0 4.0 3.0 4.0 5.0 4.0 3.0 3.0 2.0 3.0 
3.0 3.0 3.0 4.0 4.0 3.0 2.0 1.0 2.0 0 1.0 2.0 2.0 3.0 4.0 4.0 5.0 5.0 4.0 5.0 3.0 4.0 5.0 5.0 6.0 5.0 4.0 3.0 3.0 3.0 4.0 5.0 5.0 4.0 4.0 4.0 
4.0 4.0 4.0 5.0 5.0 4.0 3.0 2.0 3.0 1.0 0 1.0 1.0 2.0 3.0 4.0 5.0 5.0 4.0 4.0 2.0 3.0 4.0 4.0 5.0 4.0 3.0 2.0 2.0 4.0 5.0 4.0 4.0 3.0 3.0 4.0 
4.0 3.0 5.0 6.0 4.0 3.0 2.0 3.0 4.0 2.0 1.0 0 2.0 3.0 4.0 4.0 4.0 4.0 3.0 5.0 3.0 3.0 4.0 5.0 4.0 3.0 2.0 1.0 1.0 4.0 4.0 3.0 3.0 2.0 3.0 4.0 
3.0 4.0 5.0 6.0 4.0 3.0 2.0 3.0 4.0 2.0 1.0 2.0 0 1.0 2.0 3.0 4.0 4.0 4.0 4.0 2.0 2.0 3.0 4.0 4.0 3.0 2.0 2.0 1.0 4.0 4.0 3.0 3.0 4.0 2.0 3.0 
2.0 3.0 5.0 5.0 5.0 4.0 3.0 4.0 5.0 3.0 2.0 3.0 1.0 0 1.0 3.0 4.0 4.0 4.0 3.0 1.0 1.0 2.0 3.0 4.0 4.0 3.0 3.0 2.0 4.0 3.0 2.0 2.0 3.0 3.0 3.0 
1.0 2.0 4.0 4.0 4.0 4.0 4.0 3.0 4.0 4.0 3.0 4.0 2.0 1.0 0 2.0 3.0 3.0 3.0 3.0 2.0 2.0 3.0 4.0 5.0 5.0 4.0 4.0 3.0 3.0 2.0 1.0 1.0 2.0 2.0 2.0 
1.0 2.0 4.0 4.0 4.0 3.0 4.0 3.0 3.0 4.0 4.0 4.0 3.0 3.0 2.0 0 1.0 2.0 3.0 5.0 4.0 4.0 5.0 6.0 5.0 4.0 3.0 3.0 4.0 5.0 4.0 3.0 3.0 4.0 3.0 2.0 
2.0 3.0 5.0 5.0 3.0 2.0 3.0 4.0 4.0 5.0 5.0 4.0 4.0 4.0 3.0 1.0 0 1.0 2.0 4.0 5.0 5.0 6.0 5.0 4.0 5.0 4.0 4.0 4.0 5.0 4.0 3.0 4.0 4.0 4.0 3.0 
3.0 4.0 5.0 6.0 4.0 3.0 4.0 4.0 4.0 5.0 5.0 4.0 4.0 4.0 3.0 2.0 1.0 0 1.0 3.0 5.0 4.0 5.0 4.0 3.0 4.0 4.0 3.0 5.0 4.0 3.0 2.0 3.0 3.0 4.0 4.0 
3.0 4.0 4.0 5.0 4.0 4.0 3.0 3.0 3.0 4.0 4.0 3.0 4.0 4.0 3.0 3.0 2.0 1.0 0 2.0 4.0 3.0 4.0 5.0 4.0 4.0 3.0 2.0 4.0 5.0 4.0 3.0 2.0 2.0 3.0 4.0 
4.0 4.0 4.0 4.0 4.0 5.0 4.0 5.0 5.0 5.0 4.0 5.0 4.0 3.0 3.0 5.0 4.0 3.0 2.0 0 2.0 4.0 5.0 4.0 5.0 6.0 5.0 4.0 5.0 6.0 5.0 4.0 2.0 3.0 3.0 4.0 
3.0 4.0 5.0 4.0 4.0 5.0 4.0 4.0 5.0 3.0 2.0 3.0 2.0 1.0 2.0 4.0 5.0 5.0 4.0 2.0 0 2.0 3.0 2.0 3.0 4.0 4.0 4.0 3.0 5.0 4.0 3.0 2.0 3.0 3.0 4.0 
3.0 3.0 4.0 5.0 5.0 5.0 4.0 5.0 4.0 4.0 3.0 3.0 2.0 1.0 2.0 4.0 5.0 4.0 3.0 4.0 2.0 0 1.0 2.0 3.0 3.0 3.0 3.0 3.0 4.0 3.0 2.0 3.0 3.0 3.0 4.0 
4.0 4.0 5.0 6.0 5.0 5.0 4.0 5.0 4.0 5.0 4.0 4.0 3.0 2.0 3.0 5.0 6.0 5.0 4.0 5.0 3.0 1.0 0 1.0 2.0 3.0 4.0 4.0 4.0 4.0 4.0 3.0 4.0 4.0 4.0 5.0 
5.0 5.0 6.0 5.0 5.0 5.0 4.0 5.0 5.0 5.0 4.0 5.0 4.0 3.0 4.0 6.0 5.0 4.0 5.0 4.0 2.0 2.0 1.0 0 1.0 2.0 3.0 4.0 4.0 5.0 5.0 4.0 4.0 5.0 5.0 6.0 
6.0 5.0 5.0 6.0 6.0 5.0 4.0 5.0 5.0 6.0 5.0 4.0 4.0 4.0 5.0 5.0 4.0 3.0 4.0 5.0 3.0 3.0 2.0 1.0 0 1.0 2.0 3.0 3.0 6.0 6.0 5.0 5.0 5.0 4.0 5.0 
5.0 4.0 6.0 7.0 5.0 4.0 3.0 4.0 5.0 5.0 4.0 3.0 3.0 4.0 5.0 4.0 5.0 4.0 4.0 6.0 4.0 3.0 3.0 2.0 1.0 0 1.0 2.0 2.0 5.0 6.0 5.0 4.0 4.0 3.0 4.0 
4.0 4.0 6.0 7.0 5.0 5.0 4.0 4.0 4.0 4.0 3.0 2.0 2.0 3.0 4.0 3.0 4.0 4.0 3.0 5.0 4.0 3.0 4.0 3.0 2.0 1.0 0 1.0 3.0 6.0 5.0 4.0 3.0 4.0 2.0 3.0 
3.0 4.0 6.0 6.0 4.0 4.0 3.0 3.0 4.0 3.0 2.0 1.0 2.0 3.0 4.0 3.0 4.0 3.0 2.0 4.0 4.0 3.0 4.0 4.0 3.0 2.0 1.0 0 2.0 5.0 5.0 4.0 3.0 3.0 2.0 3.0 
4.0 4.0 5.0 5.0 3.0 2.0 1.0 2.0 3.0 3.0 2.0 1.0 1.0 2.0 3.0 4.0 4.0 5.0 4.0 5.0 3.0 3.0 4.0 4.0 3.0 2.0 3.0 2.0 0 3.0 4.0 4.0 4.0 3.0 3.0 4.0 
4.0 4.0 4.0 5.0 4.0 3.0 2.0 3.0 4.0 3.0 4.0 4.0 4.0 4.0 3.0 5.0 5.0 4.0 5.0 6.0 5.0 4.0 4.0 5.0 6.0 5.0 6.0 5.0 3.0 0 1.0 2.0 4.0 4.0 5.0 5.0 
3.0 4.0 5.0 6.0 5.0 4.0 3.0 4.0 5.0 4.0 5.0 4.0 4.0 3.0 2.0 4.0 4.0 3.0 4.0 5.0 4.0 3.0 4.0 5.0 6.0 6.0 5.0 5.0 4.0 1.0 0 1.0 3.0 4.0 4.0 4.0 
2.0 3.0 4.0 5.0 5.0 5.0 4.0 4.0 4.0 5.0 4.0 3.0 3.0 2.0 1.0 3.0 3.0 2.0 3.0 4.0 3.0 2.0 3.0 4.0 5.0 5.0 4.0 4.0 4.0 2.0 1.0 0 2.0 3.0 3.0 3.0 
2.0 3.0 5.0 4.0 4.0 4.0 3.0 4.0 3.0 5.0 4.0 3.0 3.0 2.0 1.0 3.0 4.0 3.0 2.0 2.0 2.0 3.0 4.0 4.0 5.0 4.0 3.0 3.0 4.0 4.0 3.0 2.0 0 1.0 1.0 2.0 
3.0 3.0 4.0 5.0 4.0 3.0 2.0 3.0 3.0 4.0 3.0 2.0 4.0 3.0 2.0 4.0 4.0 3.0 2.0 3.0 3.0 3.0 4.0 5.0 5.0 4.0 4.0 3.0 3.0 4.0 4.0 3.0 1.0 0 2.0 3.0 
2.0 3.0 5.0 5.0 3.0 4.0 4.0 3.0 2.0 4.0 3.0 3.0 2.0 3.0 2.0 3.0 4.0 4.0 3.0 3.0 3.0 3.0 4.0 5.0 4.0 3.0 2.0 2.0 3.0 5.0 4.0 3.0 1.0 2.0 0 1.0 
1.0 2.0 4.0 4.0 4.0 4.0 4.0 3.0 3.0 4.0 4.0 4.0 3.0 3.0 2.0 2.0 3.0 4.0 4.0 4.0 4.0 4.0 5.0 6.0 5.0 4.0 3.0 3.0 4.0 5.0 4.0 3.0 2.0 3.0 1.0 0 
