91
TA3 TA51 TA50 TA49 TA47 TA46 TA44 TA43 TA41 TA39 TA37 TA35 TA34 TA33 TA32 TA26 TA25 TA24 TA23 TA22 TA20 TA19 TA16 TA17 TA106 TA108 TA107 TA103 TA99 TA98 TA95 TA92 TA119 TA116 TA122 TA124 TA126 TA170 TA169 TA167 TA147 TA148 TA149 TA151 TA154 TA155 TA158 TA31 TA94 TA93 TA87 TA86 TA85 TA84 TA83 TA80 TA175 TA178 TA179 TA74 TA73 TA180 TA181 TA182 TA184 TA185 TA187 TA188 TA189 TA190 TA191 TA192 TA195 TA64 TA65 TA66 TA67 TA68 TA70 TA139 TA137 TA136 TA135 TA134 TA133 TA9 TA8 TA7 TA5 TA2 TA0
0 29.0 49.0 69.0 109.0 129.0 169.0 189.0 229.0 269.0 309.0 349.0 369.0 357.0 337.0 457.0 440.0 420.0 400.0 380.0 340.0 320.0 260.0 280.0 284.0 324.0 304.0 309.0 373.0 353.0 293.0 233.0 263.0 323.0 243.0 283.0 323.0 309.0 309.0 309.0 286.0 306.0 326.0 339.0 399.0 419.0 409.0 357.0 273.0 253.0 262.0 282.0 302.0 298.0 278.0 298.0 209.0 269.0 252.0 247.0 227.0 232.0 212.0 192.0 180.0 200.0 240.0 260.0 280.0 260.0 240.0 220.0 160.0 132.0 152.0 172.0 192.0 212.0 207.0 164.0 124.0 144.0 164.0 184.0 204.0 120.0 100.0 80.0 40.0 20.0 60.0 
29.0 0 20.0 40.0 80.0 100.0 140.0 160.0 200.0 240.0 280.0 320.0 340.0 360.0 366.0 485.0 465.0 445.0 425.0 405.0 365.0 345.0 289.0 309.0 297.0 337.0 317.0 317.0 397.0 382.0 322.0 262.0 271.0 331.0 251.0 291.0 315.0 300.0 280.0 280.0 257.0 277.0 297.0 310.0 370.0 390.0 435.0 386.0 302.0 282.0 291.0 311.0 331.0 327.0 307.0 314.0 238.0 251.0 231.0 218.0 198.0 251.0 241.0 221.0 209.0 229.0 269.0 289.0 309.0 289.0 269.0 249.0 189.0 161.0 181.0 201.0 221.0 218.0 178.0 135.0 95.0 115.0 135.0 155.0 175.0 149.0 129.0 109.0 69.0 49.0 89.0 
49.0 20.0 0 20.0 60.0 80.0 120.0 140.0 180.0 220.0 260.0 300.0 320.0 340.0 360.0 465.0 445.0 425.0 405.0 385.0 345.0 325.0 309.0 325.0 277.0 317.0 297.0 297.0 377.0 395.0 335.0 275.0 251.0 311.0 231.0 271.0 295.0 318.0 298.0 275.0 275.0 295.0 315.0 290.0 350.0 370.0 415.0 380.0 315.0 295.0 304.0 324.0 333.0 313.0 293.0 313.0 258.0 231.0 211.0 198.0 178.0 231.0 251.0 234.0 194.0 214.0 254.0 274.0 294.0 275.0 255.0 235.0 175.0 147.0 167.0 187.0 207.0 198.0 158.0 115.0 75.0 95.0 115.0 135.0 155.0 169.0 149.0 129.0 89.0 69.0 109.0 
69.0 40.0 20.0 0 40.0 60.0 100.0 120.0 160.0 200.0 240.0 280.0 300.0 320.0 340.0 460.0 452.0 432.0 412.0 392.0 352.0 332.0 321.0 332.0 284.0 324.0 304.0 304.0 384.0 402.0 342.0 282.0 258.0 318.0 238.0 278.0 315.0 329.0 318.0 295.0 295.0 315.0 335.0 310.0 370.0 390.0 412.0 360.0 322.0 302.0 311.0 331.0 313.0 293.0 273.0 293.0 270.0 251.0 231.0 218.0 198.0 251.0 261.0 241.0 201.0 221.0 261.0 281.0 275.0 255.0 235.0 215.0 155.0 127.0 147.0 167.0 187.0 207.0 178.0 135.0 95.0 115.0 135.0 155.0 175.0 189.0 169.0 149.0 109.0 89.0 129.0 
109.0 80.0 60.0 40.0 0 20.0 60.0 80.0 120.0 160.0 200.0 240.0 260.0 280.0 300.0 420.0 440.0 432.0 412.0 392.0 352.0 332.0 321.0 332.0 284.0 324.0 304.0 304.0 384.0 364.0 342.0 282.0 258.0 318.0 238.0 278.0 318.0 329.0 349.0 335.0 335.0 355.0 375.0 350.0 410.0 426.0 372.0 320.0 322.0 302.0 311.0 331.0 313.0 293.0 273.0 293.0 270.0 291.0 271.0 258.0 238.0 281.0 261.0 241.0 201.0 221.0 261.0 281.0 275.0 255.0 235.0 215.0 155.0 127.0 147.0 167.0 187.0 207.0 218.0 175.0 135.0 155.0 175.0 192.0 212.0 229.0 209.0 189.0 149.0 129.0 169.0 
129.0 100.0 80.0 60.0 20.0 0 40.0 60.0 100.0 140.0 180.0 220.0 240.0 260.0 280.0 400.0 420.0 440.0 432.0 412.0 372.0 352.0 341.0 352.0 304.0 344.0 324.0 324.0 364.0 344.0 324.0 302.0 278.0 338.0 258.0 298.0 338.0 349.0 369.0 355.0 355.0 375.0 395.0 370.0 426.0 406.0 352.0 300.0 342.0 322.0 331.0 351.0 333.0 313.0 293.0 313.0 290.0 311.0 291.0 278.0 258.0 301.0 281.0 261.0 221.0 241.0 281.0 301.0 295.0 275.0 255.0 235.0 175.0 147.0 167.0 187.0 207.0 227.0 238.0 195.0 155.0 175.0 195.0 212.0 232.0 249.0 229.0 209.0 169.0 149.0 189.0 
169.0 140.0 120.0 100.0 60.0 40.0 0 20.0 60.0 100.0 140.0 180.0 200.0 220.0 240.0 360.0 380.0 400.0 420.0 426.0 386.0 366.0 381.0 392.0 344.0 384.0 364.0 364.0 324.0 304.0 284.0 342.0 318.0 378.0 298.0 338.0 378.0 389.0 409.0 377.0 395.0 415.0 435.0 410.0 386.0 366.0 312.0 260.0 304.0 324.0 333.0 353.0 373.0 353.0 333.0 353.0 330.0 351.0 331.0 318.0 298.0 341.0 321.0 301.0 261.0 281.0 321.0 341.0 335.0 315.0 295.0 275.0 215.0 187.0 207.0 227.0 247.0 267.0 278.0 235.0 195.0 215.0 235.0 252.0 272.0 289.0 269.0 249.0 209.0 189.0 229.0 
189.0 160.0 140.0 120.0 80.0 60.0 20.0 0 40.0 80.0 120.0 160.0 180.0 200.0 220.0 340.0 360.0 380.0 400.0 406.0 366.0 346.0 401.0 386.0 364.0 404.0 384.0 384.0 304.0 284.0 264.0 324.0 338.0 398.0 318.0 358.0 398.0 409.0 397.0 357.0 415.0 435.0 455.0 426.0 366.0 346.0 292.0 240.0 284.0 304.0 313.0 333.0 353.0 373.0 353.0 373.0 350.0 371.0 351.0 338.0 318.0 361.0 341.0 321.0 281.0 301.0 341.0 361.0 355.0 335.0 315.0 295.0 235.0 207.0 227.0 247.0 267.0 287.0 298.0 255.0 215.0 235.0 255.0 272.0 292.0 309.0 289.0 269.0 229.0 209.0 249.0 
229.0 200.0 180.0 160.0 120.0 100.0 60.0 40.0 0 40.0 80.0 120.0 140.0 160.0 180.0 300.0 320.0 340.0 360.0 366.0 326.0 306.0 366.0 346.0 335.0 375.0 355.0 344.0 264.0 244.0 224.0 284.0 378.0 438.0 358.0 398.0 428.0 377.0 357.0 317.0 380.0 400.0 420.0 386.0 326.0 306.0 252.0 200.0 244.0 264.0 273.0 293.0 313.0 333.0 353.0 413.0 390.0 411.0 391.0 378.0 358.0 401.0 381.0 361.0 321.0 341.0 381.0 401.0 395.0 375.0 355.0 335.0 275.0 247.0 267.0 287.0 307.0 327.0 338.0 295.0 255.0 275.0 295.0 312.0 332.0 349.0 329.0 309.0 269.0 249.0 289.0 
269.0 240.0 220.0 200.0 160.0 140.0 100.0 80.0 40.0 0 40.0 80.0 100.0 120.0 140.0 260.0 280.0 300.0 320.0 326.0 286.0 266.0 326.0 306.0 295.0 335.0 315.0 304.0 224.0 204.0 184.0 244.0 361.0 421.0 381.0 388.0 388.0 337.0 317.0 277.0 340.0 360.0 380.0 346.0 286.0 266.0 212.0 160.0 204.0 224.0 233.0 253.0 273.0 293.0 313.0 373.0 394.0 387.0 367.0 354.0 334.0 365.0 345.0 325.0 325.0 345.0 385.0 405.0 425.0 407.0 387.0 375.0 315.0 287.0 307.0 327.0 347.0 367.0 378.0 335.0 295.0 315.0 335.0 352.0 372.0 385.0 369.0 349.0 309.0 289.0 329.0 
309.0 280.0 260.0 240.0 200.0 180.0 140.0 120.0 80.0 40.0 0 40.0 60.0 80.0 100.0 220.0 240.0 260.0 280.0 286.0 246.0 226.0 286.0 266.0 255.0 295.0 275.0 264.0 184.0 164.0 144.0 204.0 321.0 381.0 341.0 348.0 348.0 297.0 277.0 237.0 300.0 320.0 340.0 306.0 246.0 226.0 172.0 120.0 164.0 184.0 193.0 213.0 233.0 253.0 273.0 333.0 354.0 347.0 327.0 314.0 294.0 325.0 305.0 285.0 285.0 305.0 345.0 365.0 385.0 367.0 347.0 367.0 355.0 327.0 347.0 367.0 387.0 394.0 354.0 375.0 335.0 355.0 364.0 344.0 364.0 345.0 337.0 357.0 349.0 329.0 369.0 
349.0 320.0 300.0 280.0 240.0 220.0 180.0 160.0 120.0 80.0 40.0 0 20.0 40.0 60.0 180.0 200.0 220.0 240.0 246.0 206.0 186.0 246.0 226.0 215.0 255.0 235.0 224.0 144.0 124.0 104.0 164.0 281.0 341.0 301.0 308.0 308.0 257.0 237.0 197.0 260.0 280.0 300.0 266.0 206.0 186.0 132.0 80.0 124.0 144.0 153.0 173.0 193.0 213.0 233.0 293.0 314.0 307.0 287.0 274.0 254.0 285.0 265.0 245.0 245.0 265.0 305.0 325.0 345.0 327.0 307.0 327.0 351.0 319.0 339.0 359.0 374.0 354.0 314.0 380.0 357.0 337.0 324.0 304.0 324.0 305.0 297.0 317.0 357.0 369.0 391.0 
369.0 340.0 320.0 300.0 260.0 240.0 200.0 180.0 140.0 100.0 60.0 20.0 0 20.0 40.0 160.0 180.0 200.0 220.0 226.0 186.0 166.0 226.0 206.0 195.0 235.0 215.0 204.0 124.0 104.0 84.0 144.0 261.0 321.0 281.0 288.0 288.0 237.0 217.0 177.0 240.0 260.0 280.0 246.0 186.0 166.0 112.0 60.0 104.0 124.0 133.0 153.0 173.0 193.0 213.0 273.0 294.0 287.0 267.0 254.0 234.0 265.0 245.0 225.0 225.0 245.0 285.0 305.0 325.0 307.0 287.0 307.0 331.0 299.0 319.0 339.0 354.0 334.0 294.0 360.0 337.0 317.0 304.0 284.0 304.0 285.0 277.0 297.0 337.0 389.0 371.0 
357.0 360.0 340.0 320.0 280.0 260.0 220.0 200.0 160.0 120.0 80.0 40.0 20.0 0 20.0 140.0 160.0 180.0 200.0 206.0 166.0 146.0 206.0 186.0 175.0 215.0 195.0 184.0 104.0 84.0 64.0 124.0 241.0 301.0 261.0 268.0 268.0 217.0 197.0 157.0 220.0 240.0 260.0 226.0 166.0 146.0 92.0 40.0 84.0 104.0 113.0 133.0 153.0 173.0 193.0 253.0 274.0 267.0 247.0 234.0 214.0 245.0 225.0 205.0 205.0 225.0 265.0 285.0 305.0 287.0 267.0 287.0 311.0 279.0 299.0 319.0 334.0 314.0 274.0 340.0 317.0 297.0 284.0 264.0 284.0 265.0 257.0 277.0 317.0 377.0 351.0 
337.0 366.0 360.0 340.0 300.0 280.0 240.0 220.0 180.0 140.0 100.0 60.0 40.0 20.0 0 120.0 140.0 160.0 180.0 200.0 181.0 161.0 221.0 201.0 155.0 195.0 175.0 164.0 84.0 64.0 44.0 104.0 221.0 281.0 241.0 281.0 283.0 232.0 212.0 172.0 235.0 255.0 246.0 206.0 146.0 126.0 72.0 20.0 64.0 84.0 93.0 113.0 133.0 153.0 173.0 233.0 254.0 265.0 245.0 249.0 229.0 225.0 205.0 185.0 185.0 205.0 245.0 265.0 285.0 267.0 247.0 267.0 291.0 259.0 279.0 299.0 319.0 329.0 289.0 344.0 304.0 284.0 264.0 244.0 264.0 245.0 237.0 257.0 297.0 357.0 331.0 
457.0 485.0 465.0 460.0 420.0 400.0 360.0 340.0 300.0 260.0 220.0 180.0 160.0 140.0 120.0 0 20.0 40.0 60.0 80.0 120.0 140.0 200.0 180.0 228.0 268.0 248.0 248.0 204.0 184.0 164.0 224.0 254.0 314.0 274.0 314.0 354.0 312.0 292.0 252.0 315.0 335.0 326.0 286.0 226.0 206.0 152.0 100.0 184.0 204.0 213.0 233.0 253.0 273.0 293.0 353.0 309.0 362.0 342.0 329.0 309.0 345.0 325.0 305.0 305.0 325.0 365.0 385.0 405.0 387.0 367.0 387.0 397.0 345.0 365.0 385.0 405.0 409.0 369.0 430.0 390.0 370.0 350.0 330.0 350.0 340.0 357.0 377.0 417.0 457.0 417.0 
440.0 465.0 445.0 452.0 440.0 420.0 380.0 360.0 320.0 280.0 240.0 200.0 180.0 160.0 140.0 20.0 0 20.0 40.0 60.0 100.0 120.0 180.0 160.0 208.0 248.0 228.0 228.0 224.0 204.0 184.0 244.0 234.0 294.0 254.0 294.0 334.0 332.0 312.0 272.0 335.0 355.0 346.0 306.0 246.0 226.0 172.0 120.0 204.0 224.0 233.0 253.0 273.0 293.0 313.0 373.0 289.0 349.0 362.0 349.0 329.0 365.0 345.0 325.0 300.0 320.0 360.0 380.0 400.0 407.0 387.0 407.0 377.0 325.0 345.0 365.0 385.0 405.0 389.0 410.0 370.0 350.0 330.0 310.0 330.0 320.0 340.0 360.0 400.0 437.0 397.0 
420.0 445.0 425.0 432.0 432.0 440.0 400.0 380.0 340.0 300.0 260.0 220.0 200.0 180.0 160.0 40.0 20.0 0 20.0 40.0 80.0 100.0 160.0 140.0 188.0 228.0 208.0 208.0 244.0 224.0 204.0 239.0 214.0 274.0 234.0 274.0 314.0 325.0 329.0 289.0 352.0 372.0 366.0 326.0 266.0 246.0 192.0 140.0 224.0 244.0 253.0 273.0 293.0 313.0 333.0 365.0 269.0 329.0 349.0 359.0 346.0 360.0 340.0 320.0 280.0 300.0 340.0 360.0 380.0 400.0 382.0 402.0 357.0 305.0 325.0 345.0 365.0 385.0 393.0 390.0 350.0 330.0 310.0 290.0 310.0 300.0 320.0 340.0 380.0 417.0 377.0 
400.0 425.0 405.0 412.0 412.0 432.0 420.0 400.0 360.0 320.0 280.0 240.0 220.0 200.0 180.0 60.0 40.0 20.0 0 20.0 60.0 80.0 140.0 120.0 168.0 208.0 188.0 188.0 264.0 244.0 224.0 219.0 194.0 254.0 214.0 254.0 294.0 305.0 309.0 269.0 332.0 352.0 372.0 346.0 286.0 266.0 212.0 160.0 244.0 239.0 248.0 268.0 288.0 308.0 328.0 345.0 249.0 309.0 329.0 339.0 326.0 340.0 320.0 300.0 260.0 280.0 320.0 340.0 360.0 380.0 362.0 382.0 337.0 285.0 305.0 325.0 345.0 365.0 373.0 370.0 330.0 310.0 290.0 270.0 290.0 280.0 300.0 320.0 360.0 397.0 357.0 
380.0 405.0 385.0 392.0 392.0 412.0 426.0 406.0 366.0 326.0 286.0 246.0 226.0 206.0 200.0 80.0 60.0 40.0 20.0 0 40.0 60.0 120.0 100.0 148.0 188.0 168.0 168.0 248.0 264.0 244.0 199.0 174.0 234.0 194.0 234.0 274.0 285.0 289.0 249.0 312.0 332.0 352.0 363.0 303.0 283.0 229.0 180.0 239.0 219.0 228.0 248.0 268.0 288.0 308.0 325.0 229.0 289.0 309.0 319.0 306.0 320.0 300.0 280.0 240.0 260.0 300.0 320.0 340.0 360.0 342.0 362.0 317.0 265.0 285.0 305.0 325.0 345.0 353.0 350.0 310.0 290.0 270.0 250.0 270.0 260.0 280.0 300.0 340.0 377.0 337.0 
340.0 365.0 345.0 352.0 352.0 372.0 386.0 366.0 326.0 286.0 246.0 206.0 186.0 166.0 181.0 120.0 100.0 80.0 60.0 40.0 0 20.0 80.0 60.0 108.0 148.0 128.0 128.0 208.0 228.0 219.0 159.0 134.0 194.0 154.0 194.0 234.0 245.0 249.0 209.0 272.0 292.0 312.0 323.0 263.0 243.0 189.0 161.0 199.0 179.0 188.0 208.0 228.0 248.0 268.0 285.0 189.0 249.0 269.0 279.0 266.0 280.0 260.0 240.0 200.0 220.0 260.0 280.0 300.0 320.0 302.0 322.0 277.0 225.0 245.0 265.0 285.0 305.0 313.0 310.0 270.0 250.0 230.0 210.0 230.0 220.0 240.0 260.0 300.0 337.0 297.0 
320.0 345.0 325.0 332.0 332.0 352.0 366.0 346.0 306.0 266.0 226.0 186.0 166.0 146.0 161.0 140.0 120.0 100.0 80.0 60.0 20.0 0 60.0 40.0 88.0 128.0 108.0 108.0 188.0 208.0 199.0 139.0 114.0 174.0 134.0 174.0 214.0 225.0 229.0 189.0 252.0 272.0 292.0 303.0 243.0 223.0 169.0 141.0 179.0 159.0 168.0 188.0 208.0 228.0 248.0 265.0 169.0 229.0 249.0 259.0 246.0 260.0 240.0 220.0 180.0 200.0 240.0 260.0 280.0 300.0 282.0 302.0 257.0 205.0 225.0 245.0 265.0 285.0 293.0 290.0 250.0 230.0 210.0 190.0 210.0 200.0 220.0 240.0 280.0 317.0 277.0 
260.0 289.0 309.0 321.0 321.0 341.0 381.0 401.0 366.0 326.0 286.0 246.0 226.0 206.0 221.0 200.0 180.0 160.0 140.0 120.0 80.0 60.0 0 20.0 108.0 148.0 128.0 128.0 208.0 228.0 219.0 159.0 134.0 194.0 154.0 194.0 234.0 209.0 229.0 249.0 292.0 312.0 332.0 334.0 303.0 283.0 229.0 201.0 199.0 179.0 188.0 208.0 228.0 248.0 265.0 205.0 109.0 169.0 189.0 242.0 222.0 200.0 180.0 160.0 120.0 140.0 180.0 200.0 220.0 240.0 222.0 242.0 246.0 194.0 198.0 218.0 238.0 258.0 282.0 279.0 239.0 219.0 199.0 179.0 199.0 140.0 160.0 180.0 220.0 280.0 266.0 
280.0 309.0 325.0 332.0 332.0 352.0 392.0 386.0 346.0 306.0 266.0 226.0 206.0 186.0 201.0 180.0 160.0 140.0 120.0 100.0 60.0 40.0 20.0 0 88.0 128.0 108.0 108.0 188.0 208.0 199.0 139.0 114.0 174.0 134.0 174.0 214.0 225.0 245.0 229.0 292.0 312.0 332.0 343.0 283.0 263.0 209.0 181.0 179.0 159.0 168.0 188.0 208.0 228.0 248.0 225.0 129.0 189.0 209.0 259.0 242.0 220.0 200.0 180.0 140.0 160.0 200.0 220.0 240.0 260.0 242.0 262.0 257.0 205.0 218.0 238.0 258.0 278.0 293.0 290.0 250.0 230.0 210.0 190.0 210.0 160.0 180.0 200.0 240.0 300.0 277.0 
284.0 297.0 277.0 284.0 284.0 304.0 344.0 364.0 335.0 295.0 255.0 215.0 195.0 175.0 155.0 228.0 208.0 188.0 168.0 148.0 108.0 88.0 108.0 88.0 0 40.0 20.0 60.0 140.0 160.0 111.0 51.0 66.0 126.0 86.0 126.0 166.0 177.0 197.0 237.0 260.0 280.0 300.0 303.0 301.0 281.0 227.0 175.0 91.0 71.0 80.0 100.0 120.0 140.0 160.0 220.0 201.0 212.0 192.0 211.0 225.0 172.0 152.0 132.0 132.0 152.0 192.0 212.0 232.0 214.0 194.0 214.0 209.0 157.0 177.0 197.0 217.0 237.0 245.0 242.0 202.0 182.0 162.0 142.0 162.0 192.0 184.0 204.0 244.0 269.0 229.0 
324.0 337.0 317.0 324.0 324.0 344.0 384.0 404.0 375.0 335.0 295.0 255.0 235.0 215.0 195.0 268.0 248.0 228.0 208.0 188.0 148.0 128.0 148.0 128.0 40.0 0 20.0 100.0 180.0 200.0 151.0 91.0 106.0 160.0 126.0 166.0 206.0 217.0 237.0 277.0 300.0 320.0 340.0 343.0 341.0 321.0 267.0 215.0 131.0 111.0 120.0 140.0 160.0 180.0 200.0 260.0 241.0 252.0 232.0 251.0 265.0 212.0 192.0 172.0 172.0 192.0 232.0 252.0 272.0 254.0 234.0 254.0 249.0 197.0 217.0 237.0 257.0 277.0 285.0 282.0 242.0 222.0 202.0 182.0 202.0 232.0 224.0 244.0 284.0 309.0 269.0 
304.0 317.0 297.0 304.0 304.0 324.0 364.0 384.0 355.0 315.0 275.0 235.0 215.0 195.0 175.0 248.0 228.0 208.0 188.0 168.0 128.0 108.0 128.0 108.0 20.0 20.0 0 80.0 160.0 180.0 131.0 71.0 86.0 146.0 106.0 146.0 186.0 197.0 217.0 257.0 280.0 300.0 320.0 323.0 321.0 301.0 247.0 195.0 111.0 91.0 100.0 120.0 140.0 160.0 180.0 240.0 221.0 232.0 212.0 231.0 245.0 192.0 172.0 152.0 152.0 172.0 212.0 232.0 252.0 234.0 214.0 234.0 229.0 177.0 197.0 217.0 237.0 257.0 265.0 262.0 222.0 202.0 182.0 162.0 182.0 212.0 204.0 224.0 264.0 289.0 249.0 
309.0 317.0 297.0 304.0 304.0 324.0 364.0 384.0 344.0 304.0 264.0 224.0 204.0 184.0 164.0 248.0 228.0 208.0 188.0 168.0 128.0 108.0 128.0 108.0 60.0 100.0 80.0 0 80.0 100.0 160.0 111.0 86.0 146.0 106.0 146.0 186.0 197.0 217.0 257.0 280.0 300.0 320.0 323.0 310.0 290.0 236.0 184.0 151.0 131.0 140.0 160.0 180.0 200.0 220.0 280.0 237.0 272.0 252.0 231.0 251.0 232.0 212.0 192.0 171.0 191.0 231.0 251.0 271.0 274.0 254.0 274.0 229.0 177.0 197.0 217.0 237.0 257.0 265.0 262.0 222.0 202.0 182.0 162.0 182.0 231.0 244.0 264.0 304.0 289.0 249.0 
373.0 397.0 377.0 384.0 384.0 364.0 324.0 304.0 264.0 224.0 184.0 144.0 124.0 104.0 84.0 204.0 224.0 244.0 264.0 248.0 208.0 188.0 208.0 188.0 140.0 180.0 160.0 80.0 0 20.0 80.0 140.0 166.0 226.0 186.0 226.0 266.0 277.0 296.0 256.0 319.0 339.0 330.0 290.0 230.0 210.0 156.0 104.0 100.0 120.0 129.0 149.0 169.0 189.0 209.0 269.0 290.0 301.0 281.0 311.0 313.0 261.0 241.0 221.0 221.0 241.0 281.0 301.0 321.0 303.0 283.0 303.0 309.0 257.0 277.0 297.0 317.0 337.0 345.0 342.0 302.0 282.0 262.0 242.0 262.0 281.0 273.0 293.0 333.0 369.0 329.0 
353.0 382.0 395.0 402.0 364.0 344.0 304.0 284.0 244.0 204.0 164.0 124.0 104.0 84.0 64.0 184.0 204.0 224.0 244.0 264.0 228.0 208.0 228.0 208.0 160.0 200.0 180.0 100.0 20.0 0 60.0 120.0 186.0 246.0 206.0 246.0 286.0 296.0 276.0 236.0 299.0 319.0 310.0 270.0 210.0 190.0 136.0 84.0 80.0 100.0 109.0 129.0 149.0 169.0 189.0 249.0 270.0 281.0 261.0 313.0 293.0 241.0 221.0 201.0 201.0 221.0 261.0 281.0 301.0 283.0 263.0 283.0 307.0 275.0 295.0 315.0 335.0 355.0 352.0 360.0 320.0 300.0 280.0 260.0 280.0 261.0 253.0 273.0 313.0 373.0 347.0 
293.0 322.0 335.0 342.0 342.0 324.0 284.0 264.0 224.0 184.0 144.0 104.0 84.0 64.0 44.0 164.0 184.0 204.0 224.0 244.0 219.0 199.0 219.0 199.0 111.0 151.0 131.0 160.0 80.0 60.0 0 60.0 177.0 237.0 197.0 237.0 277.0 276.0 256.0 216.0 279.0 299.0 290.0 250.0 190.0 170.0 116.0 64.0 20.0 40.0 49.0 69.0 89.0 109.0 129.0 189.0 210.0 221.0 201.0 254.0 234.0 181.0 161.0 141.0 141.0 161.0 201.0 221.0 241.0 223.0 203.0 223.0 247.0 215.0 235.0 255.0 275.0 295.0 292.0 300.0 260.0 240.0 220.0 200.0 220.0 201.0 193.0 213.0 253.0 313.0 287.0 
233.0 262.0 275.0 282.0 282.0 302.0 342.0 324.0 284.0 244.0 204.0 164.0 144.0 124.0 104.0 224.0 244.0 239.0 219.0 199.0 159.0 139.0 159.0 139.0 51.0 91.0 71.0 111.0 140.0 120.0 60.0 0 117.0 177.0 137.0 177.0 217.0 228.0 248.0 271.0 311.0 331.0 326.0 286.0 250.0 230.0 176.0 124.0 40.0 20.0 29.0 49.0 69.0 89.0 109.0 169.0 150.0 161.0 141.0 194.0 174.0 121.0 101.0 81.0 81.0 101.0 141.0 161.0 181.0 163.0 143.0 163.0 207.0 155.0 175.0 195.0 215.0 235.0 234.0 240.0 200.0 180.0 160.0 140.0 160.0 141.0 133.0 153.0 193.0 253.0 227.0 
263.0 271.0 251.0 258.0 258.0 278.0 318.0 338.0 378.0 361.0 321.0 281.0 261.0 241.0 221.0 254.0 234.0 214.0 194.0 174.0 134.0 114.0 134.0 114.0 66.0 106.0 86.0 86.0 166.0 186.0 177.0 117.0 0 60.0 60.0 100.0 140.0 151.0 171.0 211.0 234.0 254.0 274.0 277.0 337.0 337.0 283.0 241.0 157.0 137.0 146.0 166.0 186.0 206.0 226.0 265.0 194.0 245.0 225.0 185.0 205.0 205.0 185.0 165.0 125.0 145.0 185.0 205.0 225.0 245.0 227.0 243.0 183.0 131.0 151.0 171.0 191.0 211.0 219.0 216.0 176.0 156.0 136.0 116.0 136.0 185.0 205.0 225.0 265.0 243.0 203.0 
323.0 331.0 311.0 318.0 318.0 338.0 378.0 398.0 438.0 421.0 381.0 341.0 321.0 301.0 281.0 314.0 294.0 274.0 254.0 234.0 194.0 174.0 194.0 174.0 126.0 160.0 146.0 146.0 226.0 246.0 237.0 177.0 60.0 0 120.0 160.0 200.0 211.0 231.0 271.0 294.0 314.0 334.0 337.0 397.0 397.0 343.0 301.0 217.0 197.0 206.0 226.0 246.0 266.0 286.0 325.0 254.0 305.0 285.0 245.0 265.0 265.0 245.0 225.0 185.0 205.0 245.0 265.0 285.0 305.0 287.0 303.0 243.0 191.0 211.0 231.0 251.0 271.0 279.0 276.0 236.0 216.0 196.0 176.0 196.0 245.0 265.0 285.0 325.0 303.0 263.0 
243.0 251.0 231.0 238.0 238.0 258.0 298.0 318.0 358.0 381.0 341.0 301.0 281.0 261.0 241.0 274.0 254.0 234.0 214.0 194.0 154.0 134.0 154.0 134.0 86.0 126.0 106.0 106.0 186.0 206.0 197.0 137.0 60.0 120.0 0 40.0 80.0 91.0 111.0 151.0 174.0 194.0 214.0 254.0 314.0 334.0 303.0 261.0 177.0 157.0 166.0 186.0 206.0 226.0 246.0 207.0 174.0 225.0 205.0 165.0 185.0 185.0 165.0 145.0 105.0 125.0 165.0 185.0 205.0 225.0 207.0 223.0 163.0 111.0 131.0 151.0 171.0 191.0 199.0 196.0 156.0 136.0 116.0 96.0 116.0 165.0 185.0 205.0 245.0 223.0 183.0 
283.0 291.0 271.0 278.0 278.0 298.0 338.0 358.0 398.0 388.0 348.0 308.0 288.0 268.0 281.0 314.0 294.0 274.0 254.0 234.0 194.0 174.0 194.0 174.0 126.0 166.0 146.0 146.0 226.0 246.0 237.0 177.0 100.0 160.0 40.0 0 40.0 51.0 71.0 111.0 134.0 154.0 174.0 214.0 274.0 294.0 291.0 263.0 217.0 197.0 206.0 226.0 246.0 247.0 227.0 167.0 151.0 211.0 231.0 193.0 208.0 225.0 205.0 185.0 145.0 165.0 205.0 225.0 245.0 265.0 247.0 263.0 203.0 151.0 171.0 191.0 211.0 231.0 239.0 236.0 196.0 176.0 156.0 136.0 156.0 205.0 225.0 245.0 285.0 263.0 223.0 
323.0 315.0 295.0 315.0 318.0 338.0 378.0 398.0 428.0 388.0 348.0 308.0 288.0 268.0 283.0 354.0 334.0 314.0 294.0 274.0 234.0 214.0 234.0 214.0 166.0 206.0 186.0 186.0 266.0 286.0 277.0 217.0 140.0 200.0 80.0 40.0 0 51.0 71.0 111.0 134.0 154.0 174.0 214.0 274.0 294.0 291.0 263.0 257.0 237.0 246.0 266.0 267.0 247.0 227.0 167.0 151.0 211.0 231.0 193.0 208.0 251.0 245.0 225.0 185.0 205.0 245.0 265.0 285.0 305.0 287.0 303.0 243.0 191.0 211.0 216.0 236.0 256.0 263.0 254.0 220.0 200.0 180.0 160.0 140.0 240.0 260.0 280.0 320.0 303.0 263.0 
309.0 300.0 318.0 329.0 329.0 349.0 389.0 409.0 377.0 337.0 297.0 257.0 237.0 217.0 232.0 312.0 332.0 325.0 305.0 285.0 245.0 225.0 209.0 225.0 177.0 217.0 197.0 197.0 277.0 296.0 276.0 228.0 151.0 211.0 91.0 51.0 51.0 0 20.0 60.0 83.0 103.0 123.0 163.0 223.0 243.0 240.0 212.0 268.0 248.0 256.0 236.0 216.0 196.0 176.0 116.0 100.0 160.0 180.0 142.0 157.0 200.0 220.0 209.0 169.0 189.0 229.0 249.0 269.0 289.0 271.0 274.0 254.0 202.0 222.0 242.0 262.0 257.0 217.0 203.0 243.0 227.0 207.0 187.0 191.0 189.0 209.0 229.0 269.0 314.0 274.0 
309.0 280.0 298.0 318.0 349.0 369.0 409.0 397.0 357.0 317.0 277.0 237.0 217.0 197.0 212.0 292.0 312.0 329.0 309.0 289.0 249.0 229.0 229.0 245.0 197.0 237.0 217.0 217.0 296.0 276.0 256.0 248.0 171.0 231.0 111.0 71.0 71.0 20.0 0 40.0 63.0 83.0 103.0 143.0 203.0 223.0 220.0 192.0 276.0 268.0 276.0 256.0 236.0 216.0 196.0 136.0 120.0 180.0 170.0 122.0 137.0 190.0 210.0 229.0 189.0 209.0 249.0 269.0 289.0 309.0 291.0 294.0 274.0 222.0 242.0 262.0 257.0 237.0 197.0 183.0 223.0 220.0 227.0 207.0 211.0 209.0 229.0 249.0 289.0 329.0 294.0 
309.0 280.0 275.0 295.0 335.0 355.0 377.0 357.0 317.0 277.0 237.0 197.0 177.0 157.0 172.0 252.0 272.0 289.0 269.0 249.0 209.0 189.0 249.0 229.0 237.0 277.0 257.0 257.0 256.0 236.0 216.0 271.0 211.0 271.0 151.0 111.0 111.0 60.0 40.0 0 63.0 83.0 103.0 143.0 203.0 223.0 180.0 152.0 236.0 256.0 265.0 282.0 262.0 242.0 222.0 162.0 160.0 150.0 130.0 117.0 97.0 150.0 170.0 190.0 229.0 249.0 289.0 309.0 292.0 272.0 252.0 262.0 242.0 256.0 257.0 237.0 217.0 197.0 157.0 183.0 200.0 180.0 200.0 220.0 240.0 249.0 269.0 289.0 329.0 329.0 328.0 
286.0 257.0 275.0 295.0 335.0 355.0 395.0 415.0 380.0 340.0 300.0 260.0 240.0 220.0 235.0 315.0 335.0 352.0 332.0 312.0 272.0 252.0 292.0 292.0 260.0 300.0 280.0 280.0 319.0 299.0 279.0 311.0 234.0 294.0 174.0 134.0 134.0 83.0 63.0 63.0 0 20.0 40.0 80.0 140.0 160.0 214.0 215.0 299.0 319.0 325.0 305.0 285.0 265.0 245.0 185.0 183.0 213.0 193.0 145.0 160.0 213.0 233.0 253.0 231.0 251.0 291.0 311.0 331.0 335.0 315.0 325.0 289.0 237.0 257.0 277.0 280.0 260.0 220.0 160.0 200.0 220.0 240.0 222.0 242.0 272.0 292.0 312.0 326.0 306.0 309.0 
306.0 277.0 295.0 315.0 355.0 375.0 415.0 435.0 400.0 360.0 320.0 280.0 260.0 240.0 255.0 335.0 355.0 372.0 352.0 332.0 292.0 272.0 312.0 312.0 280.0 320.0 300.0 300.0 339.0 319.0 299.0 331.0 254.0 314.0 194.0 154.0 154.0 103.0 83.0 83.0 20.0 0 20.0 60.0 120.0 140.0 194.0 235.0 319.0 339.0 345.0 325.0 305.0 285.0 265.0 205.0 203.0 225.0 205.0 152.0 172.0 225.0 245.0 265.0 251.0 271.0 311.0 331.0 351.0 347.0 327.0 337.0 309.0 257.0 277.0 297.0 292.0 272.0 232.0 180.0 220.0 240.0 260.0 242.0 262.0 292.0 312.0 332.0 346.0 326.0 329.0 
326.0 297.0 315.0 335.0 375.0 395.0 435.0 455.0 420.0 380.0 340.0 300.0 280.0 260.0 246.0 326.0 346.0 366.0 372.0 352.0 312.0 292.0 332.0 332.0 300.0 340.0 320.0 320.0 330.0 310.0 290.0 326.0 274.0 334.0 214.0 174.0 174.0 123.0 103.0 103.0 40.0 20.0 0 40.0 100.0 120.0 174.0 226.0 310.0 330.0 339.0 345.0 325.0 305.0 285.0 225.0 223.0 205.0 185.0 132.0 152.0 205.0 225.0 245.0 271.0 291.0 331.0 351.0 347.0 327.0 307.0 317.0 297.0 277.0 297.0 292.0 272.0 252.0 212.0 200.0 240.0 235.0 255.0 262.0 282.0 312.0 332.0 352.0 366.0 346.0 349.0 
339.0 310.0 290.0 310.0 350.0 370.0 410.0 426.0 386.0 346.0 306.0 266.0 246.0 226.0 206.0 286.0 306.0 326.0 346.0 363.0 323.0 303.0 334.0 343.0 303.0 343.0 323.0 323.0 290.0 270.0 250.0 286.0 277.0 337.0 254.0 214.0 214.0 163.0 143.0 143.0 80.0 60.0 40.0 0 60.0 80.0 134.0 186.0 270.0 290.0 299.0 319.0 312.0 292.0 272.0 212.0 225.0 165.0 145.0 92.0 112.0 165.0 185.0 205.0 245.0 265.0 305.0 325.0 307.0 287.0 267.0 277.0 257.0 266.0 272.0 252.0 232.0 212.0 172.0 240.0 215.0 195.0 215.0 235.0 255.0 305.0 297.0 317.0 357.0 359.0 338.0 
399.0 370.0 350.0 370.0 410.0 426.0 386.0 366.0 326.0 286.0 246.0 206.0 186.0 166.0 146.0 226.0 246.0 266.0 286.0 303.0 263.0 243.0 303.0 283.0 301.0 341.0 321.0 310.0 230.0 210.0 190.0 250.0 337.0 397.0 314.0 274.0 274.0 223.0 203.0 203.0 140.0 120.0 100.0 60.0 0 20.0 74.0 126.0 210.0 230.0 239.0 259.0 279.0 299.0 319.0 272.0 285.0 225.0 205.0 152.0 172.0 225.0 245.0 265.0 305.0 325.0 365.0 385.0 367.0 347.0 327.0 337.0 317.0 326.0 332.0 312.0 292.0 272.0 232.0 300.0 275.0 255.0 275.0 295.0 315.0 365.0 357.0 377.0 417.0 419.0 398.0 
419.0 390.0 370.0 390.0 426.0 406.0 366.0 346.0 306.0 266.0 226.0 186.0 166.0 146.0 126.0 206.0 226.0 246.0 266.0 283.0 243.0 223.0 283.0 263.0 281.0 321.0 301.0 290.0 210.0 190.0 170.0 230.0 337.0 397.0 334.0 294.0 294.0 243.0 223.0 223.0 160.0 140.0 120.0 80.0 20.0 0 54.0 106.0 190.0 210.0 219.0 239.0 259.0 279.0 299.0 292.0 305.0 245.0 225.0 172.0 192.0 245.0 265.0 285.0 311.0 331.0 371.0 391.0 387.0 367.0 347.0 357.0 337.0 346.0 352.0 332.0 312.0 292.0 252.0 320.0 295.0 275.0 295.0 315.0 335.0 371.0 363.0 383.0 423.0 439.0 418.0 
409.0 435.0 415.0 412.0 372.0 352.0 312.0 292.0 252.0 212.0 172.0 132.0 112.0 92.0 72.0 152.0 172.0 192.0 212.0 229.0 189.0 169.0 229.0 209.0 227.0 267.0 247.0 236.0 156.0 136.0 116.0 176.0 283.0 343.0 303.0 291.0 291.0 240.0 220.0 180.0 214.0 194.0 174.0 134.0 74.0 54.0 0 52.0 136.0 156.0 165.0 185.0 205.0 225.0 245.0 305.0 326.0 290.0 270.0 226.0 237.0 290.0 277.0 257.0 257.0 277.0 317.0 337.0 357.0 339.0 319.0 339.0 363.0 331.0 351.0 371.0 357.0 337.0 297.0 363.0 340.0 320.0 336.0 316.0 336.0 317.0 309.0 329.0 369.0 429.0 403.0 
357.0 386.0 380.0 360.0 320.0 300.0 260.0 240.0 200.0 160.0 120.0 80.0 60.0 40.0 20.0 100.0 120.0 140.0 160.0 180.0 161.0 141.0 201.0 181.0 175.0 215.0 195.0 184.0 104.0 84.0 64.0 124.0 241.0 301.0 261.0 263.0 263.0 212.0 192.0 152.0 215.0 235.0 226.0 186.0 126.0 106.0 52.0 0 84.0 104.0 113.0 133.0 153.0 173.0 193.0 253.0 274.0 262.0 242.0 229.0 209.0 245.0 225.0 205.0 205.0 225.0 265.0 285.0 305.0 287.0 267.0 287.0 311.0 279.0 299.0 319.0 329.0 309.0 269.0 335.0 312.0 292.0 284.0 264.0 284.0 265.0 257.0 277.0 317.0 377.0 351.0 
273.0 302.0 315.0 322.0 322.0 342.0 304.0 284.0 244.0 204.0 164.0 124.0 104.0 84.0 64.0 184.0 204.0 224.0 244.0 239.0 199.0 179.0 199.0 179.0 91.0 131.0 111.0 151.0 100.0 80.0 20.0 40.0 157.0 217.0 177.0 217.0 257.0 268.0 276.0 236.0 299.0 319.0 310.0 270.0 210.0 190.0 136.0 84.0 0 20.0 29.0 49.0 69.0 89.0 109.0 169.0 190.0 201.0 181.0 234.0 214.0 161.0 141.0 121.0 121.0 141.0 181.0 201.0 221.0 203.0 183.0 203.0 227.0 195.0 215.0 235.0 255.0 275.0 272.0 280.0 240.0 220.0 200.0 180.0 200.0 181.0 173.0 193.0 233.0 293.0 267.0 
253.0 282.0 295.0 302.0 302.0 322.0 324.0 304.0 264.0 224.0 184.0 144.0 124.0 104.0 84.0 204.0 224.0 244.0 239.0 219.0 179.0 159.0 179.0 159.0 71.0 111.0 91.0 131.0 120.0 100.0 40.0 20.0 137.0 197.0 157.0 197.0 237.0 248.0 268.0 256.0 319.0 339.0 330.0 290.0 230.0 210.0 156.0 104.0 20.0 0 9.0 29.0 49.0 69.0 89.0 149.0 170.0 181.0 161.0 214.0 194.0 141.0 121.0 101.0 101.0 121.0 161.0 181.0 201.0 183.0 163.0 183.0 207.0 175.0 195.0 215.0 235.0 255.0 252.0 260.0 220.0 200.0 180.0 160.0 180.0 161.0 153.0 173.0 213.0 273.0 247.0 
262.0 291.0 304.0 311.0 311.0 331.0 333.0 313.0 273.0 233.0 193.0 153.0 133.0 113.0 93.0 213.0 233.0 253.0 248.0 228.0 188.0 168.0 188.0 168.0 80.0 120.0 100.0 140.0 129.0 109.0 49.0 29.0 146.0 206.0 166.0 206.0 246.0 256.0 276.0 265.0 325.0 345.0 339.0 299.0 239.0 219.0 165.0 113.0 29.0 9.0 0 20.0 40.0 60.0 80.0 140.0 179.0 190.0 170.0 223.0 203.0 150.0 130.0 110.0 110.0 130.0 170.0 190.0 210.0 192.0 172.0 192.0 198.0 184.0 204.0 224.0 244.0 264.0 243.0 269.0 229.0 209.0 189.0 169.0 189.0 170.0 162.0 182.0 222.0 282.0 256.0 
282.0 311.0 324.0 331.0 331.0 351.0 353.0 333.0 293.0 253.0 213.0 173.0 153.0 133.0 113.0 233.0 253.0 273.0 268.0 248.0 208.0 188.0 208.0 188.0 100.0 140.0 120.0 160.0 149.0 129.0 69.0 49.0 166.0 226.0 186.0 226.0 266.0 236.0 256.0 282.0 305.0 325.0 345.0 319.0 259.0 239.0 185.0 133.0 49.0 29.0 20.0 0 20.0 40.0 60.0 120.0 199.0 210.0 190.0 240.0 223.0 170.0 150.0 130.0 130.0 150.0 190.0 210.0 230.0 212.0 192.0 198.0 178.0 204.0 224.0 244.0 264.0 263.0 223.0 289.0 249.0 229.0 209.0 189.0 209.0 190.0 182.0 202.0 242.0 302.0 276.0 
302.0 331.0 333.0 313.0 313.0 333.0 373.0 353.0 313.0 273.0 233.0 193.0 173.0 153.0 133.0 253.0 273.0 293.0 288.0 268.0 228.0 208.0 228.0 208.0 120.0 160.0 140.0 180.0 169.0 149.0 89.0 69.0 186.0 246.0 206.0 246.0 267.0 216.0 236.0 262.0 285.0 305.0 325.0 312.0 279.0 259.0 205.0 153.0 69.0 49.0 40.0 20.0 0 20.0 40.0 100.0 196.0 230.0 210.0 220.0 240.0 190.0 170.0 150.0 150.0 170.0 210.0 230.0 238.0 218.0 198.0 178.0 158.0 210.0 230.0 250.0 263.0 243.0 203.0 309.0 269.0 249.0 229.0 209.0 229.0 210.0 202.0 222.0 262.0 298.0 258.0 
298.0 327.0 313.0 293.0 293.0 313.0 353.0 373.0 333.0 293.0 253.0 213.0 193.0 173.0 153.0 273.0 293.0 313.0 308.0 288.0 248.0 228.0 248.0 228.0 140.0 180.0 160.0 200.0 189.0 169.0 109.0 89.0 206.0 266.0 226.0 247.0 247.0 196.0 216.0 242.0 265.0 285.0 305.0 292.0 299.0 279.0 225.0 173.0 89.0 69.0 60.0 40.0 20.0 0 20.0 80.0 176.0 236.0 230.0 200.0 220.0 210.0 190.0 170.0 170.0 190.0 230.0 238.0 218.0 198.0 178.0 158.0 138.0 190.0 210.0 230.0 243.0 223.0 183.0 306.0 266.0 246.0 249.0 229.0 249.0 230.0 222.0 242.0 282.0 278.0 238.0 
278.0 307.0 293.0 273.0 273.0 293.0 333.0 353.0 353.0 313.0 273.0 233.0 213.0 193.0 173.0 293.0 313.0 333.0 328.0 308.0 268.0 248.0 265.0 248.0 160.0 200.0 180.0 220.0 209.0 189.0 129.0 109.0 226.0 286.0 246.0 227.0 227.0 176.0 196.0 222.0 245.0 265.0 285.0 272.0 319.0 299.0 245.0 193.0 109.0 89.0 80.0 60.0 40.0 20.0 0 60.0 156.0 216.0 233.0 180.0 200.0 230.0 210.0 190.0 190.0 210.0 238.0 218.0 198.0 178.0 158.0 138.0 118.0 170.0 190.0 210.0 223.0 203.0 163.0 286.0 246.0 226.0 246.0 235.0 255.0 245.0 242.0 262.0 302.0 258.0 218.0 
298.0 314.0 313.0 293.0 293.0 313.0 353.0 373.0 413.0 373.0 333.0 293.0 273.0 253.0 233.0 353.0 373.0 365.0 345.0 325.0 285.0 265.0 205.0 225.0 220.0 260.0 240.0 280.0 269.0 249.0 189.0 169.0 265.0 325.0 207.0 167.0 167.0 116.0 136.0 162.0 185.0 205.0 225.0 212.0 272.0 292.0 305.0 253.0 169.0 149.0 140.0 120.0 100.0 80.0 60.0 0 96.0 156.0 173.0 120.0 140.0 193.0 213.0 205.0 165.0 185.0 225.0 238.0 218.0 198.0 178.0 158.0 138.0 190.0 210.0 230.0 243.0 223.0 183.0 283.0 243.0 223.0 243.0 224.0 244.0 185.0 205.0 225.0 265.0 278.0 238.0 
209.0 238.0 258.0 270.0 270.0 290.0 330.0 350.0 390.0 394.0 354.0 314.0 294.0 274.0 254.0 309.0 289.0 269.0 249.0 229.0 189.0 169.0 109.0 129.0 201.0 241.0 221.0 237.0 290.0 270.0 210.0 150.0 194.0 254.0 174.0 151.0 151.0 100.0 120.0 160.0 183.0 203.0 223.0 225.0 285.0 305.0 326.0 274.0 190.0 170.0 179.0 199.0 196.0 176.0 156.0 96.0 0 60.0 80.0 133.0 113.0 100.0 120.0 109.0 69.0 89.0 129.0 149.0 169.0 189.0 171.0 191.0 195.0 143.0 147.0 167.0 187.0 207.0 173.0 228.0 188.0 168.0 148.0 128.0 148.0 89.0 109.0 129.0 169.0 229.0 215.0 
269.0 251.0 231.0 251.0 291.0 311.0 351.0 371.0 411.0 387.0 347.0 307.0 287.0 267.0 265.0 362.0 349.0 329.0 309.0 289.0 249.0 229.0 169.0 189.0 212.0 252.0 232.0 272.0 301.0 281.0 221.0 161.0 245.0 305.0 225.0 211.0 211.0 160.0 180.0 150.0 213.0 225.0 205.0 165.0 225.0 245.0 290.0 262.0 201.0 181.0 190.0 210.0 230.0 236.0 216.0 156.0 60.0 0 20.0 73.0 53.0 40.0 60.0 80.0 120.0 140.0 180.0 200.0 182.0 162.0 142.0 162.0 198.0 194.0 207.0 193.0 173.0 153.0 113.0 196.0 156.0 136.0 156.0 176.0 196.0 149.0 169.0 189.0 229.0 289.0 266.0 
252.0 231.0 211.0 231.0 271.0 291.0 331.0 351.0 391.0 367.0 327.0 287.0 267.0 247.0 245.0 342.0 362.0 349.0 329.0 309.0 269.0 249.0 189.0 209.0 192.0 232.0 212.0 252.0 281.0 261.0 201.0 141.0 225.0 285.0 205.0 231.0 231.0 180.0 170.0 130.0 193.0 205.0 185.0 145.0 205.0 225.0 270.0 242.0 181.0 161.0 170.0 190.0 210.0 230.0 233.0 173.0 80.0 20.0 0 53.0 33.0 20.0 40.0 60.0 100.0 120.0 160.0 180.0 162.0 142.0 122.0 142.0 178.0 174.0 193.0 173.0 153.0 133.0 93.0 176.0 136.0 116.0 136.0 156.0 176.0 160.0 152.0 172.0 212.0 272.0 246.0 
247.0 218.0 198.0 218.0 258.0 278.0 318.0 338.0 378.0 354.0 314.0 274.0 254.0 234.0 249.0 329.0 349.0 359.0 339.0 319.0 279.0 259.0 242.0 259.0 211.0 251.0 231.0 231.0 311.0 313.0 254.0 194.0 185.0 245.0 165.0 193.0 193.0 142.0 122.0 117.0 145.0 152.0 132.0 92.0 152.0 172.0 226.0 229.0 234.0 214.0 223.0 240.0 220.0 200.0 180.0 120.0 133.0 73.0 53.0 0 20.0 73.0 93.0 113.0 153.0 173.0 213.0 233.0 215.0 195.0 175.0 185.0 165.0 174.0 180.0 160.0 140.0 120.0 80.0 163.0 123.0 103.0 123.0 143.0 163.0 213.0 205.0 225.0 265.0 267.0 246.0 
227.0 198.0 178.0 198.0 238.0 258.0 298.0 318.0 358.0 334.0 294.0 254.0 234.0 214.0 229.0 309.0 329.0 346.0 326.0 306.0 266.0 246.0 222.0 242.0 225.0 265.0 245.0 251.0 313.0 293.0 234.0 174.0 205.0 265.0 185.0 208.0 208.0 157.0 137.0 97.0 160.0 172.0 152.0 112.0 172.0 192.0 237.0 209.0 214.0 194.0 203.0 223.0 240.0 220.0 200.0 140.0 113.0 53.0 33.0 20.0 0 53.0 73.0 93.0 133.0 153.0 193.0 213.0 195.0 175.0 155.0 165.0 145.0 180.0 160.0 140.0 120.0 100.0 60.0 143.0 103.0 83.0 103.0 123.0 143.0 193.0 185.0 205.0 245.0 247.0 245.0 
232.0 251.0 231.0 251.0 281.0 301.0 341.0 361.0 401.0 365.0 325.0 285.0 265.0 245.0 225.0 345.0 365.0 360.0 340.0 320.0 280.0 260.0 200.0 220.0 172.0 212.0 192.0 232.0 261.0 241.0 181.0 121.0 205.0 265.0 185.0 225.0 251.0 200.0 190.0 150.0 213.0 225.0 205.0 165.0 225.0 245.0 290.0 245.0 161.0 141.0 150.0 170.0 190.0 210.0 230.0 193.0 100.0 40.0 20.0 73.0 53.0 0 20.0 40.0 80.0 100.0 140.0 160.0 142.0 122.0 102.0 122.0 182.0 154.0 174.0 193.0 173.0 153.0 113.0 196.0 156.0 136.0 156.0 139.0 159.0 140.0 132.0 152.0 192.0 252.0 226.0 
212.0 241.0 251.0 261.0 261.0 281.0 321.0 341.0 381.0 345.0 305.0 265.0 245.0 225.0 205.0 325.0 345.0 340.0 320.0 300.0 260.0 240.0 180.0 200.0 152.0 192.0 172.0 212.0 241.0 221.0 161.0 101.0 185.0 245.0 165.0 205.0 245.0 220.0 210.0 170.0 233.0 245.0 225.0 185.0 245.0 265.0 277.0 225.0 141.0 121.0 130.0 150.0 170.0 190.0 210.0 213.0 120.0 60.0 40.0 93.0 73.0 20.0 0 20.0 60.0 80.0 120.0 140.0 122.0 102.0 82.0 102.0 162.0 134.0 154.0 174.0 193.0 173.0 133.0 216.0 176.0 156.0 139.0 119.0 139.0 120.0 112.0 132.0 172.0 232.0 206.0 
192.0 221.0 234.0 241.0 241.0 261.0 301.0 321.0 361.0 325.0 285.0 245.0 225.0 205.0 185.0 305.0 325.0 320.0 300.0 280.0 240.0 220.0 160.0 180.0 132.0 172.0 152.0 192.0 221.0 201.0 141.0 81.0 165.0 225.0 145.0 185.0 225.0 209.0 229.0 190.0 253.0 265.0 245.0 205.0 265.0 285.0 257.0 205.0 121.0 101.0 110.0 130.0 150.0 170.0 190.0 205.0 109.0 80.0 60.0 113.0 93.0 40.0 20.0 0 40.0 60.0 100.0 120.0 102.0 82.0 62.0 82.0 142.0 114.0 134.0 154.0 174.0 193.0 153.0 199.0 159.0 139.0 119.0 99.0 119.0 100.0 92.0 112.0 152.0 212.0 186.0 
180.0 209.0 194.0 201.0 201.0 221.0 261.0 281.0 321.0 325.0 285.0 245.0 225.0 205.0 185.0 305.0 300.0 280.0 260.0 240.0 200.0 180.0 120.0 140.0 132.0 172.0 152.0 171.0 221.0 201.0 141.0 81.0 125.0 185.0 105.0 145.0 185.0 169.0 189.0 229.0 231.0 251.0 271.0 245.0 305.0 311.0 257.0 205.0 121.0 101.0 110.0 130.0 150.0 170.0 190.0 165.0 69.0 120.0 100.0 153.0 133.0 80.0 60.0 40.0 0 20.0 60.0 80.0 100.0 120.0 102.0 122.0 126.0 74.0 94.0 114.0 134.0 154.0 162.0 159.0 119.0 99.0 79.0 59.0 79.0 60.0 80.0 100.0 140.0 186.0 146.0 
200.0 229.0 214.0 221.0 221.0 241.0 281.0 301.0 341.0 345.0 305.0 265.0 245.0 225.0 205.0 325.0 320.0 300.0 280.0 260.0 220.0 200.0 140.0 160.0 152.0 192.0 172.0 191.0 241.0 221.0 161.0 101.0 145.0 205.0 125.0 165.0 205.0 189.0 209.0 249.0 251.0 271.0 291.0 265.0 325.0 331.0 277.0 225.0 141.0 121.0 130.0 150.0 170.0 190.0 210.0 185.0 89.0 140.0 120.0 173.0 153.0 100.0 80.0 60.0 20.0 0 40.0 60.0 80.0 100.0 120.0 140.0 146.0 94.0 114.0 134.0 154.0 174.0 182.0 179.0 139.0 119.0 99.0 79.0 99.0 80.0 100.0 120.0 160.0 206.0 166.0 
240.0 269.0 254.0 261.0 261.0 281.0 321.0 341.0 381.0 385.0 345.0 305.0 285.0 265.0 245.0 365.0 360.0 340.0 320.0 300.0 260.0 240.0 180.0 200.0 192.0 232.0 212.0 231.0 281.0 261.0 201.0 141.0 185.0 245.0 165.0 205.0 245.0 229.0 249.0 289.0 291.0 311.0 331.0 305.0 365.0 371.0 317.0 265.0 181.0 161.0 170.0 190.0 210.0 230.0 238.0 225.0 129.0 180.0 160.0 213.0 193.0 140.0 120.0 100.0 60.0 40.0 0 20.0 40.0 60.0 80.0 100.0 160.0 134.0 154.0 174.0 194.0 214.0 205.0 219.0 179.0 159.0 139.0 119.0 139.0 120.0 140.0 160.0 200.0 246.0 206.0 
260.0 289.0 274.0 281.0 281.0 301.0 341.0 361.0 401.0 405.0 365.0 325.0 305.0 285.0 265.0 385.0 380.0 360.0 340.0 320.0 280.0 260.0 200.0 220.0 212.0 252.0 232.0 251.0 301.0 281.0 221.0 161.0 205.0 265.0 185.0 225.0 265.0 249.0 269.0 309.0 311.0 331.0 351.0 325.0 385.0 391.0 337.0 285.0 201.0 181.0 190.0 210.0 230.0 238.0 218.0 238.0 149.0 200.0 180.0 233.0 213.0 160.0 140.0 120.0 80.0 60.0 20.0 0 20.0 40.0 60.0 80.0 140.0 154.0 174.0 194.0 214.0 225.0 185.0 239.0 199.0 179.0 159.0 139.0 159.0 140.0 160.0 180.0 220.0 266.0 226.0 
280.0 309.0 294.0 275.0 275.0 295.0 335.0 355.0 395.0 425.0 385.0 345.0 325.0 305.0 285.0 405.0 400.0 380.0 360.0 340.0 300.0 280.0 220.0 240.0 232.0 272.0 252.0 271.0 321.0 301.0 241.0 181.0 225.0 285.0 205.0 245.0 285.0 269.0 289.0 292.0 331.0 351.0 347.0 307.0 367.0 387.0 357.0 305.0 221.0 201.0 210.0 230.0 238.0 218.0 198.0 218.0 169.0 182.0 162.0 215.0 195.0 142.0 122.0 102.0 100.0 80.0 40.0 20.0 0 20.0 40.0 60.0 120.0 172.0 192.0 212.0 225.0 205.0 165.0 259.0 219.0 199.0 179.0 159.0 179.0 160.0 180.0 200.0 240.0 260.0 220.0 
260.0 289.0 275.0 255.0 255.0 275.0 315.0 335.0 375.0 407.0 367.0 327.0 307.0 287.0 267.0 387.0 407.0 400.0 380.0 360.0 320.0 300.0 240.0 260.0 214.0 254.0 234.0 274.0 303.0 283.0 223.0 163.0 245.0 305.0 225.0 265.0 305.0 289.0 309.0 272.0 335.0 347.0 327.0 287.0 347.0 367.0 339.0 287.0 203.0 183.0 192.0 212.0 218.0 198.0 178.0 198.0 189.0 162.0 142.0 195.0 175.0 122.0 102.0 82.0 120.0 100.0 60.0 40.0 20.0 0 20.0 40.0 100.0 152.0 172.0 192.0 205.0 185.0 145.0 268.0 228.0 208.0 199.0 179.0 199.0 180.0 174.0 194.0 234.0 240.0 200.0 
240.0 269.0 255.0 235.0 235.0 255.0 295.0 315.0 355.0 387.0 347.0 307.0 287.0 267.0 247.0 367.0 387.0 382.0 362.0 342.0 302.0 282.0 222.0 242.0 194.0 234.0 214.0 254.0 283.0 263.0 203.0 143.0 227.0 287.0 207.0 247.0 287.0 271.0 291.0 252.0 315.0 327.0 307.0 267.0 327.0 347.0 319.0 267.0 183.0 163.0 172.0 192.0 198.0 178.0 158.0 178.0 171.0 142.0 122.0 175.0 155.0 102.0 82.0 62.0 102.0 120.0 80.0 60.0 40.0 20.0 0 20.0 80.0 132.0 152.0 172.0 185.0 165.0 125.0 248.0 208.0 188.0 181.0 161.0 181.0 162.0 154.0 174.0 214.0 220.0 180.0 
220.0 249.0 235.0 215.0 215.0 235.0 275.0 295.0 335.0 375.0 367.0 327.0 307.0 287.0 267.0 387.0 407.0 402.0 382.0 362.0 322.0 302.0 242.0 262.0 214.0 254.0 234.0 274.0 303.0 283.0 223.0 163.0 243.0 303.0 223.0 263.0 303.0 274.0 294.0 262.0 325.0 337.0 317.0 277.0 337.0 357.0 339.0 287.0 203.0 183.0 192.0 198.0 178.0 158.0 138.0 158.0 191.0 162.0 142.0 185.0 165.0 122.0 102.0 82.0 122.0 140.0 100.0 80.0 60.0 40.0 20.0 0 60.0 112.0 132.0 152.0 165.0 145.0 105.0 228.0 188.0 168.0 188.0 177.0 197.0 182.0 174.0 194.0 234.0 200.0 160.0 
160.0 189.0 175.0 155.0 155.0 175.0 215.0 235.0 275.0 315.0 355.0 351.0 331.0 311.0 291.0 397.0 377.0 357.0 337.0 317.0 277.0 257.0 246.0 257.0 209.0 249.0 229.0 229.0 309.0 307.0 247.0 207.0 183.0 243.0 163.0 203.0 243.0 254.0 274.0 242.0 289.0 309.0 297.0 257.0 317.0 337.0 363.0 311.0 227.0 207.0 198.0 178.0 158.0 138.0 118.0 138.0 195.0 198.0 178.0 165.0 145.0 182.0 162.0 142.0 126.0 146.0 160.0 140.0 120.0 100.0 80.0 60.0 0 52.0 72.0 92.0 112.0 125.0 85.0 208.0 168.0 148.0 137.0 117.0 137.0 186.0 206.0 226.0 200.0 140.0 100.0 
132.0 161.0 147.0 127.0 127.0 147.0 187.0 207.0 247.0 287.0 327.0 319.0 299.0 279.0 259.0 345.0 325.0 305.0 285.0 265.0 225.0 205.0 194.0 205.0 157.0 197.0 177.0 177.0 257.0 275.0 215.0 155.0 131.0 191.0 111.0 151.0 191.0 202.0 222.0 256.0 237.0 257.0 277.0 266.0 326.0 346.0 331.0 279.0 195.0 175.0 184.0 204.0 210.0 190.0 170.0 190.0 143.0 194.0 174.0 174.0 180.0 154.0 134.0 114.0 74.0 94.0 134.0 154.0 172.0 152.0 132.0 112.0 52.0 0 20.0 40.0 60.0 80.0 120.0 165.0 125.0 105.0 85.0 65.0 85.0 134.0 154.0 174.0 172.0 112.0 72.0 
152.0 181.0 167.0 147.0 147.0 167.0 207.0 227.0 267.0 307.0 347.0 339.0 319.0 299.0 279.0 365.0 345.0 325.0 305.0 285.0 245.0 225.0 198.0 218.0 177.0 217.0 197.0 197.0 277.0 295.0 235.0 175.0 151.0 211.0 131.0 171.0 211.0 222.0 242.0 257.0 257.0 277.0 297.0 272.0 332.0 352.0 351.0 299.0 215.0 195.0 204.0 224.0 230.0 210.0 190.0 210.0 147.0 207.0 193.0 180.0 160.0 174.0 154.0 134.0 94.0 114.0 154.0 174.0 192.0 172.0 152.0 132.0 72.0 20.0 0 20.0 40.0 60.0 100.0 176.0 136.0 116.0 96.0 76.0 96.0 138.0 158.0 178.0 192.0 132.0 92.0 
172.0 201.0 187.0 167.0 167.0 187.0 227.0 247.0 287.0 327.0 367.0 359.0 339.0 319.0 299.0 385.0 365.0 345.0 325.0 305.0 265.0 245.0 218.0 238.0 197.0 237.0 217.0 217.0 297.0 315.0 255.0 195.0 171.0 231.0 151.0 191.0 216.0 242.0 262.0 237.0 277.0 297.0 292.0 252.0 312.0 332.0 371.0 319.0 235.0 215.0 224.0 244.0 250.0 230.0 210.0 230.0 167.0 193.0 173.0 160.0 140.0 193.0 174.0 154.0 114.0 134.0 174.0 194.0 212.0 192.0 172.0 152.0 92.0 40.0 20.0 0 20.0 40.0 80.0 156.0 116.0 96.0 76.0 56.0 76.0 158.0 178.0 198.0 212.0 152.0 112.0 
192.0 221.0 207.0 187.0 187.0 207.0 247.0 267.0 307.0 347.0 387.0 374.0 354.0 334.0 319.0 405.0 385.0 365.0 345.0 325.0 285.0 265.0 238.0 258.0 217.0 257.0 237.0 237.0 317.0 335.0 275.0 215.0 191.0 251.0 171.0 211.0 236.0 262.0 257.0 217.0 280.0 292.0 272.0 232.0 292.0 312.0 357.0 329.0 255.0 235.0 244.0 264.0 263.0 243.0 223.0 243.0 187.0 173.0 153.0 140.0 120.0 173.0 193.0 174.0 134.0 154.0 194.0 214.0 225.0 205.0 185.0 165.0 112.0 60.0 40.0 20.0 0 20.0 60.0 176.0 136.0 116.0 96.0 76.0 96.0 178.0 198.0 218.0 232.0 172.0 132.0 
212.0 218.0 198.0 207.0 207.0 227.0 267.0 287.0 327.0 367.0 394.0 354.0 334.0 314.0 329.0 409.0 405.0 385.0 365.0 345.0 305.0 285.0 258.0 278.0 237.0 277.0 257.0 257.0 337.0 355.0 295.0 235.0 211.0 271.0 191.0 231.0 256.0 257.0 237.0 197.0 260.0 272.0 252.0 212.0 272.0 292.0 337.0 309.0 275.0 255.0 264.0 263.0 243.0 223.0 203.0 223.0 207.0 153.0 133.0 120.0 100.0 153.0 173.0 193.0 154.0 174.0 214.0 225.0 205.0 185.0 165.0 145.0 125.0 80.0 60.0 40.0 20.0 0 40.0 163.0 123.0 103.0 116.0 96.0 116.0 198.0 218.0 238.0 252.0 192.0 152.0 
207.0 178.0 158.0 178.0 218.0 238.0 278.0 298.0 338.0 378.0 354.0 314.0 294.0 274.0 289.0 369.0 389.0 393.0 373.0 353.0 313.0 293.0 282.0 293.0 245.0 285.0 265.0 265.0 345.0 352.0 292.0 234.0 219.0 279.0 199.0 239.0 263.0 217.0 197.0 157.0 220.0 232.0 212.0 172.0 232.0 252.0 297.0 269.0 272.0 252.0 243.0 223.0 203.0 183.0 163.0 183.0 173.0 113.0 93.0 80.0 60.0 113.0 133.0 153.0 162.0 182.0 205.0 185.0 165.0 145.0 125.0 105.0 85.0 120.0 100.0 80.0 60.0 40.0 0 123.0 83.0 63.0 83.0 103.0 123.0 222.0 242.0 262.0 247.0 225.0 185.0 
164.0 135.0 115.0 135.0 175.0 195.0 235.0 255.0 295.0 335.0 375.0 380.0 360.0 340.0 344.0 430.0 410.0 390.0 370.0 350.0 310.0 290.0 279.0 290.0 242.0 282.0 262.0 262.0 342.0 360.0 300.0 240.0 216.0 276.0 196.0 236.0 254.0 203.0 183.0 183.0 160.0 180.0 200.0 240.0 300.0 320.0 363.0 335.0 280.0 260.0 269.0 289.0 309.0 306.0 286.0 283.0 228.0 196.0 176.0 163.0 143.0 196.0 216.0 199.0 159.0 179.0 219.0 239.0 259.0 268.0 248.0 228.0 208.0 165.0 176.0 156.0 176.0 163.0 123.0 0 40.0 60.0 80.0 100.0 120.0 219.0 239.0 244.0 204.0 184.0 224.0 
124.0 95.0 75.0 95.0 135.0 155.0 195.0 215.0 255.0 295.0 335.0 357.0 337.0 317.0 304.0 390.0 370.0 350.0 330.0 310.0 270.0 250.0 239.0 250.0 202.0 242.0 222.0 222.0 302.0 320.0 260.0 200.0 176.0 236.0 156.0 196.0 220.0 243.0 223.0 200.0 200.0 220.0 240.0 215.0 275.0 295.0 340.0 312.0 240.0 220.0 229.0 249.0 269.0 266.0 246.0 243.0 188.0 156.0 136.0 123.0 103.0 156.0 176.0 159.0 119.0 139.0 179.0 199.0 219.0 228.0 208.0 188.0 168.0 125.0 136.0 116.0 136.0 123.0 83.0 40.0 0 20.0 40.0 60.0 80.0 179.0 199.0 204.0 164.0 144.0 184.0 
144.0 115.0 95.0 115.0 155.0 175.0 215.0 235.0 275.0 315.0 355.0 337.0 317.0 297.0 284.0 370.0 350.0 330.0 310.0 290.0 250.0 230.0 219.0 230.0 182.0 222.0 202.0 202.0 282.0 300.0 240.0 180.0 156.0 216.0 136.0 176.0 200.0 227.0 220.0 180.0 220.0 240.0 235.0 195.0 255.0 275.0 320.0 292.0 220.0 200.0 209.0 229.0 249.0 246.0 226.0 223.0 168.0 136.0 116.0 103.0 83.0 136.0 156.0 139.0 99.0 119.0 159.0 179.0 199.0 208.0 188.0 168.0 148.0 105.0 116.0 96.0 116.0 103.0 63.0 60.0 20.0 0 20.0 40.0 60.0 159.0 179.0 199.0 184.0 164.0 177.0 
164.0 135.0 115.0 135.0 175.0 195.0 235.0 255.0 295.0 335.0 364.0 324.0 304.0 284.0 264.0 350.0 330.0 310.0 290.0 270.0 230.0 210.0 199.0 210.0 162.0 202.0 182.0 182.0 262.0 280.0 220.0 160.0 136.0 196.0 116.0 156.0 180.0 207.0 227.0 200.0 240.0 260.0 255.0 215.0 275.0 295.0 336.0 284.0 200.0 180.0 189.0 209.0 229.0 249.0 246.0 243.0 148.0 156.0 136.0 123.0 103.0 156.0 139.0 119.0 79.0 99.0 139.0 159.0 179.0 199.0 181.0 188.0 137.0 85.0 96.0 76.0 96.0 116.0 83.0 80.0 40.0 20.0 0 20.0 40.0 139.0 159.0 179.0 204.0 184.0 157.0 
184.0 155.0 135.0 155.0 192.0 212.0 252.0 272.0 312.0 352.0 344.0 304.0 284.0 264.0 244.0 330.0 310.0 290.0 270.0 250.0 210.0 190.0 179.0 190.0 142.0 182.0 162.0 162.0 242.0 260.0 200.0 140.0 116.0 176.0 96.0 136.0 160.0 187.0 207.0 220.0 222.0 242.0 262.0 235.0 295.0 315.0 316.0 264.0 180.0 160.0 169.0 189.0 209.0 229.0 235.0 224.0 128.0 176.0 156.0 143.0 123.0 139.0 119.0 99.0 59.0 79.0 119.0 139.0 159.0 179.0 161.0 177.0 117.0 65.0 76.0 56.0 76.0 96.0 103.0 100.0 60.0 40.0 20.0 0 20.0 119.0 139.0 159.0 199.0 177.0 137.0 
204.0 175.0 155.0 175.0 212.0 232.0 272.0 292.0 332.0 372.0 364.0 324.0 304.0 284.0 264.0 350.0 330.0 310.0 290.0 270.0 230.0 210.0 199.0 210.0 162.0 202.0 182.0 182.0 262.0 280.0 220.0 160.0 136.0 196.0 116.0 156.0 140.0 191.0 211.0 240.0 242.0 262.0 282.0 255.0 315.0 335.0 336.0 284.0 200.0 180.0 189.0 209.0 229.0 249.0 255.0 244.0 148.0 196.0 176.0 163.0 143.0 159.0 139.0 119.0 79.0 99.0 139.0 159.0 179.0 199.0 181.0 197.0 137.0 85.0 96.0 76.0 96.0 116.0 123.0 120.0 80.0 60.0 40.0 20.0 0 139.0 159.0 179.0 219.0 197.0 157.0 
120.0 149.0 169.0 189.0 229.0 249.0 289.0 309.0 349.0 385.0 345.0 305.0 285.0 265.0 245.0 340.0 320.0 300.0 280.0 260.0 220.0 200.0 140.0 160.0 192.0 232.0 212.0 231.0 281.0 261.0 201.0 141.0 185.0 245.0 165.0 205.0 240.0 189.0 209.0 249.0 272.0 292.0 312.0 305.0 365.0 371.0 317.0 265.0 181.0 161.0 170.0 190.0 210.0 230.0 245.0 185.0 89.0 149.0 160.0 213.0 193.0 140.0 120.0 100.0 60.0 80.0 120.0 140.0 160.0 180.0 162.0 182.0 186.0 134.0 138.0 158.0 178.0 198.0 222.0 219.0 179.0 159.0 139.0 119.0 139.0 0 20.0 40.0 80.0 140.0 180.0 
100.0 129.0 149.0 169.0 209.0 229.0 269.0 289.0 329.0 369.0 337.0 297.0 277.0 257.0 237.0 357.0 340.0 320.0 300.0 280.0 240.0 220.0 160.0 180.0 184.0 224.0 204.0 244.0 273.0 253.0 193.0 133.0 205.0 265.0 185.0 225.0 260.0 209.0 229.0 269.0 292.0 312.0 332.0 297.0 357.0 363.0 309.0 257.0 173.0 153.0 162.0 182.0 202.0 222.0 242.0 205.0 109.0 169.0 152.0 205.0 185.0 132.0 112.0 92.0 80.0 100.0 140.0 160.0 180.0 174.0 154.0 174.0 206.0 154.0 158.0 178.0 198.0 218.0 242.0 239.0 199.0 179.0 159.0 139.0 159.0 20.0 0 20.0 60.0 120.0 160.0 
80.0 109.0 129.0 149.0 189.0 209.0 249.0 269.0 309.0 349.0 357.0 317.0 297.0 277.0 257.0 377.0 360.0 340.0 320.0 300.0 260.0 240.0 180.0 200.0 204.0 244.0 224.0 264.0 293.0 273.0 213.0 153.0 225.0 285.0 205.0 245.0 280.0 229.0 249.0 289.0 312.0 332.0 352.0 317.0 377.0 383.0 329.0 277.0 193.0 173.0 182.0 202.0 222.0 242.0 262.0 225.0 129.0 189.0 172.0 225.0 205.0 152.0 132.0 112.0 100.0 120.0 160.0 180.0 200.0 194.0 174.0 194.0 226.0 174.0 178.0 198.0 218.0 238.0 262.0 244.0 204.0 199.0 179.0 159.0 179.0 40.0 20.0 0 40.0 100.0 140.0 
40.0 69.0 89.0 109.0 149.0 169.0 209.0 229.0 269.0 309.0 349.0 357.0 337.0 317.0 297.0 417.0 400.0 380.0 360.0 340.0 300.0 280.0 220.0 240.0 244.0 284.0 264.0 304.0 333.0 313.0 253.0 193.0 265.0 325.0 245.0 285.0 320.0 269.0 289.0 329.0 326.0 346.0 366.0 357.0 417.0 423.0 369.0 317.0 233.0 213.0 222.0 242.0 262.0 282.0 302.0 265.0 169.0 229.0 212.0 265.0 245.0 192.0 172.0 152.0 140.0 160.0 200.0 220.0 240.0 234.0 214.0 234.0 200.0 172.0 192.0 212.0 232.0 252.0 247.0 204.0 164.0 184.0 204.0 199.0 219.0 80.0 60.0 40.0 0 60.0 100.0 
20.0 49.0 69.0 89.0 129.0 149.0 189.0 209.0 249.0 289.0 329.0 369.0 389.0 377.0 357.0 457.0 437.0 417.0 397.0 377.0 337.0 317.0 280.0 300.0 269.0 309.0 289.0 289.0 369.0 373.0 313.0 253.0 243.0 303.0 223.0 263.0 303.0 314.0 329.0 329.0 306.0 326.0 346.0 359.0 419.0 439.0 429.0 377.0 293.0 273.0 282.0 302.0 298.0 278.0 258.0 278.0 229.0 289.0 272.0 267.0 247.0 252.0 232.0 212.0 186.0 206.0 246.0 266.0 260.0 240.0 220.0 200.0 140.0 112.0 132.0 152.0 172.0 192.0 225.0 184.0 144.0 164.0 184.0 177.0 197.0 140.0 120.0 100.0 60.0 0 40.0 
60.0 89.0 109.0 129.0 169.0 189.0 229.0 249.0 289.0 329.0 369.0 391.0 371.0 351.0 331.0 417.0 397.0 377.0 357.0 337.0 297.0 277.0 266.0 277.0 229.0 269.0 249.0 249.0 329.0 347.0 287.0 227.0 203.0 263.0 183.0 223.0 263.0 274.0 294.0 328.0 309.0 329.0 349.0 338.0 398.0 418.0 403.0 351.0 267.0 247.0 256.0 276.0 258.0 238.0 218.0 238.0 215.0 266.0 246.0 246.0 245.0 226.0 206.0 186.0 146.0 166.0 206.0 226.0 220.0 200.0 180.0 160.0 100.0 72.0 92.0 112.0 132.0 152.0 185.0 224.0 184.0 177.0 157.0 137.0 157.0 180.0 160.0 140.0 100.0 40.0 0 
