36
ABB ACB BBB BCB CBB CBC CBD CCD CDD DBB DCB EBB ECB FBB FCB FCD FBD FBC EDD ECD EBD EBC DDD DCD DBD DBC CCA BDD BCD BBD BBC ADD ACD ABD ABC AAA
0 1.0 6.0 7.0 10.0 11.0 12.0 13.0 14.0 14.0 15.0 18.0 19.0 22.0 23.0 25.0 24.0 23.0 22.0 21.0 20.0 19.0 18.0 17.0 16.0 15.0 10.0 10.0 9.0 8.0 7.0 4.0 3.0 2.0 1.0 2.0 
1.0 0 5.0 6.0 9.0 10.0 11.0 12.0 13.0 13.0 14.0 17.0 18.0 21.0 22.0 24.0 23.0 22.0 21.0 20.0 19.0 18.0 17.0 16.0 15.0 14.0 9.0 9.0 8.0 7.0 6.0 3.0 2.0 3.0 2.0 3.0 
6.0 5.0 0 1.0 6.0 7.0 8.0 9.0 10.0 10.0 11.0 14.0 15.0 18.0 19.0 21.0 20.0 19.0 18.0 17.0 16.0 15.0 14.0 13.0 12.0 11.0 6.0 4.0 3.0 2.0 1.0 6.0 7.0 8.0 7.0 6.0 
7.0 6.0 1.0 0 5.0 6.0 7.0 8.0 9.0 9.0 10.0 13.0 14.0 17.0 18.0 20.0 19.0 18.0 17.0 16.0 15.0 14.0 13.0 12.0 11.0 10.0 5.0 3.0 2.0 3.0 2.0 7.0 8.0 9.0 8.0 7.0 
10.0 9.0 6.0 5.0 0 1.0 2.0 3.0 4.0 6.0 7.0 10.0 11.0 14.0 15.0 17.0 16.0 15.0 14.0 13.0 12.0 11.0 10.0 9.0 8.0 7.0 2.0 6.0 7.0 8.0 7.0 10.0 11.0 12.0 11.0 10.0 
11.0 10.0 7.0 6.0 1.0 0 1.0 2.0 3.0 7.0 8.0 11.0 12.0 15.0 16.0 18.0 17.0 16.0 15.0 14.0 13.0 12.0 11.0 10.0 9.0 8.0 3.0 7.0 8.0 9.0 8.0 11.0 12.0 13.0 12.0 11.0 
12.0 11.0 8.0 7.0 2.0 1.0 0 1.0 2.0 8.0 9.0 12.0 13.0 16.0 17.0 19.0 18.0 17.0 16.0 15.0 14.0 13.0 12.0 11.0 10.0 9.0 4.0 8.0 9.0 10.0 9.0 12.0 13.0 14.0 13.0 12.0 
13.0 12.0 9.0 8.0 3.0 2.0 1.0 0 1.0 7.0 8.0 11.0 12.0 15.0 16.0 18.0 17.0 16.0 15.0 14.0 13.0 12.0 11.0 10.0 9.0 8.0 3.0 9.0 10.0 11.0 10.0 13.0 14.0 15.0 14.0 13.0 
14.0 13.0 10.0 9.0 4.0 3.0 2.0 1.0 0 6.0 7.0 10.0 11.0 14.0 15.0 17.0 16.0 15.0 14.0 13.0 12.0 11.0 10.0 9.0 8.0 7.0 4.0 10.0 11.0 12.0 11.0 14.0 15.0 16.0 15.0 14.0 
14.0 13.0 10.0 9.0 6.0 7.0 8.0 7.0 6.0 0 1.0 6.0 7.0 10.0 11.0 13.0 12.0 11.0 10.0 9.0 8.0 7.0 4.0 3.0 2.0 1.0 4.0 10.0 11.0 12.0 11.0 14.0 15.0 16.0 15.0 14.0 
15.0 14.0 11.0 10.0 7.0 8.0 9.0 8.0 7.0 1.0 0 5.0 6.0 9.0 10.0 12.0 11.0 10.0 9.0 8.0 7.0 6.0 3.0 2.0 3.0 2.0 5.0 11.0 12.0 13.0 12.0 15.0 16.0 17.0 16.0 15.0 
18.0 17.0 14.0 13.0 10.0 11.0 12.0 11.0 10.0 6.0 5.0 0 1.0 6.0 7.0 9.0 8.0 7.0 4.0 3.0 2.0 1.0 6.0 7.0 8.0 7.0 8.0 14.0 15.0 16.0 15.0 18.0 19.0 20.0 19.0 18.0 
19.0 18.0 15.0 14.0 11.0 12.0 13.0 12.0 11.0 7.0 6.0 1.0 0 5.0 6.0 8.0 7.0 6.0 3.0 2.0 3.0 2.0 7.0 8.0 9.0 8.0 9.0 15.0 16.0 17.0 16.0 19.0 20.0 21.0 20.0 19.0 
22.0 21.0 18.0 17.0 14.0 15.0 16.0 15.0 14.0 10.0 9.0 6.0 5.0 0 1.0 3.0 2.0 1.0 6.0 7.0 8.0 7.0 10.0 11.0 12.0 11.0 12.0 18.0 19.0 20.0 19.0 22.0 23.0 24.0 23.0 22.0 
23.0 22.0 19.0 18.0 15.0 16.0 17.0 16.0 15.0 11.0 10.0 7.0 6.0 1.0 0 2.0 3.0 2.0 7.0 8.0 9.0 8.0 11.0 12.0 13.0 12.0 13.0 19.0 20.0 21.0 20.0 23.0 24.0 25.0 24.0 23.0 
25.0 24.0 21.0 20.0 17.0 18.0 19.0 18.0 17.0 13.0 12.0 9.0 8.0 3.0 2.0 0 1.0 2.0 9.0 10.0 11.0 10.0 13.0 14.0 15.0 14.0 15.0 21.0 22.0 23.0 22.0 25.0 26.0 27.0 26.0 25.0 
24.0 23.0 20.0 19.0 16.0 17.0 18.0 17.0 16.0 12.0 11.0 8.0 7.0 2.0 3.0 1.0 0 1.0 8.0 9.0 10.0 9.0 12.0 13.0 14.0 13.0 14.0 20.0 21.0 22.0 21.0 24.0 25.0 26.0 25.0 24.0 
23.0 22.0 19.0 18.0 15.0 16.0 17.0 16.0 15.0 11.0 10.0 7.0 6.0 1.0 2.0 2.0 1.0 0 7.0 8.0 9.0 8.0 11.0 12.0 13.0 12.0 13.0 19.0 20.0 21.0 20.0 23.0 24.0 25.0 24.0 23.0 
22.0 21.0 18.0 17.0 14.0 15.0 16.0 15.0 14.0 10.0 9.0 4.0 3.0 6.0 7.0 9.0 8.0 7.0 0 1.0 2.0 3.0 10.0 11.0 12.0 11.0 12.0 18.0 19.0 20.0 19.0 22.0 23.0 24.0 23.0 22.0 
21.0 20.0 17.0 16.0 13.0 14.0 15.0 14.0 13.0 9.0 8.0 3.0 2.0 7.0 8.0 10.0 9.0 8.0 1.0 0 1.0 2.0 9.0 10.0 11.0 10.0 11.0 17.0 18.0 19.0 18.0 21.0 22.0 23.0 22.0 21.0 
20.0 19.0 16.0 15.0 12.0 13.0 14.0 13.0 12.0 8.0 7.0 2.0 3.0 8.0 9.0 11.0 10.0 9.0 2.0 1.0 0 1.0 8.0 9.0 10.0 9.0 10.0 16.0 17.0 18.0 17.0 20.0 21.0 22.0 21.0 20.0 
19.0 18.0 15.0 14.0 11.0 12.0 13.0 12.0 11.0 7.0 6.0 1.0 2.0 7.0 8.0 10.0 9.0 8.0 3.0 2.0 1.0 0 7.0 8.0 9.0 8.0 9.0 15.0 16.0 17.0 16.0 19.0 20.0 21.0 20.0 19.0 
18.0 17.0 14.0 13.0 10.0 11.0 12.0 11.0 10.0 4.0 3.0 6.0 7.0 10.0 11.0 13.0 12.0 11.0 10.0 9.0 8.0 7.0 0 1.0 2.0 3.0 8.0 14.0 15.0 16.0 15.0 18.0 19.0 20.0 19.0 18.0 
17.0 16.0 13.0 12.0 9.0 10.0 11.0 10.0 9.0 3.0 2.0 7.0 8.0 11.0 12.0 14.0 13.0 12.0 11.0 10.0 9.0 8.0 1.0 0 1.0 2.0 7.0 13.0 14.0 15.0 14.0 17.0 18.0 19.0 18.0 17.0 
16.0 15.0 12.0 11.0 8.0 9.0 10.0 9.0 8.0 2.0 3.0 8.0 9.0 12.0 13.0 15.0 14.0 13.0 12.0 11.0 10.0 9.0 2.0 1.0 0 1.0 6.0 12.0 13.0 14.0 13.0 16.0 17.0 18.0 17.0 16.0 
15.0 14.0 11.0 10.0 7.0 8.0 9.0 8.0 7.0 1.0 2.0 7.0 8.0 11.0 12.0 14.0 13.0 12.0 11.0 10.0 9.0 8.0 3.0 2.0 1.0 0 5.0 11.0 12.0 13.0 12.0 15.0 16.0 17.0 16.0 15.0 
10.0 9.0 6.0 5.0 2.0 3.0 4.0 3.0 4.0 4.0 5.0 8.0 9.0 12.0 13.0 15.0 14.0 13.0 12.0 11.0 10.0 9.0 8.0 7.0 6.0 5.0 0 6.0 7.0 8.0 7.0 10.0 11.0 12.0 11.0 10.0 
10.0 9.0 4.0 3.0 6.0 7.0 8.0 9.0 10.0 10.0 11.0 14.0 15.0 18.0 19.0 21.0 20.0 19.0 18.0 17.0 16.0 15.0 14.0 13.0 12.0 11.0 6.0 0 1.0 2.0 3.0 10.0 11.0 12.0 11.0 10.0 
9.0 8.0 3.0 2.0 7.0 8.0 9.0 10.0 11.0 11.0 12.0 15.0 16.0 19.0 20.0 22.0 21.0 20.0 19.0 18.0 17.0 16.0 15.0 14.0 13.0 12.0 7.0 1.0 0 1.0 2.0 9.0 10.0 11.0 10.0 9.0 
8.0 7.0 2.0 3.0 8.0 9.0 10.0 11.0 12.0 12.0 13.0 16.0 17.0 20.0 21.0 23.0 22.0 21.0 20.0 19.0 18.0 17.0 16.0 15.0 14.0 13.0 8.0 2.0 1.0 0 1.0 8.0 9.0 10.0 9.0 8.0 
7.0 6.0 1.0 2.0 7.0 8.0 9.0 10.0 11.0 11.0 12.0 15.0 16.0 19.0 20.0 22.0 21.0 20.0 19.0 18.0 17.0 16.0 15.0 14.0 13.0 12.0 7.0 3.0 2.0 1.0 0 7.0 8.0 9.0 8.0 7.0 
4.0 3.0 6.0 7.0 10.0 11.0 12.0 13.0 14.0 14.0 15.0 18.0 19.0 22.0 23.0 25.0 24.0 23.0 22.0 21.0 20.0 19.0 18.0 17.0 16.0 15.0 10.0 10.0 9.0 8.0 7.0 0 1.0 2.0 3.0 6.0 
3.0 2.0 7.0 8.0 11.0 12.0 13.0 14.0 15.0 15.0 16.0 19.0 20.0 23.0 24.0 26.0 25.0 24.0 23.0 22.0 21.0 20.0 19.0 18.0 17.0 16.0 11.0 11.0 10.0 9.0 8.0 1.0 0 1.0 2.0 5.0 
2.0 3.0 8.0 9.0 12.0 13.0 14.0 15.0 16.0 16.0 17.0 20.0 21.0 24.0 25.0 27.0 26.0 25.0 24.0 23.0 22.0 21.0 20.0 19.0 18.0 17.0 12.0 12.0 11.0 10.0 9.0 2.0 1.0 0 1.0 4.0 
1.0 2.0 7.0 8.0 11.0 12.0 13.0 14.0 15.0 15.0 16.0 19.0 20.0 23.0 24.0 26.0 25.0 24.0 23.0 22.0 21.0 20.0 19.0 18.0 17.0 16.0 11.0 11.0 10.0 9.0 8.0 3.0 2.0 1.0 0 3.0 
2.0 3.0 6.0 7.0 10.0 11.0 12.0 13.0 14.0 14.0 15.0 18.0 19.0 22.0 23.0 25.0 24.0 23.0 22.0 21.0 20.0 19.0 18.0 17.0 16.0 15.0 10.0 10.0 9.0 8.0 7.0 6.0 5.0 4.0 3.0 0 
