14
Irvington Gevgelija Rauna Pljevlja Changde Ayacucho Progress Necochea Sayhut Metz Golubac Coihaique Temirtau Wrightsville
0 3941246.0 3153491.0 3760057.0 3525942.0 3878597.0 2609526.0 3395038.0 3947037.0 2638984.0 3274420.0 3296995.0 3668666.0 2038798.0 
3941246.0 0 2040767.0 3063405.0 3316359.0 3511470.0 2429360.0 3403480.0 3590679.0 2589208.0 2833735.0 2513455.0 2532192.0 3020492.0 
3153491.0 2040767.0 0 2067650.0 2312131.0 2717978.0 3183447.0 2145482.0 3957606.0 3840683.0 2051989.0 2354481.0 3200621.0 2811802.0 
3760057.0 3063405.0 2067650.0 0 2162672.0 2151894.0 3145790.0 2823353.0 2567683.0 3840176.0 3355006.0 3454131.0 3690029.0 2900195.0 
3525942.0 3316359.0 2312131.0 2162672.0 0 3581467.0 2942598.0 3409056.0 3948667.0 2139624.0 2745640.0 2413239.0 2651453.0 3395922.0 
3878597.0 3511470.0 2717978.0 2151894.0 3581467.0 0 2061009.0 3529736.0 2857549.0 3945544.0 3160165.0 3262149.0 3194014.0 2389348.0 
2609526.0 2429360.0 3183447.0 3145790.0 2942598.0 2061009.0 0 3377276.0 3386514.0 2760972.0 3245729.0 3736285.0 2810089.0 2253075.0 
3395038.0 3403480.0 2145482.0 2823353.0 3409056.0 3529736.0 3377276.0 0 3086209.0 3044101.0 2438638.0 2689089.0 2673216.0 3672329.0 
3947037.0 3590679.0 3957606.0 2567683.0 3948667.0 2857549.0 3386514.0 3086209.0 0 3601356.0 2419950.0 3617905.0 3747934.0 3751222.0 
2638984.0 2589208.0 3840683.0 3840176.0 2139624.0 3945544.0 2760972.0 3044101.0 3601356.0 0 2856757.0 2495784.0 2074078.0 3866639.0 
3274420.0 2833735.0 2051989.0 3355006.0 2745640.0 3160165.0 3245729.0 2438638.0 2419950.0 2856757.0 0 2056048.0 3755394.0 3234034.0 
3296995.0 2513455.0 2354481.0 3454131.0 2413239.0 3262149.0 3736285.0 2689089.0 3617905.0 2495784.0 2056048.0 0 2058117.0 3595749.0 
3668666.0 2532192.0 3200621.0 3690029.0 2651453.0 3194014.0 2810089.0 2673216.0 3747934.0 2074078.0 3755394.0 2058117.0 0 3633383.0 
2038798.0 3020492.0 2811802.0 2900195.0 3395922.0 2389348.0 2253075.0 3672329.0 3751222.0 3866639.0 3234034.0 3595749.0 3633383.0 0 
