30
OJJ LYL BJT KXU NMY GJX KHL AKT OEK IUL EMI QUA KJA GIG DZD MBE WSF UWO ZBM WIF DZG OKD STN ZLI PST IUT TWC TIB QFZ USG
0 2.0 4.0 4.0 2.0 4.0 2.0 4.0 4.0 3.0 4.0 2.0 4.0 4.0 4.0 3.0 4.0 3.0 4.0 3.0 4.0 4.0 3.0 4.0 3.0 4.0 3.0 4.0 2.0 2.0 
2.0 0 2.0 3.0 4.0 4.0 4.0 4.0 4.0 4.0 3.0 3.0 2.0 3.0 4.0 3.0 2.0 3.0 3.0 4.0 4.0 4.0 4.0 4.0 2.0 4.0 4.0 4.0 4.0 4.0 
4.0 2.0 0 2.0 3.0 3.0 3.0 2.0 2.0 4.0 4.0 2.0 4.0 4.0 3.0 2.0 3.0 3.0 2.0 3.0 3.0 2.0 4.0 4.0 2.0 3.0 4.0 3.0 3.0 4.0 
4.0 3.0 2.0 0 2.0 3.0 2.0 4.0 3.0 3.0 4.0 3.0 4.0 4.0 4.0 4.0 4.0 4.0 4.0 4.0 4.0 3.0 3.0 4.0 2.0 2.0 4.0 4.0 3.0 4.0 
2.0 4.0 3.0 2.0 0 2.0 4.0 4.0 3.0 4.0 4.0 4.0 4.0 3.0 4.0 4.0 3.0 4.0 4.0 4.0 4.0 4.0 4.0 5.0 2.0 4.0 3.0 5.0 3.0 4.0 
4.0 4.0 3.0 3.0 2.0 0 2.0 4.0 3.0 4.0 4.0 4.0 4.0 4.0 4.0 4.0 4.0 2.0 3.0 3.0 4.0 3.0 4.0 4.0 2.0 4.0 4.0 4.0 4.0 3.0 
2.0 4.0 3.0 2.0 4.0 2.0 0 2.0 4.0 3.0 3.0 4.0 2.0 3.0 4.0 4.0 4.0 3.0 4.0 2.0 3.0 4.0 2.0 3.0 4.0 4.0 3.0 4.0 4.0 4.0 
4.0 4.0 2.0 4.0 4.0 4.0 2.0 0 2.0 3.0 4.0 4.0 4.0 4.0 4.0 3.0 3.0 4.0 3.0 4.0 4.0 2.0 4.0 4.0 3.0 4.0 4.0 2.0 2.0 3.0 
4.0 4.0 2.0 3.0 3.0 3.0 4.0 2.0 0 2.0 4.0 3.0 4.0 3.0 4.0 2.0 4.0 4.0 4.0 2.0 4.0 4.0 4.0 4.0 2.0 3.0 4.0 4.0 4.0 2.0 
3.0 4.0 4.0 3.0 4.0 4.0 3.0 3.0 2.0 0 4.0 4.0 2.0 3.0 3.0 4.0 4.0 3.0 3.0 4.0 3.0 3.0 4.0 3.0 4.0 3.0 4.0 4.0 3.0 3.0 
4.0 3.0 4.0 4.0 4.0 4.0 3.0 4.0 4.0 4.0 0 3.0 4.0 2.0 4.0 4.0 2.0 4.0 4.0 3.0 4.0 4.0 4.0 3.0 3.0 2.0 4.0 2.0 3.0 2.0 
2.0 3.0 2.0 3.0 4.0 4.0 4.0 4.0 3.0 4.0 3.0 0 2.0 4.0 3.0 4.0 4.0 4.0 3.0 4.0 3.0 2.0 2.0 4.0 4.0 4.0 4.0 2.0 3.0 4.0 
4.0 2.0 4.0 4.0 4.0 4.0 2.0 4.0 4.0 2.0 4.0 2.0 0 2.0 3.0 3.0 4.0 3.0 4.0 4.0 4.0 4.0 4.0 2.0 2.0 3.0 4.0 4.0 4.0 2.0 
4.0 3.0 4.0 4.0 3.0 4.0 3.0 4.0 3.0 3.0 2.0 4.0 2.0 0 2.0 3.0 2.0 3.0 4.0 3.0 4.0 2.0 4.0 4.0 4.0 4.0 4.0 2.0 4.0 4.0 
4.0 4.0 3.0 4.0 4.0 4.0 4.0 4.0 4.0 3.0 4.0 3.0 3.0 2.0 0 2.0 4.0 3.0 2.0 3.0 3.0 2.0 2.0 3.0 2.0 4.0 4.0 2.0 4.0 4.0 
3.0 3.0 2.0 4.0 4.0 4.0 4.0 3.0 2.0 4.0 4.0 4.0 3.0 3.0 2.0 0 3.0 4.0 4.0 4.0 3.0 3.0 4.0 4.0 2.0 2.0 4.0 3.0 4.0 2.0 
4.0 2.0 3.0 4.0 3.0 4.0 4.0 3.0 4.0 4.0 2.0 4.0 4.0 2.0 4.0 3.0 0 2.0 4.0 4.0 4.0 4.0 4.0 4.0 4.0 3.0 3.0 4.0 3.0 4.0 
3.0 3.0 3.0 4.0 4.0 2.0 3.0 4.0 4.0 3.0 4.0 4.0 3.0 3.0 3.0 4.0 2.0 0 2.0 2.0 3.0 3.0 4.0 4.0 4.0 2.0 4.0 3.0 3.0 4.0 
4.0 3.0 2.0 4.0 4.0 3.0 4.0 3.0 4.0 3.0 4.0 3.0 4.0 4.0 2.0 4.0 4.0 2.0 0 2.0 2.0 4.0 3.0 4.0 2.0 4.0 3.0 4.0 4.0 4.0 
3.0 4.0 3.0 4.0 4.0 3.0 2.0 4.0 2.0 4.0 3.0 4.0 4.0 3.0 3.0 4.0 4.0 2.0 2.0 0 2.0 4.0 2.0 2.0 4.0 2.0 4.0 2.0 2.0 2.0 
4.0 4.0 3.0 4.0 4.0 4.0 3.0 4.0 4.0 3.0 4.0 3.0 4.0 4.0 3.0 3.0 4.0 3.0 2.0 2.0 0 4.0 4.0 2.0 4.0 4.0 4.0 4.0 4.0 4.0 
4.0 4.0 2.0 3.0 4.0 3.0 4.0 2.0 4.0 3.0 4.0 2.0 4.0 2.0 2.0 3.0 4.0 3.0 4.0 4.0 4.0 0 4.0 4.0 4.0 3.0 4.0 2.0 4.0 4.0 
3.0 4.0 4.0 3.0 4.0 4.0 2.0 4.0 4.0 4.0 4.0 2.0 4.0 4.0 2.0 4.0 4.0 4.0 3.0 2.0 4.0 4.0 0 2.0 3.0 2.0 2.0 4.0 4.0 3.0 
4.0 4.0 4.0 4.0 5.0 4.0 3.0 4.0 4.0 3.0 3.0 4.0 2.0 4.0 3.0 4.0 4.0 4.0 4.0 2.0 2.0 4.0 2.0 0 3.0 4.0 4.0 4.0 3.0 4.0 
3.0 2.0 2.0 2.0 2.0 2.0 4.0 3.0 2.0 4.0 3.0 4.0 2.0 4.0 2.0 2.0 4.0 4.0 2.0 4.0 4.0 4.0 3.0 3.0 0 3.0 4.0 4.0 4.0 3.0 
4.0 4.0 3.0 2.0 4.0 4.0 4.0 4.0 3.0 3.0 2.0 4.0 3.0 4.0 4.0 2.0 3.0 2.0 4.0 2.0 4.0 3.0 2.0 4.0 3.0 0 2.0 3.0 4.0 2.0 
3.0 4.0 4.0 4.0 3.0 4.0 3.0 4.0 4.0 4.0 4.0 4.0 4.0 4.0 4.0 4.0 3.0 4.0 3.0 4.0 4.0 4.0 2.0 4.0 4.0 2.0 0 4.0 4.0 2.0 
4.0 4.0 3.0 4.0 5.0 4.0 4.0 2.0 4.0 4.0 2.0 2.0 4.0 2.0 2.0 3.0 4.0 3.0 4.0 2.0 4.0 2.0 4.0 4.0 4.0 3.0 4.0 0 2.0 2.0 
2.0 4.0 3.0 3.0 3.0 4.0 4.0 2.0 4.0 3.0 3.0 3.0 4.0 4.0 4.0 4.0 3.0 3.0 4.0 2.0 4.0 4.0 4.0 3.0 4.0 4.0 4.0 2.0 0 4.0 
2.0 4.0 4.0 4.0 4.0 3.0 4.0 3.0 2.0 3.0 2.0 4.0 2.0 4.0 4.0 2.0 4.0 4.0 4.0 2.0 4.0 4.0 3.0 4.0 3.0 2.0 2.0 2.0 4.0 0 
