21
33 4 16 25 20 30 34 14 15 32 43 39 49 38 7 31 42 19 27 29 40
0 124.0 142.0 171.0 174.0 114.0 82.0 146.0 189.0 142.0 179.0 225.0 194.0 198.0 262.0 336.0 380.0 401.0 436.0 189.0 9.0 
124.0 0 18.0 167.0 170.0 233.0 206.0 265.0 225.0 178.0 220.0 266.0 312.0 307.0 298.0 372.0 424.0 397.0 432.0 313.0 133.0 
142.0 18.0 0 149.0 152.0 215.0 219.0 247.0 233.0 196.0 238.0 284.0 330.0 315.0 306.0 380.0 432.0 379.0 414.0 326.0 151.0 
171.0 167.0 149.0 0 3.0 66.0 89.0 98.0 147.0 194.0 186.0 232.0 201.0 205.0 220.0 294.0 284.0 230.0 265.0 177.0 180.0 
174.0 170.0 152.0 3.0 0 63.0 92.0 95.0 144.0 191.0 189.0 235.0 204.0 208.0 217.0 291.0 281.0 227.0 262.0 174.0 183.0 
114.0 233.0 215.0 66.0 63.0 0 32.0 32.0 81.0 128.0 129.0 175.0 144.0 148.0 154.0 228.0 280.0 290.0 325.0 111.0 123.0 
82.0 206.0 219.0 89.0 92.0 32.0 0 64.0 113.0 139.0 97.0 143.0 112.0 116.0 186.0 260.0 298.0 319.0 354.0 107.0 91.0 
146.0 265.0 247.0 98.0 95.0 32.0 64.0 0 49.0 96.0 138.0 184.0 176.0 131.0 122.0 196.0 248.0 308.0 343.0 143.0 155.0 
189.0 225.0 233.0 147.0 144.0 81.0 113.0 49.0 0 47.0 89.0 135.0 168.0 82.0 73.0 147.0 199.0 259.0 294.0 192.0 198.0 
142.0 178.0 196.0 194.0 191.0 128.0 139.0 96.0 47.0 0 42.0 88.0 134.0 129.0 120.0 194.0 246.0 306.0 341.0 239.0 151.0 
179.0 220.0 238.0 186.0 189.0 129.0 97.0 138.0 89.0 42.0 0 46.0 92.0 137.0 162.0 236.0 288.0 348.0 383.0 204.0 188.0 
225.0 266.0 284.0 232.0 235.0 175.0 143.0 184.0 135.0 88.0 46.0 0 46.0 132.0 208.0 282.0 334.0 394.0 429.0 250.0 234.0 
194.0 312.0 330.0 201.0 204.0 144.0 112.0 176.0 168.0 134.0 92.0 46.0 0 86.0 199.0 273.0 325.0 385.0 420.0 219.0 203.0 
198.0 307.0 315.0 205.0 208.0 148.0 116.0 131.0 82.0 129.0 137.0 132.0 86.0 0 113.0 187.0 239.0 299.0 334.0 223.0 207.0 
262.0 298.0 306.0 220.0 217.0 154.0 186.0 122.0 73.0 120.0 162.0 208.0 199.0 113.0 0 74.0 126.0 186.0 221.0 265.0 271.0 
336.0 372.0 380.0 294.0 291.0 228.0 260.0 196.0 147.0 194.0 236.0 282.0 273.0 187.0 74.0 0 52.0 112.0 147.0 243.0 345.0 
380.0 424.0 432.0 284.0 281.0 280.0 298.0 248.0 199.0 246.0 288.0 334.0 325.0 239.0 126.0 52.0 0 60.0 95.0 191.0 389.0 
401.0 397.0 379.0 230.0 227.0 290.0 319.0 308.0 259.0 306.0 348.0 394.0 385.0 299.0 186.0 112.0 60.0 0 35.0 251.0 410.0 
436.0 432.0 414.0 265.0 262.0 325.0 354.0 343.0 294.0 341.0 383.0 429.0 420.0 334.0 221.0 147.0 95.0 35.0 0 286.0 445.0 
189.0 313.0 326.0 177.0 174.0 111.0 107.0 143.0 192.0 239.0 204.0 250.0 219.0 223.0 265.0 243.0 191.0 251.0 286.0 0 198.0 
9.0 133.0 151.0 180.0 183.0 123.0 91.0 155.0 198.0 151.0 188.0 234.0 203.0 207.0 271.0 345.0 389.0 410.0 445.0 198.0 0 
