13
SpencerCourtneyBroth JuliaLindaGordon ClaudiaDavidTaylor JuanDebbieAllen DinahCatherineFaulkn RalphClydeMills DorothyDavidStromme HarryNeilFranklin DouglasRobertFerkovi GarryDavidKingery StephanieAaronWalker AntonioGeraldBaker SusanneJohnBerrios
0 29540.15622 59080.31244 59080.312430000005 29540.15622 59080.31242 59080.31245 29540.1562 29540.1562 29540.15628 59080.31241 29540.15624 29540.15624 
29540.15622 0 29540.15623 59080.312430000005 59080.312430000005 59080.31246 29540.15626 59080.31242 59080.31242 59080.31248 59080.31244 59080.31246 59080.312430000005 
59080.31244 29540.15623 0 29540.1562 59080.31241 29540.15627 59080.31244 59080.31249 59080.312430000005 29540.15625 29540.15627 59080.31246 29540.15627 
59080.312430000005 59080.312430000005 29540.1562 0 29540.15621 59080.312470000004 59080.31245 59080.312430000005 59080.31244 59080.312430000005 59080.31244 59080.31244 29540.15626 
29540.15622 59080.312430000005 59080.31241 29540.15621 0 29540.15626 59080.31244 59080.31242 59080.31242 59080.312430000005 29540.15627 29540.15623 59080.31245 
59080.31242 59080.31246 29540.15627 59080.312470000004 29540.15626 0 29540.15622 59080.31242 29540.15625 59080.31244 29540.15624 59080.31245 59080.312430000005 
59080.31245 29540.15626 59080.31244 59080.31245 59080.31244 29540.15622 0 29540.15625 59080.31244 29540.15623 59080.312430000005 59080.31248 59080.3125 
29540.1562 59080.31242 59080.31249 59080.312430000005 59080.31242 59080.31242 29540.15625 0 29540.15622 59080.312430000005 29540.15625 59080.31242 59080.312430000005 
29540.1562 59080.31242 59080.312430000005 59080.31244 59080.31242 29540.15625 59080.31244 29540.15622 0 29540.15621 59080.31241 29540.1562 29540.15622 
29540.15628 59080.31248 29540.15625 59080.312430000005 59080.312430000005 59080.31244 29540.15623 59080.312430000005 29540.15621 0 29540.1562 29540.15625 59080.312430000005 
59080.31241 59080.31244 29540.15627 59080.31244 29540.15627 29540.15624 59080.312430000005 29540.15625 59080.31241 29540.1562 0 29540.15626 29540.15627 
29540.15624 59080.31246 59080.31246 59080.31244 29540.15623 59080.31245 59080.31248 59080.31242 29540.1562 29540.15625 29540.15626 0 59080.31242 
29540.15624 59080.312430000005 29540.15627 29540.15626 59080.31245 59080.312430000005 59080.3125 59080.312430000005 29540.15622 59080.312430000005 29540.15627 59080.31242 0 
