10
ghjoeidlwq lwpniynici ercckmiqub hqzspezetq baqrfcdqgq dxqtzefxjr tzadhvpsjb mrhbjcfmrq jfpegvbxzj yxgkyomjxk
0 393092965.3578 719004291.7615 337134229.2658 512512427.8002 498405421.6377 380525213.7741 315406068.1481 241780118.7216 79832133.3501 
393092965.3578 0 602868223.0531 638209809.1971 854817886.9383 866133215.5725 767535295.9967 707053920.8018 629427464.4773 406572717.9777 
719004291.7615 602868223.0531 0 650495770.2944 839036730.4384 912523732.5625 914688670.9708 954106087.0075 914507743.7282 789779048.9531 
337134229.2658 638209809.1971 650495770.2944 0 224661097.6878 270542395.7115 377093243.556 354550940.6488 356486140.8988 404678047.9195 
512512427.8002 854817886.9383 839036730.4384 224661097.6878 0 100354021.2135 229407302.5333 372724860.5665 421033662.3152 562001222.7922 
498405421.6377 866133215.5725 912523732.5625 270542395.7115 100354021.2135 0 154893558.8659 300553465.2424 362322714.8618 535393506.1705 
380525213.7741 767535295.9967 914688670.9708 377093243.556 229407302.5333 154893558.8659 0 146023852.8626 229660809.5668 402609190.8362 
315406068.1481 707053920.8018 954106087.0075 354550940.6488 372724860.5665 300553465.2424 146023852.8626 0 83636956.7042 309691263.0372 
241780118.7216 629427464.4773 914507743.7282 356486140.8988 421033662.3152 362322714.8618 229660809.5668 83636956.7042 0 227732736.0877 
79832133.3501 406572717.9777 789779048.9531 404678047.9195 562001222.7922 535393506.1705 402609190.8362 309691263.0372 227732736.0877 0 
