30
Martin Bowditch Ajax Forest Marin Greenwood Eunice Lewiston Allston Shasta Columbia Muir Bancroft Menlo Colusa Belrose Haviland Summit Mabel Spring Comstock Vermont Indian Arch Anne Pardee Keeler Bristol Yolo Soda
0 29.8 53.980000000000004 53.83 72.49000000000001 73.81 65.14999999999999 79.34 72.22 83.19999999999999 96.18999999999998 90.25999999999999 80.26 83.96 82.14 77.47 57.08 58.07 49.43 55.18000000000001 44.019999999999996 30.03 46.39 52.19 39.900000000000006 19.62 27.77 17.01 7.3 19.61 
29.8 0 42.19 58.209999999999994 42.77 49.95 35.349999999999994 50.48 51.86 58.769999999999996 71.48 78.13 71.50999999999999 70.45 68.01 65.11 49.4 62.379999999999995 45.32 46.7 47.62 41.99 60.45 52.55 40.26 40.349999999999994 47.94 36.9 34.06 46.370000000000005 
53.980000000000004 42.19 0 16.02 45.59 45.93 48.08 65.37 64.8 87.4 89.66000000000001 93.16 97.75 96.27 90.94 91.3 70.91 88.03 76.34 68.28 69.19999999999999 58.19 83.83 83.31 73.02 62.230000000000004 68.6 61.58 56.86 54.06999999999999 
53.83 58.21 16.02 0 41.64 48.82 44.77 62.06 61.49000000000001 77.53 90.0 100.74 95.34 95.44999999999999 91.41 88.88 68.57 83.6 67.25999999999999 75.55 61.849999999999994 47.86 75.49000000000001 72.97999999999999 62.3 58.85 62.58 51.54 46.53 38.05 
72.49 42.77 45.59 41.64 0 7.18 21.22 38.54 37.94 54.04 62.19 82.97 91.69 84.32 79.47 88.64999999999999 68.25999999999999 92.96 83.1 79.94 84.95 70.96 89.68 90.52 78.32 80.74000000000001 80.4 71.54 68.42 75.52999999999999 
73.81 49.95 45.93 48.82 7.18 0 28.24 45.56 43.269999999999996 61.22 69.37 87.87 98.87 91.5 86.49 91.09 74.37 99.85999999999999 88.35 86.96 89.03999999999999 68.94 94.93 96.19 83.9 82.07 87.58000000000001 78.72 69.75 82.06 
65.14999999999999 35.349999999999994 48.08 44.77 21.22 28.24 0 17.32 16.72 41.64 45.23 67.1 73.74 63.58 58.25 67.43 47.04 71.74 68.27 58.72 74.04 59.8 71.96 74.19 61.9 65.18 71.15 60.11 61.8 70.66 
79.33999999999999 50.48 65.37 62.06 38.54 45.56 17.32 0 34.04 58.959999999999994 62.55 49.78 74.42 65.34 60.010000000000005 61.18 56.51 73.47999999999999 75.22999999999999 68.00999999999999 88.2 68.24 76.96 74.49 69.07 75.37 83.03999999999999 72.0 72.03999999999999 84.35 
72.22 51.86 64.8 61.49 37.94 43.269999999999996 16.72 34.04 0 27.63 40.62 54.21 72.19 58.57 53.45 68.55 53.31 78.34 68.51 62.11 79.64 62.34 73.43 68.59 78.62 69.56 75.80000000000001 64.76 66.98 79.29 
83.2 58.769999999999996 87.39999999999999 77.53 54.04 61.22 41.64 58.96 27.63 0 12.99 42.910000000000004 48.68 36.27 30.94 40.92 49.95 69.2 68.35000000000001 65.21 87.25 68.35 81.05000000000001 77.81 65.52 76.52 80.94999999999999 73.39 75.9 87.25 
96.19 71.48 89.66 90.0 62.19 69.37 45.23 62.55 40.62 12.99 0 29.92 53.53 40.33 43.93000000000001 50.47 47.7 73.19 81.34 78.19999999999999 100.23999999999998 81.33999999999999 79.97 82.26 76.39 89.50999999999999 88.19 86.38 88.89 100.24000000000001 
90.25999999999999 78.13000000000001 93.16 100.74 82.97 87.87 67.1 49.78 54.21 42.910000000000004 29.92 0 25.41 39.05 44.379999999999995 49.19 33.18 51.14 62.07 65.38 87.41999999999999 80.67 61.410000000000004 52.34 62.69 79.03 75.32000000000001 77.0 83.22 95.53 
80.26 71.50999999999999 97.75 95.34 91.69 98.87 73.74000000000001 74.42 72.19 48.68 53.53 25.41 0 13.64 18.97 23.78 26.84 42.129999999999995 45.15 56.86 75.41 75.91 51.69 58.51 46.22 66.5 59.98 68.86 73.23 85.54 
83.96 70.45 96.27000000000001 95.44999999999999 84.32 91.5 63.58 65.34 58.57 36.27 40.33 39.05 13.64 0 5.33 10.14 26.88 52.37 58.79 62.15 79.24 77.9 50.2 59.27 56.39 72.75 66.58 72.66 76.92 89.12 
82.14 68.01 90.94 91.41 79.47 86.49 58.25 60.01 53.45 30.94 43.93 44.379999999999995 18.97 5.33 0 15.47 32.21 57.7 64.12 56.82 78.78 74.02 51.39 60.46 58.510000000000005 70.65 71.91 73.49 81.31 87.37 
77.47 65.11 91.3 88.88 88.65 91.09 67.43 61.18 68.55 40.92 50.47 49.19 23.78 10.14 15.47 0 20.39 45.81999999999999 55.76 59.33 81.37 72.81 40.13 49.2 49.900000000000006 62.73 63.2 64.56 70.43 82.74000000000001 
57.08 49.4 70.91 68.57 68.25999999999999 74.37 47.04 56.51 53.31 49.95 47.7 33.18 26.84 26.88 32.21 20.39 0 25.49 35.370000000000005 47.080000000000005 67.3 53.31 32.27 41.34 29.51 45.87 43.49 45.78 50.04 62.35 
58.07 62.379999999999995 88.03 83.6 92.96 99.85999999999999 71.74 73.47999999999999 78.34 69.2 73.19 51.14 42.129999999999995 52.37 57.699999999999996 45.81999999999999 25.49 0 19.01 30.720000000000002 52.760000000000005 62.46000000000001 57.760000000000005 60.489999999999995 55.0 42.17 34.8 45.839999999999996 51.74 62.84 
49.42999999999999 45.32 76.34 67.25999999999999 83.1 88.35 68.27 75.22999999999999 68.51 68.35000000000001 81.34 62.07 45.15 58.79 64.12 55.760000000000005 35.370000000000005 19.01 0 11.71 33.75 43.45 58.79 49.72 37.43 44.05 51.64 40.6 42.129999999999995 43.83 
55.18000000000001 46.7 68.28 75.55 79.94 86.96 58.72 68.00999999999999 62.11 65.21 78.19999999999999 65.38 56.86 62.15 56.82 59.33 47.08 30.720000000000002 11.71 0 22.04 55.160000000000004 70.5 61.43 49.14 55.76 48.33 52.309999999999995 53.84 55.54 
44.019999999999996 47.62 69.19999999999999 61.849999999999994 84.95 89.04 74.04 88.2 79.64 87.25 100.24 87.41999999999999 75.41 79.24 78.78 81.37 67.3 52.760000000000005 33.75 22.04 0 33.9 72.24000000000001 63.17 63.91 49.04 57.19 46.43 36.72 37.89 
30.029999999999998 41.99 58.19 47.86 70.96 68.94 59.800000000000004 68.24 62.34 68.35 81.33999999999999 80.67 75.91 77.9 74.02 72.81 53.31 62.46000000000001 43.45 55.160000000000004 33.9 0 51.64 49.18 38.67 26.49 33.730000000000004 22.69 22.729999999999997 35.04 
46.39 60.45 83.83 75.49000000000001 89.68 94.93 71.96 76.96 73.43 81.05000000000001 79.97 61.410000000000004 51.69 50.2 51.39 40.13 32.27 57.760000000000005 58.79 70.5 72.24 51.64 0 9.07 21.36 41.64 34.760000000000005 40.83 41.91 51.55 
52.19 52.55 83.31 72.97999999999999 90.52 96.19 74.19 74.49 68.59 77.80999999999999 82.26 52.34 58.51 59.27 60.46 49.2 41.34 60.489999999999995 49.72 61.43 63.17 49.18 9.07 0 12.29 32.57 25.69 36.730000000000004 44.89 52.65 
39.9 40.26 73.02 62.3 78.32 83.9 61.9 69.07 78.61999999999999 65.52 76.39 62.69 46.22 56.39 58.510000000000005 49.900000000000006 29.51 55.0 37.43 49.14 63.91 38.67 21.36 12.29 0 20.28 28.68 39.72 32.6 44.910000000000004 
19.62 40.349999999999994 62.230000000000004 58.849999999999994 80.74 82.07 65.17999999999999 75.37 69.56 76.52 89.50999999999999 79.03 66.5 72.75 70.65 62.73 45.87 42.17 44.05 55.76 49.04 26.49 41.64 32.57 20.28 0 8.4 19.439999999999998 12.32 24.630000000000003 
27.77 47.94 68.6 62.58 80.4 87.58000000000001 71.15 83.03999999999999 75.80000000000001 80.94999999999999 88.19 75.32000000000001 59.98 66.58 71.91 63.2 43.49 34.8 51.64 48.33 57.19 33.730000000000004 34.760000000000005 25.69 28.68 8.4 0 11.04 20.47 32.78 
17.01 36.9 61.58 51.54 71.54 78.72 60.11 72.0 64.76 73.39 86.38 77.0 68.86 72.66 73.49 64.56 45.78 45.839999999999996 40.6 52.31 46.43 22.69 40.83 36.730000000000004 39.72 19.439999999999998 11.04 0 9.71 22.020000000000003 
7.3 34.06 56.86 46.53 68.42 69.75 61.8 72.03999999999999 66.97999999999999 75.9 88.89 83.22 73.23 76.92 81.31 70.43 50.04 51.74 42.129999999999995 53.839999999999996 36.72 22.729999999999997 41.91 44.89 32.6 12.32 20.47 9.71 0 12.31 
19.61 46.37 54.06999999999999 38.05 75.52999999999999 82.06 70.66 84.35 79.28999999999999 87.25 100.24 95.53 85.54 89.12 87.37 82.74000000000001 62.35 62.84 43.83 55.54 37.89 35.04 51.55 52.65 44.910000000000004 24.630000000000003 32.78 22.020000000000003 12.31 0 
