13
x v t r q o m k i g e c a
0 2.0 4.0 6.0 7.0 9.0 11.0 13.0 15.0 17.0 19.0 21.0 23.0 
2.0 0 2.0 4.0 5.0 7.0 9.0 11.0 13.0 15.0 17.0 19.0 21.0 
4.0 2.0 0 2.0 3.0 5.0 7.0 9.0 11.0 13.0 15.0 17.0 19.0 
6.0 4.0 2.0 0 1.0 3.0 5.0 7.0 9.0 11.0 13.0 15.0 17.0 
7.0 5.0 3.0 1.0 0 2.0 4.0 6.0 8.0 10.0 12.0 14.0 16.0 
9.0 7.0 5.0 3.0 2.0 0 2.0 4.0 6.0 8.0 10.0 12.0 14.0 
11.0 9.0 7.0 5.0 4.0 2.0 0 2.0 4.0 6.0 8.0 10.0 12.0 
13.0 11.0 9.0 7.0 6.0 4.0 2.0 0 2.0 4.0 6.0 8.0 10.0 
15.0 13.0 11.0 9.0 8.0 6.0 4.0 2.0 0 2.0 4.0 6.0 8.0 
17.0 15.0 13.0 11.0 10.0 8.0 6.0 4.0 2.0 0 2.0 4.0 6.0 
19.0 17.0 15.0 13.0 12.0 10.0 8.0 6.0 4.0 2.0 0 2.0 4.0 
21.0 19.0 17.0 15.0 14.0 12.0 10.0 8.0 6.0 4.0 2.0 0 2.0 
23.0 21.0 19.0 17.0 16.0 14.0 12.0 10.0 8.0 6.0 4.0 2.0 0 
