17
Sundlechester Skelgrove Shaftthorne Camhampton Enderton Leatherblesley Prestbourne Sunderborough Rotmerby Chilringfield Dribstoke Stafdenbourne Boothenrensborough Elbage Hamperrehampton Chipfield Hamsbourne
0 683.45873 915.9854799999999 1311.85737 1708.89142 1340.98194 1113.89012 1523.96745 1730.23691 1783.57737 1809.04044 1536.7673799999998 1954.9874 1290.97439 724.3029099999999 565.00308 86.12815 
683.45873 0 232.52675 628.39864 1025.43269 706.49356 430.43139 840.50872 1046.77818 1100.11864 1281.888 1480.39416 1437.62579 607.51566 936.66863 930.8295700000001 769.58688 
915.9854799999999 232.52675 0 395.87189 792.90594 939.0203099999999 662.95814 1073.03547 1279.30493 1112.16988 1243.46387 1247.86741 1457.7965000000002 840.04241 1169.19538 1163.35632 1002.11363 
1311.85737 628.39864 395.87189 0 397.03405 771.11569 912.7202199999999 1322.79755 1216.79838 1401.06882 847.5919799999999 851.9955199999999 1565.7460800000001 735.63595 1361.9156199999998 1202.6157899999998 1397.98552 
1708.89142 1025.43269 792.90594 397.03405 0 374.08164 650.1438099999999 1060.2211399999999 1233.93019 1049.65975 450.55793 454.96147 1387.9905800000001 827.2280799999999 1156.38105 1315.68088 1794.5558099999998 
1340.9819400000001 706.49356 939.02031 771.11569 374.08164 0 276.06217 686.1395 892.40896 945.7494199999999 824.63957 829.0431100000001 1283.25657 453.14644 782.29941 941.59924 1420.47417 
1113.89012 430.43139 662.95814 912.7202199999999 650.14381 276.06217 0 410.07733 616.34679 669.68725 1100.70174 1105.10528 1007.1944000000001 177.08427 506.23724 665.53707 1144.412 
1523.96745 840.50872 1073.03547 1322.79755 1060.22114 686.1395 410.07733 0 206.26946 390.5399 989.64172 1515.18261 1417.2717300000002 587.1616 916.31457 1075.6144 1554.4893299999999 
1730.23691 1046.77818 1279.30493 1216.79838 1233.93019 892.40896 616.34679 206.26946 0 184.27044 783.37226 1688.89166 1452.70878 743.10685 1122.58403 1210.08669 1688.96162 
1783.57737 1100.11864 1112.16988 1401.06882 1049.65975 945.7494199999999 669.68725 390.5399 184.27044 0 599.10182 1504.62122 1268.43834 846.77152 1175.9244899999999 1335.2243199999998 1814.0992499999998 
1809.04044 1281.888 1243.46387 847.5919799999999 450.55793 824.63957 1100.70174 989.64172 783.37226 599.10182 0 905.5194 1838.54851 1277.78601 1606.93898 1766.2388099999998 1895.16859 
1536.76738 1480.3941599999998 1247.8674099999998 851.9955199999999 454.96147 829.0431100000001 1105.10528 1515.18261 1688.89166 1504.62122 905.5194 0 933.0291100000001 1282.18955 1131.06413 971.7643 1450.63923 
1954.9874 1437.62579 1457.7965 1565.74608 1387.9905800000001 1283.25657 1007.1944000000001 1417.2717300000002 1452.70878 1268.43834 1838.54851 933.0291100000001 0 830.11013 1513.43164 1389.98432 1868.85925 
1290.9743899999999 607.51566 840.04241 735.63595 827.22808 453.14644 177.08427 587.1616 743.10685 846.77152 1277.78601 1282.18955 830.11013 0 683.32151 728.92426 1207.79919 
724.30291 936.66863 1169.1953800000001 1361.91562 1156.38105 782.29941 506.23724 916.31457 1122.58403 1175.9244899999999 1606.93898 1131.06413 1513.43164 683.32151 0 159.29983 638.17476 
565.00308 930.8295700000001 1163.35632 1202.6157899999998 1315.68088 941.5992399999999 665.53707 1075.6144 1210.08669 1335.2243199999998 1766.2388099999998 971.7643 1389.98432 728.92426 159.29983 0 478.87493 
86.12815 769.58688 1002.11363 1397.98552 1794.5558099999998 1420.47417 1144.412 1554.48933 1688.96162 1814.09925 1895.16859 1450.63923 1868.85925 1207.79919 638.17476 478.87493 0 
