35
uyPyJzKFqWxgSNmpkDrB ybrQlUhznqOhsvndWAbl ruLqpYqEzGGiKysvsarb AdXveYSBaneNwCQzrdSw TwgqMzgExFHTIfcwfBnr cZgmtoPGHxdozTaDMiyf xQaDpDGAXhDYzSMnMWvb WCCOEUYmDvzZlrkDAqoi sXfgLMwoysnMazVSWnhc fvEcAuRDdfuHEPLNpaTz fHcdXnOxSadpKeCUwNYm CmbFyJmcvVqyCmJgQxeI gMqbbwopmbxmOomqZjfm aCucdhmWbhlrgfstQigR BXzACdzjLITNgbmDPlEu FcEsyaTmqpoyvbDrHjlc mevvwcZLudaokctOWvKe VhDSPHxolLkNxxDnpUyx fPxvnMVMFwhJbNBURdgD ajvbaFpYiEBJySPsSLaI DqUxIMslnixWfmkjQTmS wRjMmrpRuknxqunJrMAE gzxzakmqbxbsOczuQVLG gIttwvzcgONwFblnGIqq ASXwCgVTXDdhSXJwFovC RjKEHTlRvtaVBbyqZVAw QQSjCkgLAWAPObYQvNsB jzQJaGLLiuQLhhyqBagr iDucfyZGMCbCQbXjbQqM mlipOrSnGcxXtoXBbRyl CfkBzkPETvagyIDCsLTD OVoYVQPnlYoZBBKtyuLk MlwlINEFqmyzZNPXRLJF zxeoSbTqbWPpSzalAtBI vLeODpVlYSBeYNDYoXha
0 26.0 46.0 64.0 81.0 107.0 92.0 75.0 119.0 100.0 74.0 68.0 52.0 59.0 94.0 67.0 84.0 70.0 52.0 80.0 115.0 94.0 68.0 68.0 95.0 93.0 75.0 94.0 88.0 72.0 72.0 62.0 37.0 19.0 23.0 
26.0 0 20.0 38.0 69.0 81.0 98.0 97.0 113.0 80.0 48.0 62.0 46.0 85.0 104.0 52.0 69.0 55.0 37.0 54.0 89.0 68.0 42.0 62.0 69.0 84.0 77.0 92.0 70.0 51.0 75.0 45.0 52.0 45.0 49.0 
46.0 20.0 0 18.0 49.0 77.0 78.0 82.0 115.0 100.0 68.0 56.0 40.0 89.0 124.0 72.0 89.0 75.0 57.0 74.0 102.0 80.0 62.0 56.0 77.0 64.0 82.0 109.0 87.0 71.0 71.0 41.0 72.0 65.0 69.0 
64.0 38.0 18.0 0 31.0 59.0 60.0 64.0 97.0 88.0 56.0 38.0 22.0 71.0 106.0 80.0 90.0 76.0 72.0 92.0 84.0 62.0 59.0 38.0 62.0 82.0 97.0 117.0 95.0 76.0 86.0 59.0 80.0 83.0 87.0 
81.0 69.0 49.0 31.0 0 28.0 29.0 46.0 109.0 96.0 87.0 69.0 53.0 102.0 127.0 101.0 83.0 88.0 94.0 88.0 53.0 31.0 57.0 69.0 74.0 84.0 66.0 106.0 84.0 65.0 91.0 90.0 80.0 62.0 98.0 
107.0 81.0 77.0 59.0 28.0 0 57.0 74.0 137.0 124.0 115.0 97.0 81.0 107.0 99.0 98.0 111.0 107.0 107.0 109.0 81.0 59.0 85.0 97.0 88.0 112.0 94.0 110.0 112.0 93.0 119.0 91.0 98.0 90.0 112.0 
92.0 98.0 78.0 60.0 29.0 57.0 0 17.0 80.0 113.0 96.0 78.0 62.0 111.0 103.0 91.0 73.0 59.0 77.0 90.0 82.0 60.0 84.0 78.0 45.0 94.0 86.0 103.0 92.0 91.0 76.0 99.0 106.0 91.0 69.0 
75.0 97.0 82.0 64.0 46.0 74.0 17.0 0 79.0 109.0 95.0 77.0 61.0 110.0 102.0 74.0 56.0 42.0 60.0 89.0 99.0 77.0 67.0 77.0 44.0 93.0 85.0 86.0 75.0 74.0 59.0 82.0 89.0 83.0 52.0 
119.0 113.0 115.0 97.0 109.0 137.0 80.0 79.0 0 33.0 65.0 83.0 94.0 143.0 135.0 122.0 104.0 100.0 118.0 107.0 142.0 140.0 131.0 110.0 77.0 126.0 118.0 97.0 119.0 122.0 135.0 119.0 96.0 114.0 96.0 
100.0 80.0 100.0 88.0 96.0 124.0 113.0 109.0 33.0 0 32.0 50.0 66.0 115.0 133.0 89.0 71.0 67.0 85.0 74.0 109.0 126.0 100.0 79.0 110.0 108.0 90.0 64.0 86.0 89.0 102.0 94.0 63.0 81.0 108.0 
74.0 48.0 68.0 56.0 87.0 115.0 96.0 95.0 65.0 32.0 0 18.0 34.0 83.0 118.0 96.0 102.0 88.0 84.0 102.0 119.0 97.0 71.0 50.0 93.0 114.0 96.0 96.0 114.0 95.0 98.0 89.0 58.0 76.0 80.0 
68.0 62.0 56.0 38.0 69.0 97.0 78.0 77.0 83.0 50.0 18.0 0 16.0 65.0 100.0 81.0 84.0 70.0 66.0 107.0 101.0 79.0 53.0 32.0 75.0 105.0 87.0 114.0 96.0 89.0 80.0 76.0 76.0 87.0 62.0 
52.0 46.0 40.0 22.0 53.0 81.0 62.0 61.0 94.0 66.0 34.0 16.0 0 49.0 84.0 65.0 68.0 54.0 50.0 91.0 85.0 63.0 37.0 16.0 59.0 104.0 100.0 98.0 80.0 73.0 64.0 60.0 63.0 71.0 75.0 
59.0 85.0 89.0 71.0 102.0 107.0 111.0 110.0 143.0 115.0 83.0 65.0 49.0 0 35.0 72.0 89.0 75.0 57.0 100.0 134.0 112.0 86.0 65.0 95.0 120.0 104.0 104.0 113.0 107.0 97.0 67.0 70.0 78.0 82.0 
94.0 104.0 124.0 106.0 127.0 99.0 103.0 102.0 135.0 133.0 118.0 100.0 84.0 35.0 0 68.0 86.0 100.0 92.0 124.0 118.0 96.0 70.0 91.0 100.0 87.0 69.0 69.0 91.0 101.0 104.0 99.0 105.0 98.0 102.0 
67.0 52.0 72.0 80.0 101.0 98.0 91.0 74.0 122.0 89.0 96.0 81.0 65.0 72.0 68.0 0 18.0 32.0 47.0 64.0 99.0 78.0 52.0 70.0 98.0 81.0 63.0 48.0 55.0 36.0 61.0 31.0 38.0 56.0 50.0 
84.0 69.0 89.0 90.0 83.0 111.0 73.0 56.0 104.0 71.0 102.0 84.0 68.0 89.0 86.0 18.0 0 14.0 32.0 81.0 116.0 95.0 69.0 52.0 94.0 89.0 71.0 30.0 37.0 18.0 53.0 49.0 56.0 73.0 67.0 
70.0 55.0 75.0 76.0 88.0 107.0 59.0 42.0 100.0 67.0 88.0 70.0 54.0 75.0 100.0 32.0 14.0 0 18.0 67.0 102.0 81.0 55.0 38.0 80.0 75.0 57.0 44.0 51.0 32.0 67.0 58.0 65.0 83.0 66.0 
52.0 37.0 57.0 72.0 94.0 107.0 77.0 60.0 118.0 85.0 84.0 66.0 50.0 57.0 92.0 47.0 32.0 18.0 0 49.0 84.0 63.0 37.0 40.0 94.0 93.0 75.0 62.0 69.0 50.0 70.0 40.0 47.0 65.0 75.0 
80.0 54.0 74.0 92.0 88.0 109.0 90.0 89.0 107.0 74.0 102.0 107.0 91.0 100.0 124.0 64.0 81.0 67.0 49.0 0 35.0 57.0 54.0 75.0 45.0 70.0 88.0 68.0 90.0 99.0 87.0 57.0 64.0 82.0 103.0 
115.0 89.0 102.0 84.0 53.0 81.0 82.0 99.0 142.0 109.0 119.0 101.0 85.0 134.0 118.0 99.0 116.0 102.0 84.0 35.0 0 22.0 48.0 69.0 80.0 105.0 113.0 103.0 98.0 117.0 82.0 92.0 99.0 115.0 105.0 
94.0 68.0 80.0 62.0 31.0 59.0 60.0 77.0 140.0 126.0 97.0 79.0 63.0 112.0 96.0 78.0 95.0 81.0 63.0 57.0 22.0 0 26.0 47.0 102.0 109.0 91.0 91.0 76.0 95.0 60.0 71.0 78.0 93.0 83.0 
68.0 42.0 62.0 59.0 57.0 85.0 84.0 67.0 131.0 100.0 71.0 53.0 37.0 86.0 70.0 52.0 69.0 55.0 37.0 54.0 48.0 26.0 0 21.0 96.0 83.0 65.0 65.0 50.0 69.0 34.0 45.0 52.0 70.0 57.0 
68.0 62.0 56.0 38.0 69.0 97.0 78.0 77.0 110.0 79.0 50.0 32.0 16.0 65.0 91.0 70.0 52.0 38.0 40.0 75.0 69.0 47.0 21.0 0 75.0 104.0 86.0 82.0 71.0 70.0 55.0 66.0 73.0 81.0 78.0 
95.0 69.0 77.0 62.0 74.0 88.0 45.0 44.0 77.0 110.0 93.0 75.0 59.0 95.0 100.0 98.0 94.0 80.0 94.0 45.0 80.0 102.0 96.0 75.0 0 49.0 67.0 113.0 116.0 97.0 103.0 78.0 109.0 114.0 96.0 
93.0 84.0 64.0 82.0 84.0 112.0 94.0 93.0 126.0 108.0 114.0 105.0 104.0 120.0 87.0 81.0 89.0 75.0 93.0 70.0 105.0 109.0 83.0 104.0 49.0 0 18.0 82.0 96.0 77.0 95.0 65.0 92.0 74.0 93.0 
75.0 77.0 82.0 97.0 66.0 94.0 86.0 85.0 118.0 90.0 96.0 87.0 100.0 104.0 69.0 63.0 71.0 57.0 75.0 88.0 113.0 91.0 65.0 86.0 67.0 18.0 0 64.0 78.0 59.0 94.0 83.0 74.0 56.0 75.0 
94.0 92.0 109.0 117.0 106.0 110.0 103.0 86.0 97.0 64.0 96.0 114.0 98.0 104.0 69.0 48.0 30.0 44.0 62.0 68.0 103.0 91.0 65.0 82.0 113.0 82.0 64.0 0 22.0 41.0 38.0 68.0 57.0 75.0 87.0 
88.0 70.0 87.0 95.0 84.0 112.0 92.0 75.0 119.0 86.0 114.0 96.0 80.0 113.0 91.0 55.0 37.0 51.0 69.0 90.0 98.0 76.0 50.0 71.0 116.0 96.0 78.0 22.0 0 19.0 16.0 46.0 77.0 74.0 65.0 
72.0 51.0 71.0 76.0 65.0 93.0 91.0 74.0 122.0 89.0 95.0 89.0 73.0 107.0 101.0 36.0 18.0 32.0 50.0 99.0 117.0 95.0 69.0 70.0 97.0 77.0 59.0 41.0 19.0 0 35.0 57.0 73.0 55.0 49.0 
72.0 75.0 71.0 86.0 91.0 119.0 76.0 59.0 135.0 102.0 98.0 80.0 64.0 97.0 104.0 61.0 53.0 67.0 70.0 87.0 82.0 60.0 34.0 55.0 103.0 95.0 94.0 38.0 16.0 35.0 0 30.0 61.0 67.0 49.0 
62.0 45.0 41.0 59.0 90.0 91.0 99.0 82.0 119.0 94.0 89.0 76.0 60.0 67.0 99.0 31.0 49.0 58.0 40.0 57.0 92.0 71.0 45.0 66.0 78.0 65.0 83.0 68.0 46.0 57.0 30.0 0 31.0 49.0 79.0 
37.0 52.0 72.0 80.0 80.0 98.0 106.0 89.0 96.0 63.0 58.0 76.0 63.0 70.0 105.0 38.0 56.0 65.0 47.0 64.0 99.0 78.0 52.0 73.0 109.0 92.0 74.0 57.0 77.0 73.0 61.0 31.0 0 18.0 60.0 
19.0 45.0 65.0 83.0 62.0 90.0 91.0 83.0 114.0 81.0 76.0 87.0 71.0 78.0 98.0 56.0 73.0 83.0 65.0 82.0 115.0 93.0 70.0 81.0 114.0 74.0 56.0 75.0 74.0 55.0 67.0 49.0 18.0 0 42.0 
23.0 49.0 69.0 87.0 98.0 112.0 69.0 52.0 96.0 108.0 80.0 62.0 75.0 82.0 102.0 50.0 67.0 66.0 75.0 103.0 105.0 83.0 57.0 78.0 96.0 93.0 75.0 87.0 65.0 49.0 49.0 79.0 60.0 42.0 0 
