34
loc21 loc45 loc34 loc3 loc69 loc64 loc17 loc68 loc72 loc12 loc6 loc73 loc47 loc0 loc90 loc27 loc35 loc98 loc92 loc25 loc75 loc4 loc93 loc79 loc9 loc91 loc88 loc80 loc81 loc44 loc5 loc86 loc61 loc48
0 53.0 73.0 90.0 75.0 102.0 80.0 73.0 62.0 80.0 102.0 53.0 107.0 87.0 68.0 83.0 99.0 92.0 54.0 91.0 93.0 62.0 101.0 89.0 67.0 99.0 95.0 89.0 67.0 88.0 117.0 101.0 108.0 95.0 
53.0 0 54.0 83.0 59.0 86.0 93.0 76.0 63.0 94.0 112.0 57.0 66.0 84.0 91.0 69.0 78.0 93.0 72.0 95.0 65.0 75.0 105.0 74.0 112.0 65.0 107.0 94.0 90.0 56.0 97.0 77.0 99.0 75.0 
73.0 54.0 0 82.0 99.0 99.0 79.0 89.0 74.0 120.0 94.0 111.0 82.0 108.0 72.0 107.0 92.0 104.0 116.0 91.0 87.0 75.0 110.0 85.0 79.0 65.0 87.0 63.0 78.0 83.0 99.0 103.0 72.0 87.0 
90.0 83.0 82.0 0 54.0 65.0 90.0 94.0 71.0 74.0 67.0 55.0 58.0 96.0 69.0 58.0 86.0 64.0 109.0 90.0 89.0 94.0 83.0 97.0 106.0 58.0 61.0 54.0 104.0 62.0 63.0 56.0 74.0 91.0 
75.0 59.0 99.0 54.0 0 69.0 73.0 116.0 73.0 74.0 58.0 93.0 55.0 94.0 109.0 97.0 96.0 105.0 112.0 64.0 72.0 83.0 99.0 112.0 74.0 67.0 104.0 97.0 110.0 95.0 62.0 92.0 60.0 70.0 
102.0 86.0 99.0 65.0 69.0 0 50.0 60.0 111.0 91.0 96.0 61.0 57.0 98.0 53.0 67.0 73.0 89.0 87.0 62.0 61.0 82.0 72.0 80.0 93.0 57.0 91.0 64.0 96.0 52.0 78.0 98.0 94.0 93.0 
80.0 93.0 79.0 90.0 73.0 50.0 0 59.0 89.0 89.0 96.0 82.0 92.0 97.0 70.0 58.0 97.0 95.0 53.0 87.0 52.0 92.0 52.0 96.0 57.0 103.0 98.0 96.0 87.0 102.0 80.0 81.0 109.0 110.0 
73.0 76.0 89.0 94.0 116.0 60.0 59.0 0 80.0 88.0 97.0 94.0 63.0 86.0 104.0 108.0 71.0 82.0 84.0 111.0 88.0 52.0 84.0 73.0 57.0 91.0 80.0 108.0 108.0 72.0 97.0 85.0 79.0 94.0 
62.0 63.0 74.0 71.0 73.0 111.0 89.0 80.0 0 50.0 86.0 98.0 97.0 91.0 58.0 80.0 70.0 52.0 81.0 52.0 86.0 70.0 59.0 95.0 85.0 65.0 57.0 81.0 64.0 95.0 86.0 78.0 110.0 81.0 
80.0 94.0 120.0 74.0 74.0 91.0 89.0 88.0 50.0 0 52.0 99.0 89.0 87.0 106.0 107.0 112.0 64.0 76.0 101.0 108.0 84.0 98.0 91.0 53.0 102.0 90.0 79.0 73.0 70.0 71.0 69.0 65.0 95.0 
102.0 112.0 94.0 67.0 58.0 96.0 96.0 97.0 86.0 52.0 0 97.0 96.0 67.0 61.0 55.0 75.0 87.0 54.0 87.0 79.0 95.0 88.0 99.0 76.0 66.0 101.0 71.0 91.0 92.0 94.0 53.0 72.0 90.0 
53.0 57.0 111.0 55.0 93.0 61.0 82.0 94.0 98.0 99.0 97.0 0 82.0 65.0 98.0 81.0 62.0 107.0 72.0 50.0 73.0 62.0 94.0 88.0 88.0 93.0 77.0 86.0 97.0 94.0 98.0 56.0 63.0 72.0 
107.0 66.0 82.0 58.0 55.0 57.0 92.0 63.0 97.0 89.0 96.0 82.0 0 50.0 101.0 99.0 73.0 97.0 102.0 80.0 96.0 92.0 55.0 57.0 82.0 105.0 67.0 53.0 74.0 98.0 90.0 106.0 54.0 61.0 
87.0 84.0 108.0 96.0 94.0 98.0 97.0 86.0 91.0 87.0 67.0 65.0 50.0 0 51.0 53.0 62.0 107.0 102.0 85.0 70.0 69.0 90.0 65.0 68.0 116.0 73.0 70.0 75.0 93.0 89.0 58.0 76.0 89.0 
68.0 91.0 72.0 69.0 109.0 53.0 70.0 104.0 58.0 106.0 61.0 98.0 101.0 51.0 0 98.0 75.0 99.0 71.0 88.0 86.0 75.0 91.0 94.0 53.0 68.0 78.0 61.0 74.0 104.0 72.0 105.0 75.0 71.0 
83.0 69.0 107.0 58.0 97.0 67.0 58.0 108.0 80.0 107.0 55.0 81.0 99.0 53.0 98.0 0 92.0 94.0 85.0 93.0 93.0 113.0 107.0 80.0 62.0 75.0 75.0 81.0 69.0 77.0 81.0 74.0 84.0 93.0 
99.0 78.0 92.0 86.0 96.0 73.0 97.0 71.0 70.0 112.0 75.0 62.0 73.0 62.0 75.0 92.0 0 78.0 85.0 99.0 94.0 74.0 81.0 61.0 76.0 75.0 54.0 73.0 59.0 104.0 53.0 84.0 97.0 61.0 
92.0 93.0 104.0 64.0 105.0 89.0 95.0 82.0 52.0 64.0 87.0 107.0 97.0 107.0 99.0 94.0 78.0 0 50.0 86.0 75.0 54.0 72.0 90.0 73.0 66.0 61.0 66.0 70.0 80.0 108.0 71.0 75.0 78.0 
54.0 72.0 116.0 109.0 112.0 87.0 53.0 84.0 81.0 76.0 54.0 72.0 102.0 102.0 71.0 85.0 85.0 50.0 0 50.0 104.0 65.0 105.0 75.0 70.0 106.0 63.0 55.0 59.0 91.0 87.0 84.0 105.0 93.0 
91.0 95.0 91.0 90.0 64.0 62.0 87.0 111.0 52.0 101.0 87.0 50.0 80.0 85.0 88.0 93.0 99.0 86.0 50.0 0 59.0 78.0 94.0 58.0 64.0 74.0 82.0 89.0 89.0 90.0 61.0 89.0 58.0 85.0 
93.0 65.0 87.0 89.0 72.0 61.0 52.0 88.0 86.0 108.0 79.0 73.0 96.0 70.0 86.0 93.0 94.0 75.0 104.0 59.0 0 73.0 104.0 91.0 89.0 64.0 110.0 73.0 85.0 83.0 66.0 105.0 75.0 93.0 
62.0 75.0 75.0 94.0 83.0 82.0 92.0 52.0 70.0 84.0 95.0 62.0 92.0 69.0 75.0 113.0 74.0 54.0 65.0 78.0 73.0 0 75.0 59.0 96.0 74.0 55.0 96.0 98.0 93.0 55.0 74.0 95.0 112.0 
101.0 105.0 110.0 83.0 99.0 72.0 52.0 84.0 59.0 98.0 88.0 94.0 55.0 90.0 91.0 107.0 81.0 72.0 105.0 94.0 104.0 75.0 0 63.0 109.0 111.0 72.0 51.0 95.0 71.0 67.0 51.0 75.0 112.0 
89.0 74.0 85.0 97.0 112.0 80.0 96.0 73.0 95.0 91.0 99.0 88.0 57.0 65.0 94.0 80.0 61.0 90.0 75.0 58.0 91.0 59.0 63.0 0 52.0 62.0 97.0 78.0 64.0 82.0 83.0 53.0 70.0 71.0 
67.0 112.0 79.0 106.0 74.0 93.0 57.0 57.0 85.0 53.0 76.0 88.0 82.0 68.0 53.0 62.0 76.0 73.0 70.0 64.0 89.0 96.0 109.0 52.0 0 78.0 60.0 78.0 91.0 84.0 72.0 84.0 118.0 88.0 
99.0 65.0 65.0 58.0 67.0 57.0 103.0 91.0 65.0 102.0 66.0 93.0 105.0 116.0 68.0 75.0 75.0 66.0 106.0 74.0 64.0 74.0 111.0 62.0 78.0 0 50.0 75.0 55.0 106.0 94.0 60.0 78.0 65.0 
95.0 107.0 87.0 61.0 104.0 91.0 98.0 80.0 57.0 90.0 101.0 77.0 67.0 73.0 78.0 75.0 54.0 61.0 63.0 82.0 110.0 55.0 72.0 97.0 60.0 50.0 0 50.0 66.0 84.0 63.0 103.0 85.0 105.0 
89.0 94.0 63.0 54.0 97.0 64.0 96.0 108.0 81.0 79.0 71.0 86.0 53.0 70.0 61.0 81.0 73.0 66.0 55.0 89.0 73.0 96.0 51.0 78.0 78.0 75.0 50.0 0 51.0 79.0 103.0 64.0 71.0 61.0 
67.0 90.0 78.0 104.0 110.0 96.0 87.0 108.0 64.0 73.0 91.0 97.0 74.0 75.0 74.0 69.0 59.0 70.0 59.0 89.0 85.0 98.0 95.0 64.0 91.0 55.0 66.0 51.0 0 51.0 97.0 75.0 84.0 61.0 
88.0 56.0 83.0 62.0 95.0 52.0 102.0 72.0 95.0 70.0 92.0 94.0 98.0 93.0 104.0 77.0 104.0 80.0 91.0 90.0 83.0 93.0 71.0 82.0 84.0 106.0 84.0 79.0 51.0 0 51.0 62.0 63.0 103.0 
117.0 97.0 99.0 63.0 62.0 78.0 80.0 97.0 86.0 71.0 94.0 98.0 90.0 89.0 72.0 81.0 53.0 108.0 87.0 61.0 66.0 55.0 67.0 83.0 72.0 94.0 63.0 103.0 97.0 51.0 0 79.0 96.0 93.0 
101.0 77.0 103.0 56.0 92.0 98.0 81.0 85.0 78.0 69.0 53.0 56.0 106.0 58.0 105.0 74.0 84.0 71.0 84.0 89.0 105.0 74.0 51.0 53.0 84.0 60.0 103.0 64.0 75.0 62.0 79.0 0 57.0 89.0 
108.0 99.0 72.0 74.0 60.0 94.0 109.0 79.0 110.0 65.0 72.0 63.0 54.0 76.0 75.0 84.0 97.0 75.0 105.0 58.0 75.0 95.0 75.0 70.0 118.0 78.0 85.0 71.0 84.0 63.0 96.0 57.0 0 50.0 
95.0 75.0 87.0 91.0 70.0 93.0 110.0 94.0 81.0 95.0 90.0 72.0 61.0 89.0 71.0 93.0 61.0 78.0 93.0 85.0 93.0 112.0 112.0 71.0 88.0 65.0 105.0 61.0 61.0 103.0 93.0 89.0 50.0 0 
