20
8mH07eUDVB04ui35Z Tb5qjVS0DSkDKD 7F9H97joVTdU8ZEpeb tYEQUyLbbkP1dOjF 6mx6unEnl Kpec 8I1AatPM 9PHu2NLeEO JQX0b 4W QyWIcdD7GorZtfQJb AUKNFdTo tZ cPnISetFj7gG8o9K d8c IRUxJNqQHDtKwk SoHxfA eJxYI EJOi3LI92xJB EFLJOTk
0 87.61849 468.17584999999997 465.40842 408.22175 730.72088 699.67207 602.22194 727.62971 677.40239 887.02029 720.76765 572.98255 504.06195 377.18033 380.17101 293.62474 255.56604 199.32692 136.31214 
87.61849 0 445.9204 472.55552 433.96535000000006 816.8649600000001 783.69382 683.23495 791.22437 730.20887 938.47711 758.06398 609.53261 532.47231 442.00452 426.28418 353.90959 342.80753 283.3249 205.06097 
468.17584999999997 445.9204 0 145.4132 194.74342 898.01392 854.84326 733.02456 667.98877 550.17518 710.48223 483.51094 370.9407 298.51446999999996 447.1521 846.41597 663.4202599999999 581.98625 526.85482 418.31794 
465.40842 472.55552 145.4132 0 76.02631 770.0811 726.14324 604.72308 522.7925 405.7251 571.45429 348.75543 226.49062 153.10127 332.17465 827.42069 606.39921 512.52415 471.00543 380.94065 
408.22175 433.96535000000006 194.74342 76.02631 0 704.75102 661.31825 539.4905 485.14328 377.14321 562.22771 351.33602 211.54146 126.25371 259.6151 760.6609 532.63496 474.6311 424.75199 319.22727 
730.72088 816.8649600000001 898.01392 770.0811 704.75102 0 44.38468 165.36021 388.10566 494.7373 593.56718 647.7075 611.70254 635.78141 455.02747 759.65848 523.04504 479.71763 533.54006 621.92282 
699.67207 783.69382 854.84326 726.14324 661.31825 44.38468 0 121.82775 350.27418 453.11036 559.80354 605.74334 567.51564 591.63064 413.19245 748.51119 500.67554 451.84621 503.13517 588.79425 
602.22194 683.23495 733.02456 604.72308 539.4905 165.36021 121.82775 0 280.70269 359.2172 500.08999 523.84293 453.84138 472.23935 297.38141 703.60856 449.11464 370.80427 410.41368 481.75097 
727.62971 791.22437 667.98877 522.7925 485.14328 388.10566 350.27418 280.70269 0 132.87964 228.62046 338.50709 304.8967 369.75668 350.52532 930.79375 652.11453 555.25219 571.42366 591.52177 
677.40239 730.20887 550.17518 405.7251 377.14321 494.7373 453.11036 359.2172 132.87964 0 209.85948 208.26256999999998 179.23448 253.94684 311.10288 929.55258 649.94538 547.85765 548.86793 542.44355 
887.02029 938.47711 710.48223 571.45429 562.22771 593.56718 559.80354 500.08999 228.62046 209.85948 0 229.31419 351.32037 436.07339 520.07544 1131.91871 850.05882 750.50983 756.1666399999999 752.26192 
720.76765 758.06398 483.51094 348.75543 351.33602 647.7075 605.74334 523.84293 338.50709 208.26256999999998 229.31419 0 148.55639 230.56669 394.0977 1016.93854 745.74862 640.70873 628.98685 593.83247 
572.98255 609.53261 370.9407 226.49062 211.54146 611.70254 567.51564 453.84138 304.8967 179.23448 351.32037 148.55639 0 85.28775 268.88879 880.08693 616.24063 511.03131 491.04073 448.01786 
504.06195 532.47231 298.51446999999996 153.10127 126.25371 635.78141 591.63064 472.23935 369.75668 253.94684 436.07339 230.56669 85.28775 0 236.1779 821.62339 567.97887 464.72465 444.50023 379.03298 
377.18033 442.00452 447.1521 332.17465 259.6151 455.02747 413.19245 297.38141 350.52532 311.10288 520.07544 394.0977 268.88879 236.1779 0 624.71193 351.71011 246.61103 238.65666 241.00207 
380.17101 426.28418 846.41597 827.42069 760.6609 759.65848 748.51119 703.60856 930.79375 929.55258 1131.91871 1016.93854 880.08693 821.62339 624.71193 0 281.85989 387.06921 389.34304 451.55841 
293.62474 353.90959 663.42026 606.39921 532.63496 523.04504 500.67554 449.11464 652.11453 649.94538 850.05882 745.74862 616.24063 567.97887 351.71011 281.85989 0 105.20932 139.0863 245.89835 
255.56604 342.80753 581.98625 512.52415 474.6311 479.71763 451.84621 370.80427 555.25219 547.85765 750.50983 640.70873 511.03131 464.72465 246.61103 387.06921 105.20932 0 64.40497 180.24705 
199.32692 283.3249 526.85482 471.00543 424.75199 533.54006 503.13517 410.41368 571.42366 548.86793 756.1666399999999 628.98685 491.04073 444.50023 238.65666 389.34304 139.0863 64.40497 0 119.5522 
136.31214 205.06097 418.31794 380.94065 319.22727 621.92282 588.79425 481.75097 591.52177 542.44355 752.26192 593.83247 448.01786 379.03298 241.00207 451.55841 245.89835 180.24705 119.5522 0 
