41
185 6 196 175 3 37 113 166 24 125 68 159 195 60 41 172 116 5 57 146 43 40 107 119 174 53 182 70 85 109 59 22 187 115 163 134 19 105 144 30 0
0 1.0 2.0 1.0 2.0 2.0 2.0 1.0 1.0 2.0 2.0 1.0 1.0 2.0 2.0 2.0 2.0 2.0 2.0 2.0 2.0 2.0 2.0 2.0 2.0 1.0 1.0 2.0 2.0 1.0 2.0 1.0 2.0 1.0 1.0 2.0 2.0 2.0 1.0 2.0 1.0 
1.0 0 1.0 2.0 2.0 2.0 1.0 2.0 1.0 1.0 2.0 1.0 2.0 1.0 2.0 1.0 2.0 2.0 1.0 2.0 1.0 2.0 1.0 1.0 2.0 2.0 2.0 1.0 2.0 1.0 1.0 1.0 2.0 1.0 1.0 1.0 1.0 2.0 1.0 1.0 1.0 
2.0 1.0 0 1.0 2.0 2.0 2.0 1.0 1.0 1.0 1.0 2.0 2.0 1.0 2.0 2.0 2.0 1.0 2.0 1.0 1.0 1.0 1.0 1.0 1.0 2.0 1.0 2.0 1.0 1.0 2.0 2.0 1.0 2.0 2.0 2.0 1.0 2.0 1.0 2.0 1.0 
1.0 2.0 1.0 0 1.0 1.0 1.0 2.0 1.0 2.0 2.0 1.0 2.0 1.0 2.0 1.0 2.0 1.0 1.0 2.0 2.0 2.0 2.0 1.0 1.0 2.0 1.0 2.0 2.0 2.0 2.0 1.0 1.0 2.0 1.0 1.0 2.0 2.0 2.0 1.0 2.0 
2.0 2.0 2.0 1.0 0 1.0 2.0 2.0 1.0 2.0 1.0 1.0 2.0 2.0 2.0 1.0 2.0 1.0 2.0 2.0 1.0 2.0 2.0 2.0 2.0 2.0 1.0 2.0 1.0 1.0 1.0 2.0 1.0 1.0 2.0 2.0 1.0 1.0 1.0 1.0 2.0 
2.0 2.0 2.0 1.0 1.0 0 1.0 1.0 2.0 2.0 1.0 2.0 1.0 1.0 2.0 1.0 1.0 2.0 1.0 1.0 1.0 2.0 1.0 1.0 1.0 2.0 2.0 1.0 2.0 1.0 1.0 1.0 1.0 1.0 1.0 2.0 2.0 2.0 1.0 2.0 2.0 
2.0 1.0 2.0 1.0 2.0 1.0 0 1.0 2.0 1.0 1.0 1.0 2.0 1.0 2.0 1.0 2.0 1.0 1.0 2.0 2.0 2.0 1.0 2.0 2.0 1.0 1.0 1.0 2.0 2.0 2.0 1.0 1.0 1.0 2.0 2.0 2.0 1.0 2.0 2.0 2.0 
1.0 2.0 1.0 2.0 2.0 1.0 1.0 0 1.0 2.0 2.0 1.0 2.0 1.0 2.0 1.0 2.0 1.0 2.0 1.0 1.0 2.0 2.0 2.0 2.0 1.0 2.0 1.0 1.0 2.0 2.0 1.0 1.0 2.0 2.0 2.0 2.0 1.0 1.0 2.0 2.0 
1.0 1.0 1.0 1.0 1.0 2.0 2.0 1.0 0 1.0 2.0 2.0 1.0 1.0 2.0 1.0 2.0 2.0 2.0 1.0 1.0 1.0 1.0 2.0 1.0 2.0 2.0 1.0 2.0 2.0 1.0 2.0 2.0 2.0 2.0 1.0 2.0 2.0 1.0 1.0 1.0 
2.0 1.0 1.0 2.0 2.0 2.0 1.0 2.0 1.0 0 1.0 2.0 1.0 2.0 1.0 2.0 2.0 1.0 2.0 2.0 2.0 1.0 2.0 2.0 2.0 1.0 2.0 2.0 1.0 2.0 2.0 2.0 1.0 1.0 2.0 2.0 2.0 2.0 1.0 1.0 2.0 
2.0 2.0 1.0 2.0 1.0 1.0 1.0 2.0 2.0 1.0 0 1.0 2.0 1.0 2.0 1.0 1.0 2.0 2.0 1.0 2.0 2.0 1.0 1.0 2.0 2.0 1.0 1.0 2.0 2.0 2.0 2.0 2.0 2.0 2.0 1.0 2.0 1.0 1.0 1.0 1.0 
1.0 1.0 2.0 1.0 1.0 2.0 1.0 1.0 2.0 2.0 1.0 0 1.0 2.0 1.0 1.0 2.0 1.0 1.0 1.0 1.0 2.0 2.0 1.0 1.0 1.0 2.0 1.0 1.0 1.0 1.0 1.0 2.0 2.0 2.0 1.0 1.0 1.0 1.0 2.0 1.0 
1.0 2.0 2.0 2.0 2.0 1.0 2.0 2.0 1.0 1.0 2.0 1.0 0 1.0 2.0 1.0 2.0 1.0 2.0 2.0 1.0 2.0 1.0 1.0 1.0 2.0 2.0 1.0 2.0 2.0 2.0 1.0 2.0 2.0 1.0 1.0 1.0 2.0 2.0 2.0 1.0 
2.0 1.0 1.0 1.0 2.0 1.0 1.0 1.0 1.0 2.0 1.0 2.0 1.0 0 1.0 2.0 1.0 1.0 1.0 1.0 2.0 2.0 2.0 1.0 2.0 1.0 1.0 2.0 2.0 2.0 1.0 2.0 2.0 2.0 2.0 2.0 2.0 1.0 1.0 1.0 2.0 
2.0 2.0 2.0 2.0 2.0 2.0 2.0 2.0 2.0 1.0 2.0 1.0 2.0 1.0 0 1.0 2.0 1.0 2.0 2.0 1.0 2.0 1.0 1.0 1.0 1.0 2.0 1.0 1.0 2.0 1.0 2.0 1.0 1.0 1.0 2.0 1.0 1.0 2.0 2.0 1.0 
2.0 1.0 2.0 1.0 1.0 1.0 1.0 1.0 1.0 2.0 1.0 1.0 1.0 2.0 1.0 0 1.0 2.0 1.0 2.0 1.0 2.0 1.0 2.0 2.0 2.0 1.0 2.0 2.0 2.0 2.0 1.0 1.0 1.0 1.0 1.0 2.0 1.0 2.0 1.0 2.0 
2.0 2.0 2.0 2.0 2.0 1.0 2.0 2.0 2.0 2.0 1.0 2.0 2.0 1.0 2.0 1.0 0 1.0 2.0 2.0 2.0 2.0 2.0 2.0 1.0 1.0 1.0 1.0 2.0 1.0 2.0 2.0 2.0 1.0 1.0 1.0 1.0 2.0 2.0 2.0 1.0 
2.0 2.0 1.0 1.0 1.0 2.0 1.0 1.0 2.0 1.0 2.0 1.0 1.0 1.0 1.0 2.0 1.0 0 1.0 1.0 2.0 1.0 2.0 1.0 2.0 1.0 2.0 2.0 2.0 1.0 2.0 1.0 2.0 2.0 1.0 2.0 1.0 1.0 2.0 2.0 1.0 
2.0 1.0 2.0 1.0 2.0 1.0 1.0 2.0 2.0 2.0 2.0 1.0 2.0 1.0 2.0 1.0 2.0 1.0 0 2.0 1.0 1.0 2.0 1.0 1.0 1.0 2.0 1.0 1.0 2.0 1.0 2.0 2.0 1.0 1.0 2.0 1.0 1.0 2.0 2.0 1.0 
2.0 2.0 1.0 2.0 2.0 1.0 2.0 1.0 1.0 2.0 1.0 1.0 2.0 1.0 2.0 2.0 2.0 1.0 2.0 0 1.0 2.0 2.0 2.0 2.0 1.0 2.0 2.0 1.0 2.0 2.0 1.0 1.0 2.0 1.0 1.0 2.0 1.0 2.0 2.0 1.0 
2.0 1.0 1.0 2.0 1.0 1.0 2.0 1.0 1.0 2.0 2.0 1.0 1.0 2.0 1.0 1.0 2.0 2.0 1.0 1.0 0 1.0 2.0 2.0 1.0 2.0 1.0 2.0 2.0 2.0 1.0 1.0 2.0 2.0 2.0 2.0 2.0 1.0 2.0 2.0 1.0 
2.0 2.0 1.0 2.0 2.0 2.0 2.0 2.0 1.0 1.0 2.0 2.0 2.0 2.0 2.0 2.0 2.0 1.0 1.0 2.0 1.0 0 1.0 2.0 1.0 2.0 1.0 2.0 1.0 1.0 1.0 2.0 2.0 2.0 2.0 2.0 2.0 1.0 1.0 1.0 1.0 
2.0 1.0 1.0 2.0 2.0 1.0 1.0 2.0 1.0 2.0 1.0 2.0 1.0 2.0 1.0 1.0 2.0 2.0 2.0 2.0 2.0 1.0 0 1.0 2.0 1.0 2.0 1.0 2.0 2.0 1.0 1.0 2.0 2.0 1.0 2.0 2.0 1.0 1.0 2.0 2.0 
2.0 1.0 1.0 1.0 2.0 1.0 2.0 2.0 2.0 2.0 1.0 1.0 1.0 1.0 1.0 2.0 2.0 1.0 1.0 2.0 2.0 2.0 1.0 0 1.0 2.0 2.0 2.0 2.0 1.0 1.0 2.0 1.0 1.0 2.0 1.0 2.0 1.0 1.0 1.0 2.0 
2.0 2.0 1.0 1.0 2.0 1.0 2.0 2.0 1.0 2.0 2.0 1.0 1.0 2.0 1.0 2.0 1.0 2.0 1.0 2.0 1.0 1.0 2.0 1.0 0 1.0 2.0 2.0 2.0 2.0 1.0 2.0 2.0 2.0 1.0 2.0 2.0 2.0 1.0 1.0 1.0 
1.0 2.0 2.0 2.0 2.0 2.0 1.0 1.0 2.0 1.0 2.0 1.0 2.0 1.0 1.0 2.0 1.0 1.0 1.0 1.0 2.0 2.0 1.0 2.0 1.0 0 1.0 1.0 2.0 2.0 2.0 1.0 2.0 1.0 2.0 2.0 2.0 1.0 1.0 2.0 1.0 
1.0 2.0 1.0 1.0 1.0 2.0 1.0 2.0 2.0 2.0 1.0 2.0 2.0 1.0 2.0 1.0 1.0 2.0 2.0 2.0 1.0 1.0 2.0 2.0 2.0 1.0 0 1.0 2.0 2.0 2.0 1.0 1.0 1.0 1.0 2.0 2.0 2.0 1.0 2.0 2.0 
2.0 1.0 2.0 2.0 2.0 1.0 1.0 1.0 1.0 2.0 1.0 1.0 1.0 2.0 1.0 2.0 1.0 2.0 1.0 2.0 2.0 2.0 1.0 2.0 2.0 1.0 1.0 0 1.0 2.0 1.0 1.0 1.0 1.0 2.0 2.0 1.0 1.0 1.0 1.0 2.0 
2.0 2.0 1.0 2.0 1.0 2.0 2.0 1.0 2.0 1.0 2.0 1.0 2.0 2.0 1.0 2.0 2.0 2.0 1.0 1.0 2.0 1.0 2.0 2.0 2.0 2.0 2.0 1.0 0 1.0 1.0 2.0 1.0 2.0 1.0 2.0 2.0 1.0 1.0 2.0 2.0 
1.0 1.0 1.0 2.0 1.0 1.0 2.0 2.0 2.0 2.0 2.0 1.0 2.0 2.0 2.0 2.0 1.0 1.0 2.0 2.0 2.0 1.0 2.0 1.0 2.0 2.0 2.0 2.0 1.0 0 1.0 2.0 1.0 2.0 2.0 1.0 2.0 1.0 2.0 2.0 2.0 
2.0 1.0 2.0 2.0 1.0 1.0 2.0 2.0 1.0 2.0 2.0 1.0 2.0 1.0 1.0 2.0 2.0 2.0 1.0 2.0 1.0 1.0 1.0 1.0 1.0 2.0 2.0 1.0 1.0 1.0 0 1.0 1.0 2.0 2.0 1.0 1.0 2.0 1.0 2.0 2.0 
1.0 1.0 2.0 1.0 2.0 1.0 1.0 1.0 2.0 2.0 2.0 1.0 1.0 2.0 2.0 1.0 2.0 1.0 2.0 1.0 1.0 2.0 1.0 2.0 2.0 1.0 1.0 1.0 2.0 2.0 1.0 0 1.0 2.0 2.0 2.0 2.0 1.0 2.0 1.0 1.0 
2.0 2.0 1.0 1.0 1.0 1.0 1.0 1.0 2.0 1.0 2.0 2.0 2.0 2.0 1.0 1.0 2.0 2.0 2.0 1.0 2.0 2.0 2.0 1.0 2.0 2.0 1.0 1.0 1.0 1.0 1.0 1.0 0 1.0 2.0 1.0 2.0 1.0 2.0 2.0 1.0 
1.0 1.0 2.0 2.0 1.0 1.0 1.0 2.0 2.0 1.0 2.0 2.0 2.0 2.0 1.0 1.0 1.0 2.0 1.0 2.0 2.0 2.0 2.0 1.0 2.0 1.0 1.0 1.0 2.0 2.0 2.0 2.0 1.0 0 1.0 1.0 1.0 1.0 1.0 1.0 2.0 
1.0 1.0 2.0 1.0 2.0 1.0 2.0 2.0 2.0 2.0 2.0 2.0 1.0 2.0 1.0 1.0 1.0 1.0 1.0 1.0 2.0 2.0 1.0 2.0 1.0 2.0 1.0 2.0 1.0 2.0 2.0 2.0 2.0 1.0 0 1.0 2.0 2.0 1.0 2.0 2.0 
2.0 1.0 2.0 1.0 2.0 2.0 2.0 2.0 1.0 2.0 1.0 1.0 1.0 2.0 2.0 1.0 1.0 2.0 2.0 1.0 2.0 2.0 2.0 1.0 2.0 2.0 2.0 2.0 2.0 1.0 1.0 2.0 1.0 1.0 1.0 0 1.0 1.0 2.0 1.0 1.0 
2.0 1.0 1.0 2.0 1.0 2.0 2.0 2.0 2.0 2.0 2.0 1.0 1.0 2.0 1.0 2.0 1.0 1.0 1.0 2.0 2.0 2.0 2.0 2.0 2.0 2.0 2.0 1.0 2.0 2.0 1.0 2.0 2.0 1.0 2.0 1.0 0 1.0 2.0 1.0 1.0 
2.0 2.0 2.0 2.0 1.0 2.0 1.0 1.0 2.0 2.0 1.0 1.0 2.0 1.0 1.0 1.0 2.0 1.0 1.0 1.0 1.0 1.0 1.0 1.0 2.0 1.0 2.0 1.0 1.0 1.0 2.0 1.0 1.0 1.0 2.0 1.0 1.0 0 1.0 2.0 2.0 
1.0 1.0 1.0 2.0 1.0 1.0 2.0 1.0 1.0 1.0 1.0 1.0 2.0 1.0 2.0 2.0 2.0 2.0 2.0 2.0 2.0 1.0 1.0 1.0 1.0 1.0 1.0 1.0 1.0 2.0 1.0 2.0 2.0 1.0 1.0 2.0 2.0 1.0 0 1.0 1.0 
2.0 1.0 2.0 1.0 1.0 2.0 2.0 2.0 1.0 1.0 1.0 2.0 2.0 1.0 2.0 1.0 2.0 2.0 2.0 2.0 2.0 1.0 2.0 1.0 1.0 2.0 2.0 1.0 2.0 2.0 2.0 1.0 2.0 1.0 2.0 1.0 1.0 2.0 1.0 0 2.0 
1.0 1.0 1.0 2.0 2.0 2.0 2.0 2.0 1.0 2.0 1.0 1.0 1.0 2.0 1.0 2.0 1.0 1.0 1.0 1.0 1.0 1.0 2.0 2.0 1.0 1.0 2.0 2.0 2.0 2.0 2.0 1.0 1.0 2.0 2.0 1.0 1.0 2.0 1.0 2.0 0 
