48
21 24 26 29 16 33 31 35 36 41 53 46 81 71 66 60 61 76 86 101 102 94 96 105 106 127 121 116 111 141 156 136 151 131 130 146 165 171 181 176 186 166 193 1 6 11 12 0
0 110.0 1.0 98.0 1.0 31.0 111.0 201.0 213.0 313.0 408.0 314.0 427.0 425.0 424.0 528.0 423.0 426.0 643.0 743.0 846.0 831.0 742.0 840.0 744.0 591.0 592.0 593.0 594.0 497.0 494.0 498.0 495.0 499.0 605.0 496.0 505.0 199.0 197.0 198.0 196.0 200.0 189.0 4.0 3.0 2.0 106.0 5.0 
110.0 0 111.0 208.0 111.0 141.0 221.0 311.0 323.0 423.0 518.0 424.0 537.0 535.0 534.0 638.0 533.0 536.0 753.0 853.0 956.0 941.0 852.0 950.0 854.0 701.0 702.0 703.0 704.0 607.0 604.0 608.0 605.0 609.0 715.0 606.0 615.0 309.0 307.0 308.0 306.0 310.0 299.0 114.0 113.0 112.0 216.0 115.0 
1.0 111.0 0 97.0 2.0 30.0 110.0 200.0 212.0 312.0 407.0 313.0 426.0 424.0 423.0 527.0 422.0 425.0 642.0 742.0 845.0 830.0 741.0 839.0 743.0 592.0 593.0 594.0 595.0 498.0 495.0 499.0 496.0 500.0 606.0 497.0 506.0 200.0 198.0 199.0 197.0 201.0 190.0 5.0 4.0 3.0 107.0 6.0 
98.0 208.0 97.0 0 99.0 127.0 207.0 297.0 309.0 409.0 504.0 410.0 523.0 521.0 520.0 624.0 519.0 522.0 739.0 839.0 942.0 927.0 838.0 936.0 840.0 689.0 690.0 691.0 692.0 595.0 592.0 596.0 593.0 597.0 703.0 594.0 603.0 297.0 295.0 296.0 294.0 298.0 287.0 102.0 101.0 100.0 204.0 103.0 
1.0 111.0 2.0 99.0 0 32.0 112.0 202.0 214.0 314.0 409.0 315.0 428.0 426.0 425.0 529.0 424.0 427.0 644.0 744.0 847.0 832.0 743.0 841.0 745.0 590.0 591.0 592.0 593.0 496.0 493.0 497.0 494.0 498.0 604.0 495.0 504.0 198.0 196.0 197.0 195.0 199.0 188.0 3.0 2.0 1.0 105.0 4.0 
31.0 141.0 30.0 127.0 32.0 0 96.0 186.0 198.0 298.0 393.0 299.0 412.0 410.0 409.0 513.0 408.0 411.0 628.0 728.0 831.0 816.0 727.0 825.0 729.0 622.0 623.0 624.0 625.0 528.0 525.0 529.0 526.0 530.0 636.0 527.0 536.0 230.0 228.0 229.0 227.0 231.0 220.0 35.0 34.0 33.0 137.0 36.0 
111.0 221.0 110.0 207.0 112.0 96.0 0 90.0 102.0 202.0 297.0 203.0 316.0 314.0 313.0 417.0 312.0 315.0 532.0 632.0 735.0 720.0 631.0 729.0 633.0 702.0 703.0 704.0 705.0 608.0 605.0 609.0 606.0 610.0 716.0 607.0 616.0 310.0 308.0 309.0 307.0 311.0 300.0 115.0 114.0 113.0 217.0 116.0 
201.0 311.0 200.0 297.0 202.0 186.0 90.0 0 192.0 292.0 387.0 293.0 406.0 404.0 403.0 507.0 402.0 405.0 622.0 722.0 825.0 810.0 721.0 819.0 723.0 792.0 793.0 794.0 795.0 698.0 695.0 699.0 696.0 700.0 806.0 697.0 706.0 400.0 398.0 399.0 397.0 401.0 390.0 205.0 204.0 203.0 307.0 206.0 
213.0 323.0 212.0 309.0 214.0 198.0 102.0 192.0 0 100.0 195.0 101.0 214.0 212.0 211.0 315.0 210.0 213.0 430.0 530.0 633.0 618.0 529.0 627.0 531.0 715.0 714.0 713.0 712.0 710.0 707.0 711.0 708.0 712.0 818.0 709.0 718.0 412.0 410.0 411.0 409.0 413.0 402.0 217.0 216.0 215.0 319.0 218.0 
313.0 423.0 312.0 409.0 314.0 298.0 202.0 292.0 100.0 0 95.0 1.0 114.0 112.0 111.0 215.0 110.0 113.0 330.0 430.0 533.0 518.0 429.0 527.0 431.0 615.0 614.0 613.0 612.0 709.0 712.0 708.0 711.0 707.0 811.0 710.0 818.0 512.0 510.0 511.0 509.0 513.0 502.0 317.0 316.0 315.0 419.0 318.0 
408.0 518.0 407.0 504.0 409.0 393.0 297.0 387.0 195.0 95.0 0 94.0 205.0 203.0 202.0 306.0 201.0 204.0 421.0 521.0 624.0 609.0 520.0 618.0 522.0 706.0 705.0 704.0 703.0 800.0 803.0 799.0 802.0 798.0 902.0 801.0 913.0 607.0 605.0 606.0 604.0 608.0 597.0 412.0 411.0 410.0 514.0 413.0 
314.0 424.0 313.0 410.0 315.0 299.0 203.0 293.0 101.0 1.0 94.0 0 113.0 111.0 110.0 214.0 109.0 112.0 329.0 429.0 532.0 517.0 428.0 526.0 430.0 614.0 613.0 612.0 611.0 708.0 711.0 707.0 710.0 706.0 810.0 709.0 819.0 513.0 511.0 512.0 510.0 514.0 503.0 318.0 317.0 316.0 420.0 319.0 
427.0 537.0 426.0 523.0 428.0 412.0 316.0 406.0 214.0 114.0 205.0 113.0 0 2.0 3.0 111.0 4.0 1.0 216.0 316.0 419.0 404.0 315.0 413.0 317.0 501.0 500.0 499.0 498.0 595.0 598.0 594.0 597.0 593.0 697.0 596.0 795.0 626.0 624.0 625.0 623.0 627.0 616.0 431.0 430.0 429.0 533.0 432.0 
425.0 535.0 424.0 521.0 426.0 410.0 314.0 404.0 212.0 112.0 203.0 111.0 2.0 0 1.0 109.0 2.0 1.0 218.0 318.0 421.0 406.0 317.0 415.0 319.0 503.0 502.0 501.0 500.0 597.0 600.0 596.0 599.0 595.0 699.0 598.0 797.0 624.0 622.0 623.0 621.0 625.0 614.0 429.0 428.0 427.0 531.0 430.0 
424.0 534.0 423.0 520.0 425.0 409.0 313.0 403.0 211.0 111.0 202.0 110.0 3.0 1.0 0 108.0 1.0 2.0 219.0 319.0 422.0 407.0 318.0 416.0 320.0 504.0 503.0 502.0 501.0 598.0 601.0 597.0 600.0 596.0 700.0 599.0 798.0 623.0 621.0 622.0 620.0 624.0 613.0 428.0 427.0 426.0 530.0 429.0 
528.0 638.0 527.0 624.0 529.0 513.0 417.0 507.0 315.0 215.0 306.0 214.0 111.0 109.0 108.0 0 107.0 110.0 327.0 427.0 530.0 515.0 426.0 524.0 428.0 612.0 611.0 610.0 609.0 706.0 709.0 705.0 708.0 704.0 808.0 707.0 906.0 727.0 725.0 726.0 724.0 728.0 717.0 532.0 531.0 530.0 634.0 533.0 
423.0 533.0 422.0 519.0 424.0 408.0 312.0 402.0 210.0 110.0 201.0 109.0 4.0 2.0 1.0 107.0 0 3.0 220.0 320.0 423.0 408.0 319.0 417.0 321.0 505.0 504.0 503.0 502.0 599.0 602.0 598.0 601.0 597.0 701.0 600.0 799.0 622.0 620.0 621.0 619.0 623.0 612.0 427.0 426.0 425.0 529.0 428.0 
426.0 536.0 425.0 522.0 427.0 411.0 315.0 405.0 213.0 113.0 204.0 112.0 1.0 1.0 2.0 110.0 3.0 0 217.0 317.0 420.0 405.0 316.0 414.0 318.0 502.0 501.0 500.0 499.0 596.0 599.0 595.0 598.0 594.0 698.0 597.0 796.0 625.0 623.0 624.0 622.0 626.0 615.0 430.0 429.0 428.0 532.0 431.0 
643.0 753.0 642.0 739.0 644.0 628.0 532.0 622.0 430.0 330.0 421.0 329.0 216.0 218.0 219.0 327.0 220.0 217.0 0 100.0 203.0 188.0 99.0 197.0 101.0 285.0 284.0 283.0 282.0 379.0 382.0 378.0 381.0 377.0 481.0 380.0 579.0 677.0 679.0 678.0 680.0 676.0 832.0 647.0 646.0 645.0 749.0 648.0 
743.0 853.0 742.0 839.0 744.0 728.0 632.0 722.0 530.0 430.0 521.0 429.0 316.0 318.0 319.0 427.0 320.0 317.0 100.0 0 103.0 92.0 1.0 97.0 1.0 185.0 184.0 183.0 182.0 279.0 282.0 278.0 281.0 277.0 381.0 280.0 479.0 577.0 579.0 578.0 580.0 576.0 883.0 747.0 746.0 745.0 849.0 748.0 
846.0 956.0 845.0 942.0 847.0 831.0 735.0 825.0 633.0 533.0 624.0 532.0 419.0 421.0 422.0 530.0 423.0 420.0 203.0 103.0 0 195.0 104.0 200.0 104.0 288.0 287.0 286.0 285.0 382.0 385.0 381.0 384.0 380.0 484.0 383.0 582.0 680.0 682.0 681.0 683.0 679.0 986.0 850.0 849.0 848.0 952.0 851.0 
831.0 941.0 830.0 927.0 832.0 816.0 720.0 810.0 618.0 518.0 609.0 517.0 404.0 406.0 407.0 515.0 408.0 405.0 188.0 92.0 195.0 0 91.0 189.0 93.0 277.0 276.0 275.0 274.0 371.0 374.0 370.0 373.0 369.0 473.0 372.0 571.0 669.0 671.0 670.0 672.0 668.0 975.0 835.0 834.0 833.0 937.0 836.0 
742.0 852.0 741.0 838.0 743.0 727.0 631.0 721.0 529.0 429.0 520.0 428.0 315.0 317.0 318.0 426.0 319.0 316.0 99.0 1.0 104.0 91.0 0 98.0 2.0 186.0 185.0 184.0 183.0 280.0 283.0 279.0 282.0 278.0 382.0 281.0 480.0 578.0 580.0 579.0 581.0 577.0 884.0 746.0 745.0 744.0 848.0 747.0 
840.0 950.0 839.0 936.0 841.0 825.0 729.0 819.0 627.0 527.0 618.0 526.0 413.0 415.0 416.0 524.0 417.0 414.0 197.0 97.0 200.0 189.0 98.0 0 98.0 282.0 281.0 280.0 279.0 376.0 379.0 375.0 378.0 374.0 478.0 377.0 576.0 674.0 676.0 675.0 677.0 673.0 980.0 844.0 843.0 842.0 946.0 845.0 
744.0 854.0 743.0 840.0 745.0 729.0 633.0 723.0 531.0 431.0 522.0 430.0 317.0 319.0 320.0 428.0 321.0 318.0 101.0 1.0 104.0 93.0 2.0 98.0 0 184.0 183.0 182.0 181.0 278.0 281.0 277.0 280.0 276.0 380.0 279.0 478.0 576.0 578.0 577.0 579.0 575.0 882.0 748.0 747.0 746.0 850.0 749.0 
591.0 701.0 592.0 689.0 590.0 622.0 702.0 792.0 715.0 615.0 706.0 614.0 501.0 503.0 504.0 612.0 505.0 502.0 285.0 185.0 288.0 277.0 186.0 282.0 184.0 0 1.0 2.0 3.0 94.0 97.0 93.0 96.0 92.0 196.0 95.0 294.0 392.0 394.0 393.0 395.0 391.0 698.0 587.0 588.0 589.0 693.0 586.0 
592.0 702.0 593.0 690.0 591.0 623.0 703.0 793.0 714.0 614.0 705.0 613.0 500.0 502.0 503.0 611.0 504.0 501.0 284.0 184.0 287.0 276.0 185.0 281.0 183.0 1.0 0 1.0 2.0 95.0 98.0 94.0 97.0 93.0 197.0 96.0 295.0 393.0 395.0 394.0 396.0 392.0 699.0 588.0 589.0 590.0 694.0 587.0 
593.0 703.0 594.0 691.0 592.0 624.0 704.0 794.0 713.0 613.0 704.0 612.0 499.0 501.0 502.0 610.0 503.0 500.0 283.0 183.0 286.0 275.0 184.0 280.0 182.0 2.0 1.0 0 1.0 96.0 99.0 95.0 98.0 94.0 198.0 97.0 296.0 394.0 396.0 395.0 397.0 393.0 700.0 589.0 590.0 591.0 695.0 588.0 
594.0 704.0 595.0 692.0 593.0 625.0 705.0 795.0 712.0 612.0 703.0 611.0 498.0 500.0 501.0 609.0 502.0 499.0 282.0 182.0 285.0 274.0 183.0 279.0 181.0 3.0 2.0 1.0 0 97.0 100.0 96.0 99.0 95.0 199.0 98.0 297.0 395.0 397.0 396.0 398.0 394.0 701.0 590.0 591.0 592.0 696.0 589.0 
497.0 607.0 498.0 595.0 496.0 528.0 608.0 698.0 710.0 709.0 800.0 708.0 595.0 597.0 598.0 706.0 599.0 596.0 379.0 279.0 382.0 371.0 280.0 376.0 278.0 94.0 95.0 96.0 97.0 0 3.0 1.0 2.0 2.0 108.0 1.0 200.0 298.0 300.0 299.0 301.0 297.0 604.0 493.0 494.0 495.0 599.0 492.0 
494.0 604.0 495.0 592.0 493.0 525.0 605.0 695.0 707.0 712.0 803.0 711.0 598.0 600.0 601.0 709.0 602.0 599.0 382.0 282.0 385.0 374.0 283.0 379.0 281.0 97.0 98.0 99.0 100.0 3.0 0 4.0 1.0 5.0 111.0 2.0 197.0 295.0 297.0 296.0 298.0 294.0 601.0 490.0 491.0 492.0 596.0 489.0 
498.0 608.0 499.0 596.0 497.0 529.0 609.0 699.0 711.0 708.0 799.0 707.0 594.0 596.0 597.0 705.0 598.0 595.0 378.0 278.0 381.0 370.0 279.0 375.0 277.0 93.0 94.0 95.0 96.0 1.0 4.0 0 3.0 1.0 107.0 2.0 201.0 299.0 301.0 300.0 302.0 298.0 605.0 494.0 495.0 496.0 600.0 493.0 
495.0 605.0 496.0 593.0 494.0 526.0 606.0 696.0 708.0 711.0 802.0 710.0 597.0 599.0 600.0 708.0 601.0 598.0 381.0 281.0 384.0 373.0 282.0 378.0 280.0 96.0 97.0 98.0 99.0 2.0 1.0 3.0 0 4.0 110.0 1.0 198.0 296.0 298.0 297.0 299.0 295.0 602.0 491.0 492.0 493.0 597.0 490.0 
499.0 609.0 500.0 597.0 498.0 530.0 610.0 700.0 712.0 707.0 798.0 706.0 593.0 595.0 596.0 704.0 597.0 594.0 377.0 277.0 380.0 369.0 278.0 374.0 276.0 92.0 93.0 94.0 95.0 2.0 5.0 1.0 4.0 0 106.0 3.0 202.0 300.0 302.0 301.0 303.0 299.0 606.0 495.0 496.0 497.0 601.0 494.0 
605.0 715.0 606.0 703.0 604.0 636.0 716.0 806.0 818.0 811.0 902.0 810.0 697.0 699.0 700.0 808.0 701.0 698.0 481.0 381.0 484.0 473.0 382.0 478.0 380.0 196.0 197.0 198.0 199.0 108.0 111.0 107.0 110.0 106.0 0 109.0 308.0 406.0 408.0 407.0 409.0 405.0 712.0 601.0 602.0 603.0 707.0 600.0 
496.0 606.0 497.0 594.0 495.0 527.0 607.0 697.0 709.0 710.0 801.0 709.0 596.0 598.0 599.0 707.0 600.0 597.0 380.0 280.0 383.0 372.0 281.0 377.0 279.0 95.0 96.0 97.0 98.0 1.0 2.0 2.0 1.0 3.0 109.0 0 199.0 297.0 299.0 298.0 300.0 296.0 603.0 492.0 493.0 494.0 598.0 491.0 
505.0 615.0 506.0 603.0 504.0 536.0 616.0 706.0 718.0 818.0 913.0 819.0 795.0 797.0 798.0 906.0 799.0 796.0 579.0 479.0 582.0 571.0 480.0 576.0 478.0 294.0 295.0 296.0 297.0 200.0 197.0 201.0 198.0 202.0 308.0 199.0 0 306.0 308.0 307.0 309.0 305.0 612.0 501.0 502.0 503.0 607.0 500.0 
199.0 309.0 200.0 297.0 198.0 230.0 310.0 400.0 412.0 512.0 607.0 513.0 626.0 624.0 623.0 727.0 622.0 625.0 677.0 577.0 680.0 669.0 578.0 674.0 576.0 392.0 393.0 394.0 395.0 298.0 295.0 299.0 296.0 300.0 406.0 297.0 306.0 0 2.0 1.0 3.0 1.0 306.0 195.0 196.0 197.0 301.0 194.0 
197.0 307.0 198.0 295.0 196.0 228.0 308.0 398.0 410.0 510.0 605.0 511.0 624.0 622.0 621.0 725.0 620.0 623.0 679.0 579.0 682.0 671.0 580.0 676.0 578.0 394.0 395.0 396.0 397.0 300.0 297.0 301.0 298.0 302.0 408.0 299.0 308.0 2.0 0 1.0 1.0 3.0 304.0 193.0 194.0 195.0 299.0 192.0 
198.0 308.0 199.0 296.0 197.0 229.0 309.0 399.0 411.0 511.0 606.0 512.0 625.0 623.0 622.0 726.0 621.0 624.0 678.0 578.0 681.0 670.0 579.0 675.0 577.0 393.0 394.0 395.0 396.0 299.0 296.0 300.0 297.0 301.0 407.0 298.0 307.0 1.0 1.0 0 2.0 2.0 305.0 194.0 195.0 196.0 300.0 193.0 
196.0 306.0 197.0 294.0 195.0 227.0 307.0 397.0 409.0 509.0 604.0 510.0 623.0 621.0 620.0 724.0 619.0 622.0 680.0 580.0 683.0 672.0 581.0 677.0 579.0 395.0 396.0 397.0 398.0 301.0 298.0 302.0 299.0 303.0 409.0 300.0 309.0 3.0 1.0 2.0 0 4.0 303.0 192.0 193.0 194.0 298.0 191.0 
200.0 310.0 201.0 298.0 199.0 231.0 311.0 401.0 413.0 513.0 608.0 514.0 627.0 625.0 624.0 728.0 623.0 626.0 676.0 576.0 679.0 668.0 577.0 673.0 575.0 391.0 392.0 393.0 394.0 297.0 294.0 298.0 295.0 299.0 405.0 296.0 305.0 1.0 3.0 2.0 4.0 0 307.0 196.0 197.0 198.0 302.0 195.0 
189.0 299.0 190.0 287.0 188.0 220.0 300.0 390.0 402.0 502.0 597.0 503.0 616.0 614.0 613.0 717.0 612.0 615.0 832.0 883.0 986.0 975.0 884.0 980.0 882.0 698.0 699.0 700.0 701.0 604.0 601.0 605.0 602.0 606.0 712.0 603.0 612.0 306.0 304.0 305.0 303.0 307.0 0 185.0 186.0 187.0 291.0 184.0 
4.0 114.0 5.0 102.0 3.0 35.0 115.0 205.0 217.0 317.0 412.0 318.0 431.0 429.0 428.0 532.0 427.0 430.0 647.0 747.0 850.0 835.0 746.0 844.0 748.0 587.0 588.0 589.0 590.0 493.0 490.0 494.0 491.0 495.0 601.0 492.0 501.0 195.0 193.0 194.0 192.0 196.0 185.0 0 1.0 2.0 106.0 1.0 
3.0 113.0 4.0 101.0 2.0 34.0 114.0 204.0 216.0 316.0 411.0 317.0 430.0 428.0 427.0 531.0 426.0 429.0 646.0 746.0 849.0 834.0 745.0 843.0 747.0 588.0 589.0 590.0 591.0 494.0 491.0 495.0 492.0 496.0 602.0 493.0 502.0 196.0 194.0 195.0 193.0 197.0 186.0 1.0 0 1.0 105.0 2.0 
2.0 112.0 3.0 100.0 1.0 33.0 113.0 203.0 215.0 315.0 410.0 316.0 429.0 427.0 426.0 530.0 425.0 428.0 645.0 745.0 848.0 833.0 744.0 842.0 746.0 589.0 590.0 591.0 592.0 495.0 492.0 496.0 493.0 497.0 603.0 494.0 503.0 197.0 195.0 196.0 194.0 198.0 187.0 2.0 1.0 0 104.0 3.0 
106.0 216.0 107.0 204.0 105.0 137.0 217.0 307.0 319.0 419.0 514.0 420.0 533.0 531.0 530.0 634.0 529.0 532.0 749.0 849.0 952.0 937.0 848.0 946.0 850.0 693.0 694.0 695.0 696.0 599.0 596.0 600.0 597.0 601.0 707.0 598.0 607.0 301.0 299.0 300.0 298.0 302.0 291.0 106.0 105.0 104.0 0 107.0 
5.0 115.0 6.0 103.0 4.0 36.0 116.0 206.0 218.0 318.0 413.0 319.0 432.0 430.0 429.0 533.0 428.0 431.0 648.0 748.0 851.0 836.0 747.0 845.0 749.0 586.0 587.0 588.0 589.0 492.0 489.0 493.0 490.0 494.0 600.0 491.0 500.0 194.0 192.0 193.0 191.0 195.0 184.0 1.0 2.0 3.0 107.0 0 
