44
H2BV5cDz 2mQchaeu B0wYReom 8e8OWOIi sR6JAufL xULc5Xg4 1aJdK4y9 K3J88UDV 6nj6dyOK UfRMeyI7 mXjWiYol o1w8sSXK c9Hgvc9w q1vN3eei FPDwKJIj OpfVa1HT 0zB29H2A R4zDiMu3 ucMA0iSv tDh0gTYH xTHVuNZl yqX5KOVJ ayFODfwg S9dNuWxm rGjz0gOd AMieum8U NL9qZEp0 iT0t8noc 9IHe97Yy mjMe14fC 7IV7YjRX JMul31yq WlxPulQd 8ni5D4t7 lvlSObqb 8tOszPqV nKZTEeUl PagRRYIg 1cr6aFpX aPSEsY2w E85AysUp a7ZQHfuF hc6YxxqG BY5DUgv6
0 223.04 240.39999999999998 297.37 311.2 401.96999999999997 456.29 522.22 580.22 613.9100000000001 679.72 685.59 803.43 825.5899999999999 918.55 1030.79 1108.25 1134.27 1172.5 1249.07 1289.8799999999999 1309.79 1636.5699999999997 1652.4699999999998 1750.9699999999998 1778.2599999999998 1731.4499999999998 1676.63 1599.26 1470.86 1444.16 1395.03 1362.55 1316.59 717.94 650.3199999999999 550.75 517.4100000000001 472.67 404.54 409.76 357.66 397.29 34.91 
223.04 0 17.36 75.45 89.28 178.93 234.17000000000002 300.1 358.1 391.79 457.25 467.31000000000006 594.74 616.9 708.86 821.1000000000001 898.5600000000002 924.5800000000002 962.8100000000002 1038.29 1079.1 1099.01 1417.4799999999998 1433.3799999999999 1531.8799999999999 1559.4399999999998 1521.7600000000002 1483.4499999999998 1402.83 1262.1100000000001 1235.3600000000001 1175.7 1142.88 1132.94 646.43 550.73 477.92 542.9300000000001 524.6800000000001 621.85 576.8399999999999 552.7 593.73 255.66 
240.4 17.36 0 58.09 71.92 161.57 216.81 282.74 340.74 374.43 439.89000000000004 449.95000000000005 577.3800000000001 599.5400000000001 691.5 803.7400000000001 881.2000000000002 907.2200000000001 945.4500000000002 1022.0200000000001 1062.8300000000002 1082.7400000000002 1400.12 1416.02 1514.52 1542.08 1504.4 1466.09 1385.47 1275.66 1249.52 1189.86 1157.04 1115.58 663.43 567.73 494.92 554.7 507.32000000000005 639.21 594.1999999999999 570.0600000000001 611.09 273.02000000000004 
297.37 75.45 58.09 0 13.83 105.22 160.46 226.39000000000001 284.39 318.08 386.52 393.6 520.6700000000001 542.83 633.41 745.6500000000001 823.1100000000001 849.1300000000001 887.3600000000001 963.9300000000001 1004.74 1024.65 1342.56 1358.46 1456.96 1484.52 1446.31 1409.74 1329.1200000000001 1217.57 1197.52 1137.86 1105.04 1063.16 719.9 625.8199999999999 540.26 605.27 560.21 697.3000000000001 652.29 625.78 665.41 305.12 
311.2 89.28 71.92 13.83 0 91.39 146.63 212.56 270.56 304.25 372.69 379.77000000000004 506.84000000000003 529.0 621.96 734.2000000000002 811.6600000000002 837.6800000000002 875.9100000000002 952.4800000000001 993.2900000000002 1013.2000000000002 1328.7299999999998 1344.6299999999999 1443.1299999999999 1470.6899999999998 1434.8600000000001 1395.9099999999999 1315.29 1203.74 1183.6899999999998 1124.0299999999997 1091.2099999999998 1049.3300000000002 729.5 639.6500000000001 554.09 619.1 574.0400000000001 698.2 666.1199999999999 639.6099999999999 679.2399999999999 291.29 
401.96999999999997 178.93 161.57 105.22 91.39 0 55.24 121.17000000000002 179.17000000000002 212.86 281.3 288.38000000000005 415.81000000000006 437.9700000000001 530.9300000000001 643.1700000000002 720.47 746.49 784.72 861.29 902.0999999999999 922.0099999999999 1238.6499999999999 1254.55 1353.05 1380.61 1343.8300000000002 1304.52 1223.9 1119.7 1092.95 1037.46 1004.6400000000001 957.94 820.89 729.3 645.48 685.08 637.7 789.59 747.17 731.0 770.63 382.68 
456.29 234.17000000000002 216.81 160.46 146.63 55.24 0 65.93 123.93 157.62 226.09 233.14000000000004 360.57000000000005 382.7300000000001 475.69000000000005 587.9300000000002 665.23 691.25 729.48 806.05 846.8599999999999 866.7699999999999 1188.81 1204.71 1303.21 1330.77 1288.5900000000001 1249.28 1168.66 1064.46 1037.71 986.2200000000001 953.4000000000001 906.7 876.13 784.54 691.52 740.32 692.94 844.83 802.41 786.24 825.87 437.92 
522.22 300.1 282.74 226.39000000000004 212.56000000000003 121.17000000000002 65.93 0 58.0 91.69 160.16 167.21 294.64 316.8 409.76 522.0000000000001 599.3 625.3199999999999 663.55 740.1199999999999 780.9299999999998 800.8399999999998 1122.8799999999999 1138.78 1237.28 1264.84 1222.66 1183.35 1102.73 998.53 971.78 920.2900000000001 887.47 840.77 940.81 845.11 757.45 806.2500000000001 758.8700000000001 910.7600000000001 868.34 794.92 835.9499999999999 503.85 
580.22 358.1 340.74 284.39000000000004 270.56000000000006 179.17000000000002 123.93 58.0 0 33.69 102.16 109.21000000000001 236.64000000000001 258.8 351.76 464.0 541.46 567.48 605.71 682.28 723.0899999999999 742.9999999999999 1069.78 1085.68 1179.92 1207.48 1164.6599999999999 1150.75 1074.93 940.53 913.78 862.2900000000001 829.47 782.77 905.5799999999999 815.26 715.6899999999999 780.6999999999999 781.5899999999999 956.35 859.3000000000001 852.92 893.9499999999999 561.8500000000001 
613.9100000000001 391.7900000000001 374.43000000000006 318.08 304.25 212.86 157.62 91.69 33.69 0 68.47 79.62 207.05 229.21 322.17 433.55 511.01 537.03 575.05 651.6199999999999 691.55 711.4599999999999 1038.24 1054.14 1146.23 1173.79 1133.79 1119.46 1061.8400000000001 915.0100000000001 888.2600000000001 828.6000000000001 795.7800000000001 749.08 904.91 814.5899999999999 715.02 780.03 747.9 922.66 825.61 886.6099999999999 927.6399999999999 595.54 
679.72 457.25000000000006 439.89000000000004 386.52000000000004 372.69000000000005 281.3 226.09 160.16 102.16 68.47 0 11.15 138.57999999999998 160.73999999999998 253.7 365.94 443.4 469.41999999999996 507.65 584.2199999999999 625.03 644.9399999999999 969.81 985.7099999999999 1084.21 1111.77 1066.6 1073.9900000000002 993.3700000000001 846.5400000000001 819.7900000000001 760.1300000000001 727.3100000000001 680.61 963.7099999999999 873.3899999999999 773.8199999999999 726.81 679.43 885.9499999999998 788.8999999999999 955.0799999999999 996.1099999999999 663.98 
685.59 467.31000000000006 449.95000000000005 393.59999999999997 379.77 288.38 233.14000000000001 167.21 109.21000000000001 79.62 11.15 0 127.43 149.59 242.55 354.79 432.25 458.27 496.5 573.0699999999999 613.8799999999999 633.7899999999998 960.5699999999999 976.4699999999999 1074.9699999999998 1102.26 1055.45 1067.98 995.0 856.84 830.09 771.2800000000001 738.46 691.76 952.56 862.24 762.67 737.9599999999999 690.5799999999999 897.0999999999998 800.0499999999998 962.13 1003.16 671.06 
803.43 594.7400000000001 577.3800000000001 520.6700000000001 506.84000000000003 415.81000000000006 360.57000000000005 294.64000000000004 236.64000000000004 207.05 138.58 127.43 0 22.16 115.11999999999999 227.35999999999999 304.82 330.84 369.07 445.64000000000004 486.45000000000005 506.36000000000007 833.1400000000001 849.0400000000001 947.5400000000001 974.8299999999999 928.02 996.86 966.77 860.25 833.5 780.81 813.63 819.19 1058.27 967.95 868.38 865.39 818.01 1024.51 927.4799999999999 1089.56 1130.59 798.1300000000001 
825.5899999999999 616.9000000000001 599.5400000000001 542.83 529.0 437.97 382.73 316.8 258.8 229.21 160.74 149.59 22.16 0 92.96 205.2 282.65999999999997 308.67999999999995 346.90999999999997 423.47999999999996 464.28999999999996 484.2 810.98 826.88 925.38 952.67 905.8599999999999 974.6999999999999 984.9200000000001 838.09 811.34 758.65 791.47 836.09 1079.42 989.0999999999999 889.53 885.62 840.17 1046.67 949.6399999999999 1111.72 1143.04 820.29 
918.55 708.86 691.5 633.41 621.96 530.9300000000001 475.69000000000005 409.76000000000005 351.76000000000005 322.17 253.70000000000002 242.55 115.11999999999999 92.96 0 112.24000000000001 189.7 215.72 253.95 330.52000000000004 371.33000000000004 391.24000000000007 718.02 733.92 832.42 859.9799999999999 812.9 881.74 926.0699999999999 929.04 904.3000000000001 851.61 848.26 894.96 1142.98 1073.61 974.04 978.58 933.13 1139.63 1042.6 1204.68 1236.0 913.25 
1030.79 821.1 803.74 745.65 734.2 643.1700000000001 587.9300000000001 522.0 464.0 433.55 365.93999999999994 354.78999999999996 227.35999999999999 205.2 112.24000000000001 0 77.46 103.47999999999999 141.70999999999998 218.27999999999997 259.09 279.0 605.78 621.68 720.18 747.7399999999999 700.66 769.5 828.71 919.77 893.02 833.36 800.54 847.24 1255.22 1170.48 1086.28 1090.82 1045.37 1251.87 1154.84 1315.16 1348.24 1025.49 
1108.25 898.56 881.1999999999999 823.1099999999999 811.6600000000001 720.47 665.23 599.3 541.4599999999999 511.01 443.4 432.25 304.82 282.65999999999997 189.7 77.46 0 26.02 64.25 140.82 181.63 201.54 528.32 544.22 642.72 670.28 719.54 787.21 867.44 893.9 920.65 910.82 878.0 924.7 1317.46 1237.34 1163.74 1168.28 1122.83 1329.33 1232.3 1386.17 1425.6999999999998 1102.95 
1134.27 924.5799999999999 907.2199999999999 849.1299999999999 837.6800000000001 746.49 691.25 625.3199999999999 567.4799999999999 537.03 469.41999999999996 458.27 330.84 308.67999999999995 215.71999999999997 103.47999999999999 26.02 0 38.23 114.79999999999998 155.60999999999999 175.51999999999998 502.3 518.2 616.7 644.26 693.52 761.19 841.8100000000001 870.23 896.98 936.84 904.02 950.72 1343.48 1263.36 1189.76 1194.3 1148.85 1355.35 1258.32 1412.19 1451.7199999999998 1128.97 
1172.5 962.81 945.4499999999999 887.3599999999999 875.9100000000001 784.72 729.48 663.55 605.7099999999999 575.05 507.65 496.5 369.07 346.90999999999997 253.95 141.70999999999998 64.25 38.23 0 76.57 117.38 137.29 464.07000000000005 479.97 578.47 606.03 655.29 722.96 803.58 832.0 858.75 918.33 940.95 987.6500000000001 1381.71 1301.59 1227.99 1232.53 1187.08 1393.58 1296.55 1450.42 1489.9499999999998 1167.2 
1249.07 1038.29 1022.0200000000001 963.9300000000001 952.48 861.29 806.05 740.12 682.28 651.62 584.22 573.07 445.64000000000004 423.48 330.52000000000004 218.28000000000003 140.82000000000002 114.80000000000001 76.57000000000001 0 40.81 60.72 387.50000000000006 403.40000000000003 501.90000000000003 529.46 594.74 646.3900000000001 727.0100000000001 787.7900000000001 814.5400000000001 874.2 864.38 911.08 1436.5500000000002 1340.8500000000001 1268.0400000000002 1276.09 1263.65 1470.15 1373.1200000000001 1526.99 1566.52 1230.17 
1289.88 1079.1 1062.83 1004.74 993.2900000000002 902.0999999999999 846.8599999999999 780.93 723.09 691.55 625.0300000000001 613.8800000000001 486.45000000000005 464.29 371.33000000000004 259.09000000000003 181.63000000000002 155.61 117.38000000000001 40.81 0 19.91 346.69 362.59 461.09 488.65 553.93 605.58 686.2 746.98 773.73 833.39 866.21 912.9100000000001 1423.5600000000002 1381.66 1308.8500000000001 1316.9 1304.46 1510.96 1413.93 1567.8000000000002 1607.33 1270.98 
1309.79 1099.01 1082.74 1024.65 1013.2 922.01 866.77 800.8399999999999 742.9999999999999 711.4599999999999 644.9399999999999 633.79 506.36 484.2 391.24 279.0 201.54 175.51999999999998 137.29 60.72 19.91 0 326.78 342.67999999999995 441.17999999999995 468.73999999999995 534.02 585.6700000000001 666.2900000000001 727.07 753.82 813.48 846.3000000000001 893.0000000000001 1403.65 1373.25 1328.7600000000002 1336.81 1324.37 1530.87 1433.84 1587.71 1627.24 1290.89 
1636.5700000000002 1417.48 1400.1200000000001 1342.56 1328.73 1238.65 1188.81 1122.8799999999999 1069.7800000000002 1038.24 969.81 960.5700000000002 833.1400000000002 810.9800000000002 718.0200000000002 605.7800000000001 528.32 502.30000000000007 464.07000000000005 387.5 346.69 326.78 0 15.9 114.4 141.96 207.24 263.0 343.62 482.71000000000004 506.87 566.53 599.35 646.0500000000001 1460.4900000000002 1536.05 1635.6200000000001 1602.41 1648.78 1855.3 1758.25 1902.56 1943.59 1617.67 
1652.4700000000003 1433.3799999999999 1416.02 1358.4599999999998 1344.6299999999999 1254.55 1204.71 1138.78 1085.6800000000003 1054.14 985.71 976.4700000000003 849.0400000000003 826.8800000000003 733.9200000000003 621.6800000000002 544.2200000000001 518.2000000000002 479.97000000000014 403.4000000000001 362.5900000000001 342.68000000000006 15.9 0 98.5 126.06 191.34 257.48 338.1 466.81000000000006 490.97 550.63 583.45 630.1500000000001 1476.39 1551.95 1651.5200000000002 1618.31 1664.6799999999998 1871.1999999999998 1774.1499999999999 1918.46 1959.49 1633.5700000000002 
1750.9700000000003 1531.8799999999999 1514.52 1456.9599999999998 1443.1299999999999 1353.05 1303.21 1237.28 1179.92 1146.23 1084.21 1074.9700000000003 947.5400000000002 925.3800000000002 832.4200000000002 720.1800000000001 642.72 616.7 578.47 501.9000000000001 461.0900000000001 441.18000000000006 114.4 98.5 0 27.56 106.74000000000001 175.58 256.2 382.21000000000004 392.47 452.13 484.95 531.65 1574.89 1650.45 1733.78 1716.81 1763.1799999999998 1969.6999999999998 1872.6499999999999 2016.96 2057.9900000000002 1732.0700000000002 
1778.2599999999998 1559.4399999999998 1542.08 1484.5199999999998 1470.6899999999998 1380.6100000000001 1330.77 1264.84 1207.48 1173.79 1111.77 1102.26 974.8299999999999 952.67 859.9800000000001 747.74 670.28 644.26 606.03 529.46 488.65000000000003 468.74 141.96 126.06 27.56 0 79.18 148.02 228.64 354.65 364.91 424.57000000000005 457.39000000000004 504.09000000000003 1566.0700000000002 1652.37 1706.22 1744.3700000000001 1790.7399999999998 1951.56 1862.68 2044.42 2084.05 1759.63 
1731.45 1521.7599999999998 1504.3999999999999 1446.31 1434.8600000000001 1343.8300000000002 1288.5900000000001 1222.66 1164.66 1133.79 1066.6000000000001 1055.45 928.0200000000001 905.8600000000001 812.9000000000001 700.66 719.54 693.52 655.29 594.74 553.9300000000001 534.0200000000001 207.24 191.34 106.74000000000001 79.18 0 68.84 149.45999999999998 275.47 302.22 361.88 394.7 441.4 1494.68 1573.19 1666.63 1731.64 1746.0300000000002 1872.38 1796.04 2008.5300000000002 2048.1600000000003 1725.51 
1676.63 1483.4499999999998 1466.09 1409.7399999999998 1395.9099999999999 1304.52 1249.28 1183.35 1150.75 1119.46 1073.99 1067.98 996.8600000000001 974.7000000000002 881.7400000000001 769.5 787.2099999999998 761.1899999999998 722.9599999999998 646.3899999999999 605.5799999999999 585.67 263.0 257.48 175.58 148.02 68.84 0 80.62 227.45000000000002 254.20000000000002 313.86 346.68 393.38 1425.8400000000001 1504.35 1597.79 1662.8 1702.68 1824.2499999999998 1727.1999999999998 1939.69 1979.32 1664.82 
1599.26 1402.83 1385.47 1329.12 1315.29 1223.9 1168.66 1102.73 1074.93 1061.84 993.37 995.0 966.77 984.9200000000001 926.07 828.71 867.44 841.81 803.5799999999999 727.01 686.1999999999999 666.29 343.62 338.1 256.2 228.64000000000001 149.46 80.62 0 146.83 173.58 233.24 266.06 312.76 1345.22 1423.73 1520.3200000000002 1585.3300000000002 1622.06 1743.6299999999999 1646.58 1863.21 1900.46 1584.2 
1470.86 1262.1100000000001 1275.6599999999999 1217.57 1203.74 1119.7 1064.46 998.53 940.53 915.01 846.54 856.84 860.25 838.09 929.04 919.7700000000001 893.9 870.23 832.0 787.79 746.98 727.07 482.71000000000004 466.81000000000006 382.21000000000004 354.65000000000003 275.47 227.45000000000002 146.83 0 26.75 86.41 119.22999999999999 165.93 1227.91 1313.84 1407.36 1472.37 1489.04 1614.44 1524.52 1752.0500000000002 1788.41 1457.34 
1444.16 1235.3600000000001 1249.52 1197.5199999999998 1183.6899999999998 1092.95 1037.71 971.78 913.78 888.26 819.79 830.09 833.5 811.34 904.3000000000001 893.0200000000001 920.65 896.98 858.75 814.54 773.73 753.82 506.87 490.97 392.47 364.91 302.22 254.20000000000002 173.58 26.75 0 59.66 92.47999999999999 139.18 1201.16 1295.32 1380.61 1445.62 1462.29 1594.82 1497.77 1725.3400000000001 1761.66 1463.0700000000002 
1395.03 1175.7 1189.86 1137.8599999999997 1124.0299999999997 1037.46 986.22 920.29 862.29 828.6 760.13 771.28 780.81 758.65 851.61 833.3600000000001 910.8200000000002 936.8400000000001 918.33 874.2 833.39 813.48 566.5300000000001 550.6300000000001 452.13000000000005 424.57000000000005 361.88 313.86 233.24 86.41 59.66 0 32.82 79.52000000000001 1141.5 1235.6599999999999 1331.3899999999999 1391.14 1402.6299999999999 1535.16 1438.1100000000001 1666.4 1702.6 1413.94 
1362.55 1142.88 1157.04 1105.0399999999997 1091.2099999999998 1004.6400000000001 953.4000000000001 887.47 829.47 795.7800000000001 727.3100000000001 738.46 813.63 791.47 848.26 800.5400000000001 878.0000000000001 904.0200000000001 940.9499999999999 864.38 866.21 846.3000000000001 599.35 583.45 484.95 457.39 394.7 346.68 266.06 119.22999999999999 92.47999999999999 32.82 0 46.7 1108.68 1202.84 1298.5700000000002 1363.5800000000002 1369.81 1502.34 1405.29 1634.49 1673.48 1381.46 
1316.59 1132.9399999999998 1115.58 1063.1599999999999 1049.33 957.94 906.7 840.77 782.77 749.08 680.61 691.76 819.19 836.09 894.96 847.2400000000001 924.7000000000002 950.7200000000001 987.65 911.08 912.91 893.0 646.05 630.15 531.65 504.09000000000003 441.40000000000003 393.38 312.76 165.93 139.18 79.52000000000001 46.7 0 1155.38 1249.54 1345.27 1318.69 1323.11 1455.64 1358.5900000000001 1587.79 1626.78 1335.5 
717.94 646.4300000000001 663.4300000000001 719.9 729.5 820.89 876.13 940.81 905.5799999999999 904.91 963.7099999999999 952.56 1058.27 1079.42 1142.98 1255.22 1317.46 1343.48 1381.71 1436.5500000000002 1423.5600000000002 1403.65 1460.49 1476.39 1574.89 1566.0700000000002 1494.6799999999996 1425.8399999999997 1345.2199999999998 1227.9099999999999 1201.16 1141.5 1108.68 1155.38 0 95.69999999999999 189.89 254.89999999999998 302.28 501.68999999999994 406.68 641.8 682.8299999999999 736.85 
650.3199999999999 550.73 567.73 625.82 639.6500000000001 729.3000000000001 784.5400000000001 845.11 815.2599999999999 814.5899999999999 873.39 862.24 967.95 989.0999999999999 1073.61 1170.48 1237.34 1263.36 1301.59 1340.8500000000001 1381.66 1373.25 1536.05 1551.95 1650.45 1652.37 1573.1899999999998 1504.35 1423.73 1313.84 1295.32 1235.6599999999999 1202.84 1249.54 95.69999999999999 0 99.57 164.57999999999998 211.95999999999998 408.03000000000003 310.98 658.36 697.19 677.75 
550.75 477.92 494.92 540.26 554.09 645.48 691.52 757.45 715.6899999999999 715.02 773.8199999999999 762.67 868.38 889.53 974.04 1086.28 1163.74 1189.76 1227.99 1268.0400000000002 1308.8500000000001 1328.7600000000002 1635.62 1651.52 1733.78 1706.22 1666.6299999999999 1597.79 1520.3200000000002 1407.36 1380.61 1331.3899999999999 1298.57 1345.27 189.89 99.57 0 65.01 112.39000000000001 318.91 221.86 559.77 597.62 584.31 
517.4100000000001 542.9300000000001 554.7 605.27 619.1 685.08 740.32 806.25 780.6999999999999 780.03 726.81 737.9599999999999 865.3899999999999 885.62 978.58 1090.82 1168.28 1194.3 1232.53 1276.09 1316.8999999999999 1336.81 1602.4099999999999 1618.31 1716.81 1744.37 1731.6399999999999 1662.8 1585.3300000000002 1472.37 1445.62 1391.14 1363.58 1318.69 254.89999999999998 164.57999999999998 65.01 0 47.38 253.90000000000003 156.85000000000002 571.0 532.61 535.38 
472.67 524.6800000000001 507.32000000000005 560.21 574.0400000000001 637.7 692.94 758.8700000000001 781.5899999999999 747.9 679.43 690.5799999999999 818.01 840.17 933.13 1045.3700000000001 1122.8300000000002 1148.8500000000001 1187.0800000000002 1263.65 1304.46 1324.3700000000001 1648.7799999999997 1664.6799999999998 1763.1799999999998 1790.7399999999998 1746.0300000000002 1702.6799999999998 1622.06 1489.04 1462.29 1402.6299999999999 1369.81 1323.11 302.28 211.96 112.39000000000001 47.38 0 206.51999999999998 109.47 618.38 579.99 488.0 
404.54 621.85 639.21 697.3000000000001 698.2 789.59 844.83 910.76 956.3500000000001 922.6600000000001 885.9499999999999 897.0999999999999 1024.51 1046.67 1139.63 1251.8700000000001 1329.3300000000002 1355.3500000000001 1393.5800000000002 1470.15 1510.96 1530.8700000000001 1855.2999999999997 1871.1999999999998 1969.6999999999998 1951.5600000000002 1872.38 1824.2499999999998 1743.6299999999999 1614.44 1594.8200000000002 1535.16 1502.3400000000001 1455.64 501.68999999999994 408.03000000000003 318.90999999999997 253.89999999999998 206.51999999999998 0 97.05 454.31 486.51 423.45000000000005 
409.76 576.8399999999999 594.1999999999999 652.29 666.12 747.1700000000001 802.4100000000001 868.3400000000001 859.3 825.61 788.9 800.05 927.48 949.64 1042.6 1154.84 1232.3 1258.32 1296.55 1373.12 1413.9299999999998 1433.84 1758.2499999999998 1774.1499999999999 1872.6499999999999 1862.6800000000003 1796.0399999999997 1727.1999999999998 1646.58 1524.5200000000002 1497.7700000000002 1438.1100000000001 1405.2900000000002 1358.5900000000001 406.68000000000006 310.98 221.86 156.85 109.47 97.05 0 519.53 560.56 428.67 
357.66 552.7 570.0600000000001 625.78 639.61 731.0 786.24 794.92 852.92 886.6099999999999 955.0799999999999 962.1299999999999 1089.56 1111.72 1204.68 1315.16 1386.17 1412.19 1450.42 1526.99 1567.8 1587.71 1902.56 1918.46 2016.96 2044.42 2008.53 1939.69 1863.21 1752.0500000000002 1725.3400000000001 1666.4 1634.49 1587.79 641.8 658.36 559.77 571.0 618.38 454.31 519.53 0 41.03 381.42 
397.29 593.73 611.09 665.41 679.24 770.63 825.87 835.9499999999999 893.9499999999999 927.6399999999999 996.1099999999999 1003.1599999999999 1130.59 1143.04 1236.0 1348.24 1425.7 1451.72 1489.95 1566.52 1607.33 1627.24 1943.59 1959.49 2057.99 2084.05 2048.16 1979.32 1900.46 1788.41 1761.66 1702.6 1673.48 1626.78 682.8299999999999 697.19 597.62 532.61 579.99 486.51 560.56 41.03 0 422.42 
34.91 255.66 273.02 305.12 291.29 382.68 437.92 503.85 561.85 595.54 663.98 671.06 798.1300000000001 820.2900000000001 913.2500000000001 1025.4900000000002 1102.9500000000003 1128.9700000000003 1167.2000000000003 1230.17 1270.98 1290.89 1617.6699999999998 1633.57 1732.07 1759.6299999999999 1725.51 1664.82 1584.2 1457.34 1463.0700000000002 1413.94 1381.46 1335.5 736.85 677.75 584.31 535.38 488.0 423.45000000000005 428.67 381.42 422.42 0 
