62
Loc42 Loc30 Loc48 Loc15 Loc5 Loc162 Loc17 Loc89 Loc9 Loc12 Loc76 Loc131 Loc99 Loc174 Loc191 Loc6 Loc146 Loc93 Loc150 Loc22 Loc3 Loc186 Loc96 Loc45 Loc170 Loc165 Loc56 Loc66 Loc106 Loc70 Loc124 Loc193 Loc155 Loc83 Loc47 Loc176 Loc116 Loc136 Loc27 Loc94 Loc128 Loc166 Loc75 Loc98 Loc50 Loc197 Loc158 Loc133 Loc126 Loc127 Loc187 Loc18 Loc157 Loc103 Loc59 Loc151 Loc113 Loc77 Loc142 Loc100 Loc10 Loc1
0 62.0 90.0 234.0 183.0 131.0 118.0 204.0 153.0 227.0 224.0 250.0 279.0 352.0 503.0 469.0 429.0 387.0 445.0 382.0 369.0 505.0 486.0 399.0 393.0 309.0 291.0 307.0 347.0 396.0 454.0 374.0 357.0 295.0 269.0 291.0 399.0 399.0 546.0 543.0 640.0 679.0 703.0 732.0 685.0 564.0 580.0 463.0 405.0 348.0 299.0 264.0 193.0 222.0 782.0 544.0 313.0 271.0 180.0 91.0 47.0 35.0 
62.0 0 94.0 210.0 187.0 123.0 180.0 266.0 195.0 203.0 200.0 226.0 255.0 302.0 441.0 407.0 367.0 363.0 421.0 358.0 345.0 481.0 462.0 375.0 369.0 285.0 267.0 283.0 323.0 372.0 430.0 350.0 375.0 357.0 319.0 283.0 375.0 375.0 522.0 519.0 616.0 655.0 679.0 708.0 661.0 540.0 556.0 439.0 375.0 324.0 275.0 206.0 131.0 160.0 720.0 482.0 251.0 209.0 118.0 97.0 65.0 41.0 
90.0 94.0 0 144.0 93.0 41.0 86.0 172.0 101.0 137.0 232.0 262.0 275.0 384.0 535.0 501.0 461.0 377.0 355.0 310.0 279.0 415.0 396.0 309.0 303.0 219.0 201.0 217.0 257.0 306.0 364.0 284.0 281.0 263.0 225.0 201.0 309.0 309.0 456.0 453.0 550.0 589.0 613.0 642.0 595.0 474.0 490.0 405.0 437.0 258.0 227.0 296.0 225.0 254.0 814.0 576.0 345.0 303.0 212.0 123.0 131.0 107.0 
234.0 210.0 144.0 0 55.0 153.0 210.0 296.0 225.0 7.0 108.0 138.0 151.0 260.0 411.0 377.0 337.0 253.0 227.0 186.0 161.0 271.0 252.0 165.0 159.0 103.0 107.0 153.0 165.0 190.0 248.0 332.0 405.0 387.0 349.0 309.0 167.0 165.0 312.0 309.0 406.0 445.0 469.0 498.0 451.0 330.0 346.0 281.0 313.0 114.0 103.0 172.0 173.0 174.0 690.0 452.0 221.0 185.0 260.0 209.0 275.0 251.0 
183.0 187.0 93.0 55.0 0 106.0 163.0 249.0 178.0 48.0 155.0 185.0 198.0 307.0 458.0 424.0 384.0 300.0 274.0 233.0 202.0 322.0 303.0 216.0 210.0 126.0 108.0 124.0 164.0 213.0 271.0 285.0 358.0 340.0 302.0 262.0 216.0 216.0 363.0 360.0 457.0 496.0 520.0 549.0 502.0 381.0 397.0 328.0 360.0 165.0 150.0 219.0 148.0 177.0 737.0 499.0 268.0 226.0 209.0 182.0 224.0 200.0 
131.0 123.0 41.0 153.0 106.0 0 57.0 143.0 72.0 154.0 261.0 291.0 304.0 413.0 564.0 530.0 490.0 406.0 380.0 339.0 308.0 374.0 355.0 268.0 262.0 178.0 160.0 176.0 216.0 265.0 323.0 243.0 252.0 234.0 196.0 160.0 268.0 268.0 415.0 412.0 509.0 548.0 572.0 601.0 554.0 433.0 449.0 434.0 466.0 253.0 256.0 325.0 254.0 283.0 843.0 605.0 374.0 332.0 241.0 152.0 172.0 148.0 
118.0 180.0 86.0 210.0 163.0 57.0 0 86.0 129.0 211.0 318.0 348.0 361.0 470.0 621.0 587.0 547.0 463.0 437.0 396.0 365.0 387.0 368.0 281.0 275.0 191.0 173.0 189.0 229.0 278.0 336.0 256.0 239.0 189.0 151.0 191.0 281.0 281.0 428.0 425.0 522.0 561.0 585.0 614.0 567.0 446.0 462.0 491.0 523.0 310.0 313.0 382.0 311.0 340.0 900.0 662.0 431.0 389.0 298.0 209.0 165.0 153.0 
204.0 266.0 172.0 296.0 249.0 143.0 86.0 0 71.0 297.0 404.0 434.0 447.0 556.0 707.0 673.0 633.0 549.0 523.0 482.0 451.0 371.0 352.0 329.0 269.0 193.0 189.0 159.0 199.0 248.0 306.0 226.0 209.0 109.0 121.0 143.0 251.0 251.0 398.0 395.0 492.0 531.0 555.0 584.0 537.0 426.0 454.0 577.0 609.0 396.0 399.0 468.0 397.0 426.0 986.0 748.0 517.0 475.0 384.0 295.0 251.0 239.0 
153.0 195.0 101.0 225.0 178.0 72.0 129.0 71.0 0 226.0 333.0 363.0 376.0 485.0 636.0 602.0 562.0 478.0 452.0 411.0 380.0 352.0 333.0 278.0 240.0 156.0 138.0 154.0 194.0 243.0 301.0 221.0 204.0 162.0 124.0 164.0 246.0 246.0 393.0 390.0 487.0 526.0 550.0 579.0 532.0 411.0 427.0 506.0 538.0 325.0 328.0 397.0 326.0 355.0 915.0 677.0 446.0 404.0 313.0 224.0 194.0 170.0 
227.0 203.0 137.0 7.0 48.0 154.0 211.0 297.0 226.0 0 107.0 137.0 150.0 259.0 410.0 376.0 336.0 252.0 226.0 185.0 154.0 278.0 259.0 172.0 166.0 104.0 108.0 154.0 166.0 191.0 249.0 333.0 406.0 388.0 350.0 310.0 172.0 172.0 319.0 316.0 413.0 452.0 476.0 505.0 458.0 337.0 353.0 280.0 312.0 121.0 102.0 171.0 166.0 167.0 689.0 451.0 220.0 178.0 253.0 202.0 268.0 244.0 
224.0 200.0 232.0 108.0 155.0 261.0 318.0 404.0 333.0 107.0 0 30.0 59.0 152.0 303.0 269.0 229.0 163.0 221.0 158.0 145.0 281.0 262.0 175.0 169.0 211.0 215.0 261.0 273.0 298.0 356.0 440.0 513.0 495.0 457.0 417.0 275.0 221.0 322.0 319.0 416.0 455.0 479.0 508.0 461.0 340.0 356.0 239.0 205.0 124.0 75.0 68.0 163.0 164.0 610.0 372.0 141.0 175.0 250.0 199.0 265.0 241.0 
250.0 226.0 262.0 138.0 185.0 291.0 348.0 434.0 363.0 137.0 30.0 0 29.0 122.0 273.0 239.0 199.0 137.0 195.0 132.0 119.0 255.0 236.0 149.0 165.0 241.0 245.0 291.0 303.0 328.0 386.0 470.0 543.0 525.0 487.0 447.0 305.0 251.0 296.0 293.0 390.0 429.0 453.0 482.0 435.0 314.0 330.0 213.0 175.0 98.0 49.0 66.0 189.0 190.0 636.0 398.0 167.0 201.0 276.0 225.0 291.0 267.0 
279.0 255.0 275.0 151.0 198.0 304.0 361.0 447.0 376.0 150.0 59.0 29.0 0 109.0 260.0 226.0 186.0 108.0 166.0 103.0 90.0 226.0 207.0 120.0 178.0 254.0 258.0 304.0 316.0 341.0 399.0 483.0 556.0 538.0 500.0 460.0 318.0 264.0 267.0 298.0 361.0 400.0 424.0 453.0 406.0 285.0 301.0 184.0 162.0 69.0 48.0 95.0 218.0 219.0 665.0 427.0 196.0 230.0 305.0 254.0 320.0 296.0 
352.0 302.0 384.0 260.0 307.0 413.0 470.0 556.0 485.0 259.0 152.0 122.0 109.0 0 151.0 117.0 147.0 61.0 119.0 74.0 105.0 185.0 204.0 227.0 287.0 363.0 367.0 413.0 425.0 450.0 508.0 592.0 665.0 647.0 609.0 569.0 427.0 373.0 292.0 407.0 428.0 353.0 377.0 406.0 359.0 238.0 254.0 137.0 85.0 160.0 157.0 142.0 265.0 266.0 712.0 474.0 243.0 277.0 352.0 301.0 367.0 343.0 
503.0 441.0 535.0 411.0 458.0 564.0 621.0 707.0 636.0 410.0 303.0 273.0 260.0 151.0 0 50.0 132.0 158.0 184.0 225.0 256.0 336.0 355.0 378.0 438.0 514.0 518.0 564.0 576.0 601.0 659.0 743.0 816.0 798.0 760.0 720.0 578.0 524.0 443.0 558.0 579.0 446.0 422.0 421.0 374.0 281.0 269.0 152.0 98.0 311.0 308.0 239.0 310.0 281.0 697.0 459.0 228.0 262.0 337.0 412.0 456.0 468.0 
469.0 407.0 501.0 377.0 424.0 530.0 587.0 673.0 602.0 376.0 269.0 239.0 226.0 117.0 50.0 0 82.0 126.0 184.0 191.0 222.0 302.0 321.0 344.0 404.0 480.0 484.0 530.0 542.0 567.0 625.0 709.0 782.0 764.0 726.0 686.0 544.0 490.0 409.0 524.0 545.0 418.0 442.0 471.0 424.0 303.0 319.0 202.0 138.0 277.0 274.0 205.0 276.0 249.0 647.0 409.0 178.0 212.0 289.0 378.0 422.0 434.0 
429.0 367.0 461.0 337.0 384.0 490.0 547.0 633.0 562.0 336.0 229.0 199.0 186.0 147.0 132.0 82.0 0 208.0 266.0 203.0 190.0 326.0 307.0 304.0 364.0 440.0 444.0 490.0 502.0 527.0 585.0 669.0 742.0 724.0 686.0 646.0 504.0 450.0 369.0 484.0 505.0 500.0 524.0 553.0 506.0 385.0 401.0 284.0 220.0 237.0 234.0 165.0 236.0 207.0 585.0 347.0 116.0 158.0 249.0 338.0 382.0 394.0 
387.0 363.0 377.0 253.0 300.0 406.0 463.0 549.0 478.0 252.0 163.0 137.0 108.0 61.0 158.0 126.0 208.0 0 58.0 67.0 98.0 178.0 197.0 220.0 280.0 356.0 360.0 406.0 418.0 443.0 501.0 585.0 658.0 640.0 602.0 562.0 420.0 366.0 285.0 400.0 421.0 292.0 316.0 345.0 298.0 177.0 193.0 76.0 60.0 153.0 150.0 203.0 326.0 327.0 773.0 535.0 304.0 338.0 413.0 362.0 428.0 404.0 
445.0 421.0 355.0 227.0 274.0 380.0 437.0 523.0 452.0 226.0 221.0 195.0 166.0 119.0 184.0 184.0 266.0 58.0 0 63.0 76.0 152.0 171.0 194.0 254.0 330.0 334.0 380.0 392.0 417.0 475.0 559.0 632.0 614.0 576.0 536.0 394.0 340.0 259.0 374.0 395.0 262.0 258.0 287.0 240.0 119.0 135.0 54.0 86.0 127.0 146.0 261.0 384.0 385.0 831.0 593.0 362.0 396.0 471.0 420.0 486.0 462.0 
382.0 358.0 310.0 186.0 233.0 339.0 396.0 482.0 411.0 185.0 158.0 132.0 103.0 74.0 225.0 191.0 203.0 67.0 63.0 0 31.0 123.0 130.0 153.0 213.0 289.0 293.0 339.0 351.0 376.0 434.0 518.0 591.0 573.0 535.0 495.0 353.0 299.0 218.0 333.0 354.0 297.0 321.0 350.0 303.0 182.0 198.0 95.0 127.0 86.0 83.0 198.0 321.0 322.0 768.0 530.0 299.0 333.0 408.0 357.0 423.0 399.0 
369.0 345.0 279.0 161.0 202.0 308.0 365.0 451.0 380.0 154.0 145.0 119.0 90.0 105.0 256.0 222.0 190.0 98.0 76.0 31.0 0 136.0 131.0 122.0 182.0 258.0 262.0 308.0 320.0 345.0 403.0 487.0 560.0 542.0 504.0 464.0 322.0 268.0 187.0 302.0 323.0 310.0 334.0 363.0 316.0 195.0 211.0 126.0 158.0 55.0 104.0 185.0 308.0 309.0 755.0 517.0 286.0 320.0 395.0 344.0 410.0 386.0 
505.0 481.0 415.0 271.0 322.0 374.0 387.0 371.0 352.0 278.0 281.0 255.0 226.0 185.0 336.0 302.0 326.0 178.0 152.0 123.0 136.0 0 19.0 106.0 112.0 196.0 214.0 228.0 240.0 265.0 323.0 407.0 480.0 462.0 424.0 384.0 242.0 188.0 107.0 222.0 243.0 174.0 198.0 227.0 180.0 59.0 83.0 206.0 238.0 157.0 206.0 321.0 444.0 445.0 891.0 653.0 422.0 456.0 531.0 480.0 546.0 522.0 
486.0 462.0 396.0 252.0 303.0 355.0 368.0 352.0 333.0 259.0 262.0 236.0 207.0 204.0 355.0 321.0 307.0 197.0 171.0 130.0 131.0 19.0 0 87.0 113.0 177.0 195.0 209.0 221.0 246.0 304.0 388.0 461.0 443.0 405.0 365.0 223.0 169.0 88.0 203.0 224.0 193.0 217.0 246.0 199.0 78.0 102.0 225.0 257.0 138.0 187.0 302.0 425.0 426.0 872.0 634.0 403.0 437.0 512.0 461.0 527.0 503.0 
399.0 375.0 309.0 165.0 216.0 268.0 281.0 329.0 278.0 172.0 175.0 149.0 120.0 227.0 378.0 344.0 304.0 220.0 194.0 153.0 122.0 106.0 87.0 0 60.0 136.0 140.0 186.0 198.0 223.0 281.0 365.0 438.0 420.0 382.0 342.0 200.0 146.0 147.0 180.0 241.0 280.0 304.0 333.0 286.0 165.0 181.0 248.0 280.0 67.0 100.0 215.0 338.0 339.0 785.0 547.0 316.0 350.0 425.0 374.0 440.0 416.0 
393.0 369.0 303.0 159.0 210.0 262.0 275.0 269.0 240.0 166.0 169.0 165.0 178.0 287.0 438.0 404.0 364.0 280.0 254.0 213.0 182.0 112.0 113.0 60.0 0 84.0 102.0 126.0 138.0 163.0 221.0 305.0 378.0 360.0 322.0 282.0 140.0 86.0 153.0 150.0 247.0 286.0 310.0 339.0 292.0 171.0 187.0 308.0 340.0 127.0 130.0 217.0 332.0 333.0 779.0 541.0 310.0 344.0 419.0 368.0 434.0 410.0 
309.0 285.0 219.0 103.0 126.0 178.0 191.0 193.0 156.0 104.0 211.0 241.0 254.0 363.0 514.0 480.0 440.0 356.0 330.0 289.0 258.0 196.0 177.0 136.0 84.0 0 18.0 50.0 62.0 87.0 145.0 229.0 302.0 284.0 246.0 206.0 90.0 90.0 237.0 234.0 331.0 370.0 394.0 423.0 376.0 255.0 271.0 384.0 416.0 203.0 206.0 275.0 248.0 249.0 793.0 555.0 324.0 282.0 335.0 284.0 350.0 326.0 
291.0 267.0 201.0 107.0 108.0 160.0 173.0 189.0 138.0 108.0 215.0 245.0 258.0 367.0 518.0 484.0 444.0 360.0 334.0 293.0 262.0 214.0 195.0 140.0 102.0 18.0 0 46.0 58.0 105.0 163.0 225.0 298.0 280.0 242.0 202.0 108.0 108.0 255.0 252.0 349.0 388.0 412.0 441.0 394.0 273.0 289.0 388.0 420.0 207.0 210.0 279.0 230.0 237.0 797.0 559.0 328.0 286.0 317.0 266.0 332.0 308.0 
307.0 283.0 217.0 153.0 124.0 176.0 189.0 159.0 154.0 154.0 261.0 291.0 304.0 413.0 564.0 530.0 490.0 406.0 380.0 339.0 308.0 228.0 209.0 186.0 126.0 50.0 46.0 0 40.0 89.0 147.0 179.0 252.0 234.0 196.0 156.0 92.0 92.0 239.0 236.0 333.0 372.0 396.0 425.0 378.0 283.0 311.0 434.0 466.0 253.0 256.0 325.0 254.0 283.0 843.0 605.0 374.0 332.0 333.0 282.0 348.0 324.0 
347.0 323.0 257.0 165.0 164.0 216.0 229.0 199.0 194.0 166.0 273.0 303.0 316.0 425.0 576.0 542.0 502.0 418.0 392.0 351.0 320.0 240.0 221.0 198.0 138.0 62.0 58.0 40.0 0 49.0 107.0 167.0 240.0 222.0 184.0 144.0 52.0 52.0 199.0 196.0 293.0 332.0 356.0 385.0 338.0 295.0 323.0 446.0 478.0 265.0 268.0 337.0 286.0 295.0 855.0 617.0 386.0 344.0 373.0 322.0 388.0 364.0 
396.0 372.0 306.0 190.0 213.0 265.0 278.0 248.0 243.0 191.0 298.0 328.0 341.0 450.0 601.0 567.0 527.0 443.0 417.0 376.0 345.0 265.0 246.0 223.0 163.0 87.0 105.0 89.0 49.0 0 58.0 142.0 215.0 197.0 159.0 119.0 23.0 77.0 158.0 147.0 244.0 283.0 307.0 336.0 299.0 320.0 348.0 471.0 503.0 290.0 293.0 362.0 335.0 336.0 880.0 642.0 411.0 369.0 422.0 371.0 437.0 413.0 
454.0 430.0 364.0 248.0 271.0 323.0 336.0 306.0 301.0 249.0 356.0 386.0 399.0 508.0 659.0 625.0 585.0 501.0 475.0 434.0 403.0 323.0 304.0 281.0 221.0 145.0 163.0 147.0 107.0 58.0 0 84.0 157.0 197.0 185.0 163.0 81.0 135.0 216.0 129.0 186.0 225.0 249.0 292.0 357.0 378.0 406.0 529.0 561.0 348.0 351.0 420.0 393.0 394.0 938.0 700.0 469.0 427.0 480.0 429.0 495.0 471.0 
374.0 350.0 284.0 332.0 285.0 243.0 256.0 226.0 221.0 333.0 440.0 470.0 483.0 592.0 743.0 709.0 669.0 585.0 559.0 518.0 487.0 407.0 388.0 365.0 305.0 229.0 225.0 179.0 167.0 142.0 84.0 0 73.0 117.0 105.0 83.0 165.0 219.0 300.0 185.0 266.0 305.0 329.0 372.0 441.0 462.0 490.0 613.0 645.0 432.0 435.0 504.0 433.0 462.0 1022.0 784.0 553.0 511.0 420.0 349.0 415.0 391.0 
357.0 375.0 281.0 405.0 358.0 252.0 239.0 209.0 204.0 406.0 513.0 543.0 556.0 665.0 816.0 782.0 742.0 658.0 632.0 591.0 560.0 480.0 461.0 438.0 378.0 302.0 298.0 252.0 240.0 215.0 157.0 73.0 0 100.0 88.0 96.0 238.0 292.0 373.0 258.0 283.0 370.0 394.0 445.0 514.0 535.0 563.0 686.0 718.0 505.0 508.0 577.0 506.0 535.0 1095.0 857.0 626.0 584.0 493.0 404.0 398.0 374.0 
295.0 357.0 263.0 387.0 340.0 234.0 189.0 109.0 162.0 388.0 495.0 525.0 538.0 647.0 798.0 764.0 724.0 640.0 614.0 573.0 542.0 462.0 443.0 420.0 360.0 284.0 280.0 234.0 222.0 197.0 197.0 117.0 100.0 0 38.0 78.0 220.0 274.0 355.0 286.0 383.0 422.0 446.0 475.0 496.0 517.0 545.0 668.0 700.0 487.0 490.0 559.0 488.0 517.0 1077.0 839.0 608.0 566.0 475.0 386.0 342.0 330.0 
269.0 319.0 225.0 349.0 302.0 196.0 151.0 121.0 124.0 350.0 457.0 487.0 500.0 609.0 760.0 726.0 686.0 602.0 576.0 535.0 504.0 424.0 405.0 382.0 322.0 246.0 242.0 196.0 184.0 159.0 185.0 105.0 88.0 38.0 0 40.0 182.0 236.0 317.0 274.0 371.0 410.0 434.0 463.0 458.0 479.0 507.0 630.0 662.0 449.0 452.0 521.0 450.0 479.0 1039.0 801.0 570.0 528.0 437.0 348.0 310.0 292.0 
291.0 283.0 201.0 309.0 262.0 160.0 191.0 143.0 164.0 310.0 417.0 447.0 460.0 569.0 720.0 686.0 646.0 562.0 536.0 495.0 464.0 384.0 365.0 342.0 282.0 206.0 202.0 156.0 144.0 119.0 163.0 83.0 96.0 78.0 40.0 0 142.0 196.0 277.0 252.0 349.0 388.0 412.0 441.0 418.0 439.0 467.0 590.0 622.0 409.0 412.0 481.0 410.0 439.0 999.0 761.0 530.0 488.0 397.0 312.0 332.0 308.0 
399.0 375.0 309.0 167.0 216.0 268.0 281.0 251.0 246.0 172.0 275.0 305.0 318.0 427.0 578.0 544.0 504.0 420.0 394.0 353.0 322.0 242.0 223.0 200.0 140.0 90.0 108.0 92.0 52.0 23.0 81.0 165.0 238.0 220.0 182.0 142.0 0 54.0 147.0 144.0 241.0 280.0 304.0 333.0 286.0 297.0 325.0 448.0 480.0 267.0 270.0 339.0 338.0 339.0 857.0 619.0 388.0 350.0 425.0 374.0 440.0 416.0 
399.0 375.0 309.0 165.0 216.0 268.0 281.0 251.0 246.0 172.0 221.0 251.0 264.0 373.0 524.0 490.0 450.0 366.0 340.0 299.0 268.0 188.0 169.0 146.0 86.0 90.0 108.0 92.0 52.0 77.0 135.0 219.0 292.0 274.0 236.0 196.0 54.0 0 147.0 144.0 241.0 280.0 304.0 333.0 286.0 243.0 271.0 394.0 426.0 213.0 216.0 285.0 338.0 339.0 803.0 565.0 334.0 350.0 425.0 374.0 440.0 416.0 
546.0 522.0 456.0 312.0 363.0 415.0 428.0 398.0 393.0 319.0 322.0 296.0 267.0 292.0 443.0 409.0 369.0 285.0 259.0 218.0 187.0 107.0 88.0 147.0 153.0 237.0 255.0 239.0 199.0 158.0 216.0 300.0 373.0 355.0 317.0 277.0 147.0 147.0 0 115.0 150.0 133.0 157.0 186.0 183.0 162.0 190.0 313.0 345.0 198.0 247.0 362.0 485.0 486.0 932.0 694.0 463.0 497.0 572.0 521.0 587.0 563.0 
543.0 519.0 453.0 309.0 360.0 412.0 425.0 395.0 390.0 316.0 319.0 293.0 298.0 407.0 558.0 524.0 484.0 400.0 374.0 333.0 302.0 222.0 203.0 180.0 150.0 234.0 252.0 236.0 196.0 147.0 129.0 185.0 258.0 286.0 274.0 252.0 144.0 144.0 115.0 0 105.0 136.0 160.0 189.0 256.0 277.0 305.0 428.0 460.0 247.0 250.0 359.0 482.0 483.0 929.0 691.0 460.0 494.0 569.0 518.0 584.0 560.0 
640.0 616.0 550.0 406.0 457.0 509.0 522.0 492.0 487.0 413.0 416.0 390.0 361.0 428.0 579.0 545.0 505.0 421.0 395.0 354.0 323.0 243.0 224.0 241.0 247.0 331.0 349.0 333.0 293.0 244.0 186.0 266.0 283.0 383.0 371.0 349.0 241.0 241.0 150.0 105.0 0 133.0 157.0 208.0 277.0 298.0 326.0 449.0 481.0 292.0 341.0 456.0 579.0 580.0 1026.0 788.0 557.0 591.0 666.0 615.0 681.0 657.0 
679.0 655.0 589.0 445.0 496.0 548.0 561.0 531.0 526.0 452.0 455.0 429.0 400.0 353.0 446.0 418.0 500.0 292.0 262.0 297.0 310.0 174.0 193.0 280.0 286.0 370.0 388.0 372.0 332.0 283.0 225.0 305.0 370.0 422.0 410.0 388.0 280.0 280.0 133.0 136.0 133.0 0 24.0 75.0 144.0 165.0 193.0 316.0 348.0 331.0 380.0 495.0 618.0 619.0 1065.0 827.0 596.0 630.0 705.0 654.0 720.0 696.0 
703.0 679.0 613.0 469.0 520.0 572.0 585.0 555.0 550.0 476.0 479.0 453.0 424.0 377.0 422.0 442.0 524.0 316.0 258.0 321.0 334.0 198.0 217.0 304.0 310.0 394.0 412.0 396.0 356.0 307.0 249.0 329.0 394.0 446.0 434.0 412.0 304.0 304.0 157.0 160.0 157.0 24.0 0 51.0 120.0 143.0 169.0 292.0 324.0 355.0 404.0 519.0 642.0 643.0 1089.0 851.0 620.0 654.0 729.0 678.0 744.0 720.0 
732.0 708.0 642.0 498.0 549.0 601.0 614.0 584.0 579.0 505.0 508.0 482.0 453.0 406.0 421.0 471.0 553.0 345.0 287.0 350.0 363.0 227.0 246.0 333.0 339.0 423.0 441.0 425.0 385.0 336.0 292.0 372.0 445.0 475.0 463.0 441.0 333.0 333.0 186.0 189.0 208.0 75.0 51.0 0 69.0 168.0 152.0 269.0 333.0 384.0 433.0 548.0 671.0 672.0 1118.0 880.0 649.0 683.0 758.0 707.0 773.0 749.0 
685.0 661.0 595.0 451.0 502.0 554.0 567.0 537.0 532.0 458.0 461.0 435.0 406.0 359.0 374.0 424.0 506.0 298.0 240.0 303.0 316.0 180.0 199.0 286.0 292.0 376.0 394.0 378.0 338.0 299.0 357.0 441.0 514.0 496.0 458.0 418.0 286.0 286.0 183.0 256.0 277.0 144.0 120.0 69.0 0 125.0 105.0 222.0 286.0 337.0 386.0 501.0 624.0 625.0 1071.0 833.0 602.0 636.0 711.0 660.0 726.0 702.0 
564.0 540.0 474.0 330.0 381.0 433.0 446.0 426.0 411.0 337.0 340.0 314.0 285.0 238.0 281.0 303.0 385.0 177.0 119.0 182.0 195.0 59.0 78.0 165.0 171.0 255.0 273.0 283.0 295.0 320.0 378.0 462.0 535.0 517.0 479.0 439.0 297.0 243.0 162.0 277.0 298.0 165.0 143.0 168.0 125.0 0 28.0 151.0 183.0 216.0 265.0 380.0 503.0 504.0 950.0 712.0 481.0 515.0 590.0 539.0 605.0 581.0 
580.0 556.0 490.0 346.0 397.0 449.0 462.0 454.0 427.0 353.0 356.0 330.0 301.0 254.0 269.0 319.0 401.0 193.0 135.0 198.0 211.0 83.0 102.0 181.0 187.0 271.0 289.0 311.0 323.0 348.0 406.0 490.0 563.0 545.0 507.0 467.0 325.0 271.0 190.0 305.0 326.0 193.0 169.0 152.0 105.0 28.0 0 123.0 181.0 232.0 281.0 396.0 519.0 520.0 966.0 728.0 497.0 531.0 606.0 555.0 621.0 597.0 
463.0 439.0 405.0 281.0 328.0 434.0 491.0 577.0 506.0 280.0 239.0 213.0 184.0 137.0 152.0 202.0 284.0 76.0 54.0 95.0 126.0 206.0 225.0 248.0 308.0 384.0 388.0 434.0 446.0 471.0 529.0 613.0 686.0 668.0 630.0 590.0 448.0 394.0 313.0 428.0 449.0 316.0 292.0 269.0 222.0 151.0 123.0 0 64.0 181.0 178.0 279.0 402.0 403.0 849.0 611.0 380.0 414.0 489.0 438.0 504.0 480.0 
405.0 375.0 437.0 313.0 360.0 466.0 523.0 609.0 538.0 312.0 205.0 175.0 162.0 85.0 98.0 138.0 220.0 60.0 86.0 127.0 158.0 238.0 257.0 280.0 340.0 416.0 420.0 466.0 478.0 503.0 561.0 645.0 718.0 700.0 662.0 622.0 480.0 426.0 345.0 460.0 481.0 348.0 324.0 333.0 286.0 183.0 181.0 64.0 0 213.0 210.0 215.0 338.0 339.0 785.0 547.0 316.0 350.0 425.0 374.0 440.0 416.0 
348.0 324.0 258.0 114.0 165.0 253.0 310.0 396.0 325.0 121.0 124.0 98.0 69.0 160.0 311.0 277.0 237.0 153.0 127.0 86.0 55.0 157.0 138.0 67.0 127.0 203.0 207.0 253.0 265.0 290.0 348.0 432.0 505.0 487.0 449.0 409.0 267.0 213.0 198.0 247.0 292.0 331.0 355.0 384.0 337.0 216.0 232.0 181.0 213.0 0 49.0 164.0 287.0 288.0 734.0 496.0 265.0 299.0 374.0 323.0 389.0 365.0 
299.0 275.0 227.0 103.0 150.0 256.0 313.0 399.0 328.0 102.0 75.0 49.0 48.0 157.0 308.0 274.0 234.0 150.0 146.0 83.0 104.0 206.0 187.0 100.0 130.0 206.0 210.0 256.0 268.0 293.0 351.0 435.0 508.0 490.0 452.0 412.0 270.0 216.0 247.0 250.0 341.0 380.0 404.0 433.0 386.0 265.0 281.0 178.0 210.0 49.0 0 115.0 238.0 239.0 685.0 447.0 216.0 250.0 325.0 274.0 340.0 316.0 
264.0 206.0 296.0 172.0 219.0 325.0 382.0 468.0 397.0 171.0 68.0 66.0 95.0 142.0 239.0 205.0 165.0 203.0 261.0 198.0 185.0 321.0 302.0 215.0 217.0 275.0 279.0 325.0 337.0 362.0 420.0 504.0 577.0 559.0 521.0 481.0 339.0 285.0 362.0 359.0 456.0 495.0 519.0 548.0 501.0 380.0 396.0 279.0 215.0 164.0 115.0 0 123.0 124.0 570.0 332.0 101.0 135.0 210.0 181.0 225.0 229.0 
193.0 131.0 225.0 173.0 148.0 254.0 311.0 397.0 326.0 166.0 163.0 189.0 218.0 265.0 310.0 276.0 236.0 326.0 384.0 321.0 308.0 444.0 425.0 338.0 332.0 248.0 230.0 254.0 286.0 335.0 393.0 433.0 506.0 488.0 450.0 410.0 338.0 338.0 485.0 482.0 579.0 618.0 642.0 671.0 624.0 503.0 519.0 402.0 338.0 287.0 238.0 123.0 0 29.0 589.0 351.0 120.0 78.0 87.0 102.0 146.0 158.0 
222.0 160.0 254.0 174.0 177.0 283.0 340.0 426.0 355.0 167.0 164.0 190.0 219.0 266.0 281.0 249.0 207.0 327.0 385.0 322.0 309.0 445.0 426.0 339.0 333.0 249.0 237.0 283.0 295.0 336.0 394.0 462.0 535.0 517.0 479.0 439.0 339.0 339.0 486.0 483.0 580.0 619.0 643.0 672.0 625.0 504.0 520.0 403.0 339.0 288.0 239.0 124.0 29.0 0 560.0 322.0 91.0 107.0 86.0 131.0 175.0 187.0 
782.0 720.0 814.0 690.0 737.0 843.0 900.0 986.0 915.0 689.0 610.0 636.0 665.0 712.0 697.0 647.0 585.0 773.0 831.0 768.0 755.0 891.0 872.0 785.0 779.0 793.0 797.0 843.0 855.0 880.0 938.0 1022.0 1095.0 1077.0 1039.0 999.0 857.0 803.0 932.0 929.0 1026.0 1065.0 1089.0 1118.0 1071.0 950.0 966.0 849.0 785.0 734.0 685.0 570.0 589.0 560.0 0 238.0 469.0 511.0 602.0 691.0 735.0 747.0 
544.0 482.0 576.0 452.0 499.0 605.0 662.0 748.0 677.0 451.0 372.0 398.0 427.0 474.0 459.0 409.0 347.0 535.0 593.0 530.0 517.0 653.0 634.0 547.0 541.0 555.0 559.0 605.0 617.0 642.0 700.0 784.0 857.0 839.0 801.0 761.0 619.0 565.0 694.0 691.0 788.0 827.0 851.0 880.0 833.0 712.0 728.0 611.0 547.0 496.0 447.0 332.0 351.0 322.0 238.0 0 231.0 273.0 364.0 453.0 497.0 509.0 
313.0 251.0 345.0 221.0 268.0 374.0 431.0 517.0 446.0 220.0 141.0 167.0 196.0 243.0 228.0 178.0 116.0 304.0 362.0 299.0 286.0 422.0 403.0 316.0 310.0 324.0 328.0 374.0 386.0 411.0 469.0 553.0 626.0 608.0 570.0 530.0 388.0 334.0 463.0 460.0 557.0 596.0 620.0 649.0 602.0 481.0 497.0 380.0 316.0 265.0 216.0 101.0 120.0 91.0 469.0 231.0 0 42.0 133.0 222.0 266.0 278.0 
271.0 209.0 303.0 185.0 226.0 332.0 389.0 475.0 404.0 178.0 175.0 201.0 230.0 277.0 262.0 212.0 158.0 338.0 396.0 333.0 320.0 456.0 437.0 350.0 344.0 282.0 286.0 332.0 344.0 369.0 427.0 511.0 584.0 566.0 528.0 488.0 350.0 350.0 497.0 494.0 591.0 630.0 654.0 683.0 636.0 515.0 531.0 414.0 350.0 299.0 250.0 135.0 78.0 107.0 511.0 273.0 42.0 0 91.0 180.0 224.0 236.0 
180.0 118.0 212.0 260.0 209.0 241.0 298.0 384.0 313.0 253.0 250.0 276.0 305.0 352.0 337.0 289.0 249.0 413.0 471.0 408.0 395.0 531.0 512.0 425.0 419.0 335.0 317.0 333.0 373.0 422.0 480.0 420.0 493.0 475.0 437.0 397.0 425.0 425.0 572.0 569.0 666.0 705.0 729.0 758.0 711.0 590.0 606.0 489.0 425.0 374.0 325.0 210.0 87.0 86.0 602.0 364.0 133.0 91.0 0 89.0 133.0 145.0 
91.0 97.0 123.0 209.0 182.0 152.0 209.0 295.0 224.0 202.0 199.0 225.0 254.0 301.0 412.0 378.0 338.0 362.0 420.0 357.0 344.0 480.0 461.0 374.0 368.0 284.0 266.0 282.0 322.0 371.0 429.0 349.0 404.0 386.0 348.0 312.0 374.0 374.0 521.0 518.0 615.0 654.0 678.0 707.0 660.0 539.0 555.0 438.0 374.0 323.0 274.0 181.0 102.0 131.0 691.0 453.0 222.0 180.0 89.0 0 66.0 56.0 
47.0 65.0 131.0 275.0 224.0 172.0 165.0 251.0 194.0 268.0 265.0 291.0 320.0 367.0 456.0 422.0 382.0 428.0 486.0 423.0 410.0 546.0 527.0 440.0 434.0 350.0 332.0 348.0 388.0 437.0 495.0 415.0 398.0 342.0 310.0 332.0 440.0 440.0 587.0 584.0 681.0 720.0 744.0 773.0 726.0 605.0 621.0 504.0 440.0 389.0 340.0 225.0 146.0 175.0 735.0 497.0 266.0 224.0 133.0 66.0 0 24.0 
35.0 41.0 107.0 251.0 200.0 148.0 153.0 239.0 170.0 244.0 241.0 267.0 296.0 343.0 468.0 434.0 394.0 404.0 462.0 399.0 386.0 522.0 503.0 416.0 410.0 326.0 308.0 324.0 364.0 413.0 471.0 391.0 374.0 330.0 292.0 308.0 416.0 416.0 563.0 560.0 657.0 696.0 720.0 749.0 702.0 581.0 597.0 480.0 416.0 365.0 316.0 229.0 158.0 187.0 747.0 509.0 278.0 236.0 145.0 56.0 24.0 0 
