18
Loc11 Loc8 Loc18 Loc37 Loc6 Loc23 Loc24 Loc44 Loc12 Loc21 Loc39 Loc45 Loc48 Loc36 Loc22 Loc13 Loc14 Loc0
0 234.0 395.0 379.0 278.0 174.0 207.0 254.0 391.0 958.0 715.0 401.0 504.0 408.0 425.0 353.0 321.0 332.0 
234.0 0 161.0 145.0 44.0 132.0 281.0 356.0 493.0 1060.0 817.0 503.0 606.0 494.0 353.0 247.0 325.0 434.0 
395.0 161.0 0 162.0 117.0 221.0 358.0 433.0 570.0 1137.0 894.0 580.0 683.0 571.0 430.0 324.0 402.0 511.0 
379.0 145.0 162.0 0 101.0 225.0 196.0 271.0 408.0 975.0 732.0 418.0 521.0 409.0 268.0 162.0 240.0 455.0 
278.0 44.0 117.0 101.0 0 124.0 273.0 348.0 485.0 1052.0 809.0 495.0 598.0 486.0 345.0 239.0 317.0 426.0 
174.0 132.0 221.0 225.0 124.0 0 149.0 224.0 361.0 928.0 685.0 371.0 474.0 362.0 251.0 179.0 257.0 302.0 
207.0 281.0 358.0 196.0 273.0 149.0 0 97.0 212.0 779.0 536.0 222.0 325.0 213.0 218.0 146.0 114.0 283.0 
254.0 356.0 433.0 271.0 348.0 224.0 97.0 0 137.0 704.0 461.0 147.0 250.0 298.0 315.0 243.0 211.0 186.0 
391.0 493.0 570.0 408.0 485.0 361.0 212.0 137.0 0 567.0 324.0 92.0 243.0 309.0 326.0 254.0 222.0 175.0 
958.0 1060.0 1137.0 975.0 1052.0 928.0 779.0 704.0 567.0 0 243.0 659.0 810.0 876.0 893.0 821.0 789.0 742.0 
715.0 817.0 894.0 732.0 809.0 685.0 536.0 461.0 324.0 243.0 0 416.0 567.0 633.0 650.0 578.0 546.0 499.0 
401.0 503.0 580.0 418.0 495.0 371.0 222.0 147.0 92.0 659.0 416.0 0 151.0 217.0 234.0 256.0 184.0 267.0 
504.0 606.0 683.0 521.0 598.0 474.0 325.0 250.0 243.0 810.0 567.0 151.0 0 112.0 253.0 359.0 281.0 418.0 
408.0 494.0 571.0 409.0 486.0 362.0 213.0 298.0 309.0 876.0 633.0 217.0 112.0 0 141.0 247.0 169.0 484.0 
425.0 353.0 430.0 268.0 345.0 251.0 218.0 315.0 326.0 893.0 650.0 234.0 253.0 141.0 0 106.0 104.0 501.0 
353.0 247.0 324.0 162.0 239.0 179.0 146.0 243.0 254.0 821.0 578.0 256.0 359.0 247.0 106.0 0 78.0 429.0 
321.0 325.0 402.0 240.0 317.0 257.0 114.0 211.0 222.0 789.0 546.0 184.0 281.0 169.0 104.0 78.0 0 397.0 
332.0 434.0 511.0 455.0 426.0 302.0 283.0 186.0 175.0 742.0 499.0 267.0 418.0 484.0 501.0 429.0 397.0 0 
