31
118 114 111 106 102 94 89 86 92 80 76 72 67 120 47 52 54 57 60 11 14 20 24 5 1 44 40 38 34 27 0
0 1.0 2.0 4.0 9.0 10.0 12.0 14.0 15.0 16.0 19.0 21.0 22.0 25.0 29.0 31.0 34.0 35.0 33.0 29.0 26.0 23.0 21.0 20.0 17.0 14.0 12.0 10.0 7.0 6.0 6.0 
1.0 0 1.0 3.0 8.0 9.0 11.0 13.0 14.0 15.0 18.0 20.0 21.0 24.0 28.0 30.0 33.0 34.0 34.0 30.0 27.0 24.0 22.0 21.0 18.0 15.0 13.0 11.0 8.0 7.0 7.0 
2.0 1.0 0 2.0 7.0 8.0 10.0 12.0 13.0 14.0 17.0 19.0 20.0 23.0 27.0 29.0 32.0 33.0 35.0 31.0 28.0 25.0 23.0 22.0 19.0 16.0 14.0 12.0 9.0 8.0 8.0 
4.0 3.0 2.0 0 5.0 6.0 8.0 10.0 11.0 12.0 15.0 17.0 18.0 21.0 25.0 27.0 30.0 31.0 33.0 33.0 30.0 27.0 25.0 24.0 21.0 18.0 16.0 14.0 11.0 10.0 10.0 
9.0 8.0 7.0 5.0 0 1.0 3.0 5.0 6.0 7.0 10.0 12.0 13.0 16.0 20.0 22.0 25.0 26.0 28.0 32.0 35.0 32.0 30.0 29.0 26.0 23.0 21.0 19.0 16.0 15.0 15.0 
10.0 9.0 8.0 6.0 1.0 0 2.0 4.0 5.0 6.0 9.0 11.0 12.0 15.0 19.0 21.0 24.0 25.0 27.0 31.0 34.0 33.0 31.0 30.0 27.0 24.0 22.0 20.0 17.0 16.0 16.0 
12.0 11.0 10.0 8.0 3.0 2.0 0 2.0 3.0 4.0 7.0 9.0 10.0 13.0 17.0 19.0 22.0 23.0 25.0 29.0 32.0 35.0 33.0 32.0 29.0 26.0 24.0 22.0 19.0 18.0 18.0 
14.0 13.0 12.0 10.0 5.0 4.0 2.0 0 1.0 2.0 5.0 7.0 8.0 11.0 15.0 17.0 20.0 21.0 23.0 27.0 30.0 33.0 35.0 34.0 31.0 28.0 26.0 24.0 21.0 20.0 20.0 
15.0 14.0 13.0 11.0 6.0 5.0 3.0 1.0 0 1.0 4.0 6.0 7.0 10.0 14.0 16.0 19.0 20.0 22.0 26.0 29.0 32.0 34.0 35.0 32.0 29.0 27.0 25.0 22.0 21.0 21.0 
16.0 15.0 14.0 12.0 7.0 6.0 4.0 2.0 1.0 0 3.0 5.0 6.0 9.0 13.0 15.0 18.0 19.0 21.0 25.0 28.0 31.0 33.0 34.0 33.0 30.0 28.0 26.0 23.0 22.0 22.0 
19.0 18.0 17.0 15.0 10.0 9.0 7.0 5.0 4.0 3.0 0 2.0 3.0 6.0 10.0 12.0 15.0 16.0 18.0 22.0 25.0 28.0 30.0 31.0 34.0 33.0 31.0 29.0 26.0 25.0 25.0 
21.0 20.0 19.0 17.0 12.0 11.0 9.0 7.0 6.0 5.0 2.0 0 2.0 5.0 9.0 11.0 14.0 15.0 17.0 21.0 24.0 27.0 29.0 30.0 33.0 35.0 33.0 31.0 28.0 27.0 27.0 
22.0 21.0 20.0 18.0 13.0 12.0 10.0 8.0 7.0 6.0 3.0 2.0 0 3.0 7.0 9.0 12.0 13.0 15.0 19.0 22.0 25.0 27.0 28.0 31.0 34.0 34.0 32.0 29.0 28.0 28.0 
25.0 24.0 23.0 21.0 16.0 15.0 13.0 11.0 10.0 9.0 6.0 5.0 3.0 0 4.0 6.0 9.0 10.0 12.0 16.0 19.0 22.0 24.0 25.0 28.0 31.0 33.0 35.0 32.0 31.0 31.0 
29.0 28.0 27.0 25.0 20.0 19.0 17.0 15.0 14.0 13.0 10.0 9.0 7.0 4.0 0 2.0 5.0 6.0 8.0 12.0 15.0 18.0 20.0 21.0 24.0 27.0 29.0 31.0 34.0 35.0 35.0 
31.0 30.0 29.0 27.0 22.0 21.0 19.0 17.0 16.0 15.0 12.0 11.0 9.0 6.0 2.0 0 3.0 4.0 6.0 10.0 13.0 16.0 18.0 19.0 22.0 25.0 27.0 29.0 32.0 33.0 35.0 
34.0 33.0 32.0 30.0 25.0 24.0 22.0 20.0 19.0 18.0 15.0 14.0 12.0 9.0 5.0 3.0 0 1.0 3.0 7.0 10.0 13.0 15.0 16.0 19.0 22.0 24.0 26.0 29.0 30.0 32.0 
35.0 34.0 33.0 31.0 26.0 25.0 23.0 21.0 20.0 19.0 16.0 15.0 13.0 10.0 6.0 4.0 1.0 0 2.0 6.0 9.0 12.0 14.0 15.0 18.0 21.0 23.0 25.0 28.0 29.0 31.0 
33.0 34.0 35.0 33.0 28.0 27.0 25.0 23.0 22.0 21.0 18.0 17.0 15.0 12.0 8.0 6.0 3.0 2.0 0 4.0 7.0 10.0 12.0 13.0 16.0 19.0 21.0 23.0 26.0 27.0 29.0 
29.0 30.0 31.0 33.0 32.0 31.0 29.0 27.0 26.0 25.0 22.0 21.0 19.0 16.0 12.0 10.0 7.0 6.0 4.0 0 3.0 6.0 8.0 9.0 12.0 15.0 17.0 19.0 22.0 23.0 25.0 
26.0 27.0 28.0 30.0 35.0 34.0 32.0 30.0 29.0 28.0 25.0 24.0 22.0 19.0 15.0 13.0 10.0 9.0 7.0 3.0 0 3.0 5.0 6.0 9.0 12.0 14.0 16.0 19.0 20.0 22.0 
23.0 24.0 25.0 27.0 32.0 33.0 35.0 33.0 32.0 31.0 28.0 27.0 25.0 22.0 18.0 16.0 13.0 12.0 10.0 6.0 3.0 0 2.0 3.0 6.0 9.0 11.0 13.0 16.0 17.0 19.0 
21.0 22.0 23.0 25.0 30.0 31.0 33.0 35.0 34.0 33.0 30.0 29.0 27.0 24.0 20.0 18.0 15.0 14.0 12.0 8.0 5.0 2.0 0 1.0 4.0 7.0 9.0 11.0 14.0 15.0 17.0 
20.0 21.0 22.0 24.0 29.0 30.0 32.0 34.0 35.0 34.0 31.0 30.0 28.0 25.0 21.0 19.0 16.0 15.0 13.0 9.0 6.0 3.0 1.0 0 3.0 6.0 8.0 10.0 13.0 14.0 16.0 
17.0 18.0 19.0 21.0 26.0 27.0 29.0 31.0 32.0 33.0 34.0 33.0 31.0 28.0 24.0 22.0 19.0 18.0 16.0 12.0 9.0 6.0 4.0 3.0 0 3.0 5.0 7.0 10.0 11.0 13.0 
14.0 15.0 16.0 18.0 23.0 24.0 26.0 28.0 29.0 30.0 33.0 35.0 34.0 31.0 27.0 25.0 22.0 21.0 19.0 15.0 12.0 9.0 7.0 6.0 3.0 0 2.0 4.0 7.0 8.0 10.0 
12.0 13.0 14.0 16.0 21.0 22.0 24.0 26.0 27.0 28.0 31.0 33.0 34.0 33.0 29.0 27.0 24.0 23.0 21.0 17.0 14.0 11.0 9.0 8.0 5.0 2.0 0 2.0 5.0 6.0 8.0 
10.0 11.0 12.0 14.0 19.0 20.0 22.0 24.0 25.0 26.0 29.0 31.0 32.0 35.0 31.0 29.0 26.0 25.0 23.0 19.0 16.0 13.0 11.0 10.0 7.0 4.0 2.0 0 3.0 4.0 6.0 
7.0 8.0 9.0 11.0 16.0 17.0 19.0 21.0 22.0 23.0 26.0 28.0 29.0 32.0 34.0 32.0 29.0 28.0 26.0 22.0 19.0 16.0 14.0 13.0 10.0 7.0 5.0 3.0 0 1.0 3.0 
6.0 7.0 8.0 10.0 15.0 16.0 18.0 20.0 21.0 22.0 25.0 27.0 28.0 31.0 35.0 33.0 30.0 29.0 27.0 23.0 20.0 17.0 15.0 14.0 11.0 8.0 6.0 4.0 1.0 0 2.0 
6.0 7.0 8.0 10.0 15.0 16.0 18.0 20.0 21.0 22.0 25.0 27.0 28.0 31.0 35.0 35.0 32.0 31.0 29.0 25.0 22.0 19.0 17.0 16.0 13.0 10.0 8.0 6.0 3.0 2.0 0 
