12
C49 C48 C41 C47 C31 C44 C35 C37 C38 C40 C46 C0
0 14357.48321 23635.15589 22534.9772 96030.57019999999 34708.89074 54050.56068 44970.99686 54799.861730000004 9377.54387 7633.17401 16835882.72677 
14357.48321 0 15643.22675 14543.04806 88038.64106 26716.9616 46058.63154 36979.06772 69157.34494 23735.02708 21990.65722 16850240.20998 
23635.15589 15643.22675 0 1100.17869 74595.77169 13274.09223 32615.76217 23536.19835 64716.83587 19294.51801 17550.14815 16859517.882659998 
22534.9772 14543.04806 1100.17869 0 73495.593 12173.91354 31515.58348 22436.01966 63616.65718 18194.33932 16449.96946 16858417.70397 
96030.57019999999 88038.64106 74595.77169 73495.593 0 85669.50653999999 105011.17648 95931.61266 137112.25017999997 91689.93231999999 89945.56245999999 16931913.29697 
34708.89074 26716.9616 13274.09223 12173.91354 85669.50653999999 0 19341.66994 30475.972289999998 75790.57072 30368.25286 28623.883 16870591.61751 
54050.56068 46058.63154 32615.76217 31515.58348 105011.17648 19341.66994 0 11134.30235 78606.98623 49709.9228 47965.55294 16889933.287449997 
44970.99686 36979.06772 23536.19835 22436.01966 95931.61266 30475.972289999998 11134.30235 0 67472.68388 40630.35898 38885.98912 16880853.72363 
54799.861730000004 69157.34494 64716.83587 63616.65718 137112.25018 75790.57072 78606.98623 67472.68388 0 45422.31786 47166.68772 16890682.5885 
9377.54387 23735.02708 19294.51801 18194.33932 91689.93231999999 30368.25286 49709.9228 40630.35898 45422.31786 0 1744.36986 16845260.270639997 
7633.17401 21990.65722 17550.14815 16449.96946 89945.56245999999 28623.883 47965.55294 38885.98912 47166.68772 1744.36986 0 16843515.90078 
16835882.72677 16850240.20998 16859517.882659998 16858417.70397 16931913.29697 16870591.61751 16889933.287449997 16880853.72363 16890682.588499997 16845260.270639997 16843515.90078 0 
