29
5R5Xa ZgtaX veOJ7 k64Ok fS0W8 ChXAd jASvw 0GdkR jT5CK qkJ6b 1xmtC Mj2eQ ZzWHp jYfXn Ew56P QVYVG RhUVQ kmzhT WGJpQ 1uRw3 Ri2t4 WJNpN YH6mk Y7IDR 5ioW1 XZKtP AgYPL q0lus 9iIwk
0 60.0 61.0 38.0 37.0 45.0 8.0 31.0 9.0 17.0 14.0 37.0 38.0 43.0 65.0 24.0 41.0 65.0 67.0 28.0 51.0 43.0 56.0 69.0 115.0 132.0 46.0 22.0 3.0 
60.0 0 1.0 22.0 23.0 41.0 68.0 91.0 69.0 77.0 74.0 97.0 98.0 103.0 125.0 84.0 101.0 125.0 127.0 88.0 111.0 103.0 116.0 129.0 157.0 174.0 106.0 82.0 63.0 
61.0 1.0 0 23.0 24.0 42.0 69.0 92.0 70.0 78.0 75.0 98.0 99.0 104.0 126.0 85.0 102.0 126.0 128.0 89.0 112.0 104.0 117.0 130.0 158.0 175.0 107.0 83.0 64.0 
38.0 22.0 23.0 0 1.0 19.0 46.0 69.0 47.0 55.0 52.0 75.0 76.0 81.0 103.0 62.0 79.0 103.0 105.0 66.0 89.0 81.0 94.0 107.0 153.0 170.0 84.0 60.0 41.0 
37.0 23.0 24.0 1.0 0 18.0 45.0 68.0 46.0 54.0 51.0 74.0 75.0 80.0 102.0 61.0 78.0 102.0 104.0 65.0 88.0 80.0 93.0 106.0 152.0 169.0 83.0 59.0 40.0 
45.0 41.0 42.0 19.0 18.0 0 47.0 70.0 48.0 56.0 59.0 82.0 81.0 82.0 104.0 63.0 80.0 104.0 106.0 67.0 90.0 82.0 95.0 108.0 154.0 171.0 85.0 61.0 42.0 
8.0 68.0 69.0 46.0 45.0 47.0 0 23.0 11.0 15.0 12.0 35.0 34.0 45.0 67.0 26.0 43.0 67.0 69.0 30.0 53.0 45.0 58.0 71.0 117.0 134.0 48.0 24.0 5.0 
31.0 91.0 92.0 69.0 68.0 70.0 23.0 0 34.0 38.0 35.0 58.0 57.0 68.0 90.0 49.0 66.0 90.0 92.0 53.0 76.0 68.0 81.0 94.0 140.0 157.0 71.0 47.0 28.0 
9.0 69.0 70.0 47.0 46.0 48.0 11.0 34.0 0 8.0 11.0 34.0 35.0 34.0 56.0 15.0 32.0 56.0 58.0 19.0 42.0 34.0 47.0 60.0 106.0 123.0 37.0 13.0 6.0 
17.0 77.0 78.0 55.0 54.0 56.0 15.0 38.0 8.0 0 3.0 26.0 27.0 32.0 54.0 13.0 30.0 64.0 66.0 27.0 50.0 42.0 55.0 68.0 114.0 131.0 45.0 21.0 14.0 
14.0 74.0 75.0 52.0 51.0 59.0 12.0 35.0 11.0 3.0 0 23.0 24.0 35.0 57.0 16.0 33.0 67.0 69.0 30.0 53.0 45.0 58.0 71.0 117.0 134.0 48.0 24.0 17.0 
37.0 97.0 98.0 75.0 74.0 82.0 35.0 58.0 34.0 26.0 23.0 0 1.0 32.0 66.0 39.0 56.0 90.0 92.0 53.0 76.0 68.0 81.0 94.0 140.0 157.0 71.0 47.0 40.0 
38.0 98.0 99.0 76.0 75.0 81.0 34.0 57.0 35.0 27.0 24.0 1.0 0 31.0 65.0 40.0 57.0 89.0 91.0 54.0 77.0 69.0 82.0 95.0 141.0 158.0 72.0 48.0 39.0 
43.0 103.0 104.0 81.0 80.0 82.0 45.0 68.0 34.0 32.0 35.0 32.0 31.0 0 34.0 19.0 36.0 58.0 60.0 33.0 56.0 48.0 61.0 74.0 120.0 137.0 51.0 27.0 40.0 
65.0 125.0 126.0 103.0 102.0 104.0 67.0 90.0 56.0 54.0 57.0 66.0 65.0 34.0 0 41.0 58.0 92.0 94.0 55.0 78.0 70.0 83.0 96.0 142.0 159.0 73.0 49.0 62.0 
24.0 84.0 85.0 62.0 61.0 63.0 26.0 49.0 15.0 13.0 16.0 39.0 40.0 19.0 41.0 0 17.0 51.0 53.0 14.0 37.0 29.0 42.0 55.0 101.0 118.0 32.0 8.0 21.0 
41.0 101.0 102.0 79.0 78.0 80.0 43.0 66.0 32.0 30.0 33.0 56.0 57.0 36.0 58.0 17.0 0 34.0 36.0 31.0 54.0 46.0 59.0 72.0 118.0 135.0 49.0 25.0 38.0 
65.0 125.0 126.0 103.0 102.0 104.0 67.0 90.0 56.0 64.0 67.0 90.0 89.0 58.0 92.0 51.0 34.0 0 16.0 37.0 60.0 52.0 65.0 78.0 124.0 141.0 55.0 43.0 62.0 
67.0 127.0 128.0 105.0 104.0 106.0 69.0 92.0 58.0 66.0 69.0 92.0 91.0 60.0 94.0 53.0 36.0 16.0 0 39.0 62.0 54.0 67.0 80.0 126.0 143.0 57.0 45.0 64.0 
28.0 88.0 89.0 66.0 65.0 67.0 30.0 53.0 19.0 27.0 30.0 53.0 54.0 33.0 55.0 14.0 31.0 37.0 39.0 0 23.0 15.0 28.0 41.0 87.0 104.0 18.0 6.0 25.0 
51.0 111.0 112.0 89.0 88.0 90.0 53.0 76.0 42.0 50.0 53.0 76.0 77.0 56.0 78.0 37.0 54.0 60.0 62.0 23.0 0 38.0 51.0 64.0 110.0 127.0 41.0 29.0 48.0 
43.0 103.0 104.0 81.0 80.0 82.0 45.0 68.0 34.0 42.0 45.0 68.0 69.0 48.0 70.0 29.0 46.0 52.0 54.0 15.0 38.0 0 13.0 26.0 72.0 89.0 3.0 21.0 40.0 
56.0 116.0 117.0 94.0 93.0 95.0 58.0 81.0 47.0 55.0 58.0 81.0 82.0 61.0 83.0 42.0 59.0 65.0 67.0 28.0 51.0 13.0 0 13.0 59.0 76.0 16.0 34.0 53.0 
69.0 129.0 130.0 107.0 106.0 108.0 71.0 94.0 60.0 68.0 71.0 94.0 95.0 74.0 96.0 55.0 72.0 78.0 80.0 41.0 64.0 26.0 13.0 0 72.0 89.0 29.0 47.0 66.0 
115.0 157.0 158.0 153.0 152.0 154.0 117.0 140.0 106.0 114.0 117.0 140.0 141.0 120.0 142.0 101.0 118.0 124.0 126.0 87.0 110.0 72.0 59.0 72.0 0 17.0 75.0 93.0 112.0 
132.0 174.0 175.0 170.0 169.0 171.0 134.0 157.0 123.0 131.0 134.0 157.0 158.0 137.0 159.0 118.0 135.0 141.0 143.0 104.0 127.0 89.0 76.0 89.0 17.0 0 92.0 110.0 129.0 
46.0 106.0 107.0 84.0 83.0 85.0 48.0 71.0 37.0 45.0 48.0 71.0 72.0 51.0 73.0 32.0 49.0 55.0 57.0 18.0 41.0 3.0 16.0 29.0 75.0 92.0 0 24.0 43.0 
22.0 82.0 83.0 60.0 59.0 61.0 24.0 47.0 13.0 21.0 24.0 47.0 48.0 27.0 49.0 8.0 25.0 43.0 45.0 6.0 29.0 21.0 34.0 47.0 93.0 110.0 24.0 0 19.0 
3.0 63.0 64.0 41.0 40.0 42.0 5.0 28.0 6.0 14.0 17.0 40.0 39.0 40.0 62.0 21.0 38.0 62.0 64.0 25.0 48.0 40.0 53.0 66.0 112.0 129.0 43.0 19.0 0 
