32
Isabella Avni Jamiya Carlee Lana Beatrice Alexia Ayanna Harley Kimberly Christine Yoselin Dana Shannon Marisol Rebecca Ruth Liberty Eden Haven Kristina Lisa Helen Sophia Jordin Mira Mckinley Lillie Kayley Rayna Camilla Abbey
0 7.0 14.0 14.0 14.0 7.0 8.0 14.0 14.0 8.0 8.0 14.0 7.0 7.0 8.0 7.0 8.0 8.0 14.0 8.0 9.0 14.0 9.0 14.0 14.0 9.0 14.0 14.0 14.0 9.0 9.0 7.0 
7.0 0 7.0 14.0 14.0 8.0 14.0 14.0 14.0 9.0 14.0 8.0 9.0 14.0 14.0 8.0 14.0 7.0 7.0 8.0 9.0 8.0 9.0 14.0 7.0 14.0 9.0 8.0 9.0 8.0 14.0 9.0 
14.0 7.0 0 7.0 14.0 7.0 9.0 9.0 14.0 9.0 14.0 7.0 7.0 7.0 14.0 7.0 14.0 9.0 14.0 14.0 9.0 9.0 7.0 14.0 9.0 14.0 8.0 8.0 8.0 8.0 9.0 8.0 
14.0 14.0 7.0 0 7.0 14.0 14.0 14.0 9.0 14.0 14.0 8.0 14.0 8.0 8.0 7.0 14.0 7.0 14.0 14.0 9.0 14.0 14.0 9.0 8.0 8.0 14.0 14.0 14.0 14.0 14.0 14.0 
14.0 14.0 14.0 7.0 0 7.0 8.0 14.0 14.0 14.0 9.0 7.0 8.0 15.0 8.0 9.0 14.0 9.0 8.0 14.0 7.0 9.0 9.0 8.0 7.0 8.0 8.0 7.0 9.0 14.0 14.0 14.0 
7.0 8.0 7.0 14.0 7.0 0 7.0 14.0 7.0 8.0 9.0 14.0 14.0 14.0 14.0 14.0 8.0 9.0 9.0 14.0 14.0 14.0 9.0 8.0 14.0 14.0 14.0 14.0 14.0 14.0 14.0 14.0 
8.0 14.0 9.0 14.0 8.0 7.0 0 7.0 14.0 14.0 14.0 14.0 7.0 14.0 8.0 14.0 14.0 14.0 9.0 15.0 9.0 14.0 7.0 8.0 14.0 8.0 9.0 14.0 8.0 8.0 14.0 15.0 
14.0 14.0 9.0 14.0 14.0 14.0 7.0 0 7.0 14.0 14.0 14.0 8.0 14.0 7.0 7.0 14.0 14.0 14.0 8.0 14.0 8.0 8.0 14.0 7.0 14.0 14.0 14.0 9.0 9.0 7.0 9.0 
14.0 14.0 14.0 9.0 14.0 7.0 14.0 7.0 0 7.0 14.0 14.0 14.0 14.0 8.0 9.0 8.0 7.0 7.0 7.0 14.0 14.0 8.0 14.0 14.0 14.0 14.0 8.0 14.0 8.0 7.0 14.0 
8.0 9.0 9.0 14.0 14.0 8.0 14.0 14.0 7.0 0 9.0 14.0 8.0 8.0 14.0 7.0 14.0 14.0 8.0 14.0 14.0 14.0 8.0 14.0 14.0 9.0 8.0 7.0 14.0 7.0 8.0 9.0 
8.0 14.0 14.0 14.0 9.0 9.0 14.0 14.0 14.0 9.0 0 7.0 9.0 14.0 7.0 14.0 7.0 8.0 14.0 7.0 14.0 15.0 14.0 7.0 14.0 8.0 14.0 14.0 14.0 7.0 8.0 7.0 
14.0 8.0 7.0 8.0 7.0 14.0 14.0 14.0 14.0 14.0 7.0 0 7.0 9.0 14.0 9.0 8.0 14.0 14.0 9.0 9.0 14.0 7.0 14.0 14.0 15.0 14.0 7.0 14.0 14.0 7.0 9.0 
7.0 9.0 7.0 14.0 8.0 14.0 7.0 8.0 14.0 8.0 9.0 7.0 0 7.0 14.0 14.0 14.0 7.0 9.0 9.0 9.0 14.0 14.0 7.0 7.0 14.0 14.0 9.0 9.0 9.0 7.0 14.0 
7.0 14.0 7.0 8.0 15.0 14.0 14.0 14.0 14.0 8.0 14.0 9.0 7.0 0 7.0 14.0 8.0 14.0 8.0 7.0 14.0 7.0 14.0 14.0 8.0 8.0 14.0 14.0 14.0 14.0 9.0 14.0 
8.0 14.0 14.0 8.0 8.0 14.0 8.0 7.0 8.0 14.0 7.0 14.0 14.0 7.0 0 7.0 14.0 14.0 9.0 9.0 15.0 14.0 15.0 14.0 7.0 8.0 8.0 14.0 14.0 8.0 14.0 14.0 
7.0 8.0 7.0 7.0 9.0 14.0 14.0 7.0 9.0 7.0 14.0 9.0 14.0 14.0 7.0 0 7.0 14.0 9.0 7.0 8.0 14.0 8.0 9.0 14.0 9.0 8.0 14.0 14.0 7.0 14.0 7.0 
8.0 14.0 14.0 14.0 14.0 8.0 14.0 14.0 8.0 14.0 7.0 8.0 14.0 8.0 14.0 7.0 0 7.0 15.0 14.0 14.0 14.0 15.0 14.0 14.0 14.0 14.0 9.0 9.0 14.0 8.0 7.0 
8.0 7.0 9.0 7.0 9.0 9.0 14.0 14.0 7.0 14.0 8.0 14.0 7.0 14.0 14.0 14.0 7.0 0 9.0 14.0 14.0 14.0 9.0 7.0 8.0 8.0 9.0 7.0 8.0 8.0 14.0 9.0 
14.0 7.0 14.0 14.0 8.0 9.0 9.0 14.0 7.0 8.0 14.0 14.0 9.0 8.0 9.0 9.0 15.0 9.0 0 7.0 14.0 14.0 14.0 9.0 14.0 9.0 9.0 8.0 14.0 14.0 14.0 9.0 
8.0 8.0 14.0 14.0 14.0 14.0 15.0 8.0 7.0 14.0 7.0 9.0 9.0 7.0 9.0 7.0 14.0 14.0 7.0 0 7.0 8.0 15.0 14.0 14.0 8.0 9.0 8.0 14.0 14.0 9.0 14.0 
9.0 9.0 9.0 9.0 7.0 14.0 9.0 14.0 14.0 14.0 14.0 9.0 9.0 14.0 15.0 8.0 14.0 14.0 14.0 7.0 0 7.0 15.0 8.0 9.0 9.0 14.0 8.0 14.0 14.0 14.0 9.0 
14.0 8.0 9.0 14.0 9.0 14.0 14.0 8.0 14.0 14.0 15.0 14.0 14.0 7.0 14.0 14.0 14.0 14.0 14.0 8.0 7.0 0 15.0 14.0 14.0 14.0 14.0 9.0 9.0 14.0 9.0 8.0 
9.0 9.0 7.0 14.0 9.0 9.0 7.0 8.0 8.0 8.0 14.0 7.0 14.0 14.0 15.0 8.0 15.0 9.0 14.0 15.0 15.0 15.0 0 8.0 15.0 14.0 15.0 14.0 15.0 15.0 7.0 14.0 
14.0 14.0 14.0 9.0 8.0 8.0 8.0 14.0 14.0 14.0 7.0 14.0 7.0 14.0 14.0 9.0 14.0 7.0 9.0 14.0 8.0 14.0 8.0 0 9.0 8.0 8.0 14.0 9.0 14.0 7.0 14.0 
14.0 7.0 9.0 8.0 7.0 14.0 14.0 7.0 14.0 14.0 14.0 14.0 7.0 8.0 7.0 14.0 14.0 8.0 14.0 14.0 9.0 14.0 15.0 9.0 0 7.0 9.0 9.0 8.0 9.0 14.0 7.0 
9.0 14.0 14.0 8.0 8.0 14.0 8.0 14.0 14.0 9.0 8.0 15.0 14.0 8.0 8.0 9.0 14.0 8.0 9.0 8.0 9.0 14.0 14.0 8.0 7.0 0 7.0 9.0 7.0 9.0 15.0 14.0 
14.0 9.0 8.0 14.0 8.0 14.0 9.0 14.0 14.0 8.0 14.0 14.0 14.0 14.0 8.0 8.0 14.0 9.0 9.0 9.0 14.0 14.0 15.0 8.0 9.0 7.0 0 7.0 14.0 14.0 14.0 14.0 
14.0 8.0 8.0 14.0 7.0 14.0 14.0 14.0 8.0 7.0 14.0 7.0 9.0 14.0 14.0 14.0 9.0 7.0 8.0 8.0 8.0 9.0 14.0 14.0 9.0 9.0 7.0 0 7.0 7.0 14.0 14.0 
14.0 9.0 8.0 14.0 9.0 14.0 8.0 9.0 14.0 14.0 14.0 14.0 9.0 14.0 14.0 14.0 9.0 8.0 14.0 14.0 14.0 9.0 15.0 9.0 8.0 7.0 14.0 7.0 0 7.0 14.0 9.0 
9.0 8.0 8.0 14.0 14.0 14.0 8.0 9.0 8.0 7.0 7.0 14.0 9.0 14.0 8.0 7.0 14.0 8.0 14.0 14.0 14.0 14.0 15.0 14.0 9.0 9.0 14.0 7.0 7.0 0 8.0 8.0 
9.0 14.0 9.0 14.0 14.0 14.0 14.0 7.0 7.0 8.0 8.0 7.0 7.0 9.0 14.0 14.0 8.0 14.0 14.0 9.0 14.0 9.0 7.0 7.0 14.0 15.0 14.0 14.0 14.0 8.0 0 7.0 
7.0 9.0 8.0 14.0 14.0 14.0 15.0 9.0 14.0 9.0 7.0 9.0 14.0 14.0 14.0 7.0 7.0 9.0 9.0 14.0 9.0 8.0 14.0 14.0 7.0 14.0 14.0 14.0 9.0 8.0 7.0 0 
