34
5 11 16 17 7 13 24 29 34 39 44 38 47 52 57 63 64 66 65 70 85 91 92 94 61 55 45 41 35 30 25 21 10 0
0 1.0 2.0 3.0 2.0 3.0 5.0 6.0 6.0 7.0 7.0 6.0 8.0 9.0 10.0 11.0 11.0 12.0 12.0 13.0 16.0 17.0 17.0 17.0 11.0 10.0 8.0 7.0 6.0 5.0 4.0 3.0 1.0 1.0 
1.0 0 1.0 2.0 2.0 2.0 4.0 5.0 5.0 6.0 6.0 5.0 7.0 8.0 9.0 10.0 10.0 11.0 11.0 12.0 15.0 16.0 16.0 16.0 10.0 9.0 7.0 6.0 5.0 4.0 3.0 2.0 1.0 2.0 
2.0 1.0 0 1.0 2.0 2.0 3.0 4.0 4.0 5.0 5.0 4.0 6.0 7.0 8.0 9.0 9.0 10.0 10.0 11.0 14.0 15.0 15.0 15.0 9.0 8.0 6.0 5.0 4.0 3.0 2.0 1.0 2.0 3.0 
3.0 2.0 1.0 0 2.0 1.0 2.0 3.0 3.0 4.0 5.0 4.0 6.0 7.0 8.0 9.0 9.0 10.0 10.0 11.0 14.0 15.0 15.0 15.0 9.0 8.0 6.0 5.0 4.0 4.0 3.0 2.0 3.0 4.0 
2.0 2.0 2.0 2.0 0 1.0 3.0 4.0 5.0 6.0 7.0 6.0 8.0 9.0 10.0 11.0 11.0 12.0 12.0 13.0 16.0 17.0 17.0 17.0 11.0 10.0 8.0 7.0 6.0 5.0 4.0 3.0 3.0 3.0 
3.0 2.0 2.0 1.0 1.0 0 2.0 3.0 4.0 5.0 6.0 5.0 7.0 8.0 9.0 10.0 10.0 11.0 11.0 12.0 15.0 16.0 16.0 16.0 10.0 9.0 7.0 6.0 5.0 5.0 4.0 3.0 3.0 4.0 
5.0 4.0 3.0 2.0 3.0 2.0 0 1.0 2.0 3.0 4.0 3.0 5.0 6.0 7.0 8.0 8.0 9.0 9.0 10.0 13.0 14.0 14.0 14.0 8.0 7.0 6.0 5.0 5.0 5.0 4.0 3.0 5.0 6.0 
6.0 5.0 4.0 3.0 4.0 3.0 1.0 0 1.0 2.0 3.0 2.0 4.0 5.0 6.0 7.0 7.0 8.0 8.0 9.0 12.0 13.0 13.0 13.0 7.0 7.0 6.0 5.0 5.0 5.0 4.0 4.0 6.0 7.0 
6.0 5.0 4.0 3.0 5.0 4.0 2.0 1.0 0 1.0 2.0 1.0 3.0 4.0 5.0 6.0 6.0 7.0 7.0 8.0 11.0 12.0 12.0 12.0 6.0 6.0 5.0 4.0 4.0 4.0 4.0 4.0 6.0 7.0 
7.0 6.0 5.0 4.0 6.0 5.0 3.0 2.0 1.0 0 1.0 1.0 3.0 4.0 4.0 5.0 5.0 6.0 7.0 8.0 10.0 11.0 11.0 11.0 6.0 6.0 5.0 4.0 4.0 5.0 5.0 5.0 7.0 8.0 
7.0 6.0 5.0 5.0 7.0 6.0 4.0 3.0 2.0 1.0 0 1.0 2.0 3.0 3.0 4.0 4.0 5.0 6.0 7.0 9.0 10.0 10.0 10.0 5.0 5.0 4.0 3.0 4.0 5.0 5.0 5.0 7.0 8.0 
6.0 5.0 4.0 4.0 6.0 5.0 3.0 2.0 1.0 1.0 1.0 0 2.0 3.0 4.0 5.0 5.0 6.0 6.0 7.0 10.0 11.0 11.0 11.0 5.0 5.0 4.0 3.0 3.0 4.0 4.0 4.0 6.0 7.0 
8.0 7.0 6.0 6.0 8.0 7.0 5.0 4.0 3.0 3.0 2.0 2.0 0 1.0 2.0 3.0 3.0 4.0 4.0 5.0 8.0 9.0 9.0 9.0 3.0 3.0 2.0 2.0 3.0 4.0 4.0 5.0 7.0 9.0 
9.0 8.0 7.0 7.0 9.0 8.0 6.0 5.0 4.0 4.0 3.0 3.0 1.0 0 1.0 2.0 3.0 3.0 3.0 4.0 7.0 8.0 8.0 8.0 2.0 2.0 2.0 2.0 3.0 4.0 5.0 6.0 8.0 10.0 
10.0 9.0 8.0 8.0 10.0 9.0 7.0 6.0 5.0 4.0 3.0 4.0 2.0 1.0 0 1.0 2.0 2.0 3.0 4.0 6.0 7.0 7.0 7.0 2.0 2.0 3.0 3.0 4.0 5.0 6.0 7.0 9.0 11.0 
11.0 10.0 9.0 9.0 11.0 10.0 8.0 7.0 6.0 5.0 4.0 5.0 3.0 2.0 1.0 0 1.0 2.0 3.0 4.0 5.0 6.0 6.0 6.0 2.0 3.0 4.0 4.0 5.0 6.0 7.0 8.0 10.0 12.0 
11.0 10.0 9.0 9.0 11.0 10.0 8.0 7.0 6.0 5.0 4.0 5.0 3.0 3.0 2.0 1.0 0 3.0 4.0 5.0 6.0 6.0 6.0 6.0 3.0 4.0 5.0 5.0 6.0 7.0 7.0 8.0 10.0 12.0 
12.0 11.0 10.0 10.0 12.0 11.0 9.0 8.0 7.0 6.0 5.0 6.0 4.0 3.0 2.0 2.0 3.0 0 1.0 2.0 4.0 5.0 5.0 5.0 1.0 2.0 4.0 5.0 6.0 7.0 8.0 9.0 11.0 13.0 
12.0 11.0 10.0 10.0 12.0 11.0 9.0 8.0 7.0 7.0 6.0 6.0 4.0 3.0 3.0 3.0 4.0 1.0 0 1.0 4.0 5.0 5.0 6.0 1.0 2.0 4.0 5.0 6.0 7.0 8.0 9.0 11.0 13.0 
13.0 12.0 11.0 11.0 13.0 12.0 10.0 9.0 8.0 8.0 7.0 7.0 5.0 4.0 4.0 4.0 5.0 2.0 1.0 0 3.0 4.0 4.0 6.0 2.0 3.0 5.0 6.0 7.0 8.0 9.0 10.0 12.0 14.0 
16.0 15.0 14.0 14.0 16.0 15.0 13.0 12.0 11.0 10.0 9.0 10.0 8.0 7.0 6.0 5.0 6.0 4.0 4.0 3.0 0 1.0 2.0 4.0 5.0 6.0 8.0 9.0 10.0 11.0 12.0 13.0 15.0 17.0 
17.0 16.0 15.0 15.0 17.0 16.0 14.0 13.0 12.0 11.0 10.0 11.0 9.0 8.0 7.0 6.0 6.0 5.0 5.0 4.0 1.0 0 1.0 3.0 6.0 7.0 9.0 10.0 11.0 12.0 13.0 14.0 16.0 18.0 
17.0 16.0 15.0 15.0 17.0 16.0 14.0 13.0 12.0 11.0 10.0 11.0 9.0 8.0 7.0 6.0 6.0 5.0 5.0 4.0 2.0 1.0 0 2.0 6.0 7.0 9.0 10.0 11.0 12.0 13.0 14.0 16.0 18.0 
17.0 16.0 15.0 15.0 17.0 16.0 14.0 13.0 12.0 11.0 10.0 11.0 9.0 8.0 7.0 6.0 6.0 5.0 6.0 6.0 4.0 3.0 2.0 0 6.0 7.0 9.0 10.0 11.0 12.0 13.0 14.0 16.0 18.0 
11.0 10.0 9.0 9.0 11.0 10.0 8.0 7.0 6.0 6.0 5.0 5.0 3.0 2.0 2.0 2.0 3.0 1.0 1.0 2.0 5.0 6.0 6.0 6.0 0 1.0 3.0 4.0 5.0 6.0 7.0 8.0 10.0 12.0 
10.0 9.0 8.0 8.0 10.0 9.0 7.0 7.0 6.0 6.0 5.0 5.0 3.0 2.0 2.0 3.0 4.0 2.0 2.0 3.0 6.0 7.0 7.0 7.0 1.0 0 2.0 3.0 4.0 5.0 6.0 7.0 9.0 11.0 
8.0 7.0 6.0 6.0 8.0 7.0 6.0 6.0 5.0 5.0 4.0 4.0 2.0 2.0 3.0 4.0 5.0 4.0 4.0 5.0 8.0 9.0 9.0 9.0 3.0 2.0 0 1.0 2.0 3.0 4.0 5.0 7.0 9.0 
7.0 6.0 5.0 5.0 7.0 6.0 5.0 5.0 4.0 4.0 3.0 3.0 2.0 2.0 3.0 4.0 5.0 5.0 5.0 6.0 9.0 10.0 10.0 10.0 4.0 3.0 1.0 0 1.0 2.0 3.0 4.0 6.0 8.0 
6.0 5.0 4.0 4.0 6.0 5.0 5.0 5.0 4.0 4.0 4.0 3.0 3.0 3.0 4.0 5.0 6.0 6.0 6.0 7.0 10.0 11.0 11.0 11.0 5.0 4.0 2.0 1.0 0 1.0 2.0 3.0 5.0 7.0 
5.0 4.0 3.0 4.0 5.0 5.0 5.0 5.0 4.0 5.0 5.0 4.0 4.0 4.0 5.0 6.0 7.0 7.0 7.0 8.0 11.0 12.0 12.0 12.0 6.0 5.0 3.0 2.0 1.0 0 1.0 2.0 4.0 6.0 
4.0 3.0 2.0 3.0 4.0 4.0 4.0 4.0 4.0 5.0 5.0 4.0 4.0 5.0 6.0 7.0 7.0 8.0 8.0 9.0 12.0 13.0 13.0 13.0 7.0 6.0 4.0 3.0 2.0 1.0 0 1.0 3.0 5.0 
3.0 2.0 1.0 2.0 3.0 3.0 3.0 4.0 4.0 5.0 5.0 4.0 5.0 6.0 7.0 8.0 8.0 9.0 9.0 10.0 13.0 14.0 14.0 14.0 8.0 7.0 5.0 4.0 3.0 2.0 1.0 0 2.0 4.0 
1.0 1.0 2.0 3.0 3.0 3.0 5.0 6.0 6.0 7.0 7.0 6.0 7.0 8.0 9.0 10.0 10.0 11.0 11.0 12.0 15.0 16.0 16.0 16.0 10.0 9.0 7.0 6.0 5.0 4.0 3.0 2.0 0 2.0 
1.0 2.0 3.0 4.0 3.0 4.0 6.0 7.0 7.0 8.0 8.0 7.0 9.0 10.0 11.0 12.0 12.0 13.0 13.0 14.0 17.0 18.0 18.0 18.0 12.0 11.0 9.0 8.0 7.0 6.0 5.0 4.0 2.0 0 
