60
h0 l91 h58 h6 h23 h22 h14 h7 h29 h45 h51 h15 h16 l7 h43 h86 h64 l92 h53 h4 l51 h88 h65 h13 h97 h27 l31 l72 h40 h9 l63 l97 h61 h54 h55 h66 h56 h94 l28 l17 h35 l73 l15 h30 h32 h31 h49 h20 h90 h39 l59 h38 h73 l41 h59 h92 h83 h3 h2 l0
0 113.0 151.0 197.0 280.0 291.0 345.0 265.0 285.0 425.0 372.0 361.0 362.0 325.0 335.0 298.0 321.0 305.0 343.0 346.0 348.0 346.0 350.0 426.0 454.0 524.0 537.0 495.0 522.0 506.0 474.0 269.0 218.0 203.0 207.0 217.0 280.0 270.0 313.0 356.0 365.0 410.0 460.0 427.0 459.0 450.0 436.0 259.0 259.0 229.0 230.0 235.0 163.0 178.0 165.0 76.0 80.0 75.0 118.0 47.0 
113.0 0 45.0 90.0 197.0 220.0 243.0 156.0 195.0 352.0 306.0 273.0 255.0 218.0 223.0 185.0 210.0 220.0 247.0 240.0 235.0 234.0 240.0 313.0 346.0 413.0 428.0 383.0 413.0 396.0 365.0 157.0 107.0 117.0 130.0 153.0 217.0 205.0 246.0 295.0 312.0 355.0 400.0 382.0 399.0 381.0 352.0 176.0 254.0 245.0 166.0 190.0 174.0 132.0 150.0 127.0 117.0 125.0 170.0 110.0 
151.0 45.0 0 63.0 188.0 204.0 200.0 160.0 197.0 310.0 265.0 232.0 214.0 243.0 222.0 189.0 206.0 206.0 250.0 228.0 216.0 210.0 217.0 283.0 309.0 378.0 390.0 353.0 393.0 376.0 346.0 137.0 91.0 136.0 127.0 178.0 237.0 227.0 258.0 313.0 332.0 374.0 415.0 403.0 414.0 392.0 345.0 198.0 279.0 260.0 188.0 216.0 162.0 146.0 151.0 110.0 162.0 170.0 203.0 153.0 
197.0 90.0 63.0 0 128.0 141.0 194.0 173.0 134.0 276.0 223.0 230.0 228.0 192.0 217.0 215.0 240.0 262.0 303.0 284.0 265.0 263.0 270.0 320.0 340.0 396.0 417.0 374.0 440.0 422.0 392.0 200.0 154.0 199.0 189.0 237.0 298.0 287.0 321.0 376.0 394.0 435.0 477.0 464.0 476.0 454.0 408.0 253.0 331.0 319.0 248.0 276.0 220.0 204.0 120.0 159.0 190.0 196.0 241.0 176.0 
280.0 197.0 188.0 128.0 0 25.0 95.0 136.0 119.0 159.0 110.0 144.0 157.0 137.0 185.0 229.0 254.0 302.0 335.0 298.0 280.0 257.0 255.0 286.0 291.0 327.0 357.0 299.0 419.0 400.0 380.0 234.0 197.0 271.0 270.0 322.0 375.0 366.0 390.0 442.0 464.0 504.0 536.0 538.0 534.0 507.0 438.0 320.0 429.0 416.0 333.0 363.0 317.0 296.0 222.0 218.0 305.0 315.0 353.0 295.0 
291.0 220.0 204.0 141.0 25.0 0 99.0 148.0 112.0 137.0 88.0 156.0 172.0 158.0 210.0 254.0 272.0 325.0 359.0 318.0 296.0 273.0 274.0 298.0 302.0 335.0 366.0 305.0 433.0 414.0 395.0 255.0 222.0 295.0 294.0 345.0 399.0 387.0 414.0 467.0 488.0 528.0 559.0 562.0 559.0 531.0 455.0 345.0 453.0 440.0 355.0 387.0 340.0 320.0 245.0 242.0 324.0 336.0 377.0 317.0 
345.0 243.0 200.0 194.0 95.0 99.0 0 90.0 65.0 167.0 114.0 78.0 92.0 108.0 144.0 199.0 210.0 276.0 301.0 258.0 219.0 195.0 201.0 215.0 208.0 236.0 268.0 206.0 341.0 326.0 308.0 187.0 197.0 279.0 282.0 331.0 376.0 365.0 375.0 427.0 451.0 484.0 510.0 524.0 508.0 478.0 391.0 309.0 444.0 438.0 340.0 373.0 341.0 315.0 230.0 279.0 357.0 367.0 400.0 350.0 
265.0 156.0 160.0 173.0 136.0 148.0 90.0 0 39.0 205.0 169.0 140.0 127.0 98.0 153.0 168.0 193.0 240.0 274.0 238.0 210.0 205.0 198.0 239.0 254.0 303.0 323.0 273.0 367.0 352.0 324.0 147.0 198.0 224.0 213.0 265.0 316.0 304.0 326.0 381.0 403.0 439.0 474.0 475.0 472.0 445.0 375.0 252.0 376.0 363.0 277.0 307.0 267.0 243.0 150.0 189.0 273.0 279.0 324.0 266.0 
285.0 195.0 197.0 134.0 119.0 112.0 65.0 39.0 0 166.0 130.0 101.0 111.0 120.0 138.0 207.0 228.0 266.0 297.0 268.0 234.0 211.0 218.0 238.0 250.0 284.0 312.0 257.0 370.0 353.0 332.0 172.0 169.0 251.0 252.0 303.0 351.0 338.0 357.0 411.0 433.0 471.0 501.0 507.0 499.0 471.0 401.0 291.0 411.0 402.0 313.0 345.0 305.0 282.0 189.0 224.0 308.0 318.0 359.0 298.0 
425.0 352.0 310.0 276.0 159.0 137.0 167.0 205.0 166.0 0 53.0 192.0 204.0 211.0 267.0 340.0 355.0 420.0 446.0 400.0 363.0 338.0 345.0 346.0 340.0 332.0 357.0 302.0 469.0 456.0 441.0 328.0 335.0 412.0 417.0 466.0 512.0 501.0 517.0 570.0 594.0 627.0 654.0 666.0 652.0 622.0 534.0 447.0 577.0 568.0 474.0 508.0 470.0 445.0 355.0 352.0 458.0 470.0 510.0 449.0 
372.0 306.0 265.0 223.0 110.0 88.0 114.0 169.0 130.0 53.0 0 163.0 181.0 180.0 235.0 302.0 320.0 382.0 411.0 366.0 332.0 309.0 315.0 317.0 312.0 319.0 358.0 296.0 450.0 437.0 418.0 291.0 288.0 366.0 375.0 419.0 468.0 457.0 476.0 530.0 553.0 588.0 618.0 625.0 616.0 586.0 504.0 413.0 531.0 516.0 428.0 460.0 418.0 405.0 319.0 302.0 409.0 419.0 460.0 396.0 
361.0 273.0 232.0 230.0 144.0 156.0 78.0 140.0 101.0 192.0 163.0 0 18.0 55.0 90.0 166.0 175.0 246.0 265.0 216.0 187.0 156.0 160.0 155.0 155.0 183.0 221.0 160.0 289.0 274.0 256.0 181.0 187.0 268.0 274.0 317.0 356.0 343.0 349.0 399.0 424.0 453.0 475.0 493.0 475.0 442.0 349.0 292.0 432.0 430.0 323.0 358.0 338.0 309.0 245.0 320.0 374.0 377.0 416.0 364.0 
362.0 255.0 214.0 228.0 157.0 172.0 92.0 127.0 111.0 204.0 181.0 18.0 0 37.0 72.0 151.0 161.0 232.0 251.0 200.0 174.0 138.0 142.0 149.0 139.0 176.0 208.0 146.0 274.0 261.0 241.0 163.0 190.0 270.0 271.0 312.0 341.0 334.0 336.0 386.0 410.0 439.0 461.0 480.0 461.0 425.0 333.0 274.0 423.0 426.0 314.0 349.0 337.0 308.0 227.0 309.0 360.0 376.0 404.0 364.0 
325.0 218.0 243.0 192.0 137.0 158.0 108.0 98.0 120.0 211.0 180.0 55.0 37.0 0 56.0 130.0 144.0 212.0 235.0 191.0 158.0 156.0 149.0 152.0 165.0 206.0 230.0 183.0 285.0 267.0 248.0 166.0 161.0 242.0 234.0 286.0 317.0 309.0 313.0 365.0 389.0 420.0 445.0 459.0 444.0 412.0 329.0 247.0 393.0 393.0 294.0 319.0 300.0 274.0 203.0 280.0 332.0 340.0 380.0 328.0 
335.0 223.0 222.0 217.0 185.0 210.0 144.0 153.0 138.0 267.0 235.0 90.0 72.0 56.0 0 86.0 111.0 168.0 184.0 135.0 125.0 123.0 130.0 104.0 123.0 191.0 212.0 161.0 237.0 219.0 201.0 139.0 131.0 213.0 211.0 250.0 279.0 270.0 271.0 321.0 346.0 373.0 395.0 415.0 395.0 361.0 273.0 212.0 367.0 368.0 259.0 292.0 282.0 256.0 186.0 328.0 319.0 338.0 359.0 333.0 
298.0 185.0 189.0 215.0 229.0 254.0 199.0 168.0 207.0 340.0 302.0 166.0 151.0 130.0 86.0 0 25.0 99.0 122.0 70.0 61.0 59.0 63.0 135.0 172.0 256.0 254.0 226.0 232.0 214.0 183.0 94.0 98.0 131.0 144.0 171.0 201.0 188.0 185.0 236.0 260.0 290.0 317.0 344.0 314.0 284.0 222.0 126.0 281.0 286.0 173.0 206.0 220.0 176.0 158.0 273.0 264.0 283.0 296.0 281.0 
321.0 210.0 206.0 240.0 254.0 272.0 210.0 193.0 228.0 355.0 320.0 175.0 161.0 144.0 111.0 25.0 0 74.0 137.0 95.0 86.0 38.0 45.0 126.0 160.0 248.0 240.0 219.0 208.0 189.0 158.0 69.0 120.0 139.0 152.0 177.0 191.0 185.0 187.0 228.0 251.0 278.0 301.0 319.0 315.0 274.0 229.0 138.0 283.0 291.0 183.0 209.0 218.0 185.0 168.0 296.0 280.0 299.0 309.0 299.0 
305.0 220.0 206.0 262.0 302.0 325.0 276.0 240.0 266.0 420.0 382.0 246.0 232.0 212.0 168.0 99.0 74.0 0 168.0 125.0 86.0 112.0 119.0 184.0 224.0 314.0 298.0 286.0 235.0 217.0 184.0 94.0 115.0 103.0 116.0 152.0 128.0 115.0 166.0 154.0 178.0 211.0 238.0 248.0 245.0 218.0 265.0 169.0 267.0 241.0 155.0 190.0 211.0 145.0 156.0 301.0 255.0 273.0 269.0 276.0 
343.0 247.0 250.0 303.0 335.0 359.0 301.0 274.0 297.0 446.0 411.0 265.0 251.0 235.0 184.0 122.0 137.0 168.0 0 52.0 91.0 115.0 112.0 177.0 217.0 306.0 285.0 282.0 201.0 188.0 155.0 128.0 179.0 157.0 164.0 152.0 134.0 138.0 107.0 163.0 188.0 193.0 216.0 284.0 227.0 177.0 195.0 93.0 234.0 251.0 150.0 169.0 209.0 184.0 210.0 342.0 294.0 307.0 306.0 315.0 
346.0 240.0 228.0 284.0 298.0 318.0 258.0 238.0 268.0 400.0 366.0 216.0 200.0 191.0 135.0 70.0 95.0 125.0 52.0 0 39.0 64.0 60.0 130.0 170.0 259.0 250.0 236.0 180.0 163.0 130.0 96.0 137.0 155.0 165.0 187.0 186.0 174.0 159.0 215.0 240.0 245.0 266.0 285.0 279.0 229.0 186.0 132.0 279.0 292.0 186.0 205.0 227.0 195.0 191.0 334.0 304.0 318.0 323.0 325.0 
348.0 235.0 216.0 265.0 280.0 296.0 219.0 210.0 234.0 363.0 332.0 187.0 174.0 158.0 125.0 61.0 86.0 86.0 91.0 39.0 0 50.0 57.0 99.0 139.0 229.0 235.0 201.0 179.0 161.0 134.0 127.0 133.0 189.0 189.0 198.0 214.0 201.0 189.0 234.0 257.0 282.0 300.0 324.0 316.0 264.0 183.0 168.0 301.0 319.0 211.0 232.0 257.0 210.0 187.0 324.0 310.0 325.0 336.0 333.0 
346.0 234.0 210.0 263.0 257.0 273.0 195.0 205.0 211.0 338.0 309.0 156.0 138.0 156.0 123.0 59.0 38.0 112.0 115.0 64.0 50.0 0 7.0 90.0 122.0 210.0 203.0 188.0 185.0 166.0 138.0 77.0 128.0 176.0 188.0 214.0 229.0 220.0 211.0 266.0 282.0 307.0 325.0 349.0 335.0 290.0 196.0 163.0 321.0 329.0 219.0 247.0 255.0 221.0 188.0 319.0 314.0 332.0 345.0 331.0 
350.0 240.0 217.0 270.0 255.0 274.0 201.0 198.0 218.0 345.0 315.0 160.0 142.0 149.0 130.0 63.0 45.0 119.0 112.0 60.0 57.0 7.0 0 87.0 127.0 209.0 200.0 181.0 179.0 160.0 136.0 84.0 135.0 179.0 190.0 215.0 226.0 220.0 210.0 266.0 279.0 302.0 323.0 344.0 339.0 286.0 191.0 170.0 322.0 330.0 216.0 247.0 262.0 225.0 192.0 324.0 320.0 335.0 349.0 338.0 
426.0 313.0 283.0 320.0 286.0 298.0 215.0 239.0 238.0 346.0 317.0 155.0 149.0 152.0 104.0 135.0 126.0 184.0 177.0 130.0 99.0 90.0 87.0 0 40.0 130.0 136.0 134.0 141.0 124.0 107.0 167.0 209.0 262.0 272.0 297.0 305.0 298.0 284.0 320.0 345.0 361.0 370.0 404.0 367.0 335.0 227.0 244.0 400.0 411.0 298.0 330.0 342.0 306.0 269.0 391.0 399.0 415.0 430.0 413.0 
454.0 346.0 309.0 340.0 291.0 302.0 208.0 254.0 250.0 340.0 312.0 155.0 139.0 165.0 123.0 172.0 160.0 224.0 217.0 170.0 139.0 122.0 127.0 40.0 0 91.0 118.0 94.0 149.0 130.0 124.0 191.0 242.0 297.0 308.0 334.0 342.0 337.0 324.0 359.0 384.0 398.0 410.0 441.0 403.0 373.0 267.0 282.0 440.0 448.0 338.0 368.0 377.0 342.0 299.0 415.0 430.0 449.0 465.0 445.0 
524.0 413.0 378.0 396.0 327.0 335.0 236.0 303.0 284.0 332.0 319.0 183.0 176.0 206.0 191.0 256.0 248.0 314.0 306.0 259.0 229.0 210.0 209.0 130.0 91.0 0 53.0 30.0 196.0 215.0 196.0 274.0 318.0 383.0 393.0 424.0 433.0 428.0 412.0 449.0 474.0 486.0 491.0 530.0 488.0 452.0 344.0 373.0 530.0 538.0 424.0 456.0 460.0 428.0 377.0 478.0 509.0 526.0 546.0 522.0 
537.0 428.0 390.0 417.0 357.0 366.0 268.0 323.0 312.0 357.0 358.0 221.0 208.0 230.0 212.0 254.0 240.0 298.0 285.0 250.0 235.0 203.0 200.0 136.0 118.0 53.0 0 62.0 188.0 201.0 168.0 280.0 328.0 379.0 389.0 414.0 416.0 413.0 392.0 423.0 448.0 456.0 455.0 506.0 454.0 417.0 309.0 359.0 516.0 527.0 415.0 444.0 457.0 424.0 383.0 498.0 517.0 531.0 547.0 527.0 
495.0 383.0 353.0 374.0 299.0 305.0 206.0 273.0 257.0 302.0 296.0 160.0 146.0 183.0 161.0 226.0 219.0 286.0 282.0 236.0 201.0 188.0 181.0 134.0 94.0 30.0 62.0 0 189.0 208.0 185.0 244.0 292.0 353.0 363.0 395.0 407.0 401.0 386.0 426.0 451.0 467.0 470.0 509.0 474.0 432.0 328.0 345.0 502.0 510.0 396.0 428.0 432.0 398.0 347.0 451.0 480.0 497.0 518.0 493.0 
522.0 413.0 393.0 440.0 419.0 433.0 341.0 367.0 370.0 469.0 450.0 289.0 274.0 285.0 237.0 232.0 208.0 235.0 201.0 180.0 179.0 185.0 179.0 141.0 149.0 196.0 188.0 189.0 0 19.0 51.0 258.0 307.0 331.0 344.0 351.0 335.0 334.0 298.0 316.0 336.0 334.0 325.0 376.0 321.0 290.0 182.0 292.0 430.0 450.0 346.0 369.0 405.0 375.0 366.0 501.0 481.0 497.0 500.0 501.0 
506.0 396.0 376.0 422.0 400.0 414.0 326.0 352.0 353.0 456.0 437.0 274.0 261.0 267.0 219.0 214.0 189.0 217.0 188.0 163.0 161.0 166.0 160.0 124.0 130.0 215.0 201.0 208.0 19.0 0 33.0 240.0 289.0 316.0 328.0 336.0 322.0 319.0 290.0 310.0 330.0 328.0 321.0 370.0 324.0 282.0 176.0 279.0 419.0 438.0 333.0 355.0 388.0 358.0 348.0 484.0 465.0 480.0 485.0 485.0 
474.0 365.0 346.0 392.0 380.0 395.0 308.0 324.0 332.0 441.0 418.0 256.0 241.0 248.0 201.0 183.0 158.0 184.0 155.0 130.0 134.0 138.0 136.0 107.0 124.0 196.0 168.0 185.0 51.0 33.0 0 210.0 259.0 283.0 295.0 303.0 289.0 288.0 258.0 277.0 302.0 304.0 300.0 359.0 305.0 261.0 154.0 246.0 386.0 405.0 302.0 323.0 355.0 325.0 317.0 454.0 432.0 448.0 453.0 452.0 
269.0 157.0 137.0 200.0 234.0 255.0 187.0 147.0 172.0 328.0 291.0 181.0 163.0 166.0 139.0 94.0 69.0 94.0 128.0 96.0 127.0 77.0 84.0 167.0 191.0 274.0 280.0 244.0 258.0 240.0 210.0 0 51.0 128.0 121.0 159.0 190.0 188.0 190.0 243.0 267.0 300.0 329.0 338.0 335.0 302.0 229.0 129.0 276.0 274.0 163.0 198.0 189.0 164.0 111.0 244.0 242.0 260.0 274.0 255.0 
218.0 107.0 91.0 154.0 197.0 222.0 197.0 198.0 169.0 335.0 288.0 187.0 190.0 161.0 131.0 98.0 120.0 115.0 179.0 137.0 133.0 128.0 135.0 209.0 242.0 318.0 328.0 292.0 307.0 289.0 259.0 51.0 0 82.0 95.0 134.0 182.0 169.0 218.0 245.0 267.0 313.0 347.0 348.0 350.0 321.0 280.0 166.0 262.0 250.0 144.0 176.0 151.0 140.0 60.0 197.0 191.0 209.0 229.0 209.0 
203.0 117.0 136.0 199.0 271.0 295.0 279.0 224.0 251.0 412.0 366.0 268.0 270.0 242.0 213.0 131.0 139.0 103.0 157.0 155.0 189.0 176.0 179.0 262.0 297.0 383.0 379.0 353.0 331.0 316.0 283.0 128.0 82.0 0 13.0 65.0 114.0 102.0 136.0 182.0 207.0 251.0 287.0 272.0 285.0 265.0 235.0 84.0 180.0 168.0 62.0 97.0 108.0 58.0 114.0 210.0 154.0 170.0 172.0 173.0 
207.0 130.0 127.0 189.0 270.0 294.0 282.0 213.0 252.0 417.0 375.0 274.0 271.0 234.0 211.0 144.0 152.0 116.0 164.0 165.0 189.0 188.0 190.0 272.0 308.0 393.0 389.0 363.0 344.0 328.0 295.0 121.0 95.0 13.0 0 52.0 116.0 104.0 140.0 192.0 205.0 249.0 292.0 276.0 293.0 277.0 245.0 71.0 167.0 165.0 65.0 94.0 121.0 45.0 112.0 200.0 145.0 162.0 172.0 160.0 
217.0 153.0 178.0 237.0 322.0 345.0 331.0 265.0 303.0 466.0 419.0 317.0 312.0 286.0 250.0 171.0 177.0 152.0 152.0 187.0 198.0 214.0 215.0 297.0 334.0 424.0 414.0 395.0 351.0 336.0 303.0 159.0 134.0 65.0 52.0 0 64.0 53.0 98.0 145.0 159.0 204.0 251.0 229.0 249.0 237.0 226.0 82.0 132.0 127.0 13.0 42.0 114.0 39.0 122.0 250.0 172.0 162.0 168.0 180.0 
280.0 217.0 237.0 298.0 375.0 399.0 376.0 316.0 351.0 512.0 468.0 356.0 341.0 317.0 279.0 201.0 191.0 128.0 134.0 186.0 214.0 229.0 226.0 305.0 342.0 433.0 416.0 407.0 335.0 322.0 289.0 190.0 182.0 114.0 116.0 64.0 0 13.0 64.0 81.0 106.0 140.0 187.0 166.0 186.0 174.0 206.0 75.0 159.0 122.0 52.0 87.0 137.0 102.0 185.0 302.0 206.0 219.0 199.0 235.0 
270.0 205.0 227.0 287.0 366.0 387.0 365.0 304.0 338.0 501.0 457.0 343.0 334.0 309.0 270.0 188.0 185.0 115.0 138.0 174.0 201.0 220.0 220.0 298.0 337.0 428.0 413.0 401.0 334.0 319.0 288.0 188.0 169.0 102.0 104.0 53.0 13.0 0 51.0 94.0 119.0 153.0 200.0 179.0 199.0 187.0 193.0 62.0 163.0 126.0 40.0 75.0 141.0 92.0 172.0 291.0 196.0 206.0 191.0 228.0 
313.0 246.0 258.0 321.0 390.0 414.0 375.0 326.0 357.0 517.0 476.0 349.0 336.0 313.0 271.0 185.0 187.0 166.0 107.0 159.0 189.0 211.0 210.0 284.0 324.0 412.0 392.0 386.0 298.0 290.0 258.0 190.0 218.0 136.0 140.0 98.0 64.0 51.0 0 56.0 81.0 127.0 157.0 224.0 156.0 139.0 142.0 83.0 193.0 175.0 86.0 86.0 151.0 135.0 205.0 340.0 244.0 256.0 240.0 273.0 
356.0 295.0 313.0 376.0 442.0 467.0 427.0 381.0 411.0 570.0 530.0 399.0 386.0 365.0 321.0 236.0 228.0 154.0 163.0 215.0 234.0 266.0 266.0 320.0 359.0 449.0 423.0 426.0 316.0 310.0 277.0 243.0 245.0 182.0 192.0 145.0 81.0 94.0 56.0 0 25.0 71.0 106.0 173.0 105.0 98.0 140.0 138.0 139.0 176.0 133.0 121.0 193.0 183.0 258.0 383.0 284.0 294.0 272.0 314.0 
365.0 312.0 332.0 394.0 464.0 488.0 451.0 403.0 433.0 594.0 553.0 424.0 410.0 389.0 346.0 260.0 251.0 178.0 188.0 240.0 257.0 282.0 279.0 345.0 384.0 474.0 448.0 451.0 336.0 330.0 302.0 267.0 267.0 207.0 205.0 159.0 106.0 119.0 81.0 25.0 0 46.0 99.0 166.0 98.0 98.0 158.0 153.0 135.0 172.0 158.0 146.0 202.0 198.0 275.0 405.0 293.0 301.0 279.0 323.0 
410.0 355.0 374.0 435.0 504.0 528.0 484.0 439.0 471.0 627.0 588.0 453.0 439.0 420.0 373.0 290.0 278.0 211.0 193.0 245.0 282.0 307.0 302.0 361.0 398.0 486.0 456.0 467.0 334.0 328.0 304.0 300.0 313.0 251.0 249.0 204.0 140.0 153.0 127.0 71.0 46.0 0 53.0 121.0 76.0 64.0 157.0 197.0 175.0 212.0 192.0 191.0 248.0 242.0 318.0 442.0 338.0 346.0 319.0 369.0 
460.0 400.0 415.0 477.0 536.0 559.0 510.0 474.0 501.0 654.0 618.0 475.0 461.0 445.0 395.0 317.0 301.0 238.0 216.0 266.0 300.0 325.0 323.0 370.0 410.0 491.0 455.0 470.0 325.0 321.0 300.0 329.0 347.0 287.0 292.0 251.0 187.0 200.0 157.0 106.0 99.0 53.0 0 68.0 112.0 39.0 147.0 236.0 228.0 265.0 239.0 226.0 297.0 289.0 360.0 489.0 388.0 396.0 372.0 418.0 
427.0 382.0 403.0 464.0 538.0 562.0 524.0 475.0 507.0 666.0 625.0 493.0 480.0 459.0 415.0 344.0 319.0 248.0 284.0 285.0 324.0 349.0 344.0 404.0 441.0 530.0 506.0 509.0 376.0 370.0 359.0 338.0 348.0 272.0 276.0 229.0 166.0 179.0 224.0 173.0 166.0 121.0 68.0 0 68.0 107.0 215.0 223.0 250.0 213.0 218.0 253.0 267.0 265.0 351.0 464.0 355.0 358.0 345.0 388.0 
459.0 399.0 414.0 476.0 534.0 559.0 508.0 472.0 499.0 652.0 616.0 475.0 461.0 444.0 395.0 314.0 315.0 245.0 227.0 279.0 316.0 335.0 339.0 367.0 403.0 488.0 454.0 474.0 321.0 324.0 305.0 335.0 350.0 285.0 293.0 249.0 186.0 199.0 156.0 105.0 98.0 76.0 112.0 68.0 0 110.0 191.0 234.0 226.0 263.0 238.0 225.0 297.0 288.0 358.0 488.0 387.0 395.0 372.0 417.0 
450.0 381.0 392.0 454.0 507.0 531.0 478.0 445.0 471.0 622.0 586.0 442.0 425.0 412.0 361.0 284.0 274.0 218.0 177.0 229.0 264.0 290.0 286.0 335.0 373.0 452.0 417.0 432.0 290.0 282.0 261.0 302.0 321.0 265.0 277.0 237.0 174.0 187.0 139.0 98.0 98.0 64.0 39.0 107.0 110.0 0 108.0 210.0 230.0 267.0 225.0 219.0 287.0 274.0 339.0 472.0 380.0 390.0 367.0 409.0 
436.0 352.0 345.0 408.0 438.0 455.0 391.0 375.0 401.0 534.0 504.0 349.0 333.0 329.0 273.0 222.0 229.0 265.0 195.0 186.0 183.0 196.0 191.0 227.0 267.0 344.0 309.0 328.0 182.0 176.0 154.0 229.0 280.0 235.0 245.0 226.0 206.0 193.0 142.0 140.0 158.0 157.0 147.0 215.0 191.0 108.0 0 177.0 279.0 316.0 219.0 228.0 284.0 260.0 304.0 440.0 375.0 388.0 379.0 401.0 
259.0 176.0 198.0 253.0 320.0 345.0 309.0 252.0 291.0 447.0 413.0 292.0 274.0 247.0 212.0 126.0 138.0 169.0 93.0 132.0 168.0 163.0 170.0 244.0 282.0 373.0 359.0 345.0 292.0 279.0 246.0 129.0 166.0 84.0 71.0 82.0 75.0 62.0 83.0 138.0 153.0 197.0 236.0 223.0 234.0 210.0 177.0 0 158.0 169.0 74.0 93.0 153.0 116.0 133.0 270.0 212.0 214.0 234.0 226.0 
259.0 254.0 279.0 331.0 429.0 453.0 444.0 376.0 411.0 577.0 531.0 432.0 423.0 393.0 367.0 281.0 283.0 267.0 234.0 279.0 301.0 321.0 322.0 400.0 440.0 530.0 516.0 502.0 430.0 419.0 386.0 276.0 262.0 180.0 167.0 132.0 159.0 163.0 193.0 139.0 135.0 175.0 228.0 250.0 226.0 230.0 279.0 158.0 0 37.0 145.0 153.0 165.0 138.0 226.0 315.0 185.0 187.0 158.0 215.0 
229.0 245.0 260.0 319.0 416.0 440.0 438.0 363.0 402.0 568.0 516.0 430.0 426.0 393.0 368.0 286.0 291.0 241.0 251.0 292.0 319.0 329.0 330.0 411.0 448.0 538.0 527.0 510.0 450.0 438.0 405.0 274.0 250.0 168.0 165.0 127.0 122.0 126.0 175.0 176.0 172.0 212.0 265.0 213.0 263.0 267.0 316.0 169.0 37.0 0 114.0 149.0 128.0 166.0 213.0 284.0 154.0 158.0 195.0 182.0 
230.0 166.0 188.0 248.0 333.0 355.0 340.0 277.0 313.0 474.0 428.0 323.0 314.0 294.0 259.0 173.0 183.0 155.0 150.0 186.0 211.0 219.0 216.0 298.0 338.0 424.0 415.0 396.0 346.0 333.0 302.0 163.0 144.0 62.0 65.0 13.0 52.0 40.0 86.0 133.0 158.0 192.0 239.0 218.0 238.0 225.0 219.0 74.0 145.0 114.0 0 35.0 107.0 52.0 133.0 263.0 159.0 172.0 181.0 188.0 
235.0 190.0 216.0 276.0 363.0 387.0 373.0 307.0 345.0 508.0 460.0 358.0 349.0 319.0 292.0 206.0 209.0 190.0 169.0 205.0 232.0 247.0 247.0 330.0 368.0 456.0 444.0 428.0 369.0 355.0 323.0 198.0 176.0 97.0 94.0 42.0 87.0 75.0 86.0 121.0 146.0 191.0 226.0 253.0 225.0 219.0 228.0 93.0 153.0 149.0 35.0 0 72.0 74.0 162.0 269.0 171.0 177.0 154.0 202.0 
163.0 174.0 162.0 220.0 317.0 340.0 341.0 267.0 305.0 470.0 418.0 338.0 337.0 300.0 282.0 220.0 218.0 211.0 209.0 227.0 257.0 255.0 262.0 342.0 377.0 460.0 457.0 432.0 405.0 388.0 355.0 189.0 151.0 108.0 121.0 114.0 137.0 141.0 151.0 193.0 202.0 248.0 297.0 267.0 297.0 287.0 284.0 153.0 165.0 128.0 107.0 72.0 0 106.0 136.0 235.0 179.0 160.0 198.0 130.0 
178.0 132.0 146.0 204.0 296.0 320.0 315.0 243.0 282.0 445.0 405.0 309.0 308.0 274.0 256.0 176.0 185.0 145.0 184.0 195.0 210.0 221.0 225.0 306.0 342.0 428.0 424.0 398.0 375.0 358.0 325.0 164.0 140.0 58.0 45.0 39.0 102.0 92.0 135.0 183.0 198.0 242.0 289.0 265.0 288.0 274.0 260.0 116.0 138.0 166.0 52.0 74.0 106.0 0 93.0 229.0 161.0 146.0 129.0 142.0 
165.0 150.0 151.0 120.0 222.0 245.0 230.0 150.0 189.0 355.0 319.0 245.0 227.0 203.0 186.0 158.0 168.0 156.0 210.0 191.0 187.0 188.0 192.0 269.0 299.0 377.0 383.0 347.0 366.0 348.0 317.0 111.0 60.0 114.0 112.0 122.0 185.0 172.0 205.0 258.0 275.0 318.0 360.0 351.0 358.0 339.0 304.0 133.0 226.0 213.0 133.0 162.0 136.0 93.0 0 149.0 157.0 153.0 177.0 151.0 
76.0 127.0 110.0 159.0 218.0 242.0 279.0 189.0 224.0 352.0 302.0 320.0 309.0 280.0 328.0 273.0 296.0 301.0 342.0 334.0 324.0 319.0 324.0 391.0 415.0 478.0 498.0 451.0 501.0 484.0 454.0 244.0 197.0 210.0 200.0 250.0 302.0 291.0 340.0 383.0 405.0 442.0 489.0 464.0 488.0 472.0 440.0 270.0 315.0 284.0 263.0 269.0 235.0 229.0 149.0 0 132.0 140.0 185.0 123.0 
80.0 117.0 162.0 190.0 305.0 324.0 357.0 273.0 308.0 458.0 409.0 374.0 360.0 332.0 319.0 264.0 280.0 255.0 294.0 304.0 310.0 314.0 320.0 399.0 430.0 509.0 517.0 480.0 481.0 465.0 432.0 242.0 191.0 154.0 145.0 172.0 206.0 196.0 244.0 284.0 293.0 338.0 388.0 355.0 387.0 380.0 375.0 212.0 185.0 154.0 159.0 171.0 179.0 161.0 157.0 132.0 0 19.0 55.0 49.0 
75.0 125.0 170.0 196.0 315.0 336.0 367.0 279.0 318.0 470.0 419.0 377.0 376.0 340.0 338.0 283.0 299.0 273.0 307.0 318.0 325.0 332.0 335.0 415.0 449.0 526.0 531.0 497.0 497.0 480.0 448.0 260.0 209.0 170.0 162.0 162.0 219.0 206.0 256.0 294.0 301.0 346.0 396.0 358.0 395.0 390.0 388.0 214.0 187.0 158.0 172.0 177.0 160.0 146.0 153.0 140.0 19.0 0 45.0 30.0 
118.0 170.0 203.0 241.0 353.0 377.0 400.0 324.0 359.0 510.0 460.0 416.0 404.0 380.0 359.0 296.0 309.0 269.0 306.0 323.0 336.0 345.0 349.0 430.0 465.0 546.0 547.0 518.0 500.0 485.0 453.0 274.0 229.0 172.0 172.0 168.0 199.0 191.0 240.0 272.0 279.0 319.0 372.0 345.0 372.0 367.0 379.0 234.0 158.0 195.0 181.0 154.0 198.0 129.0 177.0 185.0 55.0 45.0 0 75.0 
47.0 110.0 153.0 176.0 295.0 317.0 350.0 266.0 298.0 449.0 396.0 364.0 364.0 328.0 333.0 281.0 299.0 276.0 315.0 325.0 333.0 331.0 338.0 413.0 445.0 522.0 527.0 493.0 501.0 485.0 452.0 255.0 209.0 173.0 160.0 180.0 235.0 228.0 273.0 314.0 323.0 369.0 418.0 388.0 417.0 409.0 401.0 226.0 215.0 182.0 188.0 202.0 130.0 142.0 151.0 123.0 49.0 30.0 75.0 0 
