47
26 79 71 37 25 73 76 20 38 6 29 82 91 9 74 11 2 95 43 75 44 80 60 40 84 16 46 24 30 67 14 15 54 31 77 41 56 1 57 83 22 94 89 59 12 36 92
0 3.69649 11.05827 22.29419 27.64823 24.10101 29.77541 24.43346 24.625030000000002 14.87793 24.02403 25.193559999999998 34.08278 40.03204 48.30857 56.62802 47.35026 60.09821 34.40157 30.39701 35.271840000000005 41.296350000000004 41.84686 54.05467 42.48367 53.37675 57.45601 57.750690000000006 72.6052 79.09793 70.23327 65.50652000000001 60.8464 56.75117 61.921980000000005 58.580330000000004 59.32959 48.76514 51.94494 50.92379 27.21924 55.38028 25.1804 37.31465 33.61686 63.89102 10.05839 
3.69649 0 14.63372 24.96961 31.0707 23.67304 29.34744 28.12995 20.92854 18.57442 27.72052 28.890050000000002 37.77927 36.74888 45.3113 53.29569 43.86654 59.36704 38.098060000000004 32.80617 34.88422 40.90557 45.37387 55.499129999999994 42.0557 52.39996 57.69724 60.98587 70.86907 77.49748 69.5883 68.92899 63.5361 60.44766 64.74878 57.35418 62.0257 51.5381 55.64143 50.49582 30.00197 59.076769999999996 21.48391 40.38422 32.92828 60.82188 13.12796 
11.05827 14.63372 0 13.8451 25.12361 25.45793 30.87315 32.60922 18.17319 24.83015 34.76484 35.93437 44.823589999999996 51.09031 59.16962 67.59928 58.40448 71.15648 41.5149 41.45528 46.330110000000005 50.58618 50.46914 61.45065 42.10777 54.5634 58.42905 59.21701 76.11845 80.45485000000001 70.19179 61.53567 57.11392 50.08688 55.257690000000004 47.52206 50.68778 40.44335 59.23843 50.57788 18.94325 52.80529 36.11763 28.7216 44.67513 71.51589 21.11666 
22.29419 24.96961 13.8451 0 16.03519 25.171950000000002 26.20938 31.57336 28.39753 31.79667 46.14777 44.97824 56.20652 61.39423 69.86901999999999 77.89577 67.83166 81.10428 50.79227 43.29574 48.170570000000005 49.55791 53.23633 61.402969999999996 40.48527 46.59887 48.99233 55.184779999999996 70.05393 73.39437 60.17399 53.89348 43.26882 36.30203 41.472840000000005 43.604240000000004 37.1627 26.59825 45.39333 41.73852 31.25837 51.53493 31.415010000000002 38.69884 54.863 71.32907 12.37759 
27.64823 31.0707 25.12361 16.03519 0 9.13676 10.17419 21.97451 12.36234 29.21103 47.12470999999999 48.294239999999995 56.78476 60.10421 68.66663 75.39441 64.59185 73.16762 48.73467 35.04343 38.49649 39.33778 42.83075 48.18948 25.52839 30.62813 33.30544 39.21404 54.05247 57.359179999999995 45.06818 37.85829 33.35469 41.370200000000004 36.19939 44.416109999999996 37.78165 28.79765 47.59273 25.70333 15.22318 49.08522 37.37045 40.644800000000004 61.17879 57.81175 28.412779999999998 
24.10101 23.67304 25.45793 25.171950000000002 9.13676 0 5.6744 20.37295 21.4991 38.34779 40.38056 39.21103 49.627610000000004 56.79615 62.678219999999996 66.61931 56.16056 65.85281 46.07622 25.91122 30.78605 32.19205 36.66035 41.05854 18.38266 29.53231 34.829589999999996 38.11822 51.58719 54.99692 46.13366 46.995050000000006 39.86306 39.76156 44.932370000000006 41.13332 46.91841 37.92832 42.91415 26.82278 24.35994 52.27932 37.624539999999996 31.50804 56.60132 50.24562 21.20659 
29.77541 29.34744 30.87315 26.20938 10.17419 5.6744 0 14.69855 20.431440000000002 34.92382 44.51594 44.88543 54.574690000000004 57.298159999999996 65.18772 69.46082 58.684689999999996 66.12947 43.98263 28.02533 30.09751 29.41704 33.88534 38.28353 15.60765 29.02321 33.371719999999996 37.60912 47.15827 53.786680000000004 40.49171 42.70077 43.52888 37.51463 42.68544 39.84905 46.483509999999995 38.97184 40.13914 32.49718 25.39737 46.60492 40.62451 37.18244 62.27572 55.2113 26.880989999999997 
24.43346 28.12995 32.60922 31.57336 21.97451 20.37295 14.69855 0 14.43603 28.76116 31.75126 32.92079 39.91601 42.59961 51.16203 54.77466 43.98614 51.655770000000004 29.28408 24.15878 20.7539 17.98455 21.66297 32.9895 20.31797 33.73353 39.03081 33.31723 48.81801 55.44642 50.62053 49.17833 54.915490000000005 52.03247 56.61274 53.83834 59.756159999999994 50.75675 47.736670000000004 33.06063 33.83175 45.37203 37.71564 23.64075 51.53962 40.84625 29.35969 
24.625030000000002 20.92854 18.17319 28.39753 12.36234 21.4991 20.431440000000002 14.43603 0 17.21564 34.76237 35.9319 44.82111999999999 48.10882 56.67124 63.72307 53.49056 66.0918 36.73928 26.25302 30.5285 32.41299 36.099000000000004 44.78297 23.93458 37.25724 41.11032 45.84315 58.00435 62.84594 53.7902 50.22063 45.54325 52.11568 48.56173 44.813469999999995 48.76736 38.98164 49.7626 34.39812 27.58552 40.07762 27.22829 38.07678 49.42391 54.84075 18.87234 
14.87793 18.57442 24.83015 31.79667 29.21103 38.34779 34.92382 28.76116 17.21564 0 18.56225 19.73178 28.621 30.89318 39.455600000000004 46.61016 36.32163 51.82213 19.52364 39.68864 37.02837 31.43723 26.96893 41.93595 41.150220000000004 46.65373 51.951010000000004 55.18285 67.21069 68.30113 64.4637 62.753190000000004 61.4285 60.56454 65.40549 60.8836 65.97823 55.99062 61.311530000000005 51.61376 35.74748 57.293260000000004 18.70639 45.228930000000005 41.31868 49.75256 22.56394 
24.02403 27.72052 34.76484 46.147769999999994 47.12470999999999 40.38056 44.51594 31.75126 34.76237 18.56225 0 1.16953 10.05875 18.914920000000002 24.4382 33.57797 24.90698 40.40748 10.82193 29.197979999999998 31.27603 37.29738 37.40847 50.33977 52.01751 64.39961 69.69689 64.80169 77.33882 84.01755 82.31679 80.62513 79.99074999999999 78.41497 83.32409999999999 77.82165 82.33921 72.11663 72.22089 64.66874 50.71601 74.83999 36.17948 28.17832 22.75643 58.8513 34.08242 
25.193559999999998 28.89005 35.93437 44.97824 48.29424 39.21103 44.88543 32.92079 35.9319 19.73178 1.16953 0 11.22828 20.08445 25.607729999999997 34.747499999999995 26.07651 41.57701 11.99146 28.02845 30.106499999999997 36.127849999999995 38.578 50.49447 51.62525 65.04081 68.86076 63.63216 77.2843 83.91271 81.81546 79.4556 79.07409 77.24544 82.41625 78.99118 81.51155 70.9471 71.3094 64.61807999999999 49.86495 76.00952000000001 37.34901 29.34785 23.925960000000003 60.020830000000004 32.99094 
34.08278 37.77927 44.823589999999996 56.20652 56.78476 49.627610000000004 54.574690000000004 39.91601 44.82111999999999 28.621 10.05875 11.22828 0 8.85617 17.418590000000002 26.55836 18.08855 33.58905 20.880679999999998 32.26322 37.13805 43.16256 38.7901 53.59626 60.23398 71.99581 77.12715 70.90033 82.70551 89.75827 89.89296 88.82776 89.18419 88.47372 92.98415 87.78941 92.39796 82.06416 82.27964 72.97664 60.77476 84.89874 46.23823 18.11957 23.10567 60.74716 44.14117 
40.03204 36.74888 51.09031 61.39423 60.10421 56.79615 57.298159999999996 42.59961 48.10882 30.89318 18.914920000000002 20.084450000000004 8.85617 0 8.56242 17.70219 9.2328 24.7333 26.29251 30.88493 31.82575 37.41366 34.95162 49.12597 60.65231 71.48713 76.73845 69.14654 79.61666 87.08997 89.1649 89.67597 92.32168 91.34986 96.11713 91.77678 96.742 86.67548 88.24142 73.39987 66.64066 87.97164000000001 49.59957 26.975740000000002 31.68617 58.44978 49.86604 
48.30857 45.3113 59.16962 69.86901999999999 68.66663 62.678219999999996 65.18772 51.16203 56.671240000000004 39.455600000000004 24.4382 25.607729999999997 17.418590000000002 8.56242 0 9.13977 17.79522 21.92476 34.854929999999996 39.44735 40.38817 44.44224 40.91077 55.87779 68.54635 78.93619 84.21743 76.22079 85.50110000000001 93.31242 96.43412 97.61012000000001 99.72444 99.85766 104.67955 100.33023 105.30416 95.23065 94.51888 81.96229000000001 74.35272 96.53406000000001 58.16199 31.17018 40.24859 64.40893 58.23816 
56.62802 53.29569 67.59928 77.89577 75.39441 66.61931 69.46082 54.77466 63.72307 46.61016 33.57797 34.7475 26.55836 17.70219 9.13977 0 10.80256 16.21761 27.1035 43.31379 42.29962 46.80946 50.05054 56.76835 73.35365 82.80575999999999 88.08021 79.12031999999999 87.87677 95.3205 99.84031999999999 102.41742 105.18099 106.37831 110.98871 107.29974 112.49043 102.60076 99.31156 85.89585 82.12424 100.14669 65.21862 40.30995 44.29478 58.55565 66.40096 
47.35026 43.86654 58.40448 67.83166 64.59185 56.16056 58.684689999999996 43.98614 53.49056 36.32163 24.90698 26.07651 18.08855 9.2328 17.79522 10.80256 0 15.5005 17.05971 32.51458 31.7418 36.674530000000004 41.142830000000004 45.96579 62.59589 72.24546 77.54274 68.83724 77.73339 85.54471 89.46519 91.65966 94.37872 95.92212 100.26046 97.00894000000001 102.02511 92.244 88.66114 75.09329 72.06911 89.35817 55.02802 33.27752 40.91897 50.68354 56.85665 
60.09821 59.36704 71.15648 81.10428 73.16762 65.85281 66.12947 51.655770000000004 66.0918 51.82213 40.40748 41.57701 33.58905 24.7333 21.92476 16.21761 15.5005 0 32.56021 39.94159 42.01964 48.04099 52.50929 49.28743 70.92913999999999 80.50309 79.79645 71.91718 75.86989 83.62706 91.28220999999999 95.41293999999999 99.95066 103.21521 107.35646 105.1336 110.94593 101.67348 95.46063 84.71640000000001 82.97659 97.02780000000001 64.57144 48.77802 56.419470000000004 66.18404 69.11698 
34.40157 38.09806 41.5149 50.79227 48.73467 46.07622 43.98263 29.28408 36.73928 19.52364 10.82193 11.99146 20.880679999999998 26.29251 34.854929999999996 27.1035 17.05971 32.56021 0 20.165 22.12247 28.14698 26.58654 41.48354 49.20982 60.444 65.67549 58.76638 70.39841 77.48546 78.25713 78.27359 79.96394000000001 80.08818 84.92913 80.40724 85.44439 75.50631 72.99012 62.344710000000006 55.02074 74.65611 38.23003 39.000249999999994 32.67527 50.0847 39.85758 
30.39701 32.80617 41.45528 43.29574 35.04343 25.91122 28.02533 24.15878 26.25302 39.68864 29.19798 28.02845 32.26322 30.88493 39.44735 43.31379 32.51458 39.94159 20.165 0 4.87483 10.89934 15.367640000000002 24.86256 32.825 40.98428 46.28156 38.63711 51.19531 57.823719999999994 58.399550000000005 59.39673 62.56205 64.87466 69.25232 66.88482 72.82508 63.80341 57.356489999999994 49.367909999999995 46.14702 57.50725 37.07445 23.43626 49.00365 38.8658 37.27005 
35.271840000000005 34.88422 46.330110000000005 48.170570000000005 38.49649 30.78605 30.09751 20.7539 30.5285 37.02837 31.27603 30.106499999999997 37.13805 31.82575 40.38817 42.29962 31.7418 42.01964 22.12247 4.87483 0 6.02451 10.49281 20.61491 31.55085 40.50614 45.80342 37.52471 48.27924 55.437870000000004 57.79136 60.20904 67.32961 67.49445 72.66526 69.94656 76.27814000000001 67.29414 59.69064 46.20979 51.02185 59.44105 39.1525 24.85999 52.60585 33.99097 42.14488 
41.296350000000004 40.90557 50.58618 49.55791 39.33778 32.19205 29.41704 17.98455 32.41299 31.43723 37.29738 36.127849999999995 43.16256 37.41366 44.44224 46.80946 36.674530000000004 48.04099 28.14698 10.89934 6.02451 0 4.4683 15.00495 28.7772 36.55995 41.81588 32.31086 46.12577 52.754180000000005 53.03086 56.6883 63.89403 66.50278 69.98626 69.26608999999999 75.90055 67.28211999999999 58.7482 40.18528 51.8163 60.60168 33.47734 30.8845 58.54654 27.966459999999998 47.34424 
41.84686 45.37387 50.46914 53.23633 42.83075 36.66035 33.88534 21.66297 36.099000000000004 26.96893 37.40847 38.578 38.7901 34.95162 40.91077 50.05054 41.142830000000004 52.50929 26.58654 15.367640000000002 10.49281 4.4683 0 14.96702 33.2455 40.28473 45.52371 36.77916 45.809110000000004 52.437520000000006 57.499159999999996 61.09313 66.03337 70.97108 74.33724 73.73438999999999 80.36885 71.45618 63.216499999999996 44.50208 55.49472 65.06998 37.94564 35.3528 59.26181 23.49816 48.35913 
54.05467 55.499129999999994 61.45065 61.402969999999996 48.18948 41.05854 38.28353 32.9895 44.78297 41.93595 50.33977 50.49447 53.59626 49.12597 55.87779 56.76835 45.96579 49.28743 41.48354 24.86256 20.61491 15.00495 14.96702 0 33.15191 34.94971 39.60425 43.53562 47.01454 54.77171 48.62738 56.48988 64.50765 71.16012 74.20019 76.28316000000001 82.64295 75.16884 62.79992 41.22016 62.61293 62.384370000000004 48.48229 45.45741 73.09620000000001 38.46518 62.13260999999999 
42.483670000000004 42.0557 42.10777 40.48527 25.52839 18.38266 15.60765 20.31797 23.93458 41.150220000000004 52.01751 51.62525 60.23398 60.65231 68.54635 73.35365 62.59589 70.92913999999999 49.20982 32.825 31.55085 28.7772 33.2455 33.15191 0 13.41556 18.71284 22.001469999999998 36.87617 38.91136 30.7682 29.06377 41.69484 38.17473 43.34554 45.199439999999996 51.20814 43.09367 44.93881 42.75833 37.547309999999996 40.859120000000004 41.63944 43.95872 70.86418 55.22689 39.58925 
53.37675 52.39996 54.5634 46.59887 30.62813 29.53231 29.02321 33.73353 37.25724 46.65373 64.39961 65.04081 71.99581 71.48713 78.93619 82.80575999999999 72.24546 80.50309 60.444 40.98428 40.50614 36.55995 40.28473 34.94971 13.41556 0 5.29728 8.58591 24.59526 32.40658 17.92536 33.83832 32.10769 39.53865 44.21162 46.84086 52.57205999999999 48.05317 35.19423 41.073620000000005 45.85131 27.44356 53.12393 56.3781 83.97795 41.81133 50.7389 
57.45601 57.69724 58.42905 48.99233 33.30544 34.829589999999996 33.371719999999996 39.03081 41.11032 51.951010000000004 69.69689 68.86076 77.12715 76.73845 84.21743 88.08021 77.54274 79.79645 65.67549 46.28156 45.80342 41.81588 45.52371 39.60425 18.71284 5.29728 0 13.883189999999999 24.9428 32.75412 23.222640000000002 36.89529 26.81041 40.1956 38.91434 47.488730000000004 50.37037 47.55002 29.89695 41.16448 47.233090000000004 32.74084 51.32522 61.28381 88.6273 47.10861 56.036179999999995 
57.750690000000006 60.98587 59.21701 55.184779999999996 39.21404 38.11822 37.60912 33.31723 45.84315 55.18285 64.80169 63.63216 70.90033 69.14654 76.22079 79.12031999999999 68.83724 71.91718 58.76638 38.63711 37.52471 32.31086 36.77916 43.53562 22.001469999999998 8.58591 13.883189999999999 0 17.62887 25.44019 20.99559 36.90855 38.35523 48.124559999999995 52.79753 53.84964 60.4841 56.26656 43.78014 49.204 54.437219999999996 36.02947 53.45397 56.957980000000006 84.85685000000001 33.22542 59.32481 
72.6052 70.86907 76.11845 70.05393 54.05247 51.58719 47.158269999999995 48.81801 58.00435 67.21069 77.33882 77.2843 82.70551 79.61666 85.50110000000001 87.87677 77.73339 75.86989 70.39841 51.195310000000006 48.27924 46.12577 45.809110000000004 47.01454 36.87617 24.59526 24.9428 17.62887 0 7.81132 24.74084 39.00863 51.6397 62.40885 63.85714 68.8225 75.26499 72.3495 54.839749999999995 65.66888 68.90245 49.86638 58.73471 70.60199 99.18994 47.000280000000004 71.85102 
79.09793 77.49748 80.45485000000001 73.39437 57.359179999999995 54.99692 53.78668 55.44642 62.84594 68.30113 84.01755 83.91271 89.75827 87.08997 93.31242 95.3205 85.54471000000001 83.62706 77.48546 57.823719999999994 55.437870000000004 52.75418 52.437520000000006 54.77171 38.91136 32.40658 32.75412 25.44019 7.81132 0 21.18908 36.74578 49.13882 61.56357 62.37482 68.34752 74.59698 72.75505 56.52672 71.2103 71.61018 50.56691 62.36012 77.2304 105.54331 39.18896 76.20351 
70.23327 69.5883 70.19179 60.17399 45.06818 46.13366 40.49171 50.62053 53.7902 64.4637 82.31679 81.81546 89.89296 89.1649 96.43412 99.84031999999999 89.46519 91.28220999999999 78.25713 58.399550000000005 57.79136 53.03086 57.499159999999996 48.62738 30.7682 17.92536 23.222640000000002 20.99559 24.74084 21.18908 0 15.91296 28.54403 41.51237 41.18574 48.59768 54.54577999999999 54.09315 35.33764 50.10595 57.40172 29.37783 53.13702 74.25815 101.63132 52.22424 66.08899 
65.50652 68.92899 61.53567 53.89348 37.85829 46.99505 42.70077 49.17833 50.22063 62.753190000000004 80.62513 79.4556 88.82776 89.67597 97.61012000000001 102.41742 91.65966 95.41293999999999 78.27359 59.39673 60.20904 56.6883 61.09313 56.48988 29.06377 33.83832 36.89529 36.90855 39.00863 36.74578 15.91296 0 12.63107 26.01626 31.18707 32.99594 38.78701 39.16862 20.45583 38.55824 46.51642 45.29079 50.60855 71.73572999999999 97.10704 62.09695 57.99032 
60.8464 63.5361 57.11392 43.26882 33.35469 39.86306 43.52888 54.915490000000005 45.54325 61.4285 79.99074999999999 79.07409 89.18419 92.32168 99.72444 105.18099 94.37872 99.95066 79.96394000000001 62.56205 67.32961 63.89403 66.03337 64.50765 41.69484 32.10769 26.81041 38.35523 51.6397 49.13882 28.54403 12.63107 0 13.38519 18.556 20.67832 26.15594 27.66992 33.0869 48.73048 41.05453 52.6066 45.14666 71.3711 94.46326 70.98822 55.646409999999996 
56.75117 60.44766 50.08688 36.30203 41.370200000000004 39.76156 37.51463 52.03247 52.11568 60.56454 78.41497 77.24544 88.47372 91.34986 99.85766 106.37831 95.92211999999999 103.21521 80.08818 64.87466 67.49445 66.50278 70.97108 71.16012 38.17473 39.53865 40.1956 48.124559999999995 62.40885 61.56357 41.51237 26.01626 13.38519 0 5.17081 7.30221 13.03341 23.59786 33.55735 44.462469999999996 31.31857 43.69461 50.70113 71.2696 90.36803 79.14088 47.88123 
61.921980000000005 64.74878 55.257690000000004 41.472840000000005 36.19939 44.932370000000006 42.68544 56.61274 48.56173 65.40549 83.32409999999999 82.41625 92.98415 96.11713 104.67955 110.98871 100.26046 107.35646 84.92913 69.25232 72.66526 69.98626 74.33724 74.20019 43.34554 44.21162 38.91434 52.79753 63.85714 62.37482 41.18574 31.18707 18.556 5.17081 0 12.47302 14.24114 19.14147 34.76508 39.29166 36.46601 41.384339999999995 51.34197 76.44041000000001 95.53884000000001 84.31169 53.052040000000005 
58.580330000000004 57.35418 47.52206 43.604240000000004 44.416109999999996 41.13332 39.84905 53.83834 44.813469999999995 60.8836 77.82165 78.99118 87.78941 91.77678 100.33023 107.29974 97.00894000000001 105.1336 80.40724 66.88482 69.94656 69.26608999999999 73.73438999999999 76.28316000000001 45.199439999999996 46.84086 47.488730000000004 53.84964 68.8225 68.34752 48.59768 32.99594 20.67832 7.30221 12.47302 0 6.63446 17.19891 27.1584 46.98274 38.62078 42.13559 43.398920000000004 72.64135999999999 88.23638 83.83408 48.96223 
59.32959 62.0257 50.68778 37.1627 37.78165 46.91841 46.483509999999995 59.756159999999994 48.76736 65.97823 82.33921 81.51155 92.39796 96.742 105.30416 112.49043 102.02511 110.94593 85.44439 72.82508 76.27814000000001 75.90055 80.36885 82.64295 51.20814 52.57205999999999 50.37037 60.4841 75.26499 74.59698 54.54577999999999 38.78701 26.15594 13.03341 14.24114 6.63446 0 10.56445 20.52394 44.09168 32.125659999999996 35.50113 47.27184 74.43927 91.07742 90.4286 49.54029 
48.76514 51.5381 40.44335 26.59825 28.79765 37.92832 38.97184 50.75675 38.98164 55.99062 72.11663 70.9471 82.06416 86.67548 95.23065 102.60076 92.244 101.67348 75.50631 63.80341 67.29414 67.28211999999999 71.45618 75.16884 43.09367 48.05317 47.55002 56.26656 72.3495 72.75505 54.09315 39.16862 27.66992 23.59786 19.14147 17.19891 10.56445 0 18.79508 40.36865 21.56121 24.93668 37.49412 65.29709 80.52373 84.15358 38.97584 
51.94494 55.64143 59.23843 45.39333 47.59273 42.91415 40.13914 47.736670000000004 49.7626 61.311530000000005 72.22089 71.3094 82.27964 88.24141999999999 94.51888 99.31156 88.66114 95.46063 72.99012 57.356489999999994 59.69064 58.7482 63.216499999999996 62.79992 44.93881 35.19423 29.89695 43.780139999999996 54.839749999999995 56.52672 35.33764 20.45583 33.0869 33.55735 34.76508 27.1584 20.52394 18.79508 0 23.61195 40.35629 43.731759999999994 56.2892 70.26829000000001 85.5618 70.77037 53.16337 
50.92379 50.49582 50.57788 41.73852 25.70333 26.82278 32.49718 33.06063 34.39812 51.61376 64.66874 64.61807999999999 72.97664 73.39987 81.96229000000001 85.89585 75.09329 84.71640000000001 62.344710000000006 49.367909999999995 46.20979 40.18528 44.50208 41.22016 42.75833 41.073620000000005 41.16448 49.204 65.66888 71.2103 50.10595 38.55824 48.73048 44.46247 39.29166 46.98274 44.09168 40.36865 23.61195 0 39.33061 65.30533 43.422740000000005 56.34425 82.90052 68.00023999999999 48.02937 
27.21924 30.00197 18.94325 31.25837 15.22318 24.35994 25.39737 33.83175 27.58552 35.74748 50.71601 49.86495 60.77476 66.64066 74.35272 82.12424 72.06911 82.97659 55.02074 46.14702 51.02185 51.8163 55.49472 62.61293 37.547309999999996 45.85131 47.233090000000004 54.437219999999996 68.90245 71.61018 57.40172 46.51642 41.05453 31.31857 36.46601 38.62078 32.125659999999996 21.56121 40.35629 39.33061 0 33.86204 35.746790000000004 47.66485 59.83283 72.43659 24.952379999999998 
55.38028 59.076769999999996 52.80529 51.53493 49.08522 52.27932 46.60492 45.37203 40.07762 57.293260000000004 74.83999 76.00952 84.89874 87.97164 96.53406 100.14669 89.35817 97.0278 74.65611 57.50725 59.44105 60.60168 65.06998 62.38437 40.859120000000004 27.44356 32.74084 36.02947 49.86638 50.56691 29.37783 45.29079 52.6066 43.69461 41.384339999999995 42.13559 35.50113 24.93668 43.731759999999994 65.30533 33.86204 0 62.430800000000005 69.01278 88.99714 67.8983 58.81442 
25.180400000000002 21.48391 36.117630000000005 31.415010000000002 37.37045 37.624539999999996 40.62451 37.71564 27.22829 18.70639 36.17948 37.34901 46.23823 49.59957 58.16199 65.21862 55.02802 64.57144 38.23003 37.07445 39.1525 33.47734 37.94564 48.48229 41.63944 53.12393 51.32522 53.45397 58.73471 62.36012 53.13702 50.60855000000001 45.14666 50.701130000000006 51.34197 43.398920000000004 47.27184 37.49412 56.2892 43.422740000000005 35.746790000000004 62.430800000000005 0 46.68397 50.52325 55.62241 19.42771 
37.31465 40.384220000000006 28.7216 38.69884 40.644800000000004 31.50804 37.18244 23.64075 38.07678 45.228930000000005 28.17832 29.34785 18.11957 26.975740000000002 31.17018 40.30995 33.27752 48.778020000000005 39.00025 23.43626 24.85999 30.8845 35.3528 45.45741 43.95872 56.3781 61.28381 56.957980000000006 70.60199 77.2304 74.25815 71.73572999999999 71.3711 71.2696 76.44041 72.64135999999999 74.43927 65.29709 70.26829000000001 56.34425 47.66485 69.01278 46.68397 0 28.62577 58.85096 27.25626 
33.61686 32.92828 44.67513 54.863 61.17879 56.60132 62.27572 51.53962 49.42391 41.31868 22.75643 23.925960000000003 23.10567 31.68617 40.24859 44.29478 40.91897 56.419470000000004 32.67527 49.00365 52.60585 58.54654 59.26181 73.09620000000001 70.86418 83.97795 88.6273 84.85685000000001 99.18994 105.54331 101.63132 97.10704 94.46326 90.36803 95.53884000000001 88.23638 91.07742 80.52373 85.5618 82.90052 59.83283 88.99714 50.52325 28.62577 0 81.3447 43.675250000000005 
63.89102 60.82188 71.51589 71.32907 57.81175 50.24562 55.2113 40.84625 54.84075 49.75256 58.8513 60.020830000000004 60.74716 58.44978 64.40893 58.55565 50.68354 66.18404 50.0847 38.8658 33.99097 27.966459999999998 23.49816 38.46518 55.22689 41.81133 47.10861 33.22542 47.000280000000004 39.18896 52.22424 62.09695 70.98822 79.14088 84.31169 83.83408 90.4286 84.15358 70.77037 68.00023999999999 72.43659 67.8983 55.62241 58.85096 81.3447 0 69.81410000000001 
10.05839 13.12796 21.11666 12.37759 28.412779999999998 21.20659 26.880989999999997 29.35969 18.87234 22.56394 34.08242 32.99094 44.14117 49.86604 58.23816 66.40096 56.85665 69.11698 39.85758 37.27005 42.14488 47.34424 48.35913 62.13261 39.58925 50.7389 56.03618 59.32481 71.85102 76.20351 66.08899 57.99032 55.646409999999996 47.88123 53.052040000000005 48.96223 49.54029 38.97584 53.16337 48.02937 24.952379999999998 58.81442 19.42771 27.25626 43.675250000000005 69.81410000000001 0 
