68
b6 a2 b9 c3 c4 c5 g9 e8 p8 p7 p6 p5 p4 p3 p2 p1 l0 l1 l2 l3 l4 l5 l6 l7 l8 n4 n5 n6 n7 n8 n9 o0 o1 o2 o3 o4 o5 o6 o7 o8 o9 a1 d3 c8 e0 e1 e2 e3 d6 e5 e6 e7 e9 i4 i7 n0 m5 n2 c0 a3 g1 g2 g4 g5 g7 g8 i0 a0
0 500.0 900.0 1000.0 1500.0 2000.0 1000.0 1500.0 2500.0 3000.0 3500.0 3000.0 2500.0 2000.0 1500.0 1000.0 1000.0 1500.0 2000.0 2500.0 3000.0 3500.0 4000.0 4500.0 5000.0 1000.0 1500.0 2000.0 2500.0 3000.0 3500.0 4000.0 4500.0 4500.0 4000.0 3500.0 3000.0 2500.0 2000.0 1500.0 1000.0 1000.0 1000.0 1500.0 1500.0 2000.0 2000.0 1500.0 1000.0 1500.0 2000.0 1500.0 1500.0 1500.0 1500.0 1500.0 2000.0 2500.0 1900.0 1200.0 2000.0 2500.0 2500.0 3000.0 2500.0 2000.0 2500.0 500.0 
500.0 0 500.0 1500.0 2000.0 2500.0 1500.0 2000.0 3000.0 3500.0 4000.0 3500.0 3000.0 2500.0 2000.0 1500.0 1500.0 2000.0 2500.0 3000.0 3500.0 4000.0 4500.0 5000.0 5500.0 1500.0 2000.0 2500.0 3000.0 3500.0 4000.0 4500.0 5000.0 5000.0 4500.0 4000.0 3500.0 3000.0 2500.0 2000.0 1500.0 1500.0 1500.0 2000.0 2000.0 2500.0 2500.0 2000.0 1500.0 2000.0 2500.0 2000.0 2000.0 2000.0 2000.0 2000.0 2500.0 3000.0 2400.0 1700.0 2500.0 3000.0 3000.0 3500.0 3000.0 2500.0 3000.0 1000.0 
900.0 500.0 0 1000.0 1500.0 2000.0 1000.0 1500.0 2500.0 3000.0 3500.0 3000.0 2500.0 2000.0 1500.0 1000.0 1000.0 1500.0 2000.0 2500.0 3000.0 3500.0 4000.0 4500.0 5000.0 1000.0 1500.0 2000.0 2500.0 3000.0 3500.0 4000.0 4500.0 4500.0 4000.0 3500.0 3000.0 2500.0 2000.0 1500.0 1000.0 1000.0 1000.0 1500.0 1500.0 2000.0 2000.0 1500.0 1000.0 1500.0 2000.0 1500.0 1500.0 1500.0 1500.0 1500.0 2000.0 2500.0 1900.0 1200.0 2000.0 2500.0 2500.0 3000.0 2500.0 2000.0 2500.0 500.0 
1000.0 1500.0 1000.0 0 500.0 1000.0 1000.0 1500.0 2500.0 3000.0 3500.0 3000.0 2500.0 2000.0 1500.0 1000.0 1000.0 1500.0 2000.0 2500.0 3000.0 3500.0 4000.0 4500.0 5000.0 1000.0 1500.0 2000.0 2500.0 3000.0 3500.0 4000.0 4500.0 4500.0 4000.0 3500.0 3000.0 2500.0 2000.0 1500.0 1000.0 1000.0 1000.0 1500.0 1500.0 2000.0 2000.0 1500.0 1000.0 1500.0 2000.0 1500.0 1500.0 1500.0 1500.0 1500.0 2000.0 2500.0 1900.0 1200.0 2000.0 2500.0 2500.0 3000.0 2500.0 2000.0 2500.0 500.0 
1500.0 2000.0 1500.0 500.0 0 500.0 1500.0 2000.0 3000.0 3500.0 4000.0 3500.0 3000.0 2500.0 2000.0 1500.0 1500.0 2000.0 2500.0 3000.0 3500.0 4000.0 4500.0 5000.0 5500.0 1500.0 2000.0 2500.0 3000.0 3500.0 4000.0 4500.0 5000.0 5000.0 4500.0 4000.0 3500.0 3000.0 2500.0 2000.0 1500.0 1500.0 1500.0 2000.0 2000.0 2500.0 2500.0 2000.0 1500.0 2000.0 2500.0 2000.0 2000.0 2000.0 2000.0 2000.0 2500.0 3000.0 2400.0 1700.0 2500.0 3000.0 3000.0 3500.0 3000.0 2500.0 3000.0 1000.0 
2000.0 2500.0 2000.0 1000.0 500.0 0 2000.0 2500.0 3500.0 4000.0 4500.0 4000.0 3500.0 3000.0 2500.0 2000.0 2000.0 2500.0 3000.0 3500.0 4000.0 4500.0 5000.0 5500.0 6000.0 2000.0 2500.0 3000.0 3500.0 4000.0 4500.0 5000.0 5500.0 5500.0 5000.0 4500.0 4000.0 3500.0 3000.0 2500.0 2000.0 2000.0 2000.0 2500.0 2500.0 3000.0 3000.0 2500.0 2000.0 2500.0 3000.0 2500.0 2500.0 2500.0 2500.0 2500.0 3000.0 3500.0 2900.0 2200.0 3000.0 3500.0 3500.0 4000.0 3500.0 3000.0 3500.0 1500.0 
1000.0 1500.0 1000.0 1000.0 1500.0 2000.0 0 500.0 1500.0 2000.0 2500.0 3000.0 2500.0 2000.0 1500.0 1000.0 1000.0 1500.0 2000.0 2500.0 3000.0 3500.0 4000.0 4500.0 5000.0 1000.0 1500.0 2000.0 2500.0 3000.0 3500.0 4000.0 4500.0 4500.0 4000.0 3500.0 3000.0 2500.0 2000.0 1500.0 1000.0 1000.0 1000.0 1500.0 1500.0 2000.0 2000.0 1500.0 1000.0 1500.0 2000.0 1500.0 1500.0 1500.0 1500.0 1500.0 2000.0 2500.0 1900.0 1200.0 2000.0 2500.0 2500.0 3000.0 2500.0 2000.0 2500.0 500.0 
1500.0 2000.0 1500.0 1500.0 2000.0 2500.0 500.0 0 1000.0 1500.0 2000.0 2500.0 3000.0 2500.0 2000.0 1500.0 1500.0 2000.0 2500.0 3000.0 3500.0 4000.0 4500.0 5000.0 5500.0 1500.0 2000.0 2500.0 3000.0 3500.0 4000.0 4500.0 5000.0 5000.0 4500.0 4000.0 3500.0 3000.0 2500.0 2000.0 1500.0 1500.0 1500.0 2000.0 2000.0 2500.0 2500.0 2000.0 1500.0 2000.0 2500.0 2000.0 2000.0 2000.0 2000.0 2000.0 2500.0 3000.0 2400.0 1700.0 2500.0 3000.0 3000.0 3500.0 3000.0 2500.0 3000.0 1000.0 
2500.0 3000.0 2500.0 2500.0 3000.0 3500.0 1500.0 1000.0 0 500.0 1000.0 1500.0 2000.0 2500.0 3000.0 2500.0 2500.0 3000.0 3500.0 4000.0 4500.0 5000.0 5500.0 6000.0 6500.0 2500.0 3000.0 3500.0 4000.0 4500.0 5000.0 5500.0 6000.0 6000.0 5500.0 5000.0 4500.0 4000.0 3500.0 3000.0 2500.0 2500.0 2500.0 3000.0 3000.0 3500.0 3500.0 3000.0 2500.0 3000.0 3500.0 3000.0 3000.0 3000.0 3000.0 3000.0 3500.0 4000.0 3400.0 2700.0 3500.0 4000.0 4000.0 4500.0 4000.0 3500.0 4000.0 2000.0 
3000.0 3500.0 3000.0 3000.0 3500.0 4000.0 2000.0 1500.0 500.0 0 500.0 1000.0 1500.0 2000.0 2500.0 3000.0 3000.0 3500.0 4000.0 4500.0 5000.0 5500.0 6000.0 6500.0 7000.0 3000.0 3500.0 4000.0 4500.0 5000.0 5500.0 6000.0 6500.0 6500.0 6000.0 5500.0 5000.0 4500.0 4000.0 3500.0 3000.0 3000.0 3000.0 3500.0 3500.0 4000.0 4000.0 3500.0 3000.0 3500.0 4000.0 3500.0 3500.0 3500.0 3500.0 3500.0 4000.0 4500.0 3900.0 3200.0 4000.0 4500.0 4500.0 5000.0 4500.0 4000.0 4500.0 2500.0 
3500.0 4000.0 3500.0 3500.0 4000.0 4500.0 2500.0 2000.0 1000.0 500.0 0 500.0 1000.0 1500.0 2000.0 2500.0 3500.0 4000.0 4500.0 5000.0 5500.0 6000.0 6500.0 7000.0 7500.0 3500.0 4000.0 4500.0 5000.0 5500.0 6000.0 6500.0 7000.0 7000.0 6500.0 6000.0 5500.0 5000.0 4500.0 4000.0 3500.0 3500.0 3500.0 4000.0 4000.0 4500.0 4500.0 4000.0 3500.0 4000.0 4500.0 4000.0 4000.0 4000.0 4000.0 4000.0 4500.0 5000.0 4400.0 3700.0 4500.0 5000.0 5000.0 5500.0 5000.0 4500.0 5000.0 3000.0 
3000.0 3500.0 3000.0 3000.0 3500.0 4000.0 3000.0 2500.0 1500.0 1000.0 500.0 0 500.0 1000.0 1500.0 2000.0 3000.0 3500.0 4000.0 4500.0 5000.0 5500.0 6000.0 6500.0 7000.0 3000.0 3500.0 4000.0 4500.0 5000.0 5500.0 6000.0 6500.0 6500.0 6000.0 5500.0 5000.0 4500.0 4000.0 3500.0 3000.0 3000.0 3000.0 3500.0 3500.0 4000.0 4000.0 3500.0 3000.0 3500.0 4000.0 3500.0 3500.0 3500.0 3500.0 3500.0 4000.0 4500.0 3900.0 3200.0 4000.0 4500.0 4500.0 5000.0 4500.0 4000.0 4500.0 2500.0 
2500.0 3000.0 2500.0 2500.0 3000.0 3500.0 2500.0 3000.0 2000.0 1500.0 1000.0 500.0 0 500.0 1000.0 1500.0 2500.0 3000.0 3500.0 4000.0 4500.0 5000.0 5500.0 6000.0 6500.0 2500.0 3000.0 3500.0 4000.0 4500.0 5000.0 5500.0 6000.0 6000.0 5500.0 5000.0 4500.0 4000.0 3500.0 3000.0 2500.0 2500.0 2500.0 3000.0 3000.0 3500.0 3500.0 3000.0 2500.0 3000.0 3500.0 3000.0 3000.0 3000.0 3000.0 3000.0 3500.0 4000.0 3400.0 2700.0 3500.0 4000.0 4000.0 4500.0 4000.0 3500.0 4000.0 2000.0 
2000.0 2500.0 2000.0 2000.0 2500.0 3000.0 2000.0 2500.0 2500.0 2000.0 1500.0 1000.0 500.0 0 500.0 1000.0 2000.0 2500.0 3000.0 3500.0 4000.0 4500.0 5000.0 5500.0 6000.0 2000.0 2500.0 3000.0 3500.0 4000.0 4500.0 5000.0 5500.0 5500.0 5000.0 4500.0 4000.0 3500.0 3000.0 2500.0 2000.0 2000.0 2000.0 2500.0 2500.0 3000.0 3000.0 2500.0 2000.0 2500.0 3000.0 2500.0 2500.0 2500.0 2500.0 2500.0 3000.0 3500.0 2900.0 2200.0 3000.0 3500.0 3500.0 4000.0 3500.0 3000.0 3500.0 1500.0 
1500.0 2000.0 1500.0 1500.0 2000.0 2500.0 1500.0 2000.0 3000.0 2500.0 2000.0 1500.0 1000.0 500.0 0 500.0 1500.0 2000.0 2500.0 3000.0 3500.0 4000.0 4500.0 5000.0 5500.0 1500.0 2000.0 2500.0 3000.0 3500.0 4000.0 4500.0 5000.0 5000.0 4500.0 4000.0 3500.0 3000.0 2500.0 2000.0 1500.0 1500.0 1500.0 2000.0 2000.0 2500.0 2500.0 2000.0 1500.0 2000.0 2500.0 2000.0 2000.0 2000.0 2000.0 2000.0 2500.0 3000.0 2400.0 1700.0 2500.0 3000.0 3000.0 3500.0 3000.0 2500.0 3000.0 1000.0 
1000.0 1500.0 1000.0 1000.0 1500.0 2000.0 1000.0 1500.0 2500.0 3000.0 2500.0 2000.0 1500.0 1000.0 500.0 0 1000.0 1500.0 2000.0 2500.0 3000.0 3500.0 4000.0 4500.0 5000.0 1000.0 1500.0 2000.0 2500.0 3000.0 3500.0 4000.0 4500.0 4500.0 4000.0 3500.0 3000.0 2500.0 2000.0 1500.0 1000.0 1000.0 1000.0 1500.0 1500.0 2000.0 2000.0 1500.0 1000.0 1500.0 2000.0 1500.0 1500.0 1500.0 1500.0 1500.0 2000.0 2500.0 1900.0 1200.0 2000.0 2500.0 2500.0 3000.0 2500.0 2000.0 2500.0 500.0 
1000.0 1500.0 1000.0 1000.0 1500.0 2000.0 1000.0 1500.0 2500.0 3000.0 3500.0 3000.0 2500.0 2000.0 1500.0 1000.0 0 500.0 1000.0 1500.0 2000.0 2500.0 3000.0 3500.0 4000.0 1000.0 1500.0 2000.0 2500.0 3000.0 3500.0 4000.0 4500.0 4500.0 4000.0 3500.0 3000.0 2500.0 2000.0 1500.0 1000.0 1000.0 1000.0 1500.0 1500.0 2000.0 2000.0 1500.0 1000.0 1500.0 2000.0 1500.0 1500.0 1500.0 1500.0 1500.0 2000.0 2500.0 1900.0 1200.0 2000.0 2500.0 2500.0 3000.0 2500.0 2000.0 2500.0 500.0 
1500.0 2000.0 1500.0 1500.0 2000.0 2500.0 1500.0 2000.0 3000.0 3500.0 4000.0 3500.0 3000.0 2500.0 2000.0 1500.0 500.0 0 500.0 1000.0 1500.0 2000.0 2500.0 3000.0 3500.0 1500.0 2000.0 2500.0 3000.0 3500.0 4000.0 4500.0 5000.0 5000.0 4500.0 4000.0 3500.0 3000.0 2500.0 2000.0 1500.0 1500.0 1500.0 2000.0 2000.0 2500.0 2500.0 2000.0 1500.0 2000.0 2500.0 2000.0 2000.0 2000.0 2000.0 2000.0 2500.0 3000.0 2400.0 1700.0 2500.0 3000.0 3000.0 3500.0 3000.0 2500.0 3000.0 1000.0 
2000.0 2500.0 2000.0 2000.0 2500.0 3000.0 2000.0 2500.0 3500.0 4000.0 4500.0 4000.0 3500.0 3000.0 2500.0 2000.0 1000.0 500.0 0 500.0 1000.0 1500.0 2000.0 2500.0 3000.0 2000.0 2500.0 3000.0 3500.0 4000.0 4500.0 5000.0 5500.0 5500.0 5000.0 4500.0 4000.0 3500.0 3000.0 2500.0 2000.0 2000.0 2000.0 2500.0 2500.0 3000.0 3000.0 2500.0 2000.0 2500.0 3000.0 2500.0 2500.0 2500.0 2500.0 2500.0 3000.0 3500.0 2900.0 2200.0 3000.0 3500.0 3500.0 4000.0 3500.0 3000.0 3500.0 1500.0 
2500.0 3000.0 2500.0 2500.0 3000.0 3500.0 2500.0 3000.0 4000.0 4500.0 5000.0 4500.0 4000.0 3500.0 3000.0 2500.0 1500.0 1000.0 500.0 0 500.0 1000.0 1500.0 2000.0 2500.0 2500.0 3000.0 3500.0 4000.0 4500.0 5000.0 5500.0 6000.0 6000.0 5500.0 5000.0 4500.0 4000.0 3500.0 3000.0 2500.0 2500.0 2500.0 3000.0 3000.0 3500.0 3500.0 3000.0 2500.0 3000.0 3500.0 3000.0 3000.0 3000.0 3000.0 3000.0 3500.0 4000.0 3400.0 2700.0 3500.0 4000.0 4000.0 4500.0 4000.0 3500.0 4000.0 2000.0 
3000.0 3500.0 3000.0 3000.0 3500.0 4000.0 3000.0 3500.0 4500.0 5000.0 5500.0 5000.0 4500.0 4000.0 3500.0 3000.0 2000.0 1500.0 1000.0 500.0 0 500.0 1000.0 1500.0 2000.0 3000.0 3500.0 4000.0 4500.0 5000.0 5500.0 6000.0 6500.0 6500.0 6000.0 5500.0 5000.0 4500.0 4000.0 3500.0 3000.0 3000.0 3000.0 3500.0 3500.0 4000.0 4000.0 3500.0 3000.0 3500.0 4000.0 3500.0 3500.0 3500.0 3500.0 3500.0 4000.0 4500.0 3900.0 3200.0 4000.0 4500.0 4500.0 5000.0 4500.0 4000.0 4500.0 2500.0 
3500.0 4000.0 3500.0 3500.0 4000.0 4500.0 3500.0 4000.0 5000.0 5500.0 6000.0 5500.0 5000.0 4500.0 4000.0 3500.0 2500.0 2000.0 1500.0 1000.0 500.0 0 500.0 1000.0 1500.0 3500.0 4000.0 4500.0 5000.0 5500.0 6000.0 6500.0 7000.0 7000.0 6500.0 6000.0 5500.0 5000.0 4500.0 4000.0 3500.0 3500.0 3500.0 4000.0 4000.0 4500.0 4500.0 4000.0 3500.0 4000.0 4500.0 4000.0 4000.0 4000.0 4000.0 4000.0 4500.0 5000.0 4400.0 3700.0 4500.0 5000.0 5000.0 5500.0 5000.0 4500.0 5000.0 3000.0 
4000.0 4500.0 4000.0 4000.0 4500.0 5000.0 4000.0 4500.0 5500.0 6000.0 6500.0 6000.0 5500.0 5000.0 4500.0 4000.0 3000.0 2500.0 2000.0 1500.0 1000.0 500.0 0 500.0 1000.0 4000.0 4500.0 5000.0 5500.0 6000.0 6500.0 7000.0 7500.0 7500.0 7000.0 6500.0 6000.0 5500.0 5000.0 4500.0 4000.0 4000.0 4000.0 4500.0 4500.0 5000.0 5000.0 4500.0 4000.0 4500.0 5000.0 4500.0 4500.0 4500.0 4500.0 4500.0 5000.0 5500.0 4900.0 4200.0 5000.0 5500.0 5500.0 6000.0 5500.0 5000.0 5500.0 3500.0 
4500.0 5000.0 4500.0 4500.0 5000.0 5500.0 4500.0 5000.0 6000.0 6500.0 7000.0 6500.0 6000.0 5500.0 5000.0 4500.0 3500.0 3000.0 2500.0 2000.0 1500.0 1000.0 500.0 0 500.0 4500.0 5000.0 5500.0 6000.0 6500.0 7000.0 7500.0 8000.0 8000.0 7500.0 7000.0 6500.0 6000.0 5500.0 5000.0 4500.0 4500.0 4500.0 5000.0 5000.0 5500.0 5500.0 5000.0 4500.0 5000.0 5500.0 5000.0 5000.0 5000.0 5000.0 5000.0 5500.0 6000.0 5400.0 4700.0 5500.0 6000.0 6000.0 6500.0 6000.0 5500.0 6000.0 4000.0 
5000.0 5500.0 5000.0 5000.0 5500.0 6000.0 5000.0 5500.0 6500.0 7000.0 7500.0 7000.0 6500.0 6000.0 5500.0 5000.0 4000.0 3500.0 3000.0 2500.0 2000.0 1500.0 1000.0 500.0 0 5000.0 5500.0 6000.0 6500.0 7000.0 7500.0 8000.0 8500.0 8500.0 8000.0 7500.0 7000.0 6500.0 6000.0 5500.0 5000.0 5000.0 5000.0 5500.0 5500.0 6000.0 6000.0 5500.0 5000.0 5500.0 6000.0 5500.0 5500.0 5500.0 5500.0 5500.0 6000.0 6500.0 5900.0 5200.0 6000.0 6500.0 6500.0 7000.0 6500.0 6000.0 6500.0 4500.0 
1000.0 1500.0 1000.0 1000.0 1500.0 2000.0 1000.0 1500.0 2500.0 3000.0 3500.0 3000.0 2500.0 2000.0 1500.0 1000.0 1000.0 1500.0 2000.0 2500.0 3000.0 3500.0 4000.0 4500.0 5000.0 0 500.0 1000.0 1500.0 2000.0 2500.0 3000.0 3500.0 4000.0 4000.0 3500.0 3000.0 2500.0 2000.0 1500.0 1000.0 1000.0 1000.0 1500.0 1500.0 2000.0 2000.0 1500.0 1000.0 1500.0 2000.0 1500.0 1500.0 1500.0 1500.0 1500.0 2000.0 2500.0 1900.0 1200.0 2000.0 2500.0 2500.0 3000.0 2500.0 2000.0 2500.0 500.0 
1500.0 2000.0 1500.0 1500.0 2000.0 2500.0 1500.0 2000.0 3000.0 3500.0 4000.0 3500.0 3000.0 2500.0 2000.0 1500.0 1500.0 2000.0 2500.0 3000.0 3500.0 4000.0 4500.0 5000.0 5500.0 500.0 0 500.0 1000.0 1500.0 2000.0 2500.0 3000.0 3500.0 4000.0 4000.0 3500.0 3000.0 2500.0 2000.0 1500.0 1500.0 1500.0 2000.0 2000.0 2500.0 2500.0 2000.0 1500.0 2000.0 2500.0 2000.0 2000.0 2000.0 2000.0 2000.0 2500.0 3000.0 2400.0 1700.0 2500.0 3000.0 3000.0 3500.0 3000.0 2500.0 3000.0 1000.0 
2000.0 2500.0 2000.0 2000.0 2500.0 3000.0 2000.0 2500.0 3500.0 4000.0 4500.0 4000.0 3500.0 3000.0 2500.0 2000.0 2000.0 2500.0 3000.0 3500.0 4000.0 4500.0 5000.0 5500.0 6000.0 1000.0 500.0 0 500.0 1000.0 1500.0 2000.0 2500.0 3000.0 3500.0 4000.0 4000.0 3500.0 3000.0 2500.0 2000.0 2000.0 2000.0 2500.0 2500.0 3000.0 3000.0 2500.0 2000.0 2500.0 3000.0 2500.0 2500.0 2500.0 2500.0 2500.0 3000.0 3500.0 2900.0 2200.0 3000.0 3500.0 3500.0 4000.0 3500.0 3000.0 3500.0 1500.0 
2500.0 3000.0 2500.0 2500.0 3000.0 3500.0 2500.0 3000.0 4000.0 4500.0 5000.0 4500.0 4000.0 3500.0 3000.0 2500.0 2500.0 3000.0 3500.0 4000.0 4500.0 5000.0 5500.0 6000.0 6500.0 1500.0 1000.0 500.0 0 500.0 1000.0 1500.0 2000.0 2500.0 3000.0 3500.0 4000.0 4000.0 3500.0 3000.0 2500.0 2500.0 2500.0 3000.0 3000.0 3500.0 3500.0 3000.0 2500.0 3000.0 3500.0 3000.0 3000.0 3000.0 3000.0 3000.0 3500.0 4000.0 3400.0 2700.0 3500.0 4000.0 4000.0 4500.0 4000.0 3500.0 4000.0 2000.0 
3000.0 3500.0 3000.0 3000.0 3500.0 4000.0 3000.0 3500.0 4500.0 5000.0 5500.0 5000.0 4500.0 4000.0 3500.0 3000.0 3000.0 3500.0 4000.0 4500.0 5000.0 5500.0 6000.0 6500.0 7000.0 2000.0 1500.0 1000.0 500.0 0 500.0 1000.0 1500.0 2000.0 2500.0 3000.0 3500.0 4000.0 4000.0 3500.0 3000.0 3000.0 3000.0 3500.0 3500.0 4000.0 4000.0 3500.0 3000.0 3500.0 4000.0 3500.0 3500.0 3500.0 3500.0 3500.0 4000.0 4500.0 3900.0 3200.0 4000.0 4500.0 4500.0 5000.0 4500.0 4000.0 4500.0 2500.0 
3500.0 4000.0 3500.0 3500.0 4000.0 4500.0 3500.0 4000.0 5000.0 5500.0 6000.0 5500.0 5000.0 4500.0 4000.0 3500.0 3500.0 4000.0 4500.0 5000.0 5500.0 6000.0 6500.0 7000.0 7500.0 2500.0 2000.0 1500.0 1000.0 500.0 0 500.0 1000.0 1500.0 2000.0 2500.0 3000.0 3500.0 4000.0 4000.0 3500.0 3500.0 3500.0 4000.0 4000.0 4500.0 4500.0 4000.0 3500.0 4000.0 4500.0 4000.0 4000.0 4000.0 4000.0 4000.0 4500.0 5000.0 4400.0 3700.0 4500.0 5000.0 5000.0 5500.0 5000.0 4500.0 5000.0 3000.0 
4000.0 4500.0 4000.0 4000.0 4500.0 5000.0 4000.0 4500.0 5500.0 6000.0 6500.0 6000.0 5500.0 5000.0 4500.0 4000.0 4000.0 4500.0 5000.0 5500.0 6000.0 6500.0 7000.0 7500.0 8000.0 3000.0 2500.0 2000.0 1500.0 1000.0 500.0 0 500.0 1000.0 1500.0 2000.0 2500.0 3000.0 3500.0 4000.0 4000.0 4000.0 4000.0 4500.0 4500.0 5000.0 5000.0 4500.0 4000.0 4500.0 5000.0 4500.0 4500.0 4500.0 4500.0 4500.0 5000.0 5500.0 4900.0 4200.0 5000.0 5500.0 5500.0 6000.0 5500.0 5000.0 5500.0 3500.0 
4500.0 5000.0 4500.0 4500.0 5000.0 5500.0 4500.0 5000.0 6000.0 6500.0 7000.0 6500.0 6000.0 5500.0 5000.0 4500.0 4500.0 5000.0 5500.0 6000.0 6500.0 7000.0 7500.0 8000.0 8500.0 3500.0 3000.0 2500.0 2000.0 1500.0 1000.0 500.0 0 500.0 1000.0 1500.0 2000.0 2500.0 3000.0 3500.0 4000.0 4500.0 4500.0 5000.0 5000.0 5500.0 5500.0 5000.0 4500.0 5000.0 5500.0 5000.0 5000.0 5000.0 5000.0 5000.0 5500.0 6000.0 5400.0 4700.0 5500.0 6000.0 6000.0 6500.0 6000.0 5500.0 6000.0 4000.0 
4500.0 5000.0 4500.0 4500.0 5000.0 5500.0 4500.0 5000.0 6000.0 6500.0 7000.0 6500.0 6000.0 5500.0 5000.0 4500.0 4500.0 5000.0 5500.0 6000.0 6500.0 7000.0 7500.0 8000.0 8500.0 4000.0 3500.0 3000.0 2500.0 2000.0 1500.0 1000.0 500.0 0 500.0 1000.0 1500.0 2000.0 2500.0 3000.0 3500.0 4500.0 4500.0 5000.0 5000.0 5500.0 5500.0 5000.0 4500.0 5000.0 5500.0 5000.0 5000.0 5000.0 5000.0 5000.0 5500.0 6000.0 5400.0 4700.0 5500.0 6000.0 6000.0 6500.0 6000.0 5500.0 6000.0 4000.0 
4000.0 4500.0 4000.0 4000.0 4500.0 5000.0 4000.0 4500.0 5500.0 6000.0 6500.0 6000.0 5500.0 5000.0 4500.0 4000.0 4000.0 4500.0 5000.0 5500.0 6000.0 6500.0 7000.0 7500.0 8000.0 4000.0 4000.0 3500.0 3000.0 2500.0 2000.0 1500.0 1000.0 500.0 0 500.0 1000.0 1500.0 2000.0 2500.0 3000.0 4000.0 4000.0 4500.0 4500.0 5000.0 5000.0 4500.0 4000.0 4500.0 5000.0 4500.0 4500.0 4500.0 4500.0 4500.0 5000.0 5500.0 4900.0 4200.0 5000.0 5500.0 5500.0 6000.0 5500.0 5000.0 5500.0 3500.0 
3500.0 4000.0 3500.0 3500.0 4000.0 4500.0 3500.0 4000.0 5000.0 5500.0 6000.0 5500.0 5000.0 4500.0 4000.0 3500.0 3500.0 4000.0 4500.0 5000.0 5500.0 6000.0 6500.0 7000.0 7500.0 3500.0 4000.0 4000.0 3500.0 3000.0 2500.0 2000.0 1500.0 1000.0 500.0 0 500.0 1000.0 1500.0 2000.0 2500.0 3500.0 3500.0 4000.0 4000.0 4500.0 4500.0 4000.0 3500.0 4000.0 4500.0 4000.0 4000.0 4000.0 4000.0 4000.0 4500.0 5000.0 4400.0 3700.0 4500.0 5000.0 5000.0 5500.0 5000.0 4500.0 5000.0 3000.0 
3000.0 3500.0 3000.0 3000.0 3500.0 4000.0 3000.0 3500.0 4500.0 5000.0 5500.0 5000.0 4500.0 4000.0 3500.0 3000.0 3000.0 3500.0 4000.0 4500.0 5000.0 5500.0 6000.0 6500.0 7000.0 3000.0 3500.0 4000.0 4000.0 3500.0 3000.0 2500.0 2000.0 1500.0 1000.0 500.0 0 500.0 1000.0 1500.0 2000.0 3000.0 3000.0 3500.0 3500.0 4000.0 4000.0 3500.0 3000.0 3500.0 4000.0 3500.0 3500.0 3500.0 3500.0 3500.0 4000.0 4500.0 3900.0 3200.0 4000.0 4500.0 4500.0 5000.0 4500.0 4000.0 4500.0 2500.0 
2500.0 3000.0 2500.0 2500.0 3000.0 3500.0 2500.0 3000.0 4000.0 4500.0 5000.0 4500.0 4000.0 3500.0 3000.0 2500.0 2500.0 3000.0 3500.0 4000.0 4500.0 5000.0 5500.0 6000.0 6500.0 2500.0 3000.0 3500.0 4000.0 4000.0 3500.0 3000.0 2500.0 2000.0 1500.0 1000.0 500.0 0 500.0 1000.0 1500.0 2500.0 2500.0 3000.0 3000.0 3500.0 3500.0 3000.0 2500.0 3000.0 3500.0 3000.0 3000.0 3000.0 3000.0 3000.0 3500.0 4000.0 3400.0 2700.0 3500.0 4000.0 4000.0 4500.0 4000.0 3500.0 4000.0 2000.0 
2000.0 2500.0 2000.0 2000.0 2500.0 3000.0 2000.0 2500.0 3500.0 4000.0 4500.0 4000.0 3500.0 3000.0 2500.0 2000.0 2000.0 2500.0 3000.0 3500.0 4000.0 4500.0 5000.0 5500.0 6000.0 2000.0 2500.0 3000.0 3500.0 4000.0 4000.0 3500.0 3000.0 2500.0 2000.0 1500.0 1000.0 500.0 0 500.0 1000.0 2000.0 2000.0 2500.0 2500.0 3000.0 3000.0 2500.0 2000.0 2500.0 3000.0 2500.0 2500.0 2500.0 2500.0 2500.0 3000.0 3500.0 2900.0 2200.0 3000.0 3500.0 3500.0 4000.0 3500.0 3000.0 3500.0 1500.0 
1500.0 2000.0 1500.0 1500.0 2000.0 2500.0 1500.0 2000.0 3000.0 3500.0 4000.0 3500.0 3000.0 2500.0 2000.0 1500.0 1500.0 2000.0 2500.0 3000.0 3500.0 4000.0 4500.0 5000.0 5500.0 1500.0 2000.0 2500.0 3000.0 3500.0 4000.0 4000.0 3500.0 3000.0 2500.0 2000.0 1500.0 1000.0 500.0 0 500.0 1500.0 1500.0 2000.0 2000.0 2500.0 2500.0 2000.0 1500.0 2000.0 2500.0 2000.0 2000.0 2000.0 2000.0 2000.0 2500.0 3000.0 2400.0 1700.0 2500.0 3000.0 3000.0 3500.0 3000.0 2500.0 3000.0 1000.0 
1000.0 1500.0 1000.0 1000.0 1500.0 2000.0 1000.0 1500.0 2500.0 3000.0 3500.0 3000.0 2500.0 2000.0 1500.0 1000.0 1000.0 1500.0 2000.0 2500.0 3000.0 3500.0 4000.0 4500.0 5000.0 1000.0 1500.0 2000.0 2500.0 3000.0 3500.0 4000.0 4000.0 3500.0 3000.0 2500.0 2000.0 1500.0 1000.0 500.0 0 1000.0 1000.0 1500.0 1500.0 2000.0 2000.0 1500.0 1000.0 1500.0 2000.0 1500.0 1500.0 1500.0 1500.0 1500.0 2000.0 2500.0 1900.0 1200.0 2000.0 2500.0 2500.0 3000.0 2500.0 2000.0 2500.0 500.0 
1000.0 1500.0 1000.0 1000.0 1500.0 2000.0 1000.0 1500.0 2500.0 3000.0 3500.0 3000.0 2500.0 2000.0 1500.0 1000.0 1000.0 1500.0 2000.0 2500.0 3000.0 3500.0 4000.0 4500.0 5000.0 1000.0 1500.0 2000.0 2500.0 3000.0 3500.0 4000.0 4500.0 4500.0 4000.0 3500.0 3000.0 2500.0 2000.0 1500.0 1000.0 0 1000.0 1500.0 1500.0 2000.0 2000.0 1500.0 1000.0 1500.0 2000.0 1500.0 1500.0 1500.0 1500.0 1500.0 2000.0 2500.0 1900.0 1200.0 2000.0 2500.0 2500.0 3000.0 2500.0 2000.0 2500.0 500.0 
1000.0 1500.0 1000.0 1000.0 1500.0 2000.0 1000.0 1500.0 2500.0 3000.0 3500.0 3000.0 2500.0 2000.0 1500.0 1000.0 1000.0 1500.0 2000.0 2500.0 3000.0 3500.0 4000.0 4500.0 5000.0 1000.0 1500.0 2000.0 2500.0 3000.0 3500.0 4000.0 4500.0 4500.0 4000.0 3500.0 3000.0 2500.0 2000.0 1500.0 1000.0 1000.0 0 500.0 1500.0 2000.0 2000.0 1500.0 1000.0 1500.0 2000.0 1500.0 1500.0 1500.0 1500.0 1500.0 2000.0 2500.0 1900.0 1200.0 2000.0 2500.0 2500.0 3000.0 2500.0 2000.0 2500.0 500.0 
1500.0 2000.0 1500.0 1500.0 2000.0 2500.0 1500.0 2000.0 3000.0 3500.0 4000.0 3500.0 3000.0 2500.0 2000.0 1500.0 1500.0 2000.0 2500.0 3000.0 3500.0 4000.0 4500.0 5000.0 5500.0 1500.0 2000.0 2500.0 3000.0 3500.0 4000.0 4500.0 5000.0 5000.0 4500.0 4000.0 3500.0 3000.0 2500.0 2000.0 1500.0 1500.0 500.0 0 2000.0 2500.0 2500.0 2000.0 1500.0 2000.0 2500.0 2000.0 2000.0 2000.0 2000.0 2000.0 2500.0 3000.0 2400.0 1700.0 2500.0 3000.0 3000.0 3500.0 3000.0 2500.0 3000.0 1000.0 
1500.0 2000.0 1500.0 1500.0 2000.0 2500.0 1500.0 2000.0 3000.0 3500.0 4000.0 3500.0 3000.0 2500.0 2000.0 1500.0 1500.0 2000.0 2500.0 3000.0 3500.0 4000.0 4500.0 5000.0 5500.0 1500.0 2000.0 2500.0 3000.0 3500.0 4000.0 4500.0 5000.0 5000.0 4500.0 4000.0 3500.0 3000.0 2500.0 2000.0 1500.0 1500.0 1500.0 2000.0 0 500.0 1000.0 1500.0 1500.0 2000.0 2500.0 2000.0 2000.0 2000.0 2000.0 2000.0 2500.0 3000.0 2400.0 1700.0 2500.0 3000.0 3000.0 3500.0 3000.0 2500.0 3000.0 1000.0 
2000.0 2500.0 2000.0 2000.0 2500.0 3000.0 2000.0 2500.0 3500.0 4000.0 4500.0 4000.0 3500.0 3000.0 2500.0 2000.0 2000.0 2500.0 3000.0 3500.0 4000.0 4500.0 5000.0 5500.0 6000.0 2000.0 2500.0 3000.0 3500.0 4000.0 4500.0 5000.0 5500.0 5500.0 5000.0 4500.0 4000.0 3500.0 3000.0 2500.0 2000.0 2000.0 2000.0 2500.0 500.0 0 500.0 1000.0 1500.0 2500.0 3000.0 2500.0 2500.0 2500.0 2500.0 2500.0 3000.0 3500.0 2900.0 2200.0 3000.0 3500.0 3500.0 4000.0 3500.0 3000.0 3500.0 1500.0 
2000.0 2500.0 2000.0 2000.0 2500.0 3000.0 2000.0 2500.0 3500.0 4000.0 4500.0 4000.0 3500.0 3000.0 2500.0 2000.0 2000.0 2500.0 3000.0 3500.0 4000.0 4500.0 5000.0 5500.0 6000.0 2000.0 2500.0 3000.0 3500.0 4000.0 4500.0 5000.0 5500.0 5500.0 5000.0 4500.0 4000.0 3500.0 3000.0 2500.0 2000.0 2000.0 2000.0 2500.0 1000.0 500.0 0 500.0 1000.0 2500.0 3000.0 2500.0 2500.0 2500.0 2500.0 2500.0 3000.0 3500.0 2900.0 2200.0 3000.0 3500.0 3500.0 4000.0 3500.0 3000.0 3500.0 1500.0 
1500.0 2000.0 1500.0 1500.0 2000.0 2500.0 1500.0 2000.0 3000.0 3500.0 4000.0 3500.0 3000.0 2500.0 2000.0 1500.0 1500.0 2000.0 2500.0 3000.0 3500.0 4000.0 4500.0 5000.0 5500.0 1500.0 2000.0 2500.0 3000.0 3500.0 4000.0 4500.0 5000.0 5000.0 4500.0 4000.0 3500.0 3000.0 2500.0 2000.0 1500.0 1500.0 1500.0 2000.0 1500.0 1000.0 500.0 0 500.0 2000.0 2500.0 2000.0 2000.0 2000.0 2000.0 2000.0 2500.0 3000.0 2400.0 1700.0 2500.0 3000.0 3000.0 3500.0 3000.0 2500.0 3000.0 1000.0 
1000.0 1500.0 1000.0 1000.0 1500.0 2000.0 1000.0 1500.0 2500.0 3000.0 3500.0 3000.0 2500.0 2000.0 1500.0 1000.0 1000.0 1500.0 2000.0 2500.0 3000.0 3500.0 4000.0 4500.0 5000.0 1000.0 1500.0 2000.0 2500.0 3000.0 3500.0 4000.0 4500.0 4500.0 4000.0 3500.0 3000.0 2500.0 2000.0 1500.0 1000.0 1000.0 1000.0 1500.0 1500.0 1500.0 1000.0 500.0 0 1500.0 2000.0 1500.0 1500.0 1500.0 1500.0 1500.0 2000.0 2500.0 1900.0 1200.0 2000.0 2500.0 2500.0 3000.0 2500.0 2000.0 2500.0 500.0 
1500.0 2000.0 1500.0 1500.0 2000.0 2500.0 1500.0 2000.0 3000.0 3500.0 4000.0 3500.0 3000.0 2500.0 2000.0 1500.0 1500.0 2000.0 2500.0 3000.0 3500.0 4000.0 4500.0 5000.0 5500.0 1500.0 2000.0 2500.0 3000.0 3500.0 4000.0 4500.0 5000.0 5000.0 4500.0 4000.0 3500.0 3000.0 2500.0 2000.0 1500.0 1500.0 1500.0 2000.0 2000.0 2500.0 2500.0 2000.0 1500.0 0 500.0 1000.0 2000.0 2000.0 2000.0 2000.0 2500.0 3000.0 2400.0 1700.0 2500.0 3000.0 3000.0 3500.0 3000.0 2500.0 3000.0 1000.0 
2000.0 2500.0 2000.0 2000.0 2500.0 3000.0 2000.0 2500.0 3500.0 4000.0 4500.0 4000.0 3500.0 3000.0 2500.0 2000.0 2000.0 2500.0 3000.0 3500.0 4000.0 4500.0 5000.0 5500.0 6000.0 2000.0 2500.0 3000.0 3500.0 4000.0 4500.0 5000.0 5500.0 5500.0 5000.0 4500.0 4000.0 3500.0 3000.0 2500.0 2000.0 2000.0 2000.0 2500.0 2500.0 3000.0 3000.0 2500.0 2000.0 500.0 0 500.0 2000.0 2500.0 2500.0 2500.0 3000.0 3500.0 2900.0 2200.0 3000.0 3500.0 3500.0 4000.0 3500.0 3000.0 3500.0 1500.0 
1500.0 2000.0 1500.0 1500.0 2000.0 2500.0 1500.0 2000.0 3000.0 3500.0 4000.0 3500.0 3000.0 2500.0 2000.0 1500.0 1500.0 2000.0 2500.0 3000.0 3500.0 4000.0 4500.0 5000.0 5500.0 1500.0 2000.0 2500.0 3000.0 3500.0 4000.0 4500.0 5000.0 5000.0 4500.0 4000.0 3500.0 3000.0 2500.0 2000.0 1500.0 1500.0 1500.0 2000.0 2000.0 2500.0 2500.0 2000.0 1500.0 1000.0 500.0 0 1500.0 2000.0 2000.0 2000.0 2500.0 3000.0 2400.0 1700.0 2500.0 3000.0 3000.0 3500.0 3000.0 2500.0 3000.0 1000.0 
1500.0 2000.0 1500.0 1500.0 2000.0 2500.0 1500.0 2000.0 3000.0 3500.0 4000.0 3500.0 3000.0 2500.0 2000.0 1500.0 1500.0 2000.0 2500.0 3000.0 3500.0 4000.0 4500.0 5000.0 5500.0 1500.0 2000.0 2500.0 3000.0 3500.0 4000.0 4500.0 5000.0 5000.0 4500.0 4000.0 3500.0 3000.0 2500.0 2000.0 1500.0 1500.0 1500.0 2000.0 2000.0 2500.0 2500.0 2000.0 1500.0 2000.0 2000.0 1500.0 0 2000.0 2000.0 2000.0 2500.0 3000.0 2400.0 1700.0 2500.0 3000.0 3000.0 3500.0 3000.0 2500.0 3000.0 1000.0 
1500.0 2000.0 1500.0 1500.0 2000.0 2500.0 1500.0 2000.0 3000.0 3500.0 4000.0 3500.0 3000.0 2500.0 2000.0 1500.0 1500.0 2000.0 2500.0 3000.0 3500.0 4000.0 4500.0 5000.0 5500.0 1500.0 2000.0 2500.0 3000.0 3500.0 4000.0 4500.0 5000.0 5000.0 4500.0 4000.0 3500.0 3000.0 2500.0 2000.0 1500.0 1500.0 1500.0 2000.0 2000.0 2500.0 2500.0 2000.0 1500.0 2000.0 2500.0 2000.0 2000.0 0 2000.0 2000.0 2500.0 3000.0 2400.0 1700.0 2500.0 3000.0 3000.0 3500.0 3000.0 2500.0 3000.0 1000.0 
1500.0 2000.0 1500.0 1500.0 2000.0 2500.0 1500.0 2000.0 3000.0 3500.0 4000.0 3500.0 3000.0 2500.0 2000.0 1500.0 1500.0 2000.0 2500.0 3000.0 3500.0 4000.0 4500.0 5000.0 5500.0 1500.0 2000.0 2500.0 3000.0 3500.0 4000.0 4500.0 5000.0 5000.0 4500.0 4000.0 3500.0 3000.0 2500.0 2000.0 1500.0 1500.0 1500.0 2000.0 2000.0 2500.0 2500.0 2000.0 1500.0 2000.0 2500.0 2000.0 2000.0 2000.0 0 2000.0 2500.0 3000.0 2400.0 1700.0 2500.0 3000.0 3000.0 3500.0 3000.0 2500.0 3000.0 1000.0 
1500.0 2000.0 1500.0 1500.0 2000.0 2500.0 1500.0 2000.0 3000.0 3500.0 4000.0 3500.0 3000.0 2500.0 2000.0 1500.0 1500.0 2000.0 2500.0 3000.0 3500.0 4000.0 4500.0 5000.0 5500.0 1500.0 2000.0 2500.0 3000.0 3500.0 4000.0 4500.0 5000.0 5000.0 4500.0 4000.0 3500.0 3000.0 2500.0 2000.0 1500.0 1500.0 1500.0 2000.0 2000.0 2500.0 2500.0 2000.0 1500.0 2000.0 2500.0 2000.0 2000.0 2000.0 2000.0 0 500.0 1000.0 2400.0 1700.0 2500.0 3000.0 3000.0 3500.0 3000.0 2500.0 3000.0 1000.0 
2000.0 2500.0 2000.0 2000.0 2500.0 3000.0 2000.0 2500.0 3500.0 4000.0 4500.0 4000.0 3500.0 3000.0 2500.0 2000.0 2000.0 2500.0 3000.0 3500.0 4000.0 4500.0 5000.0 5500.0 6000.0 2000.0 2500.0 3000.0 3500.0 4000.0 4500.0 5000.0 5500.0 5500.0 5000.0 4500.0 4000.0 3500.0 3000.0 2500.0 2000.0 2000.0 2000.0 2500.0 2500.0 3000.0 3000.0 2500.0 2000.0 2500.0 3000.0 2500.0 2500.0 2500.0 2500.0 500.0 0 500.0 2900.0 2200.0 3000.0 3500.0 3500.0 4000.0 3500.0 3000.0 3500.0 1500.0 
2500.0 3000.0 2500.0 2500.0 3000.0 3500.0 2500.0 3000.0 4000.0 4500.0 5000.0 4500.0 4000.0 3500.0 3000.0 2500.0 2500.0 3000.0 3500.0 4000.0 4500.0 5000.0 5500.0 6000.0 6500.0 2500.0 3000.0 3500.0 4000.0 4500.0 5000.0 5500.0 6000.0 6000.0 5500.0 5000.0 4500.0 4000.0 3500.0 3000.0 2500.0 2500.0 2500.0 3000.0 3000.0 3500.0 3500.0 3000.0 2500.0 3000.0 3500.0 3000.0 3000.0 3000.0 3000.0 1000.0 500.0 0 3400.0 2700.0 3500.0 4000.0 4000.0 4500.0 4000.0 3500.0 4000.0 2000.0 
1900.0 2400.0 1900.0 1900.0 2400.0 2900.0 1900.0 2400.0 3400.0 3900.0 4400.0 3900.0 3400.0 2900.0 2400.0 1900.0 1900.0 2400.0 2900.0 3400.0 3900.0 4400.0 4900.0 5400.0 5900.0 1900.0 2400.0 2900.0 3400.0 3900.0 4400.0 4900.0 5400.0 5400.0 4900.0 4400.0 3900.0 3400.0 2900.0 2400.0 1900.0 1900.0 1900.0 2400.0 2400.0 2900.0 2900.0 2400.0 1900.0 2400.0 2900.0 2400.0 2400.0 2400.0 2400.0 2400.0 2900.0 3400.0 0 700.0 2900.0 3400.0 3400.0 3900.0 3400.0 2900.0 3400.0 1400.0 
1200.0 1700.0 1200.0 1200.0 1700.0 2200.0 1200.0 1700.0 2700.0 3200.0 3700.0 3200.0 2700.0 2200.0 1700.0 1200.0 1200.0 1700.0 2200.0 2700.0 3200.0 3700.0 4200.0 4700.0 5200.0 1200.0 1700.0 2200.0 2700.0 3200.0 3700.0 4200.0 4700.0 4700.0 4200.0 3700.0 3200.0 2700.0 2200.0 1700.0 1200.0 1200.0 1200.0 1700.0 1700.0 2200.0 2200.0 1700.0 1200.0 1700.0 2200.0 1700.0 1700.0 1700.0 1700.0 1700.0 2200.0 2700.0 700.0 0 2200.0 2700.0 2700.0 3200.0 2700.0 2200.0 2700.0 700.0 
2000.0 2500.0 2000.0 2000.0 2500.0 3000.0 2000.0 2500.0 3500.0 4000.0 4500.0 4000.0 3500.0 3000.0 2500.0 2000.0 2000.0 2500.0 3000.0 3500.0 4000.0 4500.0 5000.0 5500.0 6000.0 2000.0 2500.0 3000.0 3500.0 4000.0 4500.0 5000.0 5500.0 5500.0 5000.0 4500.0 4000.0 3500.0 3000.0 2500.0 2000.0 2000.0 2000.0 2500.0 2500.0 3000.0 3000.0 2500.0 2000.0 2500.0 3000.0 2500.0 2500.0 2500.0 2500.0 2500.0 3000.0 3500.0 2900.0 2200.0 0 500.0 1000.0 1500.0 1500.0 1000.0 1500.0 1500.0 
2500.0 3000.0 2500.0 2500.0 3000.0 3500.0 2500.0 3000.0 4000.0 4500.0 5000.0 4500.0 4000.0 3500.0 3000.0 2500.0 2500.0 3000.0 3500.0 4000.0 4500.0 5000.0 5500.0 6000.0 6500.0 2500.0 3000.0 3500.0 4000.0 4500.0 5000.0 5500.0 6000.0 6000.0 5500.0 5000.0 4500.0 4000.0 3500.0 3000.0 2500.0 2500.0 2500.0 3000.0 3000.0 3500.0 3500.0 3000.0 2500.0 3000.0 3500.0 3000.0 3000.0 3000.0 3000.0 3000.0 3500.0 4000.0 3400.0 2700.0 500.0 0 500.0 1000.0 1500.0 1000.0 1500.0 2000.0 
2500.0 3000.0 2500.0 2500.0 3000.0 3500.0 2500.0 3000.0 4000.0 4500.0 5000.0 4500.0 4000.0 3500.0 3000.0 2500.0 2500.0 3000.0 3500.0 4000.0 4500.0 5000.0 5500.0 6000.0 6500.0 2500.0 3000.0 3500.0 4000.0 4500.0 5000.0 5500.0 6000.0 6000.0 5500.0 5000.0 4500.0 4000.0 3500.0 3000.0 2500.0 2500.0 2500.0 3000.0 3000.0 3500.0 3500.0 3000.0 2500.0 3000.0 3500.0 3000.0 3000.0 3000.0 3000.0 3000.0 3500.0 4000.0 3400.0 2700.0 1000.0 500.0 0 500.0 1000.0 500.0 1000.0 2000.0 
3000.0 3500.0 3000.0 3000.0 3500.0 4000.0 3000.0 3500.0 4500.0 5000.0 5500.0 5000.0 4500.0 4000.0 3500.0 3000.0 3000.0 3500.0 4000.0 4500.0 5000.0 5500.0 6000.0 6500.0 7000.0 3000.0 3500.0 4000.0 4500.0 5000.0 5500.0 6000.0 6500.0 6500.0 6000.0 5500.0 5000.0 4500.0 4000.0 3500.0 3000.0 3000.0 3000.0 3500.0 3500.0 4000.0 4000.0 3500.0 3000.0 3500.0 4000.0 3500.0 3500.0 3500.0 3500.0 3500.0 4000.0 4500.0 3900.0 3200.0 1500.0 1000.0 500.0 0 500.0 1000.0 1500.0 2500.0 
2500.0 3000.0 2500.0 2500.0 3000.0 3500.0 2500.0 3000.0 4000.0 4500.0 5000.0 4500.0 4000.0 3500.0 3000.0 2500.0 2500.0 3000.0 3500.0 4000.0 4500.0 5000.0 5500.0 6000.0 6500.0 2500.0 3000.0 3500.0 4000.0 4500.0 5000.0 5500.0 6000.0 6000.0 5500.0 5000.0 4500.0 4000.0 3500.0 3000.0 2500.0 2500.0 2500.0 3000.0 3000.0 3500.0 3500.0 3000.0 2500.0 3000.0 3500.0 3000.0 3000.0 3000.0 3000.0 3000.0 3500.0 4000.0 3400.0 2700.0 1500.0 1500.0 1000.0 500.0 0 500.0 1000.0 2000.0 
2000.0 2500.0 2000.0 2000.0 2500.0 3000.0 2000.0 2500.0 3500.0 4000.0 4500.0 4000.0 3500.0 3000.0 2500.0 2000.0 2000.0 2500.0 3000.0 3500.0 4000.0 4500.0 5000.0 5500.0 6000.0 2000.0 2500.0 3000.0 3500.0 4000.0 4500.0 5000.0 5500.0 5500.0 5000.0 4500.0 4000.0 3500.0 3000.0 2500.0 2000.0 2000.0 2000.0 2500.0 2500.0 3000.0 3000.0 2500.0 2000.0 2500.0 3000.0 2500.0 2500.0 2500.0 2500.0 2500.0 3000.0 3500.0 2900.0 2200.0 1000.0 1000.0 500.0 1000.0 500.0 0 500.0 1500.0 
2500.0 3000.0 2500.0 2500.0 3000.0 3500.0 2500.0 3000.0 4000.0 4500.0 5000.0 4500.0 4000.0 3500.0 3000.0 2500.0 2500.0 3000.0 3500.0 4000.0 4500.0 5000.0 5500.0 6000.0 6500.0 2500.0 3000.0 3500.0 4000.0 4500.0 5000.0 5500.0 6000.0 6000.0 5500.0 5000.0 4500.0 4000.0 3500.0 3000.0 2500.0 2500.0 2500.0 3000.0 3000.0 3500.0 3500.0 3000.0 2500.0 3000.0 3500.0 3000.0 3000.0 3000.0 3000.0 3000.0 3500.0 4000.0 3400.0 2700.0 1500.0 1500.0 1000.0 1500.0 1000.0 500.0 0 2000.0 
500.0 1000.0 500.0 500.0 1000.0 1500.0 500.0 1000.0 2000.0 2500.0 3000.0 2500.0 2000.0 1500.0 1000.0 500.0 500.0 1000.0 1500.0 2000.0 2500.0 3000.0 3500.0 4000.0 4500.0 500.0 1000.0 1500.0 2000.0 2500.0 3000.0 3500.0 4000.0 4000.0 3500.0 3000.0 2500.0 2000.0 1500.0 1000.0 500.0 500.0 500.0 1000.0 1000.0 1500.0 1500.0 1000.0 500.0 1000.0 1500.0 1000.0 1000.0 1000.0 1000.0 1000.0 1500.0 2000.0 1400.0 700.0 1500.0 2000.0 2000.0 2500.0 2000.0 1500.0 2000.0 0 
