93
123 81 109 161 11 99 97 100 73 125 83 60 59 14 39 32 27 103 51 77 190 155 52 18 72 134 112 76 56 80 20 96 184 136 171 165 90 17 47 127 193 4 179 54 133 199 98 53 91 63 66 50 138 116 120 198 113 88 58 130 151 94 163 129 61 42 142 140 16 152 178 132 173 143 146 45 86 31 139 115 105 192 89 107 44 23 183 12 172 95 131 167 74
0 1.0 1.0 2.0 3.0 4.0 6.0 5.0 4.0 5.0 5.0 6.0 5.0 6.0 7.0 6.0 8.0 6.0 4.0 5.0 5.0 6.0 4.0 4.0 5.0 6.0 5.0 4.0 5.0 6.0 3.0 4.0 5.0 7.0 7.0 7.0 7.0 8.0 7.0 5.0 4.0 6.0 7.0 5.0 4.0 3.0 6.0 7.0 5.0 4.0 5.0 6.0 4.0 5.0 6.0 5.0 4.0 5.0 6.0 6.0 6.0 5.0 6.0 4.0 4.0 3.0 4.0 4.0 6.0 6.0 7.0 6.0 6.0 5.0 3.0 4.0 5.0 7.0 3.0 4.0 7.0 7.0 6.0 7.0 8.0 9.0 7.0 7.0 6.0 6.0 6.0 3.0 1.0 
1.0 0 2.0 3.0 4.0 5.0 7.0 6.0 5.0 6.0 6.0 7.0 6.0 6.0 8.0 6.0 8.0 6.0 4.0 5.0 5.0 6.0 5.0 5.0 6.0 7.0 6.0 5.0 5.0 6.0 4.0 5.0 5.0 7.0 6.0 6.0 6.0 7.0 6.0 4.0 3.0 5.0 7.0 6.0 5.0 4.0 7.0 7.0 5.0 5.0 4.0 5.0 5.0 5.0 6.0 5.0 5.0 6.0 7.0 6.0 6.0 6.0 7.0 5.0 5.0 4.0 5.0 5.0 6.0 7.0 7.0 5.0 6.0 4.0 4.0 5.0 6.0 8.0 4.0 5.0 7.0 7.0 7.0 8.0 7.0 8.0 7.0 8.0 7.0 7.0 6.0 2.0 2.0 
1.0 2.0 0 1.0 2.0 3.0 5.0 5.0 5.0 5.0 4.0 6.0 6.0 5.0 7.0 6.0 7.0 5.0 3.0 4.0 4.0 5.0 5.0 3.0 4.0 5.0 4.0 3.0 4.0 5.0 2.0 3.0 4.0 6.0 7.0 6.0 7.0 8.0 6.0 5.0 4.0 6.0 7.0 5.0 3.0 2.0 5.0 6.0 6.0 3.0 4.0 5.0 3.0 4.0 5.0 6.0 5.0 6.0 6.0 6.0 5.0 4.0 6.0 5.0 5.0 4.0 4.0 3.0 5.0 6.0 7.0 7.0 6.0 6.0 4.0 5.0 5.0 6.0 2.0 5.0 8.0 6.0 5.0 6.0 7.0 8.0 6.0 6.0 5.0 5.0 5.0 4.0 2.0 
2.0 3.0 1.0 0 1.0 2.0 4.0 4.0 5.0 4.0 3.0 5.0 5.0 6.0 6.0 5.0 7.0 5.0 4.0 5.0 5.0 5.0 4.0 2.0 4.0 5.0 5.0 4.0 5.0 4.0 1.0 2.0 3.0 5.0 6.0 5.0 7.0 8.0 5.0 6.0 5.0 6.0 7.0 6.0 4.0 3.0 5.0 7.0 5.0 2.0 3.0 4.0 2.0 3.0 4.0 5.0 5.0 6.0 5.0 5.0 4.0 3.0 5.0 6.0 5.0 3.0 3.0 2.0 4.0 5.0 6.0 7.0 5.0 5.0 4.0 5.0 4.0 6.0 1.0 4.0 7.0 6.0 6.0 7.0 6.0 7.0 6.0 5.0 4.0 4.0 6.0 5.0 3.0 
3.0 4.0 2.0 1.0 0 1.0 3.0 4.0 5.0 5.0 4.0 6.0 6.0 6.0 6.0 6.0 8.0 6.0 5.0 6.0 6.0 6.0 5.0 3.0 5.0 5.0 5.0 4.0 5.0 4.0 2.0 3.0 4.0 6.0 7.0 6.0 8.0 7.0 6.0 7.0 6.0 5.0 7.0 6.0 5.0 4.0 6.0 6.0 6.0 3.0 4.0 4.0 3.0 4.0 5.0 5.0 5.0 6.0 6.0 5.0 4.0 4.0 6.0 5.0 5.0 2.0 3.0 1.0 3.0 4.0 6.0 7.0 5.0 6.0 4.0 5.0 4.0 6.0 2.0 5.0 8.0 7.0 6.0 7.0 7.0 7.0 7.0 6.0 5.0 4.0 6.0 6.0 4.0 
4.0 5.0 3.0 2.0 1.0 0 2.0 3.0 4.0 5.0 4.0 6.0 7.0 6.0 5.0 7.0 8.0 6.0 6.0 7.0 6.0 5.0 6.0 4.0 4.0 4.0 5.0 5.0 6.0 5.0 3.0 4.0 5.0 5.0 6.0 5.0 7.0 6.0 6.0 6.0 6.0 4.0 6.0 7.0 6.0 5.0 6.0 7.0 7.0 4.0 4.0 3.0 4.0 5.0 5.0 4.0 5.0 6.0 7.0 5.0 5.0 5.0 7.0 6.0 6.0 3.0 4.0 2.0 4.0 5.0 7.0 6.0 4.0 5.0 5.0 4.0 3.0 5.0 3.0 6.0 8.0 6.0 6.0 7.0 6.0 8.0 7.0 7.0 6.0 5.0 7.0 7.0 5.0 
6.0 7.0 5.0 4.0 3.0 2.0 0 1.0 2.0 3.0 4.0 6.0 6.0 6.0 6.0 5.0 6.0 4.0 6.0 7.0 6.0 5.0 5.0 5.0 3.0 2.0 3.0 4.0 5.0 5.0 5.0 6.0 6.0 6.0 5.0 5.0 5.0 6.0 4.0 6.0 6.0 5.0 7.0 5.0 7.0 7.0 4.0 6.0 6.0 3.0 4.0 3.0 5.0 4.0 3.0 2.0 3.0 4.0 5.0 3.0 4.0 6.0 8.0 6.0 6.0 5.0 6.0 4.0 5.0 4.0 6.0 4.0 2.0 3.0 3.0 4.0 4.0 6.0 4.0 5.0 8.0 7.0 6.0 5.0 6.0 8.0 6.0 6.0 5.0 6.0 6.0 7.0 7.0 
5.0 6.0 5.0 4.0 4.0 3.0 1.0 0 1.0 2.0 3.0 5.0 5.0 5.0 5.0 4.0 5.0 3.0 5.0 6.0 6.0 5.0 4.0 4.0 2.0 1.0 2.0 3.0 4.0 4.0 5.0 6.0 5.0 5.0 4.0 4.0 4.0 5.0 3.0 5.0 5.0 4.0 6.0 4.0 6.0 6.0 3.0 5.0 5.0 2.0 3.0 4.0 4.0 3.0 2.0 1.0 2.0 3.0 4.0 2.0 3.0 5.0 7.0 5.0 5.0 4.0 5.0 5.0 4.0 3.0 5.0 3.0 1.0 2.0 2.0 3.0 3.0 5.0 3.0 4.0 7.0 6.0 5.0 4.0 5.0 7.0 5.0 5.0 4.0 5.0 5.0 6.0 6.0 
4.0 5.0 5.0 5.0 5.0 4.0 2.0 1.0 0 1.0 2.0 4.0 5.0 6.0 6.0 5.0 4.0 2.0 4.0 5.0 5.0 5.0 4.0 3.0 3.0 2.0 3.0 4.0 4.0 3.0 6.0 6.0 5.0 5.0 4.0 3.0 3.0 4.0 4.0 4.0 5.0 5.0 5.0 3.0 5.0 5.0 2.0 4.0 5.0 3.0 4.0 3.0 4.0 3.0 3.0 2.0 3.0 4.0 5.0 3.0 4.0 5.0 6.0 4.0 4.0 3.0 4.0 5.0 3.0 2.0 4.0 4.0 2.0 3.0 1.0 2.0 3.0 5.0 4.0 4.0 7.0 5.0 6.0 5.0 6.0 8.0 5.0 6.0 5.0 4.0 5.0 5.0 5.0 
5.0 6.0 5.0 4.0 5.0 5.0 3.0 2.0 1.0 0 1.0 3.0 4.0 5.0 5.0 5.0 3.0 1.0 3.0 4.0 4.0 5.0 5.0 4.0 4.0 3.0 4.0 3.0 3.0 2.0 5.0 6.0 6.0 4.0 5.0 4.0 4.0 5.0 4.0 5.0 4.0 5.0 6.0 4.0 5.0 4.0 1.0 3.0 5.0 4.0 3.0 2.0 3.0 2.0 3.0 3.0 4.0 4.0 6.0 4.0 3.0 5.0 7.0 5.0 4.0 4.0 5.0 4.0 4.0 3.0 5.0 5.0 3.0 4.0 2.0 3.0 4.0 6.0 3.0 5.0 8.0 6.0 5.0 6.0 6.0 7.0 4.0 6.0 5.0 3.0 4.0 6.0 6.0 
5.0 6.0 4.0 3.0 4.0 4.0 4.0 3.0 2.0 1.0 0 2.0 3.0 4.0 4.0 5.0 4.0 2.0 4.0 5.0 5.0 6.0 4.0 4.0 5.0 4.0 3.0 2.0 3.0 3.0 4.0 5.0 5.0 3.0 5.0 5.0 5.0 6.0 5.0 6.0 5.0 4.0 6.0 5.0 6.0 5.0 2.0 4.0 5.0 3.0 4.0 3.0 3.0 3.0 4.0 4.0 5.0 5.0 5.0 3.0 2.0 4.0 6.0 6.0 4.0 5.0 5.0 3.0 5.0 4.0 6.0 6.0 4.0 4.0 3.0 4.0 5.0 5.0 2.0 5.0 7.0 7.0 4.0 5.0 5.0 6.0 3.0 5.0 5.0 4.0 4.0 7.0 6.0 
6.0 7.0 6.0 5.0 6.0 6.0 6.0 5.0 4.0 3.0 2.0 0 1.0 2.0 4.0 6.0 6.0 4.0 6.0 7.0 6.0 5.0 6.0 6.0 7.0 6.0 5.0 4.0 5.0 5.0 6.0 7.0 6.0 5.0 6.0 5.0 7.0 7.0 5.0 6.0 6.0 6.0 8.0 7.0 6.0 5.0 4.0 5.0 3.0 4.0 5.0 5.0 4.0 3.0 4.0 5.0 4.0 3.0 5.0 5.0 4.0 6.0 8.0 6.0 5.0 5.0 6.0 5.0 7.0 6.0 7.0 6.0 6.0 5.0 5.0 6.0 6.0 7.0 4.0 6.0 7.0 7.0 6.0 6.0 5.0 6.0 3.0 3.0 4.0 6.0 4.0 6.0 7.0 
5.0 6.0 6.0 5.0 6.0 7.0 6.0 5.0 5.0 4.0 3.0 1.0 0 1.0 3.0 5.0 7.0 5.0 6.0 6.0 5.0 4.0 5.0 5.0 7.0 5.0 4.0 3.0 4.0 5.0 6.0 7.0 6.0 6.0 5.0 4.0 6.0 6.0 5.0 5.0 6.0 7.0 7.0 6.0 6.0 5.0 4.0 4.0 2.0 3.0 4.0 5.0 5.0 4.0 5.0 5.0 4.0 4.0 4.0 4.0 5.0 6.0 7.0 5.0 5.0 4.0 5.0 6.0 7.0 6.0 6.0 7.0 6.0 4.0 4.0 5.0 5.0 6.0 4.0 5.0 6.0 6.0 5.0 6.0 6.0 7.0 4.0 4.0 3.0 5.0 3.0 5.0 6.0 
6.0 6.0 5.0 6.0 6.0 6.0 6.0 5.0 6.0 5.0 4.0 2.0 1.0 0 2.0 4.0 6.0 6.0 6.0 5.0 5.0 4.0 4.0 4.0 6.0 4.0 3.0 2.0 3.0 4.0 5.0 6.0 5.0 7.0 6.0 5.0 6.0 5.0 5.0 4.0 5.0 7.0 8.0 7.0 6.0 5.0 5.0 3.0 3.0 4.0 5.0 6.0 4.0 3.0 4.0 4.0 3.0 4.0 3.0 3.0 4.0 5.0 7.0 6.0 4.0 5.0 4.0 5.0 6.0 5.0 5.0 7.0 6.0 5.0 5.0 4.0 6.0 5.0 5.0 6.0 5.0 5.0 4.0 5.0 6.0 6.0 5.0 5.0 4.0 6.0 2.0 6.0 7.0 
7.0 8.0 7.0 6.0 6.0 5.0 6.0 5.0 6.0 5.0 4.0 4.0 3.0 2.0 0 2.0 4.0 6.0 6.0 7.0 7.0 6.0 4.0 4.0 6.0 4.0 5.0 4.0 3.0 4.0 6.0 5.0 4.0 6.0 6.0 6.0 6.0 3.0 6.0 4.0 5.0 5.0 7.0 8.0 6.0 7.0 6.0 5.0 5.0 6.0 6.0 7.0 4.0 5.0 5.0 4.0 3.0 4.0 5.0 3.0 2.0 4.0 6.0 6.0 6.0 5.0 6.0 5.0 7.0 7.0 7.0 8.0 6.0 4.0 6.0 5.0 6.0 7.0 5.0 6.0 3.0 6.0 6.0 7.0 8.0 8.0 6.0 7.0 6.0 6.0 4.0 8.0 8.0 
6.0 6.0 6.0 5.0 6.0 7.0 5.0 4.0 5.0 5.0 5.0 6.0 5.0 4.0 2.0 0 2.0 4.0 4.0 5.0 5.0 4.0 2.0 4.0 6.0 5.0 5.0 5.0 5.0 5.0 4.0 3.0 2.0 4.0 6.0 6.0 6.0 5.0 4.0 2.0 3.0 5.0 7.0 7.0 6.0 5.0 6.0 6.0 6.0 6.0 5.0 5.0 4.0 4.0 4.0 3.0 4.0 5.0 4.0 2.0 3.0 4.0 6.0 6.0 5.0 5.0 5.0 6.0 6.0 6.0 7.0 7.0 5.0 4.0 5.0 4.0 7.0 8.0 5.0 6.0 5.0 7.0 7.0 5.0 6.0 7.0 7.0 8.0 7.0 6.0 5.0 8.0 7.0 
8.0 8.0 7.0 7.0 8.0 8.0 6.0 5.0 4.0 3.0 4.0 6.0 7.0 6.0 4.0 2.0 0 2.0 4.0 5.0 5.0 6.0 4.0 6.0 7.0 6.0 7.0 6.0 6.0 5.0 6.0 5.0 4.0 6.0 8.0 7.0 7.0 7.0 6.0 4.0 5.0 7.0 9.0 7.0 6.0 5.0 4.0 6.0 8.0 7.0 6.0 5.0 6.0 5.0 6.0 5.0 5.0 6.0 6.0 4.0 5.0 6.0 8.0 8.0 7.0 7.0 7.0 7.0 7.0 6.0 8.0 8.0 6.0 6.0 5.0 6.0 7.0 9.0 6.0 8.0 7.0 9.0 8.0 7.0 8.0 9.0 7.0 7.0 6.0 4.0 7.0 9.0 9.0 
6.0 6.0 5.0 5.0 6.0 6.0 4.0 3.0 2.0 1.0 2.0 4.0 5.0 6.0 6.0 4.0 2.0 0 2.0 3.0 3.0 4.0 4.0 4.0 5.0 4.0 5.0 4.0 4.0 3.0 5.0 6.0 6.0 5.0 6.0 5.0 5.0 6.0 5.0 4.0 3.0 5.0 7.0 5.0 4.0 3.0 2.0 4.0 6.0 5.0 4.0 3.0 4.0 3.0 4.0 4.0 3.0 4.0 5.0 5.0 4.0 4.0 6.0 6.0 5.0 5.0 5.0 5.0 5.0 4.0 6.0 6.0 4.0 5.0 3.0 4.0 5.0 7.0 4.0 6.0 7.0 7.0 6.0 7.0 7.0 8.0 5.0 5.0 4.0 2.0 5.0 7.0 7.0 
4.0 4.0 3.0 4.0 5.0 6.0 6.0 5.0 4.0 3.0 4.0 6.0 6.0 6.0 6.0 4.0 4.0 2.0 0 1.0 1.0 2.0 4.0 4.0 6.0 6.0 5.0 5.0 5.0 5.0 5.0 6.0 5.0 7.0 5.0 4.0 4.0 7.0 4.0 2.0 1.0 3.0 5.0 4.0 2.0 1.0 4.0 6.0 6.0 5.0 4.0 5.0 4.0 5.0 6.0 5.0 5.0 5.0 5.0 5.0 4.0 4.0 6.0 5.0 3.0 5.0 6.0 6.0 6.0 6.0 6.0 7.0 6.0 4.0 5.0 4.0 6.0 8.0 5.0 6.0 5.0 5.0 6.0 7.0 7.0 7.0 5.0 6.0 5.0 4.0 6.0 6.0 5.0 
5.0 5.0 4.0 5.0 6.0 7.0 7.0 6.0 5.0 4.0 5.0 7.0 6.0 5.0 7.0 5.0 5.0 3.0 1.0 0 2.0 3.0 5.0 3.0 5.0 7.0 6.0 6.0 6.0 6.0 6.0 7.0 6.0 8.0 6.0 5.0 5.0 8.0 4.0 3.0 2.0 4.0 6.0 5.0 3.0 2.0 5.0 7.0 7.0 6.0 5.0 6.0 5.0 6.0 6.0 5.0 4.0 5.0 4.0 4.0 5.0 5.0 7.0 6.0 4.0 6.0 5.0 7.0 7.0 6.0 7.0 8.0 7.0 5.0 5.0 5.0 7.0 9.0 6.0 7.0 6.0 5.0 7.0 8.0 7.0 7.0 6.0 7.0 6.0 5.0 7.0 7.0 6.0 
5.0 5.0 4.0 5.0 6.0 6.0 6.0 6.0 5.0 4.0 5.0 6.0 5.0 5.0 7.0 5.0 5.0 3.0 1.0 2.0 0 1.0 3.0 5.0 7.0 7.0 6.0 6.0 6.0 6.0 6.0 7.0 6.0 6.0 4.0 3.0 3.0 6.0 5.0 3.0 2.0 4.0 6.0 5.0 3.0 2.0 5.0 7.0 5.0 4.0 5.0 6.0 5.0 5.0 6.0 5.0 4.0 5.0 4.0 4.0 5.0 5.0 7.0 6.0 4.0 6.0 5.0 7.0 7.0 7.0 5.0 7.0 7.0 5.0 6.0 5.0 6.0 8.0 5.0 6.0 6.0 6.0 7.0 8.0 8.0 7.0 6.0 5.0 4.0 5.0 6.0 7.0 6.0 
6.0 6.0 5.0 5.0 6.0 5.0 5.0 5.0 5.0 5.0 6.0 5.0 4.0 4.0 6.0 4.0 6.0 4.0 2.0 3.0 1.0 0 2.0 4.0 6.0 6.0 7.0 6.0 5.0 5.0 6.0 7.0 6.0 5.0 3.0 2.0 2.0 5.0 5.0 4.0 3.0 5.0 5.0 6.0 4.0 3.0 6.0 6.0 4.0 3.0 4.0 5.0 4.0 4.0 5.0 4.0 3.0 4.0 3.0 3.0 4.0 4.0 6.0 6.0 5.0 5.0 4.0 6.0 6.0 6.0 4.0 6.0 6.0 4.0 5.0 4.0 5.0 7.0 4.0 5.0 6.0 6.0 8.0 7.0 7.0 6.0 6.0 4.0 3.0 5.0 5.0 6.0 7.0 
4.0 5.0 5.0 4.0 5.0 6.0 5.0 4.0 4.0 5.0 4.0 6.0 5.0 4.0 4.0 2.0 4.0 4.0 4.0 5.0 3.0 2.0 0 2.0 4.0 5.0 5.0 4.0 3.0 3.0 4.0 5.0 4.0 6.0 5.0 4.0 4.0 5.0 5.0 4.0 3.0 5.0 7.0 5.0 6.0 5.0 6.0 5.0 5.0 4.0 4.0 5.0 2.0 3.0 4.0 3.0 4.0 5.0 4.0 2.0 2.0 2.0 4.0 4.0 4.0 3.0 4.0 5.0 4.0 5.0 6.0 5.0 5.0 4.0 3.0 4.0 5.0 7.0 3.0 4.0 7.0 6.0 6.0 5.0 6.0 7.0 7.0 6.0 5.0 4.0 4.0 6.0 5.0 
4.0 5.0 3.0 2.0 3.0 4.0 5.0 4.0 3.0 4.0 4.0 6.0 5.0 4.0 4.0 4.0 6.0 4.0 4.0 3.0 5.0 4.0 2.0 0 2.0 5.0 4.0 3.0 4.0 3.0 3.0 4.0 4.0 6.0 6.0 6.0 6.0 7.0 3.0 4.0 3.0 5.0 6.0 4.0 6.0 5.0 5.0 6.0 6.0 4.0 4.0 5.0 2.0 3.0 4.0 4.0 3.0 4.0 3.0 3.0 2.0 2.0 4.0 4.0 4.0 3.0 4.0 4.0 5.0 5.0 7.0 6.0 5.0 4.0 2.0 3.0 4.0 6.0 3.0 5.0 6.0 4.0 5.0 6.0 6.0 6.0 6.0 7.0 6.0 4.0 5.0 7.0 5.0 
5.0 6.0 4.0 4.0 5.0 4.0 3.0 2.0 3.0 4.0 5.0 7.0 7.0 6.0 6.0 6.0 7.0 5.0 6.0 5.0 7.0 6.0 4.0 2.0 0 3.0 4.0 5.0 6.0 5.0 5.0 6.0 6.0 7.0 6.0 6.0 6.0 7.0 5.0 6.0 5.0 6.0 8.0 6.0 7.0 6.0 5.0 7.0 7.0 4.0 5.0 6.0 4.0 5.0 4.0 3.0 4.0 5.0 5.0 4.0 4.0 4.0 6.0 6.0 6.0 5.0 6.0 6.0 6.0 5.0 7.0 5.0 3.0 4.0 4.0 5.0 5.0 7.0 5.0 6.0 8.0 6.0 6.0 6.0 7.0 8.0 7.0 7.0 6.0 6.0 7.0 8.0 6.0 
6.0 7.0 5.0 5.0 5.0 4.0 2.0 1.0 2.0 3.0 4.0 6.0 5.0 4.0 4.0 5.0 6.0 4.0 6.0 7.0 7.0 6.0 5.0 5.0 3.0 0 1.0 2.0 3.0 4.0 6.0 6.0 5.0 5.0 5.0 5.0 5.0 5.0 4.0 4.0 5.0 5.0 7.0 5.0 6.0 7.0 4.0 5.0 5.0 3.0 4.0 5.0 5.0 4.0 3.0 2.0 3.0 4.0 5.0 3.0 4.0 6.0 8.0 6.0 4.0 5.0 6.0 5.0 5.0 4.0 6.0 4.0 2.0 3.0 3.0 4.0 2.0 4.0 4.0 5.0 7.0 7.0 4.0 3.0 4.0 7.0 6.0 6.0 5.0 6.0 4.0 7.0 7.0 
5.0 6.0 4.0 5.0 5.0 5.0 3.0 2.0 3.0 4.0 3.0 5.0 4.0 3.0 5.0 5.0 7.0 5.0 5.0 6.0 6.0 7.0 5.0 4.0 4.0 1.0 0 1.0 2.0 3.0 6.0 5.0 4.0 6.0 6.0 6.0 6.0 6.0 5.0 3.0 4.0 6.0 8.0 6.0 7.0 6.0 5.0 4.0 4.0 4.0 5.0 6.0 5.0 4.0 4.0 3.0 4.0 5.0 6.0 4.0 3.0 5.0 7.0 5.0 3.0 6.0 6.0 4.0 6.0 5.0 6.0 5.0 3.0 4.0 4.0 5.0 3.0 4.0 5.0 6.0 8.0 8.0 3.0 2.0 3.0 6.0 5.0 7.0 6.0 7.0 3.0 7.0 6.0 
4.0 5.0 3.0 4.0 4.0 5.0 4.0 3.0 4.0 3.0 2.0 4.0 3.0 2.0 4.0 5.0 6.0 4.0 5.0 6.0 6.0 6.0 4.0 3.0 5.0 2.0 1.0 0 1.0 2.0 5.0 4.0 3.0 5.0 6.0 6.0 6.0 5.0 6.0 4.0 4.0 6.0 7.0 7.0 6.0 5.0 4.0 3.0 3.0 5.0 4.0 5.0 4.0 3.0 3.0 4.0 5.0 6.0 5.0 3.0 2.0 4.0 6.0 4.0 2.0 5.0 5.0 3.0 5.0 5.0 5.0 6.0 4.0 4.0 5.0 6.0 4.0 3.0 4.0 6.0 7.0 7.0 2.0 3.0 4.0 7.0 5.0 7.0 6.0 6.0 2.0 6.0 5.0 
5.0 5.0 4.0 5.0 5.0 6.0 5.0 4.0 4.0 3.0 3.0 5.0 4.0 3.0 3.0 5.0 6.0 4.0 5.0 6.0 6.0 5.0 3.0 4.0 6.0 3.0 2.0 1.0 0 1.0 4.0 5.0 4.0 6.0 5.0 6.0 7.0 4.0 6.0 5.0 4.0 6.0 8.0 6.0 7.0 6.0 4.0 4.0 4.0 4.0 3.0 4.0 4.0 4.0 4.0 4.0 4.0 5.0 6.0 4.0 3.0 4.0 6.0 5.0 3.0 5.0 4.0 4.0 6.0 6.0 6.0 7.0 5.0 3.0 4.0 5.0 5.0 4.0 5.0 6.0 6.0 8.0 3.0 4.0 5.0 7.0 6.0 6.0 5.0 5.0 3.0 7.0 6.0 
6.0 6.0 5.0 4.0 4.0 5.0 5.0 4.0 3.0 2.0 3.0 5.0 5.0 4.0 4.0 5.0 5.0 3.0 5.0 6.0 6.0 5.0 3.0 3.0 5.0 4.0 3.0 2.0 1.0 0 3.0 4.0 5.0 6.0 6.0 6.0 6.0 5.0 6.0 5.0 4.0 6.0 7.0 6.0 7.0 6.0 3.0 5.0 5.0 5.0 4.0 4.0 3.0 4.0 5.0 4.0 5.0 6.0 5.0 3.0 3.0 3.0 5.0 5.0 4.0 4.0 3.0 3.0 5.0 5.0 6.0 7.0 5.0 4.0 4.0 5.0 6.0 5.0 4.0 7.0 7.0 7.0 4.0 5.0 6.0 7.0 6.0 7.0 6.0 4.0 4.0 8.0 7.0 
3.0 4.0 2.0 1.0 2.0 3.0 5.0 5.0 6.0 5.0 4.0 6.0 6.0 5.0 6.0 4.0 6.0 5.0 5.0 6.0 6.0 6.0 4.0 3.0 5.0 6.0 6.0 5.0 4.0 3.0 0 1.0 2.0 4.0 6.0 5.0 7.0 7.0 6.0 6.0 5.0 6.0 6.0 7.0 5.0 4.0 6.0 6.0 6.0 3.0 4.0 5.0 3.0 4.0 5.0 6.0 5.0 6.0 5.0 5.0 4.0 2.0 4.0 6.0 6.0 3.0 2.0 2.0 4.0 5.0 5.0 7.0 6.0 5.0 5.0 6.0 5.0 7.0 2.0 5.0 8.0 7.0 7.0 8.0 7.0 6.0 7.0 6.0 5.0 3.0 5.0 6.0 4.0 
4.0 5.0 3.0 2.0 3.0 4.0 6.0 6.0 6.0 6.0 5.0 7.0 7.0 6.0 5.0 3.0 5.0 6.0 6.0 7.0 7.0 7.0 5.0 4.0 6.0 6.0 5.0 4.0 5.0 4.0 1.0 0 1.0 3.0 5.0 6.0 8.0 8.0 7.0 5.0 5.0 7.0 7.0 7.0 6.0 5.0 7.0 7.0 7.0 4.0 4.0 5.0 4.0 5.0 6.0 5.0 6.0 7.0 6.0 5.0 5.0 3.0 5.0 7.0 6.0 4.0 3.0 3.0 5.0 6.0 6.0 8.0 6.0 4.0 5.0 6.0 6.0 7.0 3.0 6.0 8.0 8.0 6.0 7.0 7.0 7.0 7.0 7.0 6.0 4.0 6.0 7.0 5.0 
5.0 5.0 4.0 3.0 4.0 5.0 6.0 5.0 5.0 6.0 5.0 6.0 6.0 5.0 4.0 2.0 4.0 6.0 5.0 6.0 6.0 6.0 4.0 4.0 6.0 5.0 4.0 3.0 4.0 5.0 2.0 1.0 0 2.0 4.0 5.0 7.0 7.0 6.0 4.0 4.0 6.0 8.0 6.0 7.0 6.0 7.0 6.0 6.0 4.0 3.0 4.0 5.0 5.0 5.0 4.0 5.0 6.0 6.0 4.0 5.0 4.0 6.0 7.0 5.0 5.0 4.0 4.0 6.0 7.0 7.0 7.0 5.0 3.0 4.0 5.0 5.0 6.0 4.0 6.0 7.0 8.0 5.0 6.0 6.0 7.0 6.0 7.0 6.0 5.0 5.0 7.0 6.0 
7.0 7.0 6.0 5.0 6.0 5.0 6.0 5.0 5.0 4.0 3.0 5.0 6.0 7.0 6.0 4.0 6.0 5.0 7.0 8.0 6.0 5.0 6.0 6.0 7.0 5.0 6.0 5.0 6.0 6.0 4.0 3.0 2.0 0 2.0 3.0 5.0 6.0 6.0 6.0 6.0 7.0 6.0 7.0 8.0 7.0 5.0 7.0 6.0 3.0 4.0 5.0 5.0 6.0 6.0 5.0 6.0 6.0 8.0 6.0 5.0 6.0 8.0 8.0 7.0 7.0 6.0 6.0 7.0 7.0 5.0 7.0 6.0 4.0 5.0 6.0 3.0 5.0 4.0 5.0 8.0 7.0 7.0 6.0 5.0 7.0 4.0 6.0 5.0 7.0 6.0 6.0 8.0 
7.0 6.0 7.0 6.0 7.0 6.0 5.0 4.0 4.0 5.0 5.0 6.0 5.0 6.0 6.0 6.0 8.0 6.0 5.0 6.0 4.0 3.0 5.0 6.0 6.0 5.0 6.0 6.0 5.0 6.0 6.0 5.0 4.0 2.0 0 1.0 3.0 4.0 4.0 6.0 5.0 6.0 4.0 6.0 6.0 6.0 6.0 5.0 5.0 4.0 4.0 5.0 6.0 5.0 4.0 3.0 4.0 5.0 6.0 4.0 4.0 6.0 8.0 8.0 7.0 5.0 4.0 6.0 6.0 5.0 3.0 5.0 5.0 2.0 5.0 6.0 5.0 7.0 5.0 6.0 7.0 7.0 8.0 8.0 7.0 8.0 6.0 5.0 4.0 6.0 5.0 5.0 8.0 
7.0 6.0 6.0 5.0 6.0 5.0 5.0 4.0 3.0 4.0 5.0 5.0 4.0 5.0 6.0 6.0 7.0 5.0 4.0 5.0 3.0 2.0 4.0 6.0 6.0 5.0 6.0 6.0 6.0 6.0 5.0 6.0 5.0 3.0 1.0 0 2.0 3.0 3.0 5.0 5.0 5.0 3.0 5.0 5.0 5.0 5.0 4.0 4.0 3.0 4.0 5.0 5.0 4.0 3.0 4.0 5.0 6.0 5.0 5.0 5.0 6.0 8.0 7.0 6.0 4.0 3.0 5.0 5.0 4.0 2.0 4.0 5.0 3.0 4.0 5.0 5.0 7.0 4.0 5.0 6.0 6.0 8.0 7.0 6.0 7.0 6.0 4.0 3.0 5.0 4.0 4.0 8.0 
7.0 6.0 7.0 7.0 8.0 7.0 5.0 4.0 3.0 4.0 5.0 7.0 6.0 6.0 6.0 6.0 7.0 5.0 4.0 5.0 3.0 2.0 4.0 6.0 6.0 5.0 6.0 6.0 7.0 6.0 7.0 8.0 7.0 5.0 3.0 2.0 0 3.0 3.0 5.0 5.0 7.0 5.0 6.0 6.0 5.0 5.0 5.0 5.0 5.0 6.0 6.0 6.0 6.0 5.0 5.0 5.0 6.0 5.0 5.0 6.0 6.0 8.0 7.0 7.0 6.0 5.0 7.0 6.0 5.0 4.0 4.0 5.0 5.0 4.0 5.0 5.0 7.0 6.0 7.0 8.0 8.0 8.0 7.0 6.0 7.0 6.0 6.0 5.0 7.0 4.0 4.0 8.0 
8.0 7.0 8.0 8.0 7.0 6.0 6.0 5.0 4.0 5.0 6.0 7.0 6.0 5.0 3.0 5.0 7.0 6.0 7.0 8.0 6.0 5.0 5.0 7.0 7.0 5.0 6.0 5.0 4.0 5.0 7.0 8.0 7.0 6.0 4.0 3.0 3.0 0 4.0 6.0 7.0 5.0 6.0 7.0 7.0 8.0 6.0 6.0 6.0 6.0 7.0 7.0 6.0 5.0 4.0 5.0 4.0 5.0 5.0 6.0 5.0 7.0 9.0 8.0 7.0 6.0 5.0 7.0 6.0 5.0 5.0 5.0 6.0 6.0 5.0 6.0 6.0 8.0 7.0 8.0 6.0 9.0 7.0 7.0 6.0 8.0 6.0 7.0 6.0 7.0 5.0 5.0 9.0 
7.0 6.0 6.0 5.0 6.0 6.0 4.0 3.0 4.0 4.0 5.0 5.0 5.0 5.0 6.0 4.0 6.0 5.0 4.0 4.0 5.0 5.0 5.0 3.0 5.0 4.0 5.0 6.0 6.0 6.0 6.0 7.0 6.0 6.0 4.0 3.0 3.0 4.0 0 2.0 3.0 5.0 6.0 7.0 5.0 4.0 3.0 4.0 5.0 5.0 4.0 4.0 5.0 4.0 3.0 2.0 3.0 4.0 4.0 3.0 4.0 5.0 7.0 7.0 5.0 6.0 5.0 5.0 3.0 2.0 4.0 5.0 4.0 3.0 5.0 4.0 6.0 7.0 6.0 7.0 7.0 5.0 8.0 4.0 3.0 4.0 3.0 6.0 6.0 6.0 5.0 5.0 8.0 
5.0 4.0 5.0 6.0 7.0 6.0 6.0 5.0 4.0 5.0 6.0 6.0 5.0 4.0 4.0 2.0 4.0 4.0 2.0 3.0 3.0 4.0 4.0 4.0 6.0 4.0 3.0 4.0 5.0 5.0 6.0 5.0 4.0 6.0 6.0 5.0 5.0 6.0 2.0 0 1.0 3.0 5.0 5.0 4.0 3.0 5.0 6.0 7.0 5.0 4.0 5.0 4.0 5.0 5.0 4.0 3.0 4.0 3.0 3.0 4.0 4.0 6.0 5.0 3.0 5.0 4.0 6.0 5.0 4.0 6.0 7.0 6.0 4.0 3.0 2.0 5.0 7.0 5.0 6.0 5.0 5.0 6.0 5.0 5.0 6.0 5.0 7.0 6.0 6.0 6.0 6.0 6.0 
4.0 3.0 4.0 5.0 6.0 6.0 6.0 5.0 5.0 4.0 5.0 6.0 6.0 5.0 5.0 3.0 5.0 3.0 1.0 2.0 2.0 3.0 3.0 3.0 5.0 5.0 4.0 4.0 4.0 4.0 5.0 5.0 4.0 6.0 5.0 5.0 5.0 7.0 3.0 1.0 0 2.0 4.0 5.0 3.0 2.0 5.0 6.0 6.0 4.0 3.0 4.0 3.0 4.0 5.0 4.0 4.0 5.0 4.0 4.0 3.0 3.0 5.0 4.0 2.0 4.0 5.0 6.0 5.0 5.0 7.0 6.0 5.0 3.0 4.0 3.0 6.0 7.0 4.0 5.0 4.0 4.0 6.0 6.0 6.0 7.0 6.0 6.0 5.0 5.0 5.0 5.0 5.0 
6.0 5.0 6.0 6.0 5.0 4.0 5.0 4.0 5.0 5.0 4.0 6.0 7.0 7.0 5.0 5.0 7.0 5.0 3.0 4.0 4.0 5.0 5.0 5.0 6.0 5.0 6.0 6.0 6.0 6.0 6.0 7.0 6.0 7.0 6.0 5.0 7.0 5.0 5.0 3.0 2.0 0 2.0 4.0 5.0 4.0 6.0 6.0 8.0 6.0 5.0 6.0 5.0 6.0 5.0 5.0 6.0 5.0 6.0 6.0 5.0 5.0 7.0 6.0 4.0 5.0 4.0 6.0 5.0 4.0 5.0 7.0 5.0 5.0 5.0 4.0 7.0 9.0 6.0 7.0 6.0 6.0 8.0 6.0 5.0 8.0 5.0 7.0 7.0 7.0 7.0 7.0 7.0 
7.0 7.0 7.0 7.0 7.0 6.0 7.0 6.0 5.0 6.0 6.0 8.0 7.0 8.0 7.0 7.0 9.0 7.0 5.0 6.0 6.0 5.0 7.0 6.0 8.0 7.0 8.0 7.0 8.0 7.0 6.0 7.0 8.0 6.0 4.0 3.0 5.0 6.0 6.0 5.0 4.0 2.0 0 2.0 4.0 5.0 7.0 5.0 7.0 6.0 7.0 8.0 6.0 5.0 4.0 5.0 6.0 7.0 7.0 6.0 7.0 7.0 9.0 7.0 6.0 5.0 4.0 6.0 6.0 5.0 3.0 5.0 7.0 6.0 4.0 5.0 6.0 8.0 7.0 7.0 8.0 8.0 9.0 8.0 7.0 8.0 7.0 7.0 6.0 7.0 6.0 6.0 8.0 
5.0 6.0 5.0 6.0 6.0 7.0 5.0 4.0 3.0 4.0 5.0 7.0 6.0 7.0 8.0 7.0 7.0 5.0 4.0 5.0 5.0 6.0 5.0 4.0 6.0 5.0 6.0 7.0 6.0 6.0 7.0 7.0 6.0 7.0 6.0 5.0 6.0 7.0 7.0 5.0 5.0 4.0 2.0 0 2.0 3.0 5.0 7.0 6.0 6.0 5.0 6.0 6.0 6.0 6.0 5.0 5.0 6.0 6.0 6.0 6.0 6.0 7.0 5.0 5.0 4.0 5.0 7.0 6.0 5.0 5.0 7.0 5.0 5.0 2.0 3.0 4.0 6.0 7.0 5.0 8.0 6.0 8.0 8.0 8.0 9.0 7.0 8.0 7.0 7.0 7.0 8.0 6.0 
4.0 5.0 3.0 4.0 5.0 6.0 7.0 6.0 5.0 5.0 6.0 6.0 6.0 6.0 6.0 6.0 6.0 4.0 2.0 3.0 3.0 4.0 6.0 6.0 7.0 6.0 7.0 6.0 7.0 7.0 5.0 6.0 7.0 8.0 6.0 5.0 6.0 7.0 5.0 4.0 3.0 5.0 4.0 2.0 0 1.0 4.0 6.0 6.0 6.0 6.0 5.0 6.0 7.0 8.0 7.0 6.0 5.0 6.0 7.0 6.0 6.0 8.0 7.0 5.0 6.0 7.0 6.0 8.0 7.0 7.0 8.0 7.0 6.0 4.0 5.0 6.0 8.0 5.0 7.0 7.0 5.0 6.0 8.0 7.0 7.0 5.0 7.0 6.0 6.0 7.0 7.0 5.0 
3.0 4.0 2.0 3.0 4.0 5.0 7.0 6.0 5.0 4.0 5.0 5.0 5.0 5.0 7.0 5.0 5.0 3.0 1.0 2.0 2.0 3.0 5.0 5.0 6.0 7.0 6.0 5.0 6.0 6.0 4.0 5.0 6.0 7.0 6.0 5.0 5.0 8.0 4.0 3.0 2.0 4.0 5.0 3.0 1.0 0 3.0 5.0 5.0 5.0 5.0 4.0 5.0 6.0 7.0 6.0 5.0 4.0 5.0 6.0 5.0 5.0 7.0 6.0 4.0 6.0 6.0 5.0 7.0 6.0 7.0 7.0 7.0 5.0 5.0 5.0 5.0 7.0 4.0 7.0 6.0 4.0 5.0 7.0 6.0 6.0 4.0 6.0 6.0 5.0 6.0 6.0 4.0 
6.0 7.0 5.0 5.0 6.0 6.0 4.0 3.0 2.0 1.0 2.0 4.0 4.0 5.0 6.0 6.0 4.0 2.0 4.0 5.0 5.0 6.0 6.0 5.0 5.0 4.0 5.0 4.0 4.0 3.0 6.0 7.0 7.0 5.0 6.0 5.0 5.0 6.0 3.0 5.0 5.0 6.0 7.0 5.0 4.0 3.0 0 2.0 4.0 5.0 4.0 3.0 4.0 3.0 4.0 4.0 4.0 3.0 6.0 5.0 4.0 6.0 8.0 6.0 5.0 5.0 6.0 5.0 5.0 4.0 4.0 6.0 4.0 5.0 3.0 4.0 5.0 7.0 4.0 6.0 8.0 7.0 6.0 6.0 5.0 6.0 3.0 5.0 5.0 4.0 3.0 7.0 7.0 
7.0 7.0 6.0 7.0 6.0 7.0 6.0 5.0 4.0 3.0 4.0 5.0 4.0 3.0 5.0 6.0 6.0 4.0 6.0 7.0 7.0 6.0 5.0 6.0 7.0 5.0 4.0 3.0 4.0 5.0 6.0 7.0 6.0 7.0 5.0 4.0 5.0 6.0 4.0 6.0 6.0 6.0 5.0 7.0 6.0 5.0 2.0 0 2.0 5.0 5.0 5.0 5.0 4.0 5.0 6.0 6.0 5.0 6.0 6.0 5.0 6.0 8.0 7.0 5.0 6.0 5.0 5.0 3.0 2.0 2.0 6.0 6.0 5.0 5.0 6.0 6.0 6.0 6.0 7.0 8.0 8.0 5.0 6.0 7.0 8.0 5.0 6.0 5.0 6.0 1.0 5.0 8.0 
5.0 5.0 6.0 5.0 6.0 7.0 6.0 5.0 5.0 5.0 5.0 3.0 2.0 3.0 5.0 6.0 8.0 6.0 6.0 7.0 5.0 4.0 5.0 6.0 7.0 5.0 4.0 3.0 4.0 5.0 6.0 7.0 6.0 6.0 5.0 4.0 5.0 6.0 5.0 7.0 6.0 8.0 7.0 6.0 6.0 5.0 4.0 2.0 0 3.0 4.0 5.0 5.0 4.0 5.0 5.0 5.0 5.0 6.0 6.0 5.0 6.0 7.0 5.0 5.0 4.0 5.0 6.0 5.0 4.0 4.0 6.0 6.0 4.0 4.0 5.0 5.0 6.0 4.0 5.0 6.0 6.0 5.0 6.0 7.0 8.0 5.0 4.0 3.0 5.0 1.0 3.0 6.0 
4.0 5.0 3.0 2.0 3.0 4.0 3.0 2.0 3.0 4.0 3.0 4.0 3.0 4.0 6.0 6.0 7.0 5.0 5.0 6.0 4.0 3.0 4.0 4.0 4.0 3.0 4.0 5.0 4.0 5.0 3.0 4.0 4.0 3.0 4.0 3.0 5.0 6.0 5.0 5.0 4.0 6.0 6.0 6.0 6.0 5.0 5.0 5.0 3.0 0 1.0 2.0 2.0 3.0 4.0 3.0 4.0 5.0 6.0 4.0 4.0 4.0 6.0 6.0 5.0 5.0 5.0 4.0 4.0 5.0 5.0 5.0 3.0 3.0 4.0 5.0 2.0 4.0 1.0 2.0 5.0 5.0 7.0 5.0 4.0 5.0 4.0 3.0 2.0 4.0 4.0 5.0 5.0 
5.0 4.0 4.0 3.0 4.0 4.0 4.0 3.0 4.0 3.0 4.0 5.0 4.0 5.0 6.0 5.0 6.0 4.0 4.0 5.0 5.0 4.0 4.0 4.0 5.0 4.0 5.0 4.0 3.0 4.0 4.0 4.0 3.0 4.0 4.0 4.0 6.0 7.0 4.0 4.0 3.0 5.0 7.0 5.0 6.0 5.0 4.0 5.0 4.0 1.0 0 1.0 2.0 3.0 4.0 3.0 4.0 5.0 6.0 4.0 4.0 4.0 6.0 6.0 5.0 5.0 6.0 5.0 5.0 6.0 6.0 4.0 2.0 2.0 3.0 4.0 3.0 5.0 2.0 3.0 6.0 6.0 6.0 4.0 3.0 4.0 3.0 4.0 3.0 5.0 4.0 6.0 6.0 
6.0 5.0 5.0 4.0 4.0 3.0 3.0 4.0 3.0 2.0 3.0 5.0 5.0 6.0 7.0 5.0 5.0 3.0 5.0 6.0 6.0 5.0 5.0 5.0 6.0 5.0 6.0 5.0 4.0 4.0 5.0 5.0 4.0 5.0 5.0 5.0 6.0 7.0 4.0 5.0 4.0 6.0 8.0 6.0 5.0 4.0 3.0 5.0 5.0 2.0 1.0 0 3.0 4.0 5.0 4.0 5.0 4.0 7.0 5.0 5.0 5.0 7.0 7.0 6.0 6.0 7.0 5.0 6.0 5.0 7.0 5.0 3.0 3.0 4.0 5.0 4.0 6.0 3.0 4.0 7.0 7.0 7.0 4.0 4.0 5.0 4.0 5.0 4.0 5.0 5.0 7.0 7.0 
4.0 5.0 3.0 2.0 3.0 4.0 5.0 4.0 4.0 3.0 3.0 4.0 5.0 4.0 4.0 4.0 6.0 4.0 4.0 5.0 5.0 4.0 2.0 2.0 4.0 5.0 5.0 4.0 4.0 3.0 3.0 4.0 5.0 5.0 6.0 5.0 6.0 6.0 5.0 4.0 3.0 5.0 6.0 6.0 6.0 5.0 4.0 5.0 5.0 2.0 2.0 3.0 0 1.0 2.0 3.0 4.0 5.0 5.0 3.0 2.0 2.0 4.0 4.0 3.0 3.0 4.0 4.0 5.0 6.0 5.0 6.0 4.0 4.0 4.0 5.0 4.0 6.0 1.0 4.0 7.0 6.0 6.0 6.0 5.0 6.0 5.0 5.0 4.0 4.0 4.0 7.0 5.0 
5.0 5.0 4.0 3.0 4.0 5.0 4.0 3.0 3.0 2.0 3.0 3.0 4.0 3.0 5.0 4.0 5.0 3.0 5.0 6.0 5.0 4.0 3.0 3.0 5.0 4.0 4.0 3.0 4.0 4.0 4.0 5.0 5.0 6.0 5.0 4.0 6.0 5.0 4.0 5.0 4.0 6.0 5.0 6.0 7.0 6.0 3.0 4.0 4.0 3.0 3.0 4.0 1.0 0 1.0 2.0 3.0 4.0 5.0 3.0 3.0 3.0 5.0 4.0 2.0 4.0 5.0 5.0 5.0 5.0 4.0 6.0 4.0 3.0 4.0 5.0 5.0 5.0 2.0 5.0 8.0 7.0 5.0 6.0 6.0 7.0 6.0 6.0 5.0 5.0 3.0 7.0 6.0 
6.0 6.0 5.0 4.0 5.0 5.0 3.0 2.0 3.0 3.0 4.0 4.0 5.0 4.0 5.0 4.0 6.0 4.0 6.0 6.0 6.0 5.0 4.0 4.0 4.0 3.0 4.0 3.0 4.0 5.0 5.0 6.0 5.0 6.0 4.0 3.0 5.0 4.0 3.0 5.0 5.0 5.0 4.0 6.0 8.0 7.0 4.0 5.0 5.0 4.0 4.0 5.0 2.0 1.0 0 1.0 2.0 3.0 4.0 2.0 3.0 4.0 6.0 5.0 3.0 5.0 4.0 6.0 6.0 5.0 3.0 5.0 3.0 2.0 4.0 5.0 5.0 4.0 3.0 6.0 8.0 7.0 5.0 6.0 6.0 7.0 5.0 6.0 5.0 5.0 4.0 6.0 7.0 
5.0 5.0 6.0 5.0 5.0 4.0 2.0 1.0 2.0 3.0 4.0 5.0 5.0 4.0 4.0 3.0 5.0 4.0 5.0 5.0 5.0 4.0 3.0 4.0 3.0 2.0 3.0 4.0 4.0 4.0 6.0 5.0 4.0 5.0 3.0 4.0 5.0 5.0 2.0 4.0 4.0 5.0 5.0 5.0 7.0 6.0 4.0 6.0 5.0 3.0 3.0 4.0 3.0 2.0 1.0 0 1.0 2.0 3.0 1.0 2.0 4.0 6.0 5.0 4.0 4.0 4.0 5.0 5.0 4.0 4.0 4.0 2.0 1.0 3.0 4.0 4.0 5.0 4.0 5.0 7.0 6.0 6.0 5.0 5.0 6.0 4.0 5.0 4.0 4.0 5.0 7.0 6.0 
4.0 5.0 5.0 5.0 5.0 5.0 3.0 2.0 3.0 4.0 5.0 4.0 4.0 3.0 3.0 4.0 5.0 3.0 5.0 4.0 4.0 3.0 4.0 3.0 4.0 3.0 4.0 5.0 4.0 5.0 5.0 6.0 5.0 6.0 4.0 5.0 5.0 4.0 3.0 3.0 4.0 6.0 6.0 5.0 6.0 5.0 4.0 6.0 5.0 4.0 4.0 5.0 4.0 3.0 2.0 1.0 0 1.0 2.0 2.0 3.0 5.0 6.0 4.0 4.0 3.0 3.0 5.0 6.0 5.0 5.0 5.0 3.0 2.0 3.0 3.0 5.0 6.0 5.0 4.0 6.0 5.0 7.0 6.0 5.0 5.0 3.0 5.0 5.0 3.0 5.0 7.0 5.0 
5.0 6.0 6.0 6.0 6.0 6.0 4.0 3.0 4.0 4.0 5.0 3.0 4.0 4.0 4.0 5.0 6.0 4.0 5.0 5.0 5.0 4.0 5.0 4.0 5.0 4.0 5.0 6.0 5.0 6.0 6.0 7.0 6.0 6.0 5.0 6.0 6.0 5.0 4.0 4.0 5.0 5.0 7.0 6.0 5.0 4.0 3.0 5.0 5.0 5.0 5.0 4.0 5.0 4.0 3.0 2.0 1.0 0 3.0 3.0 4.0 6.0 7.0 5.0 5.0 4.0 4.0 6.0 6.0 5.0 6.0 6.0 4.0 3.0 4.0 4.0 6.0 7.0 6.0 5.0 7.0 6.0 8.0 5.0 4.0 5.0 2.0 4.0 5.0 4.0 6.0 8.0 6.0 
6.0 7.0 6.0 5.0 6.0 7.0 5.0 4.0 5.0 6.0 5.0 5.0 4.0 3.0 5.0 4.0 6.0 5.0 5.0 4.0 4.0 3.0 4.0 3.0 5.0 5.0 6.0 5.0 6.0 5.0 5.0 6.0 6.0 8.0 6.0 5.0 5.0 5.0 4.0 3.0 4.0 6.0 7.0 6.0 6.0 5.0 6.0 6.0 6.0 6.0 6.0 7.0 5.0 5.0 4.0 3.0 2.0 3.0 0 2.0 3.0 5.0 7.0 6.0 6.0 4.0 3.0 5.0 7.0 6.0 6.0 4.0 5.0 4.0 4.0 3.0 6.0 8.0 6.0 6.0 7.0 5.0 6.0 7.0 6.0 3.0 5.0 7.0 6.0 5.0 5.0 5.0 7.0 
6.0 6.0 6.0 5.0 5.0 5.0 3.0 2.0 3.0 4.0 3.0 5.0 4.0 3.0 3.0 2.0 4.0 5.0 5.0 4.0 4.0 3.0 2.0 3.0 4.0 3.0 4.0 3.0 4.0 3.0 5.0 5.0 4.0 6.0 4.0 5.0 5.0 6.0 3.0 3.0 4.0 6.0 6.0 6.0 7.0 6.0 5.0 6.0 6.0 4.0 4.0 5.0 3.0 3.0 2.0 1.0 2.0 3.0 2.0 0 1.0 3.0 5.0 5.0 5.0 4.0 3.0 4.0 6.0 5.0 5.0 5.0 3.0 2.0 4.0 3.0 5.0 6.0 4.0 6.0 6.0 5.0 5.0 6.0 6.0 5.0 5.0 6.0 5.0 5.0 5.0 7.0 7.0 
6.0 6.0 5.0 4.0 4.0 5.0 4.0 3.0 4.0 3.0 2.0 4.0 5.0 4.0 2.0 3.0 5.0 4.0 4.0 5.0 5.0 4.0 2.0 2.0 4.0 4.0 3.0 2.0 3.0 3.0 4.0 5.0 5.0 5.0 4.0 5.0 6.0 5.0 4.0 4.0 3.0 5.0 7.0 6.0 6.0 5.0 4.0 5.0 5.0 4.0 4.0 5.0 2.0 3.0 3.0 2.0 3.0 4.0 3.0 1.0 0 2.0 4.0 4.0 4.0 3.0 4.0 3.0 5.0 6.0 6.0 6.0 4.0 2.0 4.0 4.0 6.0 5.0 3.0 6.0 5.0 6.0 4.0 5.0 6.0 6.0 5.0 6.0 5.0 4.0 4.0 7.0 7.0 
5.0 6.0 4.0 3.0 4.0 5.0 6.0 5.0 5.0 5.0 4.0 6.0 6.0 5.0 4.0 4.0 6.0 4.0 4.0 5.0 5.0 4.0 2.0 2.0 4.0 6.0 5.0 4.0 4.0 3.0 2.0 3.0 4.0 6.0 6.0 6.0 6.0 7.0 5.0 4.0 3.0 5.0 7.0 6.0 6.0 5.0 6.0 6.0 6.0 4.0 4.0 5.0 2.0 3.0 4.0 4.0 5.0 6.0 5.0 3.0 2.0 0 2.0 4.0 4.0 3.0 4.0 4.0 5.0 6.0 7.0 6.0 6.0 4.0 4.0 5.0 6.0 7.0 3.0 6.0 7.0 6.0 6.0 7.0 7.0 6.0 7.0 7.0 6.0 4.0 5.0 7.0 6.0 
6.0 7.0 6.0 5.0 6.0 7.0 8.0 7.0 6.0 7.0 6.0 8.0 7.0 7.0 6.0 6.0 8.0 6.0 6.0 7.0 7.0 6.0 4.0 4.0 6.0 8.0 7.0 6.0 6.0 5.0 4.0 5.0 6.0 8.0 8.0 8.0 8.0 9.0 7.0 6.0 5.0 7.0 9.0 7.0 8.0 7.0 8.0 8.0 7.0 6.0 6.0 7.0 4.0 5.0 6.0 6.0 6.0 7.0 7.0 5.0 4.0 2.0 0 2.0 4.0 5.0 6.0 6.0 7.0 8.0 9.0 8.0 8.0 6.0 5.0 6.0 7.0 9.0 5.0 6.0 8.0 8.0 8.0 9.0 9.0 8.0 9.0 9.0 8.0 6.0 7.0 9.0 7.0 
4.0 5.0 5.0 6.0 5.0 6.0 6.0 5.0 4.0 5.0 6.0 6.0 5.0 6.0 6.0 6.0 8.0 6.0 5.0 6.0 6.0 6.0 4.0 4.0 6.0 6.0 5.0 4.0 5.0 5.0 6.0 7.0 7.0 8.0 8.0 7.0 7.0 8.0 7.0 5.0 4.0 6.0 7.0 5.0 7.0 6.0 6.0 7.0 5.0 6.0 6.0 7.0 4.0 4.0 5.0 5.0 4.0 5.0 6.0 5.0 4.0 4.0 2.0 0 2.0 3.0 4.0 6.0 7.0 6.0 7.0 8.0 6.0 6.0 3.0 4.0 5.0 7.0 5.0 4.0 6.0 6.0 6.0 7.0 8.0 9.0 7.0 7.0 6.0 6.0 6.0 7.0 5.0 
4.0 5.0 5.0 5.0 5.0 6.0 6.0 5.0 4.0 4.0 4.0 5.0 5.0 4.0 6.0 5.0 7.0 5.0 3.0 4.0 4.0 5.0 4.0 4.0 6.0 4.0 3.0 2.0 3.0 4.0 6.0 6.0 5.0 7.0 7.0 6.0 7.0 7.0 5.0 3.0 2.0 4.0 6.0 5.0 5.0 4.0 5.0 5.0 5.0 5.0 5.0 6.0 3.0 2.0 3.0 4.0 4.0 5.0 6.0 5.0 4.0 4.0 4.0 2.0 0 3.0 4.0 5.0 7.0 6.0 6.0 8.0 6.0 5.0 3.0 4.0 5.0 5.0 4.0 4.0 6.0 6.0 4.0 5.0 6.0 9.0 7.0 7.0 6.0 6.0 4.0 7.0 5.0 
3.0 4.0 4.0 3.0 2.0 3.0 5.0 4.0 3.0 4.0 5.0 5.0 4.0 5.0 5.0 5.0 7.0 5.0 5.0 6.0 6.0 5.0 3.0 3.0 5.0 5.0 6.0 5.0 5.0 4.0 3.0 4.0 5.0 7.0 5.0 4.0 6.0 6.0 6.0 5.0 4.0 5.0 5.0 4.0 6.0 6.0 5.0 6.0 4.0 5.0 5.0 6.0 3.0 4.0 5.0 4.0 3.0 4.0 4.0 4.0 3.0 3.0 5.0 3.0 3.0 0 1.0 3.0 5.0 5.0 4.0 6.0 5.0 5.0 2.0 3.0 4.0 6.0 4.0 3.0 6.0 6.0 7.0 7.0 6.0 7.0 6.0 6.0 5.0 4.0 5.0 6.0 4.0 
4.0 5.0 4.0 3.0 3.0 4.0 6.0 5.0 4.0 5.0 5.0 6.0 5.0 4.0 6.0 5.0 7.0 5.0 6.0 5.0 5.0 4.0 4.0 4.0 6.0 6.0 6.0 5.0 4.0 3.0 2.0 3.0 4.0 6.0 4.0 3.0 5.0 5.0 5.0 4.0 5.0 4.0 4.0 5.0 7.0 6.0 6.0 5.0 5.0 5.0 6.0 7.0 4.0 5.0 4.0 4.0 3.0 4.0 3.0 3.0 4.0 4.0 6.0 4.0 4.0 1.0 0 2.0 4.0 4.0 3.0 5.0 6.0 5.0 3.0 4.0 5.0 7.0 4.0 4.0 7.0 6.0 7.0 6.0 5.0 6.0 5.0 6.0 5.0 3.0 5.0 6.0 5.0 
4.0 5.0 3.0 2.0 1.0 2.0 4.0 5.0 5.0 4.0 3.0 5.0 6.0 5.0 5.0 6.0 7.0 5.0 6.0 7.0 7.0 6.0 5.0 4.0 6.0 5.0 4.0 3.0 4.0 3.0 2.0 3.0 4.0 6.0 6.0 5.0 7.0 7.0 5.0 6.0 6.0 6.0 6.0 7.0 6.0 5.0 5.0 5.0 6.0 4.0 5.0 5.0 4.0 5.0 6.0 5.0 5.0 6.0 5.0 4.0 3.0 4.0 6.0 6.0 5.0 3.0 2.0 0 2.0 3.0 5.0 7.0 6.0 5.0 5.0 6.0 5.0 6.0 3.0 6.0 8.0 8.0 5.0 6.0 7.0 6.0 6.0 6.0 5.0 3.0 5.0 7.0 5.0 
6.0 6.0 5.0 4.0 3.0 4.0 5.0 4.0 3.0 4.0 5.0 7.0 7.0 6.0 7.0 6.0 7.0 5.0 6.0 7.0 7.0 6.0 4.0 5.0 6.0 5.0 6.0 5.0 6.0 5.0 4.0 5.0 6.0 7.0 6.0 5.0 6.0 6.0 3.0 5.0 5.0 5.0 6.0 6.0 8.0 7.0 5.0 3.0 5.0 4.0 5.0 6.0 5.0 5.0 6.0 5.0 6.0 6.0 7.0 6.0 5.0 5.0 7.0 7.0 7.0 5.0 4.0 2.0 0 1.0 3.0 5.0 5.0 6.0 4.0 5.0 6.0 8.0 5.0 6.0 9.0 8.0 7.0 7.0 6.0 7.0 6.0 7.0 6.0 5.0 4.0 6.0 7.0 
6.0 7.0 6.0 5.0 4.0 5.0 4.0 3.0 2.0 3.0 4.0 6.0 6.0 5.0 7.0 6.0 6.0 4.0 6.0 6.0 7.0 6.0 5.0 5.0 5.0 4.0 5.0 5.0 6.0 5.0 5.0 6.0 7.0 7.0 5.0 4.0 5.0 5.0 2.0 4.0 5.0 4.0 5.0 5.0 7.0 6.0 4.0 2.0 4.0 5.0 6.0 5.0 6.0 5.0 5.0 4.0 5.0 5.0 6.0 5.0 6.0 6.0 8.0 6.0 6.0 5.0 4.0 3.0 1.0 0 2.0 6.0 4.0 5.0 3.0 4.0 5.0 7.0 6.0 6.0 9.0 7.0 7.0 6.0 5.0 6.0 5.0 7.0 7.0 6.0 3.0 7.0 7.0 
7.0 7.0 7.0 6.0 6.0 7.0 6.0 5.0 4.0 5.0 6.0 7.0 6.0 5.0 7.0 7.0 8.0 6.0 6.0 7.0 5.0 4.0 6.0 7.0 7.0 6.0 6.0 5.0 6.0 6.0 5.0 6.0 7.0 5.0 3.0 2.0 4.0 5.0 4.0 6.0 7.0 5.0 3.0 5.0 7.0 7.0 4.0 2.0 4.0 5.0 6.0 7.0 5.0 4.0 3.0 4.0 5.0 6.0 6.0 5.0 6.0 7.0 9.0 7.0 6.0 4.0 3.0 5.0 3.0 2.0 0 4.0 6.0 5.0 5.0 6.0 7.0 7.0 6.0 7.0 8.0 8.0 7.0 8.0 7.0 7.0 7.0 6.0 5.0 6.0 3.0 5.0 8.0 
6.0 5.0 7.0 7.0 7.0 6.0 4.0 3.0 4.0 5.0 6.0 6.0 7.0 7.0 8.0 7.0 8.0 6.0 7.0 8.0 7.0 6.0 5.0 6.0 5.0 4.0 5.0 6.0 7.0 7.0 7.0 8.0 7.0 7.0 5.0 4.0 4.0 5.0 5.0 7.0 6.0 7.0 5.0 7.0 8.0 7.0 6.0 6.0 6.0 5.0 4.0 5.0 6.0 6.0 5.0 4.0 5.0 6.0 4.0 5.0 6.0 6.0 8.0 8.0 8.0 6.0 5.0 7.0 5.0 6.0 4.0 0 2.0 5.0 5.0 6.0 6.0 8.0 6.0 7.0 9.0 7.0 8.0 7.0 7.0 5.0 7.0 5.0 4.0 6.0 6.0 3.0 7.0 
6.0 6.0 6.0 5.0 5.0 4.0 2.0 1.0 2.0 3.0 4.0 6.0 6.0 6.0 6.0 5.0 6.0 4.0 6.0 7.0 7.0 6.0 5.0 5.0 3.0 2.0 3.0 4.0 5.0 5.0 6.0 6.0 5.0 6.0 5.0 5.0 5.0 6.0 4.0 6.0 5.0 5.0 7.0 5.0 7.0 7.0 4.0 6.0 6.0 3.0 2.0 3.0 4.0 4.0 3.0 2.0 3.0 4.0 5.0 3.0 4.0 6.0 8.0 6.0 6.0 5.0 6.0 6.0 5.0 4.0 6.0 2.0 0 3.0 3.0 4.0 4.0 6.0 4.0 5.0 8.0 7.0 6.0 5.0 5.0 6.0 5.0 6.0 5.0 6.0 6.0 5.0 7.0 
5.0 4.0 6.0 5.0 6.0 5.0 3.0 2.0 3.0 4.0 4.0 5.0 4.0 5.0 4.0 4.0 6.0 5.0 4.0 5.0 5.0 4.0 4.0 4.0 4.0 3.0 4.0 4.0 3.0 4.0 5.0 4.0 3.0 4.0 2.0 3.0 5.0 6.0 3.0 4.0 3.0 5.0 6.0 5.0 6.0 5.0 5.0 5.0 4.0 3.0 2.0 3.0 4.0 3.0 2.0 1.0 2.0 3.0 4.0 2.0 2.0 4.0 6.0 6.0 5.0 5.0 5.0 5.0 6.0 5.0 5.0 5.0 3.0 0 3.0 4.0 5.0 6.0 4.0 5.0 6.0 6.0 6.0 6.0 5.0 6.0 5.0 4.0 3.0 5.0 4.0 6.0 6.0 
3.0 4.0 4.0 4.0 4.0 5.0 3.0 2.0 1.0 2.0 3.0 5.0 4.0 5.0 6.0 5.0 5.0 3.0 5.0 5.0 6.0 5.0 3.0 2.0 4.0 3.0 4.0 5.0 4.0 4.0 5.0 5.0 4.0 5.0 5.0 4.0 4.0 5.0 5.0 3.0 4.0 5.0 4.0 2.0 4.0 5.0 3.0 5.0 4.0 4.0 3.0 4.0 4.0 4.0 4.0 3.0 3.0 4.0 4.0 4.0 4.0 4.0 5.0 3.0 3.0 2.0 3.0 5.0 4.0 3.0 5.0 5.0 3.0 3.0 0 1.0 2.0 4.0 5.0 3.0 6.0 4.0 7.0 6.0 6.0 7.0 6.0 6.0 5.0 5.0 5.0 6.0 4.0 
4.0 5.0 5.0 5.0 5.0 4.0 4.0 3.0 2.0 3.0 4.0 6.0 5.0 4.0 5.0 4.0 6.0 4.0 4.0 5.0 5.0 4.0 4.0 3.0 5.0 4.0 5.0 6.0 5.0 5.0 6.0 6.0 5.0 6.0 6.0 5.0 5.0 6.0 4.0 2.0 3.0 4.0 5.0 3.0 5.0 5.0 4.0 6.0 5.0 5.0 4.0 5.0 5.0 5.0 5.0 4.0 3.0 4.0 3.0 3.0 4.0 5.0 6.0 4.0 4.0 3.0 4.0 6.0 5.0 4.0 6.0 6.0 4.0 4.0 1.0 0 3.0 5.0 6.0 4.0 5.0 3.0 6.0 7.0 7.0 6.0 6.0 7.0 6.0 6.0 6.0 7.0 5.0 
5.0 6.0 5.0 4.0 4.0 3.0 4.0 3.0 3.0 4.0 5.0 6.0 5.0 6.0 6.0 7.0 7.0 5.0 6.0 7.0 6.0 5.0 5.0 4.0 5.0 2.0 3.0 4.0 5.0 6.0 5.0 6.0 5.0 3.0 5.0 5.0 5.0 6.0 6.0 5.0 6.0 7.0 6.0 4.0 6.0 5.0 5.0 6.0 5.0 2.0 3.0 4.0 4.0 5.0 5.0 4.0 5.0 6.0 6.0 5.0 6.0 6.0 7.0 5.0 5.0 4.0 5.0 5.0 6.0 5.0 7.0 6.0 4.0 5.0 2.0 3.0 0 2.0 3.0 4.0 7.0 5.0 6.0 5.0 4.0 7.0 5.0 5.0 4.0 6.0 5.0 5.0 6.0 
7.0 8.0 6.0 6.0 6.0 5.0 6.0 5.0 5.0 6.0 5.0 7.0 6.0 5.0 7.0 8.0 9.0 7.0 8.0 9.0 8.0 7.0 7.0 6.0 7.0 4.0 4.0 3.0 4.0 5.0 7.0 7.0 6.0 5.0 7.0 7.0 7.0 8.0 7.0 7.0 7.0 9.0 8.0 6.0 8.0 7.0 7.0 6.0 6.0 4.0 5.0 6.0 6.0 5.0 4.0 5.0 6.0 7.0 8.0 6.0 5.0 7.0 9.0 7.0 5.0 6.0 7.0 6.0 8.0 7.0 7.0 8.0 6.0 6.0 4.0 5.0 2.0 0 5.0 6.0 9.0 7.0 5.0 6.0 6.0 9.0 7.0 7.0 6.0 8.0 5.0 7.0 8.0 
3.0 4.0 2.0 1.0 2.0 3.0 4.0 3.0 4.0 3.0 2.0 4.0 4.0 5.0 5.0 5.0 6.0 4.0 5.0 6.0 5.0 4.0 3.0 3.0 5.0 4.0 5.0 4.0 5.0 4.0 2.0 3.0 4.0 4.0 5.0 4.0 6.0 7.0 6.0 5.0 4.0 6.0 7.0 7.0 5.0 4.0 4.0 6.0 4.0 1.0 2.0 3.0 1.0 2.0 3.0 4.0 5.0 6.0 6.0 4.0 3.0 3.0 5.0 5.0 4.0 4.0 4.0 3.0 5.0 6.0 6.0 6.0 4.0 4.0 5.0 6.0 3.0 5.0 0 3.0 6.0 6.0 6.0 6.0 5.0 6.0 5.0 4.0 3.0 5.0 5.0 6.0 4.0 
4.0 5.0 5.0 4.0 5.0 6.0 5.0 4.0 4.0 5.0 5.0 6.0 5.0 6.0 6.0 6.0 8.0 6.0 6.0 7.0 6.0 5.0 4.0 5.0 6.0 5.0 6.0 6.0 6.0 7.0 5.0 6.0 6.0 5.0 6.0 5.0 7.0 8.0 7.0 6.0 5.0 7.0 7.0 5.0 7.0 7.0 6.0 7.0 5.0 2.0 3.0 4.0 4.0 5.0 6.0 5.0 4.0 5.0 6.0 6.0 6.0 6.0 6.0 4.0 4.0 3.0 4.0 6.0 6.0 6.0 7.0 7.0 5.0 5.0 3.0 4.0 4.0 6.0 3.0 0 3.0 4.0 8.0 7.0 6.0 7.0 6.0 5.0 4.0 6.0 6.0 7.0 5.0 
7.0 7.0 8.0 7.0 8.0 8.0 8.0 7.0 7.0 8.0 7.0 7.0 6.0 5.0 3.0 5.0 7.0 7.0 5.0 6.0 6.0 6.0 7.0 6.0 8.0 7.0 8.0 7.0 6.0 7.0 8.0 8.0 7.0 8.0 7.0 6.0 8.0 6.0 7.0 5.0 4.0 6.0 8.0 8.0 7.0 6.0 8.0 8.0 6.0 5.0 6.0 7.0 7.0 8.0 8.0 7.0 6.0 7.0 7.0 6.0 5.0 7.0 8.0 6.0 6.0 6.0 7.0 8.0 9.0 9.0 8.0 9.0 8.0 6.0 6.0 5.0 7.0 9.0 6.0 3.0 0 3.0 7.0 10.0 9.0 8.0 9.0 6.0 5.0 7.0 7.0 9.0 8.0 
7.0 7.0 6.0 6.0 7.0 6.0 7.0 6.0 5.0 6.0 7.0 7.0 6.0 5.0 6.0 7.0 9.0 7.0 5.0 5.0 6.0 6.0 6.0 4.0 6.0 7.0 8.0 7.0 8.0 7.0 7.0 8.0 8.0 7.0 7.0 6.0 8.0 9.0 5.0 5.0 4.0 6.0 8.0 6.0 5.0 4.0 7.0 8.0 6.0 5.0 6.0 7.0 6.0 7.0 7.0 6.0 5.0 6.0 5.0 5.0 6.0 6.0 8.0 6.0 6.0 6.0 6.0 8.0 8.0 7.0 8.0 7.0 7.0 6.0 4.0 3.0 5.0 7.0 6.0 4.0 3.0 0 5.0 9.0 8.0 6.0 8.0 6.0 5.0 7.0 7.0 8.0 8.0 
6.0 7.0 5.0 6.0 6.0 6.0 6.0 5.0 6.0 5.0 4.0 6.0 5.0 4.0 6.0 7.0 8.0 6.0 6.0 7.0 7.0 8.0 6.0 5.0 6.0 4.0 3.0 2.0 3.0 4.0 7.0 6.0 5.0 7.0 8.0 8.0 8.0 7.0 8.0 6.0 6.0 8.0 9.0 8.0 6.0 5.0 6.0 5.0 5.0 7.0 6.0 7.0 6.0 5.0 5.0 6.0 7.0 8.0 6.0 5.0 4.0 6.0 8.0 6.0 4.0 7.0 7.0 5.0 7.0 7.0 7.0 8.0 6.0 6.0 7.0 6.0 6.0 5.0 6.0 8.0 7.0 5.0 0 5.0 6.0 7.0 7.0 9.0 8.0 8.0 4.0 8.0 7.0 
7.0 8.0 6.0 7.0 7.0 7.0 5.0 4.0 5.0 6.0 5.0 6.0 6.0 5.0 7.0 5.0 7.0 7.0 7.0 8.0 8.0 7.0 5.0 6.0 6.0 3.0 2.0 3.0 4.0 5.0 8.0 7.0 6.0 6.0 8.0 7.0 7.0 7.0 4.0 5.0 6.0 6.0 8.0 8.0 8.0 7.0 6.0 6.0 6.0 5.0 4.0 4.0 6.0 6.0 6.0 5.0 6.0 5.0 7.0 6.0 5.0 7.0 9.0 7.0 5.0 7.0 6.0 6.0 7.0 6.0 8.0 7.0 5.0 6.0 6.0 7.0 5.0 6.0 6.0 7.0 10.0 9.0 5.0 0 1.0 4.0 3.0 7.0 7.0 9.0 5.0 8.0 8.0 
8.0 7.0 7.0 6.0 7.0 6.0 6.0 5.0 6.0 6.0 5.0 5.0 6.0 6.0 8.0 6.0 8.0 7.0 7.0 7.0 8.0 7.0 6.0 6.0 7.0 4.0 3.0 4.0 5.0 6.0 7.0 7.0 6.0 5.0 7.0 6.0 6.0 6.0 3.0 5.0 6.0 5.0 7.0 8.0 7.0 6.0 5.0 7.0 7.0 4.0 3.0 4.0 5.0 6.0 6.0 5.0 5.0 4.0 6.0 6.0 6.0 7.0 9.0 8.0 6.0 6.0 5.0 7.0 6.0 5.0 7.0 7.0 5.0 5.0 6.0 7.0 4.0 6.0 5.0 6.0 9.0 8.0 6.0 1.0 0 3.0 2.0 6.0 6.0 8.0 6.0 7.0 9.0 
9.0 8.0 8.0 7.0 7.0 8.0 8.0 7.0 8.0 7.0 6.0 6.0 7.0 6.0 8.0 7.0 9.0 8.0 7.0 7.0 7.0 6.0 7.0 6.0 8.0 7.0 6.0 7.0 7.0 7.0 6.0 7.0 7.0 7.0 8.0 7.0 7.0 8.0 4.0 6.0 7.0 8.0 8.0 9.0 7.0 6.0 6.0 8.0 8.0 5.0 4.0 5.0 6.0 7.0 7.0 6.0 5.0 5.0 3.0 5.0 6.0 6.0 8.0 9.0 9.0 7.0 6.0 6.0 7.0 6.0 7.0 5.0 6.0 6.0 7.0 6.0 7.0 9.0 6.0 7.0 8.0 6.0 7.0 4.0 3.0 0 3.0 7.0 7.0 7.0 7.0 6.0 10.0 
7.0 7.0 6.0 6.0 7.0 7.0 6.0 5.0 5.0 4.0 3.0 3.0 4.0 5.0 6.0 7.0 7.0 5.0 5.0 6.0 6.0 6.0 7.0 6.0 7.0 6.0 5.0 5.0 6.0 6.0 7.0 7.0 6.0 4.0 6.0 6.0 6.0 6.0 3.0 5.0 6.0 5.0 7.0 7.0 5.0 4.0 3.0 5.0 5.0 4.0 3.0 4.0 5.0 6.0 5.0 4.0 3.0 2.0 5.0 5.0 5.0 7.0 9.0 7.0 7.0 6.0 5.0 6.0 6.0 5.0 7.0 7.0 5.0 5.0 6.0 6.0 5.0 7.0 5.0 6.0 9.0 8.0 7.0 3.0 2.0 3.0 0 4.0 5.0 6.0 6.0 8.0 8.0 
7.0 8.0 6.0 5.0 6.0 7.0 6.0 5.0 6.0 6.0 5.0 3.0 4.0 5.0 7.0 8.0 7.0 5.0 6.0 7.0 5.0 4.0 6.0 7.0 7.0 6.0 7.0 7.0 6.0 7.0 6.0 7.0 7.0 6.0 5.0 4.0 6.0 7.0 6.0 7.0 6.0 7.0 7.0 8.0 7.0 6.0 5.0 6.0 4.0 3.0 4.0 5.0 5.0 6.0 6.0 5.0 5.0 4.0 7.0 6.0 6.0 7.0 9.0 7.0 7.0 6.0 6.0 6.0 7.0 7.0 6.0 5.0 6.0 4.0 6.0 7.0 5.0 7.0 4.0 5.0 6.0 6.0 9.0 7.0 6.0 7.0 4.0 0 1.0 3.0 5.0 7.0 8.0 
6.0 7.0 5.0 4.0 5.0 6.0 5.0 4.0 5.0 5.0 5.0 4.0 3.0 4.0 6.0 7.0 6.0 4.0 5.0 6.0 4.0 3.0 5.0 6.0 6.0 5.0 6.0 6.0 5.0 6.0 5.0 6.0 6.0 5.0 4.0 3.0 5.0 6.0 6.0 6.0 5.0 7.0 6.0 7.0 6.0 6.0 5.0 5.0 3.0 2.0 3.0 4.0 4.0 5.0 5.0 4.0 5.0 5.0 6.0 5.0 5.0 6.0 8.0 6.0 6.0 5.0 5.0 5.0 6.0 7.0 5.0 4.0 5.0 3.0 5.0 6.0 4.0 6.0 3.0 4.0 5.0 5.0 8.0 7.0 6.0 7.0 5.0 1.0 0 2.0 4.0 6.0 7.0 
6.0 7.0 5.0 4.0 4.0 5.0 6.0 5.0 4.0 3.0 4.0 6.0 5.0 6.0 6.0 6.0 4.0 2.0 4.0 5.0 5.0 5.0 4.0 4.0 6.0 6.0 7.0 6.0 5.0 4.0 3.0 4.0 5.0 7.0 6.0 5.0 7.0 7.0 6.0 6.0 5.0 7.0 7.0 7.0 6.0 5.0 4.0 6.0 5.0 4.0 5.0 5.0 4.0 5.0 5.0 4.0 3.0 4.0 5.0 5.0 4.0 4.0 6.0 6.0 6.0 4.0 3.0 3.0 5.0 6.0 6.0 6.0 6.0 5.0 5.0 6.0 6.0 8.0 5.0 6.0 7.0 7.0 8.0 9.0 8.0 7.0 6.0 3.0 2.0 0 6.0 8.0 7.0 
6.0 6.0 5.0 6.0 6.0 7.0 6.0 5.0 5.0 4.0 4.0 4.0 3.0 2.0 4.0 5.0 7.0 5.0 6.0 7.0 6.0 5.0 4.0 5.0 7.0 4.0 3.0 2.0 3.0 4.0 5.0 6.0 5.0 6.0 5.0 4.0 4.0 5.0 5.0 6.0 5.0 7.0 6.0 7.0 7.0 6.0 3.0 1.0 1.0 4.0 4.0 5.0 4.0 3.0 4.0 5.0 5.0 6.0 5.0 5.0 4.0 5.0 7.0 6.0 4.0 5.0 5.0 5.0 4.0 3.0 3.0 6.0 6.0 4.0 5.0 6.0 5.0 5.0 5.0 6.0 7.0 7.0 4.0 5.0 6.0 7.0 6.0 5.0 4.0 6.0 0 4.0 7.0 
3.0 2.0 4.0 5.0 6.0 7.0 7.0 6.0 5.0 6.0 7.0 6.0 5.0 6.0 8.0 8.0 9.0 7.0 6.0 7.0 7.0 6.0 6.0 7.0 8.0 7.0 7.0 6.0 7.0 8.0 6.0 7.0 7.0 6.0 5.0 4.0 4.0 5.0 5.0 6.0 5.0 7.0 6.0 8.0 7.0 6.0 7.0 5.0 3.0 5.0 6.0 7.0 7.0 7.0 6.0 7.0 7.0 8.0 5.0 7.0 7.0 7.0 9.0 7.0 7.0 6.0 6.0 7.0 6.0 7.0 5.0 3.0 5.0 6.0 6.0 7.0 5.0 7.0 6.0 7.0 9.0 8.0 8.0 8.0 7.0 6.0 8.0 7.0 6.0 8.0 4.0 0 4.0 
1.0 2.0 2.0 3.0 4.0 5.0 7.0 6.0 5.0 6.0 6.0 7.0 6.0 7.0 8.0 7.0 9.0 7.0 5.0 6.0 6.0 7.0 5.0 5.0 6.0 7.0 6.0 5.0 6.0 7.0 4.0 5.0 6.0 8.0 8.0 8.0 8.0 9.0 8.0 6.0 5.0 7.0 8.0 6.0 5.0 4.0 7.0 8.0 6.0 5.0 6.0 7.0 5.0 6.0 7.0 6.0 5.0 6.0 7.0 7.0 7.0 6.0 7.0 5.0 5.0 4.0 5.0 5.0 7.0 7.0 8.0 7.0 7.0 6.0 4.0 5.0 6.0 8.0 4.0 5.0 8.0 8.0 7.0 8.0 9.0 10.0 8.0 8.0 7.0 7.0 7.0 4.0 0 
