61
LAMASA03 LAMASA08 LAMASA09 LAMASA10 LAMASA11 LAMASB03 LAMASB08 LAMASB09 LAMASB10 LAMASB11 LAMASC03 LAMASC08 LAMASC09 LAMASC10 LAMASC11 LAMBSA03 LAMBSA08 LAMBSA09 LAMBSA10 LAMBSA11 LAMBSB03 LAMBSB08 LAMBSB09 LAMBSB10 LAMBSB11 LAMBSC03 LAMBSC08 LAMBSC09 LAMBSC10 LAMBSC11 LBMASA03 LBMASA08 LBMASA09 LBMASA10 LBMASA11 LBMASB03 LBMASB08 LBMASB09 LBMASB10 LBMASB11 LBMASC03 LBMASC08 LBMASC09 LBMASC10 LBMASC11 LBMBSA03 LBMBSA08 LBMBSA09 LBMBSA10 LBMBSA11 LBMBSB03 LBMBSB08 LBMBSB09 LBMBSB10 LBMBSB11 LBMBSC03 LBMBSC08 LBMBSC09 LBMBSC10 LBMBSC11 LAMASA01
0 14.0 23.0 24.0 25.0 48.0 58.0 67.0 68.0 69.0 91.0 101.0 110.0 111.0 112.0 135.0 145.0 154.0 155.0 156.0 179.0 189.0 198.0 199.0 200.0 222.0 232.0 241.0 242.0 243.0 266.0 276.0 285.0 286.0 287.0 310.0 320.0 329.0 330.0 331.0 353.0 363.0 372.0 373.0 374.0 397.0 407.0 416.0 417.0 418.0 441.0 451.0 460.0 461.0 462.0 484.0 494.0 503.0 504.0 505.0 22.0 
14.0 0 9.0 10.0 11.0 34.0 44.0 53.0 54.0 55.0 77.0 87.0 96.0 97.0 98.0 121.0 131.0 140.0 141.0 142.0 165.0 175.0 184.0 185.0 186.0 208.0 218.0 227.0 228.0 229.0 252.0 262.0 271.0 272.0 273.0 296.0 306.0 315.0 316.0 317.0 339.0 349.0 358.0 359.0 360.0 383.0 393.0 402.0 403.0 404.0 427.0 437.0 446.0 447.0 448.0 470.0 480.0 489.0 490.0 491.0 32.0 
23.0 9.0 0 1.0 2.0 25.0 35.0 44.0 45.0 46.0 68.0 78.0 87.0 88.0 89.0 112.0 122.0 131.0 132.0 133.0 156.0 166.0 175.0 176.0 177.0 199.0 209.0 218.0 219.0 220.0 243.0 253.0 262.0 263.0 264.0 287.0 297.0 306.0 307.0 308.0 330.0 340.0 349.0 350.0 351.0 374.0 384.0 393.0 394.0 395.0 418.0 428.0 437.0 438.0 439.0 461.0 471.0 480.0 481.0 482.0 41.0 
24.0 10.0 1.0 0 1.0 24.0 34.0 43.0 44.0 45.0 67.0 77.0 86.0 87.0 88.0 111.0 121.0 130.0 131.0 132.0 155.0 165.0 174.0 175.0 176.0 198.0 208.0 217.0 218.0 219.0 242.0 252.0 261.0 262.0 263.0 286.0 296.0 305.0 306.0 307.0 329.0 339.0 348.0 349.0 350.0 373.0 383.0 392.0 393.0 394.0 417.0 427.0 436.0 437.0 438.0 460.0 470.0 479.0 480.0 481.0 42.0 
25.0 11.0 2.0 1.0 0 23.0 33.0 42.0 43.0 44.0 66.0 76.0 85.0 86.0 87.0 110.0 120.0 129.0 130.0 131.0 154.0 164.0 173.0 174.0 175.0 197.0 207.0 216.0 217.0 218.0 241.0 251.0 260.0 261.0 262.0 285.0 295.0 304.0 305.0 306.0 328.0 338.0 347.0 348.0 349.0 372.0 382.0 391.0 392.0 393.0 416.0 426.0 435.0 436.0 437.0 459.0 469.0 478.0 479.0 480.0 43.0 
48.0 34.0 25.0 24.0 23.0 0 14.0 23.0 24.0 25.0 47.0 57.0 66.0 67.0 68.0 91.0 101.0 110.0 111.0 112.0 135.0 145.0 154.0 155.0 156.0 178.0 188.0 197.0 198.0 199.0 222.0 232.0 241.0 242.0 243.0 266.0 276.0 285.0 286.0 287.0 309.0 319.0 328.0 329.0 330.0 353.0 363.0 372.0 373.0 374.0 397.0 407.0 416.0 417.0 418.0 440.0 450.0 459.0 460.0 461.0 66.0 
58.0 44.0 35.0 34.0 33.0 14.0 0 9.0 10.0 11.0 33.0 43.0 52.0 53.0 54.0 77.0 87.0 96.0 97.0 98.0 121.0 131.0 140.0 141.0 142.0 164.0 174.0 183.0 184.0 185.0 208.0 218.0 227.0 228.0 229.0 252.0 262.0 271.0 272.0 273.0 295.0 305.0 314.0 315.0 316.0 339.0 349.0 358.0 359.0 360.0 383.0 393.0 402.0 403.0 404.0 426.0 436.0 445.0 446.0 447.0 76.0 
67.0 53.0 44.0 43.0 42.0 23.0 9.0 0 1.0 2.0 24.0 34.0 43.0 44.0 45.0 68.0 78.0 87.0 88.0 89.0 112.0 122.0 131.0 132.0 133.0 155.0 165.0 174.0 175.0 176.0 199.0 209.0 218.0 219.0 220.0 243.0 253.0 262.0 263.0 264.0 286.0 296.0 305.0 306.0 307.0 330.0 340.0 349.0 350.0 351.0 374.0 384.0 393.0 394.0 395.0 417.0 427.0 436.0 437.0 438.0 85.0 
68.0 54.0 45.0 44.0 43.0 24.0 10.0 1.0 0 1.0 23.0 33.0 42.0 43.0 44.0 67.0 77.0 86.0 87.0 88.0 111.0 121.0 130.0 131.0 132.0 154.0 164.0 173.0 174.0 175.0 198.0 208.0 217.0 218.0 219.0 242.0 252.0 261.0 262.0 263.0 285.0 295.0 304.0 305.0 306.0 329.0 339.0 348.0 349.0 350.0 373.0 383.0 392.0 393.0 394.0 416.0 426.0 435.0 436.0 437.0 86.0 
69.0 55.0 46.0 45.0 44.0 25.0 11.0 2.0 1.0 0 22.0 32.0 41.0 42.0 43.0 66.0 76.0 85.0 86.0 87.0 110.0 120.0 129.0 130.0 131.0 153.0 163.0 172.0 173.0 174.0 197.0 207.0 216.0 217.0 218.0 241.0 251.0 260.0 261.0 262.0 284.0 294.0 303.0 304.0 305.0 328.0 338.0 347.0 348.0 349.0 372.0 382.0 391.0 392.0 393.0 415.0 425.0 434.0 435.0 436.0 87.0 
91.0 77.0 68.0 67.0 66.0 47.0 33.0 24.0 23.0 22.0 0 14.0 23.0 24.0 25.0 48.0 58.0 67.0 68.0 69.0 92.0 102.0 111.0 112.0 113.0 135.0 145.0 154.0 155.0 156.0 179.0 189.0 198.0 199.0 200.0 223.0 233.0 242.0 243.0 244.0 266.0 276.0 285.0 286.0 287.0 310.0 320.0 329.0 330.0 331.0 354.0 364.0 373.0 374.0 375.0 397.0 407.0 416.0 417.0 418.0 109.0 
101.0 87.0 78.0 77.0 76.0 57.0 43.0 34.0 33.0 32.0 14.0 0 9.0 10.0 11.0 34.0 44.0 53.0 54.0 55.0 78.0 88.0 97.0 98.0 99.0 121.0 131.0 140.0 141.0 142.0 165.0 175.0 184.0 185.0 186.0 209.0 219.0 228.0 229.0 230.0 252.0 262.0 271.0 272.0 273.0 296.0 306.0 315.0 316.0 317.0 340.0 350.0 359.0 360.0 361.0 383.0 393.0 402.0 403.0 404.0 119.0 
110.0 96.0 87.0 86.0 85.0 66.0 52.0 43.0 42.0 41.0 23.0 9.0 0 1.0 2.0 25.0 35.0 44.0 45.0 46.0 69.0 79.0 88.0 89.0 90.0 112.0 122.0 131.0 132.0 133.0 156.0 166.0 175.0 176.0 177.0 200.0 210.0 219.0 220.0 221.0 243.0 253.0 262.0 263.0 264.0 287.0 297.0 306.0 307.0 308.0 331.0 341.0 350.0 351.0 352.0 374.0 384.0 393.0 394.0 395.0 128.0 
111.0 97.0 88.0 87.0 86.0 67.0 53.0 44.0 43.0 42.0 24.0 10.0 1.0 0 1.0 24.0 34.0 43.0 44.0 45.0 68.0 78.0 87.0 88.0 89.0 111.0 121.0 130.0 131.0 132.0 155.0 165.0 174.0 175.0 176.0 199.0 209.0 218.0 219.0 220.0 242.0 252.0 261.0 262.0 263.0 286.0 296.0 305.0 306.0 307.0 330.0 340.0 349.0 350.0 351.0 373.0 383.0 392.0 393.0 394.0 129.0 
112.0 98.0 89.0 88.0 87.0 68.0 54.0 45.0 44.0 43.0 25.0 11.0 2.0 1.0 0 23.0 33.0 42.0 43.0 44.0 67.0 77.0 86.0 87.0 88.0 110.0 120.0 129.0 130.0 131.0 154.0 164.0 173.0 174.0 175.0 198.0 208.0 217.0 218.0 219.0 241.0 251.0 260.0 261.0 262.0 285.0 295.0 304.0 305.0 306.0 329.0 339.0 348.0 349.0 350.0 372.0 382.0 391.0 392.0 393.0 130.0 
135.0 121.0 112.0 111.0 110.0 91.0 77.0 68.0 67.0 66.0 48.0 34.0 25.0 24.0 23.0 0 14.0 23.0 24.0 25.0 48.0 58.0 67.0 68.0 69.0 91.0 101.0 110.0 111.0 112.0 135.0 145.0 154.0 155.0 156.0 179.0 189.0 198.0 199.0 200.0 222.0 232.0 241.0 242.0 243.0 266.0 276.0 285.0 286.0 287.0 310.0 320.0 329.0 330.0 331.0 353.0 363.0 372.0 373.0 374.0 153.0 
145.0 131.0 122.0 121.0 120.0 101.0 87.0 78.0 77.0 76.0 58.0 44.0 35.0 34.0 33.0 14.0 0 9.0 10.0 11.0 34.0 44.0 53.0 54.0 55.0 77.0 87.0 96.0 97.0 98.0 121.0 131.0 140.0 141.0 142.0 165.0 175.0 184.0 185.0 186.0 208.0 218.0 227.0 228.0 229.0 252.0 262.0 271.0 272.0 273.0 296.0 306.0 315.0 316.0 317.0 339.0 349.0 358.0 359.0 360.0 163.0 
154.0 140.0 131.0 130.0 129.0 110.0 96.0 87.0 86.0 85.0 67.0 53.0 44.0 43.0 42.0 23.0 9.0 0 1.0 2.0 25.0 35.0 44.0 45.0 46.0 68.0 78.0 87.0 88.0 89.0 112.0 122.0 131.0 132.0 133.0 156.0 166.0 175.0 176.0 177.0 199.0 209.0 218.0 219.0 220.0 243.0 253.0 262.0 263.0 264.0 287.0 297.0 306.0 307.0 308.0 330.0 340.0 349.0 350.0 351.0 172.0 
155.0 141.0 132.0 131.0 130.0 111.0 97.0 88.0 87.0 86.0 68.0 54.0 45.0 44.0 43.0 24.0 10.0 1.0 0 1.0 24.0 34.0 43.0 44.0 45.0 67.0 77.0 86.0 87.0 88.0 111.0 121.0 130.0 131.0 132.0 155.0 165.0 174.0 175.0 176.0 198.0 208.0 217.0 218.0 219.0 242.0 252.0 261.0 262.0 263.0 286.0 296.0 305.0 306.0 307.0 329.0 339.0 348.0 349.0 350.0 173.0 
156.0 142.0 133.0 132.0 131.0 112.0 98.0 89.0 88.0 87.0 69.0 55.0 46.0 45.0 44.0 25.0 11.0 2.0 1.0 0 23.0 33.0 42.0 43.0 44.0 66.0 76.0 85.0 86.0 87.0 110.0 120.0 129.0 130.0 131.0 154.0 164.0 173.0 174.0 175.0 197.0 207.0 216.0 217.0 218.0 241.0 251.0 260.0 261.0 262.0 285.0 295.0 304.0 305.0 306.0 328.0 338.0 347.0 348.0 349.0 174.0 
179.0 165.0 156.0 155.0 154.0 135.0 121.0 112.0 111.0 110.0 92.0 78.0 69.0 68.0 67.0 48.0 34.0 25.0 24.0 23.0 0 14.0 23.0 24.0 25.0 47.0 57.0 66.0 67.0 68.0 91.0 101.0 110.0 111.0 112.0 135.0 145.0 154.0 155.0 156.0 178.0 188.0 197.0 198.0 199.0 222.0 232.0 241.0 242.0 243.0 266.0 276.0 285.0 286.0 287.0 309.0 319.0 328.0 329.0 330.0 197.0 
189.0 175.0 166.0 165.0 164.0 145.0 131.0 122.0 121.0 120.0 102.0 88.0 79.0 78.0 77.0 58.0 44.0 35.0 34.0 33.0 14.0 0 9.0 10.0 11.0 33.0 43.0 52.0 53.0 54.0 77.0 87.0 96.0 97.0 98.0 121.0 131.0 140.0 141.0 142.0 164.0 174.0 183.0 184.0 185.0 208.0 218.0 227.0 228.0 229.0 252.0 262.0 271.0 272.0 273.0 295.0 305.0 314.0 315.0 316.0 207.0 
198.0 184.0 175.0 174.0 173.0 154.0 140.0 131.0 130.0 129.0 111.0 97.0 88.0 87.0 86.0 67.0 53.0 44.0 43.0 42.0 23.0 9.0 0 1.0 2.0 24.0 34.0 43.0 44.0 45.0 68.0 78.0 87.0 88.0 89.0 112.0 122.0 131.0 132.0 133.0 155.0 165.0 174.0 175.0 176.0 199.0 209.0 218.0 219.0 220.0 243.0 253.0 262.0 263.0 264.0 286.0 296.0 305.0 306.0 307.0 216.0 
199.0 185.0 176.0 175.0 174.0 155.0 141.0 132.0 131.0 130.0 112.0 98.0 89.0 88.0 87.0 68.0 54.0 45.0 44.0 43.0 24.0 10.0 1.0 0 1.0 23.0 33.0 42.0 43.0 44.0 67.0 77.0 86.0 87.0 88.0 111.0 121.0 130.0 131.0 132.0 154.0 164.0 173.0 174.0 175.0 198.0 208.0 217.0 218.0 219.0 242.0 252.0 261.0 262.0 263.0 285.0 295.0 304.0 305.0 306.0 217.0 
200.0 186.0 177.0 176.0 175.0 156.0 142.0 133.0 132.0 131.0 113.0 99.0 90.0 89.0 88.0 69.0 55.0 46.0 45.0 44.0 25.0 11.0 2.0 1.0 0 22.0 32.0 41.0 42.0 43.0 66.0 76.0 85.0 86.0 87.0 110.0 120.0 129.0 130.0 131.0 153.0 163.0 172.0 173.0 174.0 197.0 207.0 216.0 217.0 218.0 241.0 251.0 260.0 261.0 262.0 284.0 294.0 303.0 304.0 305.0 218.0 
222.0 208.0 199.0 198.0 197.0 178.0 164.0 155.0 154.0 153.0 135.0 121.0 112.0 111.0 110.0 91.0 77.0 68.0 67.0 66.0 47.0 33.0 24.0 23.0 22.0 0 14.0 23.0 24.0 25.0 48.0 58.0 67.0 68.0 69.0 92.0 102.0 111.0 112.0 113.0 135.0 145.0 154.0 155.0 156.0 179.0 189.0 198.0 199.0 200.0 223.0 233.0 242.0 243.0 244.0 266.0 276.0 285.0 286.0 287.0 240.0 
232.0 218.0 209.0 208.0 207.0 188.0 174.0 165.0 164.0 163.0 145.0 131.0 122.0 121.0 120.0 101.0 87.0 78.0 77.0 76.0 57.0 43.0 34.0 33.0 32.0 14.0 0 9.0 10.0 11.0 34.0 44.0 53.0 54.0 55.0 78.0 88.0 97.0 98.0 99.0 121.0 131.0 140.0 141.0 142.0 165.0 175.0 184.0 185.0 186.0 209.0 219.0 228.0 229.0 230.0 252.0 262.0 271.0 272.0 273.0 250.0 
241.0 227.0 218.0 217.0 216.0 197.0 183.0 174.0 173.0 172.0 154.0 140.0 131.0 130.0 129.0 110.0 96.0 87.0 86.0 85.0 66.0 52.0 43.0 42.0 41.0 23.0 9.0 0 1.0 2.0 25.0 35.0 44.0 45.0 46.0 69.0 79.0 88.0 89.0 90.0 112.0 122.0 131.0 132.0 133.0 156.0 166.0 175.0 176.0 177.0 200.0 210.0 219.0 220.0 221.0 243.0 253.0 262.0 263.0 264.0 259.0 
242.0 228.0 219.0 218.0 217.0 198.0 184.0 175.0 174.0 173.0 155.0 141.0 132.0 131.0 130.0 111.0 97.0 88.0 87.0 86.0 67.0 53.0 44.0 43.0 42.0 24.0 10.0 1.0 0 1.0 24.0 34.0 43.0 44.0 45.0 68.0 78.0 87.0 88.0 89.0 111.0 121.0 130.0 131.0 132.0 155.0 165.0 174.0 175.0 176.0 199.0 209.0 218.0 219.0 220.0 242.0 252.0 261.0 262.0 263.0 260.0 
243.0 229.0 220.0 219.0 218.0 199.0 185.0 176.0 175.0 174.0 156.0 142.0 133.0 132.0 131.0 112.0 98.0 89.0 88.0 87.0 68.0 54.0 45.0 44.0 43.0 25.0 11.0 2.0 1.0 0 23.0 33.0 42.0 43.0 44.0 67.0 77.0 86.0 87.0 88.0 110.0 120.0 129.0 130.0 131.0 154.0 164.0 173.0 174.0 175.0 198.0 208.0 217.0 218.0 219.0 241.0 251.0 260.0 261.0 262.0 261.0 
266.0 252.0 243.0 242.0 241.0 222.0 208.0 199.0 198.0 197.0 179.0 165.0 156.0 155.0 154.0 135.0 121.0 112.0 111.0 110.0 91.0 77.0 68.0 67.0 66.0 48.0 34.0 25.0 24.0 23.0 0 14.0 23.0 24.0 25.0 48.0 58.0 67.0 68.0 69.0 91.0 101.0 110.0 111.0 112.0 135.0 145.0 154.0 155.0 156.0 179.0 189.0 198.0 199.0 200.0 222.0 232.0 241.0 242.0 243.0 284.0 
276.0 262.0 253.0 252.0 251.0 232.0 218.0 209.0 208.0 207.0 189.0 175.0 166.0 165.0 164.0 145.0 131.0 122.0 121.0 120.0 101.0 87.0 78.0 77.0 76.0 58.0 44.0 35.0 34.0 33.0 14.0 0 9.0 10.0 11.0 34.0 44.0 53.0 54.0 55.0 77.0 87.0 96.0 97.0 98.0 121.0 131.0 140.0 141.0 142.0 165.0 175.0 184.0 185.0 186.0 208.0 218.0 227.0 228.0 229.0 294.0 
285.0 271.0 262.0 261.0 260.0 241.0 227.0 218.0 217.0 216.0 198.0 184.0 175.0 174.0 173.0 154.0 140.0 131.0 130.0 129.0 110.0 96.0 87.0 86.0 85.0 67.0 53.0 44.0 43.0 42.0 23.0 9.0 0 1.0 2.0 25.0 35.0 44.0 45.0 46.0 68.0 78.0 87.0 88.0 89.0 112.0 122.0 131.0 132.0 133.0 156.0 166.0 175.0 176.0 177.0 199.0 209.0 218.0 219.0 220.0 303.0 
286.0 272.0 263.0 262.0 261.0 242.0 228.0 219.0 218.0 217.0 199.0 185.0 176.0 175.0 174.0 155.0 141.0 132.0 131.0 130.0 111.0 97.0 88.0 87.0 86.0 68.0 54.0 45.0 44.0 43.0 24.0 10.0 1.0 0 1.0 24.0 34.0 43.0 44.0 45.0 67.0 77.0 86.0 87.0 88.0 111.0 121.0 130.0 131.0 132.0 155.0 165.0 174.0 175.0 176.0 198.0 208.0 217.0 218.0 219.0 304.0 
287.0 273.0 264.0 263.0 262.0 243.0 229.0 220.0 219.0 218.0 200.0 186.0 177.0 176.0 175.0 156.0 142.0 133.0 132.0 131.0 112.0 98.0 89.0 88.0 87.0 69.0 55.0 46.0 45.0 44.0 25.0 11.0 2.0 1.0 0 23.0 33.0 42.0 43.0 44.0 66.0 76.0 85.0 86.0 87.0 110.0 120.0 129.0 130.0 131.0 154.0 164.0 173.0 174.0 175.0 197.0 207.0 216.0 217.0 218.0 305.0 
310.0 296.0 287.0 286.0 285.0 266.0 252.0 243.0 242.0 241.0 223.0 209.0 200.0 199.0 198.0 179.0 165.0 156.0 155.0 154.0 135.0 121.0 112.0 111.0 110.0 92.0 78.0 69.0 68.0 67.0 48.0 34.0 25.0 24.0 23.0 0 14.0 23.0 24.0 25.0 47.0 57.0 66.0 67.0 68.0 91.0 101.0 110.0 111.0 112.0 135.0 145.0 154.0 155.0 156.0 178.0 188.0 197.0 198.0 199.0 328.0 
320.0 306.0 297.0 296.0 295.0 276.0 262.0 253.0 252.0 251.0 233.0 219.0 210.0 209.0 208.0 189.0 175.0 166.0 165.0 164.0 145.0 131.0 122.0 121.0 120.0 102.0 88.0 79.0 78.0 77.0 58.0 44.0 35.0 34.0 33.0 14.0 0 9.0 10.0 11.0 33.0 43.0 52.0 53.0 54.0 77.0 87.0 96.0 97.0 98.0 121.0 131.0 140.0 141.0 142.0 164.0 174.0 183.0 184.0 185.0 338.0 
329.0 315.0 306.0 305.0 304.0 285.0 271.0 262.0 261.0 260.0 242.0 228.0 219.0 218.0 217.0 198.0 184.0 175.0 174.0 173.0 154.0 140.0 131.0 130.0 129.0 111.0 97.0 88.0 87.0 86.0 67.0 53.0 44.0 43.0 42.0 23.0 9.0 0 1.0 2.0 24.0 34.0 43.0 44.0 45.0 68.0 78.0 87.0 88.0 89.0 112.0 122.0 131.0 132.0 133.0 155.0 165.0 174.0 175.0 176.0 347.0 
330.0 316.0 307.0 306.0 305.0 286.0 272.0 263.0 262.0 261.0 243.0 229.0 220.0 219.0 218.0 199.0 185.0 176.0 175.0 174.0 155.0 141.0 132.0 131.0 130.0 112.0 98.0 89.0 88.0 87.0 68.0 54.0 45.0 44.0 43.0 24.0 10.0 1.0 0 1.0 23.0 33.0 42.0 43.0 44.0 67.0 77.0 86.0 87.0 88.0 111.0 121.0 130.0 131.0 132.0 154.0 164.0 173.0 174.0 175.0 348.0 
331.0 317.0 308.0 307.0 306.0 287.0 273.0 264.0 263.0 262.0 244.0 230.0 221.0 220.0 219.0 200.0 186.0 177.0 176.0 175.0 156.0 142.0 133.0 132.0 131.0 113.0 99.0 90.0 89.0 88.0 69.0 55.0 46.0 45.0 44.0 25.0 11.0 2.0 1.0 0 22.0 32.0 41.0 42.0 43.0 66.0 76.0 85.0 86.0 87.0 110.0 120.0 129.0 130.0 131.0 153.0 163.0 172.0 173.0 174.0 349.0 
353.0 339.0 330.0 329.0 328.0 309.0 295.0 286.0 285.0 284.0 266.0 252.0 243.0 242.0 241.0 222.0 208.0 199.0 198.0 197.0 178.0 164.0 155.0 154.0 153.0 135.0 121.0 112.0 111.0 110.0 91.0 77.0 68.0 67.0 66.0 47.0 33.0 24.0 23.0 22.0 0 14.0 23.0 24.0 25.0 48.0 58.0 67.0 68.0 69.0 92.0 102.0 111.0 112.0 113.0 135.0 145.0 154.0 155.0 156.0 371.0 
363.0 349.0 340.0 339.0 338.0 319.0 305.0 296.0 295.0 294.0 276.0 262.0 253.0 252.0 251.0 232.0 218.0 209.0 208.0 207.0 188.0 174.0 165.0 164.0 163.0 145.0 131.0 122.0 121.0 120.0 101.0 87.0 78.0 77.0 76.0 57.0 43.0 34.0 33.0 32.0 14.0 0 9.0 10.0 11.0 34.0 44.0 53.0 54.0 55.0 78.0 88.0 97.0 98.0 99.0 121.0 131.0 140.0 141.0 142.0 381.0 
372.0 358.0 349.0 348.0 347.0 328.0 314.0 305.0 304.0 303.0 285.0 271.0 262.0 261.0 260.0 241.0 227.0 218.0 217.0 216.0 197.0 183.0 174.0 173.0 172.0 154.0 140.0 131.0 130.0 129.0 110.0 96.0 87.0 86.0 85.0 66.0 52.0 43.0 42.0 41.0 23.0 9.0 0 1.0 2.0 25.0 35.0 44.0 45.0 46.0 69.0 79.0 88.0 89.0 90.0 112.0 122.0 131.0 132.0 133.0 390.0 
373.0 359.0 350.0 349.0 348.0 329.0 315.0 306.0 305.0 304.0 286.0 272.0 263.0 262.0 261.0 242.0 228.0 219.0 218.0 217.0 198.0 184.0 175.0 174.0 173.0 155.0 141.0 132.0 131.0 130.0 111.0 97.0 88.0 87.0 86.0 67.0 53.0 44.0 43.0 42.0 24.0 10.0 1.0 0 1.0 24.0 34.0 43.0 44.0 45.0 68.0 78.0 87.0 88.0 89.0 111.0 121.0 130.0 131.0 132.0 391.0 
374.0 360.0 351.0 350.0 349.0 330.0 316.0 307.0 306.0 305.0 287.0 273.0 264.0 263.0 262.0 243.0 229.0 220.0 219.0 218.0 199.0 185.0 176.0 175.0 174.0 156.0 142.0 133.0 132.0 131.0 112.0 98.0 89.0 88.0 87.0 68.0 54.0 45.0 44.0 43.0 25.0 11.0 2.0 1.0 0 23.0 33.0 42.0 43.0 44.0 67.0 77.0 86.0 87.0 88.0 110.0 120.0 129.0 130.0 131.0 392.0 
397.0 383.0 374.0 373.0 372.0 353.0 339.0 330.0 329.0 328.0 310.0 296.0 287.0 286.0 285.0 266.0 252.0 243.0 242.0 241.0 222.0 208.0 199.0 198.0 197.0 179.0 165.0 156.0 155.0 154.0 135.0 121.0 112.0 111.0 110.0 91.0 77.0 68.0 67.0 66.0 48.0 34.0 25.0 24.0 23.0 0 14.0 23.0 24.0 25.0 48.0 58.0 67.0 68.0 69.0 91.0 101.0 110.0 111.0 112.0 415.0 
407.0 393.0 384.0 383.0 382.0 363.0 349.0 340.0 339.0 338.0 320.0 306.0 297.0 296.0 295.0 276.0 262.0 253.0 252.0 251.0 232.0 218.0 209.0 208.0 207.0 189.0 175.0 166.0 165.0 164.0 145.0 131.0 122.0 121.0 120.0 101.0 87.0 78.0 77.0 76.0 58.0 44.0 35.0 34.0 33.0 14.0 0 9.0 10.0 11.0 34.0 44.0 53.0 54.0 55.0 77.0 87.0 96.0 97.0 98.0 425.0 
416.0 402.0 393.0 392.0 391.0 372.0 358.0 349.0 348.0 347.0 329.0 315.0 306.0 305.0 304.0 285.0 271.0 262.0 261.0 260.0 241.0 227.0 218.0 217.0 216.0 198.0 184.0 175.0 174.0 173.0 154.0 140.0 131.0 130.0 129.0 110.0 96.0 87.0 86.0 85.0 67.0 53.0 44.0 43.0 42.0 23.0 9.0 0 1.0 2.0 25.0 35.0 44.0 45.0 46.0 68.0 78.0 87.0 88.0 89.0 434.0 
417.0 403.0 394.0 393.0 392.0 373.0 359.0 350.0 349.0 348.0 330.0 316.0 307.0 306.0 305.0 286.0 272.0 263.0 262.0 261.0 242.0 228.0 219.0 218.0 217.0 199.0 185.0 176.0 175.0 174.0 155.0 141.0 132.0 131.0 130.0 111.0 97.0 88.0 87.0 86.0 68.0 54.0 45.0 44.0 43.0 24.0 10.0 1.0 0 1.0 24.0 34.0 43.0 44.0 45.0 67.0 77.0 86.0 87.0 88.0 435.0 
418.0 404.0 395.0 394.0 393.0 374.0 360.0 351.0 350.0 349.0 331.0 317.0 308.0 307.0 306.0 287.0 273.0 264.0 263.0 262.0 243.0 229.0 220.0 219.0 218.0 200.0 186.0 177.0 176.0 175.0 156.0 142.0 133.0 132.0 131.0 112.0 98.0 89.0 88.0 87.0 69.0 55.0 46.0 45.0 44.0 25.0 11.0 2.0 1.0 0 23.0 33.0 42.0 43.0 44.0 66.0 76.0 85.0 86.0 87.0 436.0 
441.0 427.0 418.0 417.0 416.0 397.0 383.0 374.0 373.0 372.0 354.0 340.0 331.0 330.0 329.0 310.0 296.0 287.0 286.0 285.0 266.0 252.0 243.0 242.0 241.0 223.0 209.0 200.0 199.0 198.0 179.0 165.0 156.0 155.0 154.0 135.0 121.0 112.0 111.0 110.0 92.0 78.0 69.0 68.0 67.0 48.0 34.0 25.0 24.0 23.0 0 14.0 23.0 24.0 25.0 47.0 57.0 66.0 67.0 68.0 459.0 
451.0 437.0 428.0 427.0 426.0 407.0 393.0 384.0 383.0 382.0 364.0 350.0 341.0 340.0 339.0 320.0 306.0 297.0 296.0 295.0 276.0 262.0 253.0 252.0 251.0 233.0 219.0 210.0 209.0 208.0 189.0 175.0 166.0 165.0 164.0 145.0 131.0 122.0 121.0 120.0 102.0 88.0 79.0 78.0 77.0 58.0 44.0 35.0 34.0 33.0 14.0 0 9.0 10.0 11.0 33.0 43.0 52.0 53.0 54.0 469.0 
460.0 446.0 437.0 436.0 435.0 416.0 402.0 393.0 392.0 391.0 373.0 359.0 350.0 349.0 348.0 329.0 315.0 306.0 305.0 304.0 285.0 271.0 262.0 261.0 260.0 242.0 228.0 219.0 218.0 217.0 198.0 184.0 175.0 174.0 173.0 154.0 140.0 131.0 130.0 129.0 111.0 97.0 88.0 87.0 86.0 67.0 53.0 44.0 43.0 42.0 23.0 9.0 0 1.0 2.0 24.0 34.0 43.0 44.0 45.0 478.0 
461.0 447.0 438.0 437.0 436.0 417.0 403.0 394.0 393.0 392.0 374.0 360.0 351.0 350.0 349.0 330.0 316.0 307.0 306.0 305.0 286.0 272.0 263.0 262.0 261.0 243.0 229.0 220.0 219.0 218.0 199.0 185.0 176.0 175.0 174.0 155.0 141.0 132.0 131.0 130.0 112.0 98.0 89.0 88.0 87.0 68.0 54.0 45.0 44.0 43.0 24.0 10.0 1.0 0 1.0 23.0 33.0 42.0 43.0 44.0 479.0 
462.0 448.0 439.0 438.0 437.0 418.0 404.0 395.0 394.0 393.0 375.0 361.0 352.0 351.0 350.0 331.0 317.0 308.0 307.0 306.0 287.0 273.0 264.0 263.0 262.0 244.0 230.0 221.0 220.0 219.0 200.0 186.0 177.0 176.0 175.0 156.0 142.0 133.0 132.0 131.0 113.0 99.0 90.0 89.0 88.0 69.0 55.0 46.0 45.0 44.0 25.0 11.0 2.0 1.0 0 22.0 32.0 41.0 42.0 43.0 480.0 
484.0 470.0 461.0 460.0 459.0 440.0 426.0 417.0 416.0 415.0 397.0 383.0 374.0 373.0 372.0 353.0 339.0 330.0 329.0 328.0 309.0 295.0 286.0 285.0 284.0 266.0 252.0 243.0 242.0 241.0 222.0 208.0 199.0 198.0 197.0 178.0 164.0 155.0 154.0 153.0 135.0 121.0 112.0 111.0 110.0 91.0 77.0 68.0 67.0 66.0 47.0 33.0 24.0 23.0 22.0 0 14.0 23.0 24.0 25.0 502.0 
494.0 480.0 471.0 470.0 469.0 450.0 436.0 427.0 426.0 425.0 407.0 393.0 384.0 383.0 382.0 363.0 349.0 340.0 339.0 338.0 319.0 305.0 296.0 295.0 294.0 276.0 262.0 253.0 252.0 251.0 232.0 218.0 209.0 208.0 207.0 188.0 174.0 165.0 164.0 163.0 145.0 131.0 122.0 121.0 120.0 101.0 87.0 78.0 77.0 76.0 57.0 43.0 34.0 33.0 32.0 14.0 0 9.0 10.0 11.0 512.0 
503.0 489.0 480.0 479.0 478.0 459.0 445.0 436.0 435.0 434.0 416.0 402.0 393.0 392.0 391.0 372.0 358.0 349.0 348.0 347.0 328.0 314.0 305.0 304.0 303.0 285.0 271.0 262.0 261.0 260.0 241.0 227.0 218.0 217.0 216.0 197.0 183.0 174.0 173.0 172.0 154.0 140.0 131.0 130.0 129.0 110.0 96.0 87.0 86.0 85.0 66.0 52.0 43.0 42.0 41.0 23.0 9.0 0 1.0 2.0 521.0 
504.0 490.0 481.0 480.0 479.0 460.0 446.0 437.0 436.0 435.0 417.0 403.0 394.0 393.0 392.0 373.0 359.0 350.0 349.0 348.0 329.0 315.0 306.0 305.0 304.0 286.0 272.0 263.0 262.0 261.0 242.0 228.0 219.0 218.0 217.0 198.0 184.0 175.0 174.0 173.0 155.0 141.0 132.0 131.0 130.0 111.0 97.0 88.0 87.0 86.0 67.0 53.0 44.0 43.0 42.0 24.0 10.0 1.0 0 1.0 522.0 
505.0 491.0 482.0 481.0 480.0 461.0 447.0 438.0 437.0 436.0 418.0 404.0 395.0 394.0 393.0 374.0 360.0 351.0 350.0 349.0 330.0 316.0 307.0 306.0 305.0 287.0 273.0 264.0 263.0 262.0 243.0 229.0 220.0 219.0 218.0 199.0 185.0 176.0 175.0 174.0 156.0 142.0 133.0 132.0 131.0 112.0 98.0 89.0 88.0 87.0 68.0 54.0 45.0 44.0 43.0 25.0 11.0 2.0 1.0 0 523.0 
22.0 32.0 41.0 42.0 43.0 66.0 76.0 85.0 86.0 87.0 109.0 119.0 128.0 129.0 130.0 153.0 163.0 172.0 173.0 174.0 197.0 207.0 216.0 217.0 218.0 240.0 250.0 259.0 260.0 261.0 284.0 294.0 303.0 304.0 305.0 328.0 338.0 347.0 348.0 349.0 371.0 381.0 390.0 391.0 392.0 415.0 425.0 434.0 435.0 436.0 459.0 469.0 478.0 479.0 480.0 502.0 512.0 521.0 522.0 523.0 0 
