12
MmyIjL9eCtx6gWz3wVZ 1jBi0PTJvZ64NCk3reI tzCcW8fgerZ7MPsKRYo Dcx9AuBZiOREsF8tCf7 r7eGb1yPwH4mTBqxSYE IlPsROCJnVuvY9ztkBg tHlZLpFmMs2C4Ke5Iva B1yRejAKLtzmXFhdW7a 0pR2dNDmQ8oq4YaV3eH ovScIEk3it5uYA4m0V1 jrkGdcRHTXnEtFM4byq 6hCusiQT0Dw1LIp2c8t
0 1.42697 2.94207 4.278560000000001 5.730370000000001 7.06636 8.5456 9.88751 11.352120000000001 12.755370000000001 14.22112 1.37117 
1.42697 0 1.5151 2.85159 4.3034 5.63939 7.11863 8.46054 9.92515 11.3284 12.79415 2.79814 
2.94207 1.5151 0 1.33649 2.7883 4.12429 5.60353 6.94544 8.41005 9.8133 11.27905 4.31324 
4.27856 2.85159 1.33649 0 1.45181 2.7878 4.26704 5.60895 7.0735600000000005 8.47681 9.94256 5.64973 
5.73037 4.3034 2.7883 1.45181 0 1.33599 2.81523 4.15714 5.6217500000000005 7.025 8.49075 7.10154 
7.06636 5.639390000000001 4.12429 2.7878 1.33599 0 1.47924 2.8211500000000003 4.28576 5.68901 7.15476 8.43753 
8.5456 7.11863 5.603529999999999 4.26704 2.81523 1.47924 0 1.34191 2.80652 4.20977 5.67552 9.91677 
9.88751 8.46054 6.94544 5.60895 4.15714 2.8211500000000003 1.34191 0 1.46461 2.8678600000000003 4.33361 11.25868 
11.352120000000001 9.92515 8.41005 7.07356 5.62175 4.28576 2.80652 1.46461 0 1.40325 2.869 12.72329 
12.755370000000001 11.3284 9.8133 8.47681 7.025 5.689010000000001 4.209770000000001 2.8678600000000003 1.40325 0 1.46575 14.12654 
14.22112 12.79415 11.27905 9.94256 8.49075 7.1547600000000005 5.675520000000001 4.33361 2.869 1.46575 0 15.59229 
1.37117 2.79814 4.31324 5.64973 7.10154 8.43753 9.916770000000001 11.258680000000002 12.723290000000002 14.126540000000002 15.592290000000002 0 
