19
32 44 46 35 37 38 40 30 41 43 34 47 49 26 28 14 20 7 0
0 20000.0 20000.0 20001.0 20001.0 20003.0 20003.0 20003.0 20005.0 20005.0 20004.0 20006.0 20006.0 20004.0 20004.0 10005.0 10006.0 10001.0 10000.0 
20000.0 0 20000.0 20001.0 20001.0 20003.0 20003.0 20003.0 20005.0 20005.0 20004.0 20006.0 20006.0 20004.0 20004.0 10005.0 10006.0 10001.0 10000.0 
20000.0 20000.0 0 20001.0 20001.0 20003.0 20003.0 20003.0 20005.0 20005.0 20004.0 20006.0 20006.0 20004.0 20004.0 10005.0 10006.0 10001.0 10000.0 
20001.0 20001.0 20001.0 0 20000.0 20002.0 20002.0 20004.0 20006.0 20006.0 20005.0 20006.0 20006.0 20005.0 20005.0 10006.0 10006.0 10000.0 10001.0 
20001.0 20001.0 20001.0 20000.0 0 20002.0 20002.0 20004.0 20006.0 20006.0 20005.0 20006.0 20006.0 20005.0 20005.0 10006.0 10006.0 10000.0 10001.0 
20003.0 20003.0 20003.0 20002.0 20002.0 0 20000.0 20004.0 20007.0 20007.0 20007.0 20005.0 20005.0 20005.0 20006.0 10006.0 10005.0 10002.0 10003.0 
20003.0 20003.0 20003.0 20002.0 20002.0 20000.0 0 20004.0 20007.0 20007.0 20007.0 20005.0 20005.0 20005.0 20006.0 10006.0 10005.0 10002.0 10003.0 
20003.0 20003.0 20003.0 20004.0 20004.0 20004.0 20004.0 0 20004.0 20004.0 20006.0 20008.0 20008.0 20005.0 20006.0 10005.0 10008.0 10004.0 10003.0 
20005.0 20005.0 20005.0 20006.0 20006.0 20007.0 20007.0 20004.0 0 20000.0 20002.0 20004.0 20004.0 20005.0 20003.0 10001.0 10004.0 10006.0 10005.0 
20005.0 20005.0 20005.0 20006.0 20006.0 20007.0 20007.0 20004.0 20000.0 0 20002.0 20004.0 20004.0 20005.0 20003.0 10001.0 10004.0 10006.0 10005.0 
20004.0 20004.0 20004.0 20005.0 20005.0 20007.0 20007.0 20006.0 20002.0 20002.0 0 20002.0 20002.0 20003.0 20004.0 10001.0 10002.0 10005.0 10004.0 
20006.0 20006.0 20006.0 20006.0 20006.0 20005.0 20005.0 20008.0 20004.0 20004.0 20002.0 0 20000.0 20005.0 20005.0 10003.0 10000.0 10006.0 10006.0 
20006.0 20006.0 20006.0 20006.0 20006.0 20005.0 20005.0 20008.0 20004.0 20004.0 20002.0 20000.0 0 20005.0 20005.0 10003.0 10000.0 10006.0 10006.0 
20004.0 20004.0 20004.0 20005.0 20005.0 20005.0 20005.0 20005.0 20005.0 20005.0 20003.0 20005.0 20005.0 0 20006.0 10004.0 10005.0 10005.0 10004.0 
20004.0 20004.0 20004.0 20005.0 20005.0 20006.0 20006.0 20006.0 20003.0 20003.0 20004.0 20005.0 20005.0 20006.0 0 10004.0 10005.0 10005.0 10004.0 
10005.0 10005.0 10005.0 10006.0 10006.0 10006.0 10006.0 10005.0 10001.0 10001.0 10001.0 10003.0 10003.0 10004.0 10004.0 0 3.0 6.0 5.0 
10006.0 10006.0 10006.0 10006.0 10006.0 10005.0 10005.0 10008.0 10004.0 10004.0 10002.0 10000.0 10000.0 10005.0 10005.0 3.0 0 6.0 6.0 
10001.0 10001.0 10001.0 10000.0 10000.0 10002.0 10002.0 10004.0 10006.0 10006.0 10005.0 10006.0 10006.0 10005.0 10005.0 6.0 6.0 0 1.0 
10000.0 10000.0 10000.0 10001.0 10001.0 10003.0 10003.0 10003.0 10005.0 10005.0 10004.0 10006.0 10006.0 10004.0 10004.0 5.0 6.0 1.0 0 
