23
Z82QDWb0Pr T3o9dNVbcG TDmNOuGJBk MzId8uwrPz 8Jejdr7ynm 7d3UA4fKWz QwY2G6aX6c BtCEVbHoQI I4iTN5KXjB HG8olhhcTZ oPQmRUijH5 6lpxgUxCxO gLI8ArV2Ui osdKgXyg1e MuYreynm57 f91pUtm9EZ RLF9v27sOQ UphA2uAaYC zUWT7uduzq uVIshS2g8a VBTKstUXwG HTp005294X ctUVEJSyNR
0 6506.0 11605.0 20403.0 13362.0 7570.0 19918.0 14888.0 9866.0 23460.0 23959.0 26763.0 19991.0 29620.0 28503.0 23742.0 14085.0 26554.0 20122.0 17163.0 15779.0 6814.0 5871.0 
6506.0 0 5099.0 13897.0 19680.0 14076.0 23540.0 8833.0 13855.0 17405.0 17904.0 20257.0 19429.0 29058.0 22294.0 17236.0 7579.0 20499.0 13616.0 19479.0 20622.0 13320.0 7716.0 
11605.0 5099.0 0 9033.0 21133.0 19175.0 27689.0 13932.0 9739.0 22504.0 21961.0 15158.0 24202.0 33831.0 27393.0 22335.0 12678.0 25598.0 18715.0 24100.0 15523.0 8475.0 12815.0 
20403.0 13897.0 9033.0 0 12100.0 17892.0 18656.0 16866.0 15691.0 14976.0 12928.0 14672.0 15169.0 24798.0 19873.0 24931.0 18427.0 17924.0 16491.0 19242.0 24556.0 17508.0 21613.0 
13362.0 19680.0 21133.0 12100.0 0 5792.0 6556.0 20655.0 23228.0 13632.0 11584.0 19477.0 20316.0 29945.0 24270.0 21758.0 12101.0 22321.0 22303.0 28166.0 28170.0 20176.0 19233.0 
7570.0 14076.0 19175.0 17892.0 5792.0 0 12348.0 22458.0 17436.0 19424.0 17376.0 25269.0 15438.0 25067.0 30062.0 27550.0 17893.0 28113.0 27692.0 24733.0 23349.0 14384.0 13441.0 
19918.0 23540.0 27689.0 18656.0 6556.0 12348.0 0 14707.0 19729.0 20188.0 18140.0 18898.0 26872.0 25374.0 17714.0 22772.0 16268.0 15765.0 26954.0 32817.0 34726.0 26732.0 25789.0 
14888.0 8833.0 13932.0 16866.0 20655.0 22458.0 14707.0 0 5022.0 8572.0 9071.0 14799.0 17803.0 21275.0 13615.0 18673.0 12169.0 11666.0 22449.0 25855.0 23110.0 21702.0 16549.0 
9866.0 13855.0 9739.0 15691.0 23228.0 17436.0 19729.0 5022.0 0 13594.0 14093.0 19821.0 16760.0 26297.0 18637.0 23695.0 17191.0 16688.0 26696.0 20833.0 25262.0 16680.0 15737.0 
23460.0 17405.0 22504.0 14976.0 13632.0 19424.0 20188.0 8572.0 13594.0 0 14460.0 22353.0 23192.0 29847.0 22187.0 27245.0 20741.0 20238.0 25179.0 23115.0 14538.0 23503.0 25121.0 
23959.0 17904.0 21961.0 12928.0 11584.0 17376.0 18140.0 9071.0 14093.0 14460.0 0 7893.0 8732.0 18361.0 22603.0 27661.0 21157.0 20654.0 23131.0 23595.0 28998.0 28460.0 22852.0 
26763.0 20257.0 15158.0 14672.0 19477.0 25269.0 18898.0 14799.0 19821.0 22353.0 7893.0 0 13767.0 23396.0 17806.0 22864.0 16360.0 15857.0 21565.0 15702.0 24279.0 20567.0 27887.0 
19991.0 19429.0 24202.0 15169.0 20316.0 15438.0 26872.0 17803.0 16760.0 23192.0 8732.0 13767.0 0 9629.0 17289.0 22347.0 27008.0 23261.0 23444.0 17581.0 26158.0 22446.0 14120.0 
29620.0 29058.0 33831.0 24798.0 29945.0 25067.0 25374.0 21275.0 26297.0 29847.0 18361.0 23396.0 9629.0 0 7660.0 12718.0 22375.0 22333.0 16900.0 22763.0 31340.0 32075.0 23749.0 
28503.0 22294.0 27393.0 19873.0 24270.0 30062.0 17714.0 13615.0 18637.0 22187.0 22603.0 17806.0 17289.0 7660.0 0 5058.0 14715.0 14673.0 9240.0 15103.0 23680.0 32645.0 30010.0 
23742.0 17236.0 22335.0 24931.0 21758.0 27550.0 22772.0 18673.0 23695.0 27245.0 27661.0 22864.0 22347.0 12718.0 5058.0 0 9657.0 15970.0 14298.0 20161.0 28738.0 30556.0 24952.0 
14085.0 7579.0 12678.0 18427.0 12101.0 17893.0 16268.0 12169.0 17191.0 20741.0 21157.0 16360.0 27008.0 22375.0 14715.0 9657.0 0 13227.0 21195.0 27058.0 28201.0 20899.0 15295.0 
26554.0 20499.0 25598.0 17924.0 22321.0 28113.0 15765.0 11666.0 16688.0 20238.0 20654.0 15857.0 23261.0 22333.0 14673.0 15970.0 13227.0 0 13721.0 19584.0 28161.0 33368.0 28215.0 
20122.0 13616.0 18715.0 16491.0 22303.0 27692.0 26954.0 22449.0 26696.0 25179.0 23131.0 21565.0 23444.0 16900.0 9240.0 14298.0 21195.0 13721.0 0 5863.0 14440.0 23405.0 21332.0 
17163.0 19479.0 24100.0 19242.0 28166.0 24733.0 32817.0 25855.0 20833.0 23115.0 23595.0 15702.0 17581.0 22763.0 15103.0 20161.0 27058.0 19584.0 5863.0 0 8577.0 17542.0 23034.0 
15779.0 20622.0 15523.0 24556.0 28170.0 23349.0 34726.0 23110.0 25262.0 14538.0 28998.0 24279.0 26158.0 31340.0 23680.0 28738.0 28201.0 28161.0 14440.0 8577.0 0 8965.0 21650.0 
6814.0 13320.0 8475.0 17508.0 20176.0 14384.0 26732.0 21702.0 16680.0 23503.0 28460.0 20567.0 22446.0 32075.0 32645.0 30556.0 20899.0 33368.0 23405.0 17542.0 8965.0 0 12685.0 
5871.0 7716.0 12815.0 21613.0 19233.0 13441.0 25789.0 16549.0 15737.0 25121.0 22852.0 27887.0 14120.0 23749.0 30010.0 24952.0 15295.0 28215.0 21332.0 23034.0 21650.0 12685.0 0 
