18
loc1 loc4 loc5 loc22 loc21 loc12 loc11 loc16 loc15 loc14 loc23 loc24 loc25 loc18 loc19 loc20 loc10 start
0 1.0 2.0 3.0 3.0 2.0 2.0 1.0 2.0 2.0 3.0 3.0 2.0 2.0 3.0 3.0 3.0 1.0 
1.0 0 1.0 2.0 2.0 1.0 2.0 2.0 3.0 2.0 3.0 4.0 3.0 3.0 4.0 3.0 3.0 2.0 
2.0 1.0 0 1.0 2.0 1.0 2.0 3.0 4.0 3.0 2.0 3.0 4.0 4.0 4.0 3.0 3.0 3.0 
3.0 2.0 1.0 0 1.0 2.0 3.0 4.0 3.0 2.0 1.0 2.0 3.0 4.0 3.0 2.0 3.0 4.0 
3.0 2.0 2.0 1.0 0 1.0 2.0 3.0 2.0 2.0 2.0 3.0 4.0 3.0 2.0 1.0 2.0 4.0 
2.0 1.0 1.0 2.0 1.0 0 1.0 2.0 3.0 2.0 3.0 4.0 3.0 3.0 3.0 2.0 2.0 3.0 
2.0 2.0 2.0 3.0 2.0 1.0 0 1.0 2.0 2.0 3.0 3.0 2.0 2.0 2.0 1.0 1.0 2.0 
1.0 2.0 3.0 4.0 3.0 2.0 1.0 0 1.0 2.0 3.0 2.0 1.0 1.0 2.0 2.0 2.0 2.0 
2.0 3.0 4.0 3.0 2.0 3.0 2.0 1.0 0 1.0 2.0 1.0 2.0 2.0 1.0 1.0 2.0 3.0 
2.0 2.0 3.0 2.0 2.0 2.0 2.0 2.0 1.0 0 1.0 2.0 3.0 3.0 2.0 1.0 2.0 3.0 
3.0 3.0 2.0 1.0 2.0 3.0 3.0 3.0 2.0 1.0 0 1.0 2.0 4.0 3.0 2.0 3.0 3.0 
3.0 4.0 3.0 2.0 3.0 4.0 3.0 2.0 1.0 2.0 1.0 0 1.0 3.0 2.0 2.0 3.0 2.0 
2.0 3.0 4.0 3.0 4.0 3.0 2.0 1.0 2.0 3.0 2.0 1.0 0 2.0 3.0 3.0 3.0 1.0 
2.0 3.0 4.0 4.0 3.0 3.0 2.0 1.0 2.0 3.0 4.0 3.0 2.0 0 1.0 2.0 2.0 3.0 
3.0 4.0 4.0 3.0 2.0 3.0 2.0 2.0 1.0 2.0 3.0 2.0 3.0 1.0 0 1.0 1.0 3.0 
3.0 3.0 3.0 2.0 1.0 2.0 1.0 2.0 1.0 1.0 2.0 2.0 3.0 2.0 1.0 0 1.0 3.0 
3.0 3.0 3.0 3.0 2.0 2.0 1.0 2.0 2.0 2.0 3.0 3.0 3.0 2.0 1.0 1.0 0 2.0 
1.0 2.0 3.0 4.0 4.0 3.0 2.0 2.0 3.0 3.0 3.0 2.0 1.0 3.0 3.0 3.0 2.0 0 
