47
UUOP5 18R1B F5YBY XTUSM UGOIO 7CXN0 ULCTZ H8ZPW CUG55 BMC9X ZA57Z 1BUOS V11OW 5I6U4 2KYXC XRQ65 GAXPM QTZLJ EYREL HHCET XPFOM 65TK9 1ACIU B8UZ8 42QVU URMBF XBRKQ HZ80H K1ZSD BO3AW GXYLV HR8IA OE5TB EQWAL XDKMD 1NBGE KRLTG 77EY5 F07YB QSI1X 1UWW5 YMTTJ KB443 X2AM4 91RFG DDBA4 WNYCV
0 1.2 2.27 2.06 3.35 4.36 5.77 7.4399999999999995 5.55 5.65 6.99 4.91 5.12 5.02 6.59 3.15 3.3499999999999996 6.27 4.18 4.46 4.38 5.42 6.45 6.85 4.75 4.05 4.93 5.5 2.5599999999999996 3.55 4.55 5.48 6.390000000000001 7.029999999999999 6.52 5.34 5.39 6.32 4.49 5.67 4.53 5.21 6.57 6.35 4.95 5.83 1.14 
1.2 0 2.07 3.26 4.55 5.5600000000000005 5.57 7.24 5.3500000000000005 6.390000000000001 8.19 6.11 3.92 4.82 7.390000000000001 2.95 3.15 6.07 3.9800000000000004 3.26 4.18 4.22 6.97 5.65 4.55 2.96 4.7299999999999995 6.19 2.76 4.35 4.35 5.68 6.1899999999999995 6.83 5.32 5.14 5.529999999999999 6.23 4.69 6.87 5.73 6.41 7.37 7.15 4.75 4.63 1.34 
2.27 2.07 0 3.33 5.62 5.93 6.64 7.39 5.34 6.43 9.26 7.18 5.93 5.83 8.4 3.96 4.22 4.71 3.83 5.33 4.52 5.29 7.11 5.73 6.619999999999999 5.029999999999999 5.8 7.77 3.83 4.42 6.11 6.75 6.26 7.84 7.07 7.209999999999999 6.03 7.3 5.76 6.94 5.8 6.48 6.22 7.72 3.6 6.64 2.41 
2.06 3.26 3.33 0 2.29 3.3 5.18 7.17 5.89 6.71 9.05 6.97 5.46 6.08 8.65 5.21 5.3 6.47 4.24 4.8 5.22 6.48 8.23 8.139999999999999 5.81 4.5 5.64 7.5600000000000005 2.62 4.61 5.3 5.54 6.45 9.09 7.86 7.29 6.45 7.77 5.550000000000001 7.73 5.59 4.15 6.93 7.27 5.01 5.890000000000001 2.2 
3.35 4.55 5.62 2.29 0 4.59 6.47 8.76 5.87 8.89 9.93 7.89 7.75 8.370000000000001 9.94 5.5 6.59 5.2 5.53 6.81 7.08 8.77 9.8 7.43 8.1 6.4 7.81 6.36 4.91 6.9 7.59 7.83 7.74 10.379999999999999 9.72 8.69 7.02 7.4 6.84 9.02 6.88 6.29 8.07 8.87 5.3 8.18 4.49 
4.36 5.5600000000000005 5.93 3.3 4.59 0 1.88 4.87 5.76 8.86 9.56 8.08 7.4399999999999995 7.95 10.75 7.51 6.140000000000001 3.17 5.05 5.78 2.92 5.12 6.87 8.66 6.58 6.2299999999999995 6.15 7.89 4.94 7.299999999999999 7.99 8.84 9.09 9.3 8.18 8.57 5.16 6.37 7.8500000000000005 9.03 8.89 3.69 5.47 6.27 7.3100000000000005 4.53 4.52 
5.77 5.57 6.64 5.18 6.47 1.88 0 2.99 4.88 7.9799999999999995 10.69 6.2 7.32 8.71 10.01 6.84 5.69 5.05 6.64 6.66 3.8 6.0 7.75 9.26 7.1 4.35 6.8 8.77 6.82 6.42 6.11 8.37 7.26 10.64 8.06 8.37 6.0 7.14 7.13 10.31 7.3 4.57 6.6 6.48 7.64 5.41 6.23 
7.4399999999999995 7.24 7.39 7.17 8.76 4.87 2.99 0 2.89 5.91 9.06 4.21 7.25 8.76 9.21 9.19 6.49 8.04 7.59 8.54 6.79 7.99 9.78 8.84 8.89 6.34 6.79 8.73 8.21 7.69 7.72 8.46 10.25 9.89 9.120000000000001 6.9 3.25 5.390000000000001 5.14 8.32 9.41 4.47 3.61 3.49 7.58 8.4 7.5 
5.55 5.3500000000000005 5.34 5.89 5.87 5.76 4.88 2.89 0 4.02 7.7299999999999995 7.1 6.39 8.899999999999999 10.7 7.3 4.6 7.08 5.2 6.6499999999999995 5.53 8.549999999999999 7.65 7.6000000000000005 7.0 5.41 7.18 5.84 6.11 5.8 5.8 6.27 8.64 9.78 8.77 8.59 5.14 7.279999999999999 7.03 9.61 7.52 6.36 5.5 6.3 7.29 7.96 5.69 
5.65 6.390000000000001 6.43 6.71 8.89 8.86 7.9799999999999995 5.91 4.02 0 3.71 8.33 5.29 7.8 10.6 7.34 5.64 7.4799999999999995 4.6 7.6899999999999995 7.44 8.48 8.879999999999999 6.5 9.04 6.45 7.22 5.74 7.15 7.84 7.84 7.61 7.32 12.219999999999999 8.1 6.88 7.9399999999999995 8.08 8.14 11.32 9.559999999999999 9.38 8.03 8.83 7.3100000000000005 7.890000000000001 6.73 
6.99 8.19 9.26 9.05 9.93 9.56 10.69 9.06 7.7299999999999995 3.71 0 4.99 8.030000000000001 8.54 10.34 9.14 9.35 8.66 8.31 7.34 7.64 8.68 7.43 8.81 10.4 8.54 6.05 8.45 8.55 9.54 11.23 9.98 10.03 9.55 8.72 9.559999999999999 6.09 8.23 10.48 12.66 10.57 9.99 8.21 7.93 6.84 8.09 8.13 
4.91 6.11 7.18 6.97 7.89 8.08 6.2 4.21 7.1 8.33 4.99 0 3.04 4.55 7.35 7.42 8.26 8.66 7.95 8.26 6.56 9.600000000000001 8.29 9.67 9.06 7.92 7.460000000000001 10.15 6.47 8.46 7.93 7.54 11.3 11.3 6.51 8.73 7.459999999999999 9.6 8.4 9.58 9.440000000000001 5.52 4.359999999999999 3.9400000000000004 5.24 8.01 6.05 
5.12 3.92 5.93 5.46 7.75 7.4399999999999995 7.32 7.25 6.39 5.29 8.030000000000001 3.04 0 2.51 5.31 5.38 6.07 7.07 6.970000000000001 5.22 4.52 6.5600000000000005 7.25 8.629999999999999 7.47 5.88 7.59 7.11 4.68 6.27 7.27 7.74 9.11 9.26 8.92 8.06 8.1 9.15 8.61 10.79 7.57 8.18 6.4 5.98 7.61 4.97 4.26 
5.02 4.82 5.83 6.08 8.37 7.95 8.71 8.76 8.899999999999999 7.8 8.54 4.55 2.51 0 2.8 2.87 5.97 8.58 6.74 6.73 6.03 7.73 4.74 6.12 8.370000000000001 5.78 8.549999999999999 8.62 6.58 8.17 7.86 9.5 11.01 6.75 7.92 9.5 8.35 7.25 6.87 9.37 6.06 8.69 7.91 7.49 8.51 7.08 5.16 
6.59 7.390000000000001 8.4 8.65 9.94 10.75 10.01 9.21 10.7 10.6 10.34 7.35 5.31 2.8 0 4.44 8.54 7.65 8.54 9.209999999999999 8.51 8.55 7.54 7.92 9.3 7.58 9.35 10.42 8.15 9.97 8.98 10.45 10.81 9.32 10.49 11.07 7.59 5.45 5.07 7.25 8.86 10.49 9.71 10.29 9.08 8.959999999999999 6.73 
3.15 2.95 3.96 5.21 5.5 7.51 6.84 9.19 7.3 7.34 9.14 7.42 5.38 2.87 4.44 0 4.1 6.96 5.87 6.21 5.07 7.11 6.61 8.6 6.5 4.91 6.68 8.65 4.71 6.299999999999999 6.3 7.63 8.14 4.88 6.05 7.63 7.48 7.18 7.64 7.82 6.68 7.36 8.9 7.1 5.64 6.52 3.29 
3.3499999999999996 3.15 4.22 5.3 6.59 6.140000000000001 5.69 6.49 4.6 5.64 9.35 8.26 6.07 5.97 8.54 4.1 0 2.97 5.85 4.76 5.33 6.0 7.84 5.46 5.359999999999999 3.09 4.86 7.459999999999999 4.91 5.1499999999999995 4.85 5.11 6.0 8.98 4.17 4.75 5.34 6.17 6.21 9.02 5.880000000000001 7.5600000000000005 7.2 6.4 5.9 6.78 3.49 
6.27 6.07 4.71 6.47 5.2 3.17 5.05 8.04 7.08 7.4799999999999995 8.66 8.66 7.07 8.58 7.65 6.96 2.97 0 2.88 5.42 3.61 5.8100000000000005 6.89 5.510000000000001 3.41 6.0600000000000005 7.13 8.3 6.699999999999999 6.12 6.43 6.56 5.92 6.13 5.14 6.720000000000001 5.34 3.2 9.18 10.719999999999999 8.850000000000001 6.859999999999999 6.52 5.72 5.59 5.22 5.75 
4.18 3.9800000000000004 3.83 4.24 5.53 5.05 6.64 7.59 5.2 4.6 8.309999999999999 7.95 6.970000000000001 6.74 8.54 5.87 5.85 2.88 0 3.54 3.84 4.88 6.28 3.9000000000000004 4.9399999999999995 5.9399999999999995 6.91 5.42 5.49 6.73 3.55 7.02 8.8 8.01 7.02 7.56 6.22 5.08 6.66 7.84 8.71 7.220000000000001 6.33 7.83 3.71 4.29 5.319999999999999 
4.46 3.26 5.33 4.8 6.81 5.78 6.66 8.54 6.65 7.6899999999999995 7.34 8.26 5.22 6.73 9.209999999999999 6.21 4.76 5.42 3.54 0 2.8600000000000003 2.9 5.65 7.44 6.81 5.22 3.93 6.67 5.02 6.609999999999999 6.61 6.48 7.45 9.09 6.67 6.25 6.86 7.67 6.95 10.129999999999999 8.27 8.34 6.23 8.030000000000001 5.72 3.31 3.6 
4.38 4.18 4.52 5.22 7.08 2.92 3.8 6.79 5.53 7.44 7.64 6.56 4.52 6.03 8.51 5.07 5.33 3.61 3.84 2.8600000000000003 0 3.2 4.95 6.74 7.02 5.140000000000001 4.23 5.97 4.81 7.239999999999999 7.39 8.48 9.370000000000001 7.95 5.26 5.84 7.71 5.81 6.87 10.05 7.91 5.61 7.36 9.16 6.02 2.6100000000000003 4.52 
5.42 4.22 5.29 6.48 8.77 5.12 6.0 7.99 8.549999999999999 8.48 8.68 9.600000000000001 6.5600000000000005 7.73 8.55 7.109999999999999 6.0 5.8100000000000005 4.88 2.9 3.2 0 3.99 5.37 6.82 4.65 6.27 7.01 4.85 6.04 7.43 8.08 8.879999999999999 8.88 7.46 7.49 7.94 7.01 6.91 9.67 8.23 8.81 8.4 10.18 6.06 2.65 4.56 
6.45 6.970000000000001 7.11 8.23 9.8 6.87 7.75 9.78 7.65 8.879999999999999 7.43 8.29 7.25 4.74 7.54 6.61 7.84 6.89 6.28 5.65 4.95 3.99 0 2.38 4.48 7.789999999999999 5.02 7.76 6.6 9.6 8.83 10.02 10.94 10.49 9.21 9.79 8.21 9.76 8.66 10.84 10.68 9.32 7.09 8.89 6.81 2.34 6.31 
6.85 5.65 5.73 8.14 7.43 8.66 9.26 8.84 7.6000000000000005 6.5 8.81 9.67 8.629999999999999 6.12 7.92 8.6 5.46 5.510000000000001 3.9000000000000004 7.44 6.74 5.37 2.38 0 3.0999999999999996 6.27 7.3999999999999995 9.319999999999999 8.41 8.66 6.45 7.64 9.56 10.05 8.63 9.059999999999999 6.59 7.73 7.56 9.74 9.379999999999999 6.94 8.47 10.270000000000001 6.61 4.72 6.99 
4.75 4.55 6.619999999999999 5.81 8.1 6.58 7.1 8.89 7.0 9.04 10.4 9.06 7.47 8.370000000000001 9.3 6.5 5.359999999999999 3.41 4.9399999999999995 6.81 7.02 6.82 4.48 3.0999999999999996 0 4.49 7.26 9.86 6.31 6.56 6.25 8.51 8.33 8.54 8.55 8.34 6.74 6.61 9.02 9.42 8.280000000000001 6.98 9.76 8.02 6.65 6.82 5.89 
4.05 2.96 5.029999999999999 4.5 6.4 6.2299999999999995 4.35 6.34 5.41 6.45 8.54 7.92 5.88 5.78 7.58 4.91 3.09 6.0600000000000005 5.9399999999999995 5.22 5.140000000000001 4.65 7.789999999999999 6.27 4.49 0 2.77 6.9399999999999995 4.72 4.81 3.5 4.76 6.65 9.11 6.94 5.08 3.29 4.27 4.95 7.83 5.69 7.69 8.71 7.21 6.2 6.45 3.3 
4.93 4.7299999999999995 5.8 5.64 7.81 6.15 6.8 6.79 7.18 7.22 6.05 7.460000000000001 7.59 8.55 9.35 6.68 4.86 7.13 6.91 3.93 4.23 6.27 5.02 7.3999999999999995 7.26 2.77 0 4.17 6.14 4.58 5.27 7.529999999999999 6.42 9.88 8.03 6.85 6.0600000000000005 6.040000000000001 6.72 9.9 7.46 7.72 6.9399999999999995 6.74 4.43 3.68 4.72 
5.5 6.19 7.77 7.5600000000000005 6.36 7.89 8.77 8.73 5.84 5.74 8.45 10.15 7.11 8.62 10.42 8.65 7.459999999999999 8.3 5.42 6.67 5.97 7.01 7.76 9.319999999999999 9.86 6.9399999999999995 4.17 0 5.78 8.75 8.969999999999999 9.39 9.59 7.33 10.02 9.7 8.76 10.21 7.4 9.58 10.030000000000001 9.71 10.11 10.91 8.6 6.42 5.36 
2.5599999999999996 2.76 3.83 2.62 4.91 4.94 6.82 8.21 6.11 7.15 8.55 6.47 4.68 6.58 8.15 4.71 4.91 6.699999999999999 5.49 5.02 4.81 4.85 6.6 8.41 6.31 4.72 6.14 5.78 0 4.11 5.11 5.63 6.95 7.59 7.08 6.9 6.67 6.99 6.050000000000001 7.23 6.09 6.7700000000000005 7.44 7.91 6.51 5.26 1.42 
3.55 4.35 4.42 4.61 6.9 7.299999999999999 6.42 7.69 5.8 7.84 9.54 8.46 6.27 8.17 9.97 6.299999999999999 5.15 6.12 6.73 6.609999999999999 7.24 6.04 9.6 8.659999999999998 6.56 4.81 4.58 8.75 4.11 0 3.75 6.22 5.9 8.48 5.48 4.2 6.54 7.08 8.04 9.219999999999999 7.08 6.25 8.530000000000001 6.73 7.1 7.9799999999999995 3.69 
4.55 4.35 6.11 5.3 7.59 7.99 6.11 7.72 5.8 7.84 11.23 7.93 7.27 7.86 8.98 6.3 4.85 6.43 3.55 6.61 7.39 7.43 8.83 6.45 6.25 3.5 5.27 8.969999999999999 5.11 3.75 0 3.47 6.59 9.87 7.33 6.949999999999999 5.54 7.68 4.91 8.09 7.08 9.45 7.87 8.67 7.26 7.84 4.6899999999999995 
5.48 5.68 6.75 5.54 7.83 8.84 8.37 8.46 6.27 7.61 9.98 7.54 7.74 9.5 10.45 7.63 5.11 6.56 7.02 6.48 8.48 8.08 10.02 7.64 8.51 4.76 7.529999999999999 9.39 5.63 6.22 3.47 0 3.78 10.15 7.8 8.62 7.01 8.03 6.38 9.56 7.55 9.690000000000001 9.87 9.42 8.120000000000001 8.75 6.16 
6.390000000000001 6.1899999999999995 6.26 6.45 7.74 9.09 7.26 10.25 8.64 7.32 10.03 11.3 9.11 11.01 10.81 8.14 6.0 5.92 8.8 7.45 9.37 8.879999999999999 10.94 9.56 8.33 6.65 6.42 9.59 6.95 5.9 6.59 3.78 0 6.37 7.14 8.719999999999999 9.22 9.12 9.8 11.98 8.92 10.600000000000001 10.24 10.440000000000001 8.86 8.82 6.53 
7.029999999999999 6.83 7.84 9.09 10.379999999999999 9.3 10.64 9.89 9.78 12.219999999999999 9.55 11.3 9.26 6.75 9.32 4.88 8.979999999999999 6.13 8.01 9.09 7.95 8.88 10.49 10.05 8.54 9.11 9.88 7.33 7.59 8.48 9.87 10.15 6.37 0 6.0 6.71 6.64 6.78 10.52 11.7 10.559999999999999 10.54 12.58 11.37 9.52 9.4 8.17 
6.52 5.32 7.07 7.86 9.72 8.18 8.06 9.120000000000001 8.77 8.1 8.72 6.51 8.92 7.92 10.49 6.05 4.17 5.14 7.02 6.67 5.26 7.46 9.21 8.63 8.55 6.94 8.03 10.02 7.08 5.4799999999999995 7.33 7.8 7.14 6.0 0 2.22 6.870000000000001 7.34 5.69 8.870000000000001 9.05 9.07 10.41 8.61 9.07 6.87 5.66 
5.34 5.14 7.209999999999999 7.29 8.69 8.57 8.37 6.9 8.59 6.88 9.559999999999999 8.73 8.06 9.5 11.07 7.63 4.75 6.720000000000001 7.56 6.25 5.84 7.49 9.79 9.059999999999999 8.34 5.08 6.85 9.7 6.9 4.2 6.949999999999999 8.62 8.719999999999999 6.71 2.22 0 4.65 6.789999999999999 6.91 9.09 8.87 6.85 9.13 8.33 8.89 7.45 6.24 
5.39 5.529999999999999 6.03 6.45 7.02 5.16 6.0 3.25 5.14 7.94 6.09 7.459999999999999 8.1 8.35 7.59 7.48 5.34 5.34 6.22 6.86 7.71 7.94 8.21 6.59 6.74 3.29 6.0600000000000005 8.76 6.67 6.54 5.54 7.01 9.219999999999999 6.640000000000001 6.870000000000001 4.65 0 2.14 8.24 10.4 7.26 7.08 5.9399999999999995 6.74 8.280000000000001 7.69 5.25 
6.32 6.23 7.3 7.77 7.4 6.37 7.14 5.390000000000001 7.279999999999999 8.08 8.23 9.6 9.15 7.25 5.45 7.18 6.17 3.2 5.08 7.67 5.81 7.01 9.76 7.73 6.61 4.27 6.040000000000001 10.21 6.99 7.08 7.68 8.03 9.12 6.78 7.34 6.789999999999999 2.14 0 8.22 11.1 7.96 8.22 8.08 7.92 6.79 7.42 6.57 
4.49 4.69 5.76 5.550000000000001 6.84 7.8500000000000005 7.13 5.14 7.03 8.14 10.48 8.4 8.61 6.87 5.07 7.640000000000001 6.21 9.18 6.66 6.95 6.87 6.91 8.66 7.56 9.02 4.95 6.72 7.4 6.050000000000001 8.04 4.91 6.38 9.8 10.52 5.69 6.91 8.24 8.22 0 3.18 7.49 8.7 7.75 8.629999999999999 7.36 7.32 5.54 
5.67 6.87 6.94 7.73 9.02 9.03 10.31 8.32 9.61 11.32 12.66 9.58 10.79 9.37 7.25 7.82 9.02 10.719999999999999 7.84 10.129999999999999 10.049999999999999 9.67 10.84 9.74 9.42 7.83 9.9 9.58 7.23 9.219999999999999 8.09 9.56 11.98 11.7 8.870000000000001 9.09 10.4 11.1 3.18 0 4.31 10.879999999999999 10.93 11.73 10.54 9.5 6.81 
4.53 5.73 5.8 5.59 6.88 8.89 7.3 9.41 7.52 9.559999999999999 10.57 9.440000000000001 7.57 6.06 8.86 6.68 5.880000000000001 8.850000000000001 8.71 8.27 7.91 8.23 10.68 9.379999999999999 8.280000000000001 5.69 7.46 10.030000000000001 6.09 7.08 7.08 7.55 8.92 10.559999999999999 9.05 8.87 7.26 7.96 7.49 4.31 0 8.74 10.459999999999999 10.32 9.4 8.36 4.67 
5.21 6.41 6.48 4.15 6.29 3.69 4.57 4.47 6.36 9.38 9.99 5.52 8.18 8.69 10.49 7.36 7.5600000000000005 6.859999999999999 7.220000000000001 8.34 5.61 8.81 9.32 6.94 6.98 7.69 7.72 9.71 6.7700000000000005 6.25 9.45 9.690000000000001 10.600000000000001 10.540000000000001 9.07 6.85 7.08 8.22 8.7 10.879999999999999 8.74 0 2.78 4.12 8.24 7.22 6.35 
6.57 7.37 6.22 6.93 8.07 5.47 6.6 3.61 5.5 8.03 8.21 4.359999999999999 6.4 7.91 9.71 8.9 7.2 6.52 6.33 6.23 7.36 8.4 7.09 8.47 9.76 8.71 6.9399999999999995 10.11 7.44 8.530000000000001 7.87 9.87 10.24 12.579999999999998 10.41 9.13 5.9399999999999995 8.08 7.75 10.93 10.459999999999999 2.78 0 1.8 6.92 5.75 7.02 
6.35 7.15 7.72 7.27 8.87 6.27 6.48 3.49 6.3 8.83 7.93 3.9400000000000004 5.98 7.49 10.29 7.1 6.4 5.72 7.83 8.030000000000001 9.16 10.18 8.89 10.270000000000001 8.02 7.21 6.74 10.91 7.91 6.73 8.67 9.42 10.440000000000001 11.37 8.61 8.33 6.74 7.92 8.629999999999999 11.73 10.32 4.12 1.8 0 5.12 7.55 6.49 
4.949999999999999 4.75 3.6 5.01 5.3 7.3100000000000005 7.64 7.58 7.29 7.3100000000000005 6.84 5.24 7.61 8.51 9.08 5.64 5.9 5.59 3.71 5.72 6.02 6.06 6.81 6.61 6.65 6.2 4.43 8.6 6.51 7.1 7.26 8.120000000000001 8.86 9.52 9.07 8.89 8.280000000000001 6.79 7.36 10.54 9.4 8.24 6.92 5.12 0 5.47 5.99 
5.83 4.63 6.64 5.890000000000001 8.18 4.53 5.41 8.4 7.96 7.890000000000001 8.09 8.01 4.97 7.08 8.959999999999999 6.52 6.78 5.22 4.29 3.31 2.6100000000000003 2.65 2.34 4.72 6.82 6.45 3.68 6.42 5.26 7.98 7.84 8.75 8.82 9.4 6.87 7.45 7.69 7.42 7.32 9.5 8.36 7.22 5.75 7.55 5.47 0 4.97 
1.14 1.34 2.41 2.2 4.49 4.52 6.23 7.5 5.69 6.73 8.13 6.05 4.26 5.16 6.73 3.29 3.49 5.75 5.32 3.6 4.52 4.56 6.31 6.99 5.89 3.3 4.72 5.36 1.42 3.69 4.6899999999999995 6.16 6.53 8.17 5.66 6.24 5.25 6.57 5.54 6.81 4.67 6.35 7.02 6.49 5.99 4.97 0 
