68
2 12 6 3 4 7 9 15 11 20 16 23 18 21 29 27 25 13 34 31 39 35 36 37 48 32 44 49 42 45 46 52 54 57 58 67 41 63 60 69 72 51 61 62 70 71 83 73 81 80 75 65 77 79 90 85 89 98 92 87 93 99 96 102 103 104 112 55
0 1.0 2.0 2.0 2.0 2.0 2.0 2.0 2.0 2.0 2.0 1.0 1.0 2.0 1.0 1.0 2.0 2.0 2.0 2.0 2.0 2.0 1.0 2.0 2.0 2.0 2.0 2.0 1.0 1.0 2.0 1.0 2.0 2.0 1.0 2.0 2.0 2.0 1.0 2.0 1.0 1.0 2.0 2.0 1.0 1.0 1.0 1.0 2.0 2.0 2.0 1.0 1.0 1.0 1.0 2.0 2.0 2.0 2.0 1.0 2.0 1.0 1.0 1.0 2.0 2.0 2.0 1.0 
1.0 0 1.0 2.0 2.0 2.0 2.0 1.0 2.0 2.0 2.0 1.0 1.0 2.0 2.0 2.0 2.0 2.0 1.0 1.0 2.0 2.0 2.0 1.0 2.0 2.0 2.0 1.0 2.0 2.0 2.0 2.0 2.0 2.0 2.0 1.0 2.0 1.0 1.0 2.0 2.0 1.0 1.0 2.0 2.0 2.0 2.0 2.0 1.0 2.0 2.0 1.0 1.0 1.0 2.0 2.0 2.0 2.0 1.0 1.0 2.0 2.0 2.0 2.0 2.0 2.0 2.0 2.0 
2.0 1.0 0 1.0 1.0 2.0 2.0 1.0 2.0 1.0 1.0 1.0 2.0 1.0 2.0 1.0 2.0 2.0 2.0 2.0 2.0 2.0 2.0 1.0 2.0 2.0 2.0 1.0 1.0 2.0 2.0 2.0 2.0 2.0 2.0 1.0 1.0 2.0 2.0 2.0 2.0 2.0 2.0 1.0 1.0 2.0 2.0 1.0 2.0 2.0 2.0 2.0 2.0 2.0 2.0 2.0 2.0 2.0 1.0 2.0 2.0 1.0 2.0 1.0 1.0 2.0 2.0 1.0 
2.0 2.0 1.0 0 1.0 2.0 2.0 2.0 2.0 1.0 2.0 2.0 1.0 2.0 2.0 2.0 2.0 1.0 2.0 2.0 1.0 2.0 2.0 1.0 2.0 2.0 2.0 1.0 1.0 2.0 2.0 2.0 2.0 1.0 1.0 1.0 2.0 1.0 1.0 2.0 1.0 1.0 2.0 1.0 1.0 1.0 1.0 1.0 2.0 2.0 1.0 2.0 2.0 2.0 2.0 1.0 2.0 1.0 1.0 1.0 1.0 2.0 1.0 2.0 2.0 2.0 2.0 2.0 
2.0 2.0 1.0 1.0 0 1.0 2.0 1.0 2.0 2.0 1.0 1.0 2.0 2.0 2.0 2.0 2.0 2.0 1.0 2.0 1.0 2.0 2.0 2.0 1.0 2.0 2.0 2.0 2.0 2.0 2.0 2.0 2.0 2.0 2.0 1.0 2.0 2.0 2.0 2.0 1.0 1.0 2.0 2.0 1.0 2.0 2.0 1.0 2.0 2.0 1.0 2.0 2.0 2.0 2.0 1.0 1.0 1.0 2.0 2.0 1.0 1.0 2.0 1.0 2.0 2.0 2.0 2.0 
2.0 2.0 2.0 2.0 1.0 0 1.0 1.0 2.0 2.0 2.0 2.0 2.0 2.0 2.0 2.0 2.0 2.0 2.0 2.0 2.0 1.0 1.0 1.0 1.0 2.0 2.0 1.0 1.0 2.0 1.0 2.0 2.0 1.0 1.0 2.0 2.0 2.0 2.0 2.0 2.0 2.0 2.0 2.0 1.0 1.0 2.0 2.0 1.0 2.0 2.0 2.0 2.0 1.0 2.0 2.0 2.0 2.0 2.0 2.0 2.0 2.0 1.0 1.0 2.0 1.0 1.0 1.0 
2.0 2.0 2.0 2.0 2.0 1.0 0 1.0 2.0 2.0 2.0 1.0 2.0 2.0 1.0 1.0 1.0 2.0 2.0 2.0 1.0 2.0 1.0 2.0 2.0 1.0 2.0 2.0 2.0 2.0 1.0 2.0 1.0 1.0 2.0 2.0 2.0 1.0 2.0 1.0 1.0 2.0 2.0 2.0 2.0 2.0 2.0 2.0 2.0 2.0 1.0 2.0 1.0 2.0 1.0 2.0 2.0 1.0 2.0 2.0 1.0 2.0 1.0 2.0 1.0 2.0 2.0 2.0 
2.0 1.0 1.0 2.0 1.0 1.0 1.0 0 1.0 2.0 2.0 2.0 1.0 2.0 2.0 2.0 2.0 1.0 2.0 2.0 1.0 2.0 1.0 2.0 2.0 1.0 1.0 2.0 2.0 2.0 2.0 1.0 2.0 2.0 1.0 2.0 1.0 2.0 1.0 2.0 2.0 1.0 2.0 2.0 2.0 2.0 2.0 2.0 1.0 1.0 2.0 2.0 1.0 1.0 2.0 1.0 1.0 2.0 2.0 2.0 2.0 2.0 2.0 2.0 2.0 1.0 2.0 1.0 
2.0 2.0 2.0 2.0 2.0 2.0 2.0 1.0 0 1.0 2.0 1.0 2.0 2.0 2.0 2.0 1.0 2.0 2.0 2.0 2.0 2.0 1.0 2.0 1.0 2.0 1.0 1.0 2.0 1.0 1.0 2.0 2.0 2.0 2.0 2.0 2.0 2.0 2.0 2.0 2.0 2.0 2.0 2.0 1.0 1.0 1.0 2.0 2.0 2.0 1.0 1.0 2.0 2.0 2.0 2.0 2.0 2.0 1.0 2.0 2.0 2.0 1.0 2.0 2.0 2.0 2.0 1.0 
2.0 2.0 1.0 1.0 2.0 2.0 2.0 2.0 1.0 0 1.0 2.0 1.0 1.0 2.0 1.0 1.0 2.0 2.0 2.0 2.0 2.0 2.0 2.0 2.0 2.0 2.0 2.0 2.0 1.0 1.0 2.0 2.0 1.0 1.0 2.0 2.0 1.0 1.0 1.0 2.0 1.0 2.0 2.0 2.0 2.0 2.0 2.0 2.0 1.0 2.0 2.0 2.0 2.0 2.0 2.0 2.0 1.0 1.0 2.0 1.0 2.0 2.0 1.0 2.0 1.0 2.0 2.0 
2.0 2.0 1.0 2.0 1.0 2.0 2.0 2.0 2.0 1.0 0 1.0 2.0 2.0 1.0 2.0 2.0 2.0 1.0 2.0 2.0 2.0 2.0 1.0 2.0 2.0 2.0 2.0 2.0 1.0 2.0 2.0 1.0 1.0 1.0 2.0 1.0 2.0 2.0 1.0 2.0 2.0 2.0 2.0 2.0 2.0 2.0 2.0 2.0 2.0 2.0 2.0 1.0 2.0 1.0 1.0 2.0 2.0 1.0 1.0 2.0 1.0 2.0 1.0 2.0 1.0 1.0 1.0 
1.0 1.0 1.0 2.0 1.0 2.0 1.0 2.0 1.0 2.0 1.0 0 1.0 2.0 2.0 2.0 2.0 2.0 2.0 1.0 2.0 1.0 2.0 2.0 2.0 2.0 2.0 2.0 2.0 1.0 2.0 2.0 2.0 1.0 1.0 1.0 2.0 1.0 2.0 2.0 2.0 2.0 2.0 2.0 1.0 2.0 2.0 1.0 2.0 2.0 2.0 1.0 1.0 2.0 1.0 2.0 2.0 2.0 2.0 2.0 1.0 2.0 2.0 2.0 2.0 2.0 1.0 2.0 
1.0 1.0 2.0 1.0 2.0 2.0 2.0 1.0 2.0 1.0 2.0 1.0 0 1.0 2.0 2.0 2.0 2.0 1.0 1.0 2.0 2.0 2.0 2.0 2.0 2.0 2.0 1.0 2.0 2.0 2.0 1.0 2.0 2.0 2.0 2.0 2.0 1.0 2.0 1.0 2.0 1.0 2.0 1.0 2.0 1.0 1.0 1.0 1.0 2.0 2.0 1.0 2.0 2.0 2.0 1.0 2.0 2.0 1.0 2.0 1.0 2.0 1.0 2.0 2.0 1.0 2.0 2.0 
2.0 2.0 1.0 2.0 2.0 2.0 2.0 2.0 2.0 1.0 2.0 2.0 1.0 0 1.0 2.0 2.0 2.0 2.0 2.0 2.0 1.0 2.0 1.0 2.0 2.0 2.0 2.0 1.0 2.0 2.0 2.0 2.0 2.0 2.0 2.0 2.0 1.0 2.0 1.0 2.0 1.0 2.0 1.0 2.0 2.0 1.0 1.0 1.0 2.0 1.0 2.0 1.0 2.0 2.0 1.0 2.0 2.0 2.0 2.0 2.0 1.0 1.0 2.0 2.0 2.0 2.0 2.0 
1.0 2.0 2.0 2.0 2.0 2.0 1.0 2.0 2.0 2.0 1.0 2.0 2.0 1.0 0 1.0 2.0 2.0 1.0 2.0 2.0 1.0 1.0 1.0 1.0 2.0 1.0 2.0 2.0 2.0 1.0 2.0 2.0 1.0 1.0 1.0 2.0 1.0 1.0 1.0 1.0 2.0 2.0 1.0 2.0 2.0 1.0 2.0 2.0 1.0 2.0 1.0 1.0 2.0 2.0 1.0 2.0 1.0 2.0 2.0 2.0 1.0 2.0 2.0 1.0 1.0 2.0 2.0 
1.0 2.0 1.0 2.0 2.0 2.0 1.0 2.0 2.0 1.0 2.0 2.0 2.0 2.0 1.0 0 1.0 2.0 2.0 2.0 2.0 2.0 1.0 2.0 2.0 2.0 2.0 2.0 2.0 2.0 1.0 2.0 2.0 2.0 2.0 2.0 2.0 1.0 2.0 2.0 1.0 2.0 2.0 2.0 2.0 1.0 2.0 2.0 2.0 2.0 2.0 1.0 2.0 2.0 1.0 2.0 1.0 1.0 1.0 1.0 1.0 1.0 2.0 1.0 2.0 1.0 2.0 1.0 
2.0 2.0 2.0 2.0 2.0 2.0 1.0 2.0 1.0 1.0 2.0 2.0 2.0 2.0 2.0 1.0 0 1.0 2.0 2.0 2.0 2.0 2.0 2.0 2.0 2.0 2.0 2.0 2.0 2.0 2.0 2.0 2.0 2.0 1.0 2.0 1.0 2.0 1.0 2.0 1.0 2.0 2.0 2.0 2.0 2.0 2.0 2.0 2.0 2.0 2.0 2.0 2.0 2.0 2.0 2.0 1.0 2.0 1.0 2.0 2.0 1.0 1.0 2.0 1.0 1.0 2.0 2.0 
2.0 2.0 2.0 1.0 2.0 2.0 2.0 1.0 2.0 2.0 2.0 2.0 2.0 2.0 2.0 2.0 1.0 0 1.0 2.0 1.0 1.0 2.0 1.0 2.0 2.0 2.0 2.0 1.0 2.0 2.0 2.0 1.0 2.0 1.0 2.0 2.0 2.0 2.0 2.0 2.0 2.0 1.0 1.0 2.0 1.0 2.0 2.0 2.0 2.0 2.0 1.0 2.0 2.0 2.0 1.0 1.0 2.0 1.0 1.0 2.0 1.0 1.0 2.0 1.0 2.0 2.0 2.0 
2.0 1.0 2.0 2.0 1.0 2.0 2.0 2.0 2.0 2.0 1.0 2.0 1.0 2.0 1.0 2.0 2.0 1.0 0 1.0 2.0 2.0 2.0 2.0 2.0 1.0 2.0 1.0 2.0 2.0 2.0 2.0 1.0 2.0 2.0 1.0 2.0 2.0 2.0 2.0 2.0 2.0 1.0 2.0 1.0 1.0 2.0 2.0 2.0 2.0 2.0 2.0 2.0 1.0 2.0 1.0 2.0 2.0 1.0 2.0 2.0 2.0 1.0 2.0 2.0 2.0 1.0 1.0 
2.0 1.0 2.0 2.0 2.0 2.0 2.0 2.0 2.0 2.0 2.0 1.0 1.0 2.0 2.0 2.0 2.0 2.0 1.0 0 1.0 2.0 2.0 2.0 1.0 2.0 1.0 2.0 2.0 2.0 1.0 2.0 1.0 1.0 1.0 2.0 1.0 1.0 2.0 2.0 1.0 2.0 1.0 1.0 2.0 1.0 2.0 2.0 1.0 2.0 2.0 2.0 1.0 2.0 2.0 2.0 2.0 1.0 2.0 2.0 2.0 1.0 1.0 2.0 1.0 1.0 2.0 1.0 
2.0 2.0 2.0 1.0 1.0 2.0 1.0 1.0 2.0 2.0 2.0 2.0 2.0 2.0 2.0 2.0 2.0 1.0 2.0 1.0 0 1.0 2.0 2.0 2.0 2.0 2.0 2.0 2.0 2.0 2.0 2.0 2.0 2.0 1.0 1.0 2.0 2.0 2.0 1.0 2.0 2.0 1.0 2.0 2.0 1.0 2.0 1.0 2.0 2.0 2.0 2.0 2.0 2.0 2.0 1.0 2.0 1.0 2.0 1.0 2.0 1.0 2.0 2.0 2.0 2.0 2.0 1.0 
2.0 2.0 2.0 2.0 2.0 1.0 2.0 2.0 2.0 2.0 2.0 1.0 2.0 1.0 1.0 2.0 2.0 1.0 2.0 2.0 1.0 0 1.0 2.0 2.0 2.0 2.0 2.0 1.0 1.0 2.0 1.0 2.0 1.0 2.0 1.0 2.0 2.0 2.0 2.0 1.0 1.0 2.0 2.0 2.0 1.0 1.0 2.0 2.0 2.0 2.0 2.0 2.0 2.0 1.0 2.0 2.0 2.0 1.0 2.0 2.0 2.0 1.0 2.0 2.0 2.0 1.0 2.0 
1.0 2.0 2.0 2.0 2.0 1.0 1.0 1.0 1.0 2.0 2.0 2.0 2.0 2.0 1.0 1.0 2.0 2.0 2.0 2.0 2.0 1.0 0 1.0 2.0 2.0 2.0 1.0 2.0 2.0 2.0 2.0 2.0 2.0 2.0 1.0 1.0 2.0 2.0 1.0 2.0 2.0 2.0 1.0 2.0 2.0 2.0 1.0 2.0 1.0 2.0 1.0 2.0 2.0 1.0 2.0 1.0 2.0 2.0 1.0 2.0 2.0 2.0 2.0 2.0 2.0 2.0 1.0 
2.0 1.0 1.0 1.0 2.0 1.0 2.0 2.0 2.0 2.0 1.0 2.0 2.0 1.0 1.0 2.0 2.0 1.0 2.0 2.0 2.0 2.0 1.0 0 1.0 2.0 2.0 2.0 2.0 2.0 2.0 2.0 2.0 1.0 2.0 2.0 2.0 2.0 2.0 2.0 1.0 2.0 2.0 2.0 2.0 2.0 2.0 2.0 1.0 1.0 2.0 2.0 1.0 1.0 1.0 1.0 2.0 2.0 2.0 2.0 2.0 1.0 2.0 1.0 2.0 2.0 2.0 2.0 
2.0 2.0 2.0 2.0 1.0 1.0 2.0 2.0 1.0 2.0 2.0 2.0 2.0 2.0 1.0 2.0 2.0 2.0 2.0 1.0 2.0 2.0 2.0 1.0 0 1.0 1.0 2.0 2.0 1.0 1.0 2.0 2.0 2.0 2.0 1.0 2.0 2.0 2.0 2.0 2.0 1.0 2.0 1.0 2.0 2.0 1.0 2.0 2.0 1.0 1.0 1.0 2.0 2.0 2.0 2.0 1.0 2.0 1.0 1.0 2.0 2.0 2.0 2.0 2.0 2.0 1.0 2.0 
2.0 2.0 2.0 2.0 2.0 2.0 1.0 1.0 2.0 2.0 2.0 2.0 2.0 2.0 2.0 2.0 2.0 2.0 1.0 2.0 2.0 2.0 2.0 2.0 1.0 0 1.0 2.0 2.0 1.0 2.0 2.0 1.0 1.0 2.0 2.0 2.0 1.0 1.0 2.0 2.0 2.0 1.0 1.0 2.0 2.0 2.0 2.0 1.0 1.0 2.0 2.0 2.0 2.0 2.0 2.0 2.0 2.0 1.0 2.0 2.0 1.0 2.0 2.0 2.0 2.0 2.0 1.0 
2.0 2.0 2.0 2.0 2.0 2.0 2.0 1.0 1.0 2.0 2.0 2.0 2.0 2.0 1.0 2.0 2.0 2.0 2.0 1.0 2.0 2.0 2.0 2.0 1.0 1.0 0 1.0 2.0 2.0 2.0 1.0 2.0 2.0 1.0 1.0 2.0 1.0 2.0 1.0 2.0 1.0 2.0 2.0 1.0 2.0 2.0 2.0 2.0 1.0 1.0 2.0 1.0 2.0 1.0 1.0 1.0 1.0 2.0 1.0 2.0 2.0 1.0 2.0 1.0 2.0 2.0 1.0 
2.0 1.0 1.0 1.0 2.0 1.0 2.0 2.0 1.0 2.0 2.0 2.0 1.0 2.0 2.0 2.0 2.0 2.0 1.0 2.0 2.0 2.0 1.0 2.0 2.0 2.0 1.0 0 1.0 1.0 2.0 1.0 2.0 2.0 2.0 2.0 2.0 1.0 1.0 2.0 2.0 2.0 1.0 1.0 2.0 2.0 1.0 2.0 2.0 2.0 2.0 1.0 2.0 2.0 2.0 2.0 2.0 1.0 2.0 2.0 1.0 1.0 1.0 2.0 2.0 1.0 2.0 1.0 
1.0 2.0 1.0 1.0 2.0 1.0 2.0 2.0 2.0 2.0 2.0 2.0 2.0 1.0 2.0 2.0 2.0 1.0 2.0 2.0 2.0 1.0 2.0 2.0 2.0 2.0 2.0 1.0 0 1.0 2.0 2.0 2.0 2.0 2.0 1.0 2.0 2.0 2.0 2.0 2.0 2.0 2.0 1.0 1.0 2.0 2.0 1.0 2.0 2.0 2.0 2.0 1.0 2.0 2.0 1.0 1.0 2.0 1.0 2.0 2.0 2.0 2.0 2.0 2.0 2.0 2.0 1.0 
1.0 2.0 2.0 2.0 2.0 2.0 2.0 2.0 1.0 1.0 1.0 1.0 2.0 2.0 2.0 2.0 2.0 2.0 2.0 2.0 2.0 1.0 2.0 2.0 1.0 1.0 2.0 1.0 1.0 0 1.0 1.0 2.0 2.0 2.0 1.0 2.0 1.0 2.0 2.0 1.0 1.0 2.0 2.0 2.0 1.0 1.0 2.0 2.0 2.0 2.0 1.0 2.0 2.0 1.0 1.0 2.0 1.0 2.0 2.0 1.0 2.0 1.0 1.0 2.0 2.0 2.0 1.0 
2.0 2.0 2.0 2.0 2.0 1.0 1.0 2.0 1.0 1.0 2.0 2.0 2.0 2.0 1.0 1.0 2.0 2.0 2.0 1.0 2.0 2.0 2.0 2.0 1.0 2.0 2.0 2.0 2.0 1.0 0 1.0 1.0 1.0 1.0 1.0 2.0 2.0 2.0 1.0 1.0 2.0 2.0 1.0 2.0 2.0 2.0 2.0 2.0 2.0 1.0 2.0 2.0 1.0 2.0 2.0 2.0 1.0 1.0 2.0 2.0 1.0 1.0 2.0 2.0 1.0 2.0 2.0 
1.0 2.0 2.0 2.0 2.0 2.0 2.0 1.0 2.0 2.0 2.0 2.0 1.0 2.0 2.0 2.0 2.0 2.0 2.0 2.0 2.0 1.0 2.0 2.0 2.0 2.0 1.0 1.0 2.0 1.0 1.0 0 1.0 2.0 2.0 2.0 2.0 2.0 2.0 1.0 2.0 2.0 2.0 2.0 1.0 2.0 2.0 1.0 1.0 2.0 2.0 2.0 1.0 2.0 1.0 2.0 2.0 1.0 1.0 2.0 1.0 2.0 1.0 2.0 2.0 2.0 2.0 1.0 
2.0 2.0 2.0 2.0 2.0 2.0 1.0 2.0 2.0 2.0 1.0 2.0 2.0 2.0 2.0 2.0 2.0 1.0 1.0 1.0 2.0 2.0 2.0 2.0 2.0 1.0 2.0 2.0 2.0 2.0 1.0 1.0 0 1.0 2.0 2.0 2.0 2.0 1.0 2.0 2.0 2.0 2.0 2.0 2.0 1.0 2.0 2.0 2.0 1.0 2.0 1.0 1.0 1.0 1.0 2.0 2.0 1.0 1.0 2.0 2.0 2.0 2.0 1.0 2.0 1.0 1.0 1.0 
2.0 2.0 2.0 1.0 2.0 1.0 1.0 2.0 2.0 1.0 1.0 1.0 2.0 2.0 1.0 2.0 2.0 2.0 2.0 1.0 2.0 1.0 2.0 1.0 2.0 1.0 2.0 2.0 2.0 2.0 1.0 2.0 1.0 0 1.0 2.0 2.0 2.0 2.0 2.0 2.0 2.0 2.0 2.0 2.0 2.0 2.0 1.0 2.0 2.0 1.0 2.0 2.0 2.0 2.0 2.0 1.0 2.0 1.0 1.0 2.0 2.0 1.0 2.0 1.0 2.0 1.0 2.0 
1.0 2.0 2.0 1.0 2.0 1.0 2.0 1.0 2.0 1.0 1.0 1.0 2.0 2.0 1.0 2.0 1.0 1.0 2.0 1.0 1.0 2.0 2.0 2.0 2.0 2.0 1.0 2.0 2.0 2.0 1.0 2.0 2.0 1.0 0 1.0 2.0 2.0 2.0 1.0 2.0 2.0 2.0 2.0 1.0 1.0 2.0 2.0 1.0 2.0 2.0 2.0 1.0 1.0 1.0 1.0 2.0 1.0 1.0 2.0 2.0 2.0 1.0 2.0 2.0 2.0 2.0 2.0 
2.0 1.0 1.0 1.0 1.0 2.0 2.0 2.0 2.0 2.0 2.0 1.0 2.0 2.0 1.0 2.0 2.0 2.0 1.0 2.0 1.0 1.0 1.0 2.0 1.0 2.0 1.0 2.0 1.0 1.0 1.0 2.0 2.0 2.0 1.0 0 1.0 2.0 2.0 2.0 2.0 2.0 1.0 2.0 1.0 1.0 2.0 1.0 2.0 2.0 2.0 2.0 1.0 2.0 2.0 2.0 2.0 2.0 1.0 2.0 1.0 2.0 2.0 2.0 1.0 2.0 2.0 2.0 
2.0 2.0 1.0 2.0 2.0 2.0 2.0 1.0 2.0 2.0 1.0 2.0 2.0 2.0 2.0 2.0 1.0 2.0 2.0 1.0 2.0 2.0 1.0 2.0 2.0 2.0 2.0 2.0 2.0 2.0 2.0 2.0 2.0 2.0 2.0 1.0 0 1.0 2.0 2.0 1.0 2.0 2.0 2.0 1.0 2.0 2.0 1.0 2.0 1.0 1.0 1.0 2.0 1.0 1.0 1.0 2.0 1.0 1.0 2.0 2.0 2.0 1.0 2.0 1.0 2.0 2.0 2.0 
2.0 1.0 2.0 1.0 2.0 2.0 1.0 2.0 2.0 1.0 2.0 1.0 1.0 1.0 1.0 1.0 2.0 2.0 2.0 1.0 2.0 2.0 2.0 2.0 2.0 1.0 1.0 1.0 2.0 1.0 2.0 2.0 2.0 2.0 2.0 2.0 1.0 0 1.0 2.0 2.0 2.0 2.0 1.0 2.0 2.0 2.0 2.0 2.0 2.0 2.0 2.0 1.0 2.0 1.0 2.0 2.0 1.0 1.0 2.0 1.0 2.0 2.0 2.0 2.0 1.0 2.0 2.0 
1.0 1.0 2.0 1.0 2.0 2.0 2.0 1.0 2.0 1.0 2.0 2.0 2.0 2.0 1.0 2.0 1.0 2.0 2.0 2.0 2.0 2.0 2.0 2.0 2.0 1.0 2.0 1.0 2.0 2.0 2.0 2.0 1.0 2.0 2.0 2.0 2.0 1.0 0 1.0 1.0 2.0 2.0 2.0 1.0 2.0 2.0 2.0 2.0 1.0 2.0 2.0 1.0 1.0 1.0 2.0 2.0 2.0 2.0 1.0 1.0 2.0 1.0 2.0 1.0 2.0 2.0 2.0 
2.0 2.0 2.0 2.0 2.0 2.0 1.0 2.0 2.0 1.0 1.0 2.0 1.0 1.0 1.0 2.0 2.0 2.0 2.0 2.0 1.0 2.0 1.0 2.0 2.0 2.0 1.0 2.0 2.0 2.0 1.0 1.0 2.0 2.0 1.0 2.0 2.0 2.0 1.0 0 1.0 2.0 2.0 2.0 2.0 2.0 1.0 2.0 2.0 2.0 2.0 2.0 2.0 2.0 2.0 2.0 2.0 2.0 1.0 2.0 2.0 2.0 1.0 2.0 2.0 2.0 2.0 1.0 
1.0 2.0 2.0 1.0 1.0 2.0 1.0 2.0 2.0 2.0 2.0 2.0 2.0 2.0 1.0 1.0 1.0 2.0 2.0 1.0 2.0 1.0 2.0 1.0 2.0 2.0 2.0 2.0 2.0 1.0 1.0 2.0 2.0 2.0 2.0 2.0 1.0 2.0 1.0 1.0 0 1.0 2.0 2.0 2.0 2.0 2.0 1.0 1.0 2.0 1.0 1.0 2.0 2.0 2.0 1.0 1.0 1.0 2.0 2.0 2.0 2.0 2.0 2.0 2.0 1.0 2.0 1.0 
1.0 1.0 2.0 1.0 1.0 2.0 2.0 1.0 2.0 1.0 2.0 2.0 1.0 1.0 2.0 2.0 2.0 2.0 2.0 2.0 2.0 1.0 2.0 2.0 1.0 2.0 1.0 2.0 2.0 1.0 2.0 2.0 2.0 2.0 2.0 2.0 2.0 2.0 2.0 2.0 1.0 0 1.0 1.0 2.0 1.0 2.0 2.0 2.0 2.0 1.0 2.0 1.0 1.0 2.0 2.0 2.0 1.0 2.0 2.0 1.0 2.0 2.0 2.0 1.0 2.0 1.0 1.0 
2.0 1.0 2.0 2.0 2.0 2.0 2.0 2.0 2.0 2.0 2.0 2.0 2.0 2.0 2.0 2.0 2.0 1.0 1.0 1.0 1.0 2.0 2.0 2.0 2.0 1.0 2.0 1.0 2.0 2.0 2.0 2.0 2.0 2.0 2.0 1.0 2.0 2.0 2.0 2.0 2.0 1.0 0 1.0 2.0 2.0 2.0 2.0 2.0 2.0 1.0 2.0 1.0 2.0 2.0 2.0 2.0 1.0 2.0 2.0 2.0 2.0 2.0 2.0 2.0 2.0 2.0 2.0 
2.0 2.0 1.0 1.0 2.0 2.0 2.0 2.0 2.0 2.0 2.0 2.0 1.0 1.0 1.0 2.0 2.0 1.0 2.0 1.0 2.0 2.0 1.0 2.0 1.0 1.0 2.0 1.0 1.0 2.0 1.0 2.0 2.0 2.0 2.0 2.0 2.0 1.0 2.0 2.0 2.0 1.0 1.0 0 1.0 2.0 2.0 2.0 2.0 2.0 1.0 2.0 1.0 2.0 2.0 2.0 1.0 2.0 1.0 1.0 2.0 1.0 2.0 2.0 2.0 2.0 2.0 1.0 
1.0 2.0 1.0 1.0 1.0 1.0 2.0 2.0 1.0 2.0 2.0 1.0 2.0 2.0 2.0 2.0 2.0 2.0 1.0 2.0 2.0 2.0 2.0 2.0 2.0 2.0 1.0 2.0 1.0 2.0 2.0 1.0 2.0 2.0 1.0 1.0 1.0 2.0 1.0 2.0 2.0 2.0 2.0 1.0 0 1.0 2.0 2.0 2.0 1.0 1.0 2.0 1.0 1.0 2.0 1.0 2.0 1.0 2.0 2.0 1.0 1.0 1.0 2.0 2.0 2.0 1.0 1.0 
1.0 2.0 2.0 1.0 2.0 1.0 2.0 2.0 1.0 2.0 2.0 2.0 1.0 2.0 2.0 1.0 2.0 1.0 1.0 1.0 1.0 1.0 2.0 2.0 2.0 2.0 2.0 2.0 2.0 1.0 2.0 2.0 1.0 2.0 1.0 1.0 2.0 2.0 2.0 2.0 2.0 1.0 2.0 2.0 1.0 0 1.0 2.0 2.0 2.0 2.0 2.0 2.0 2.0 1.0 2.0 2.0 2.0 2.0 1.0 1.0 2.0 2.0 1.0 1.0 2.0 2.0 1.0 
1.0 2.0 2.0 1.0 2.0 2.0 2.0 2.0 1.0 2.0 2.0 2.0 1.0 1.0 1.0 2.0 2.0 2.0 2.0 2.0 2.0 1.0 2.0 2.0 1.0 2.0 2.0 1.0 2.0 1.0 2.0 2.0 2.0 2.0 2.0 2.0 2.0 2.0 2.0 1.0 2.0 2.0 2.0 2.0 2.0 1.0 0 1.0 2.0 2.0 1.0 2.0 2.0 2.0 1.0 2.0 1.0 1.0 1.0 2.0 2.0 2.0 1.0 2.0 2.0 2.0 1.0 1.0 
1.0 2.0 1.0 1.0 1.0 2.0 2.0 2.0 2.0 2.0 2.0 1.0 1.0 1.0 2.0 2.0 2.0 2.0 2.0 2.0 1.0 2.0 1.0 2.0 2.0 2.0 2.0 2.0 1.0 2.0 2.0 1.0 2.0 1.0 2.0 1.0 1.0 2.0 2.0 2.0 1.0 2.0 2.0 2.0 2.0 2.0 1.0 0 1.0 2.0 2.0 2.0 2.0 2.0 1.0 1.0 1.0 1.0 2.0 2.0 1.0 2.0 1.0 2.0 2.0 2.0 2.0 2.0 
2.0 1.0 2.0 2.0 2.0 1.0 2.0 1.0 2.0 2.0 2.0 2.0 1.0 1.0 2.0 2.0 2.0 2.0 2.0 1.0 2.0 2.0 2.0 1.0 2.0 1.0 2.0 2.0 2.0 2.0 2.0 1.0 2.0 2.0 1.0 2.0 2.0 2.0 2.0 2.0 1.0 2.0 2.0 2.0 2.0 2.0 2.0 1.0 0 1.0 2.0 2.0 2.0 2.0 1.0 1.0 1.0 2.0 1.0 1.0 2.0 2.0 2.0 2.0 2.0 2.0 2.0 1.0 
2.0 2.0 2.0 2.0 2.0 2.0 2.0 1.0 2.0 1.0 2.0 2.0 2.0 2.0 1.0 2.0 2.0 2.0 2.0 2.0 2.0 2.0 1.0 1.0 1.0 1.0 1.0 2.0 2.0 2.0 2.0 2.0 1.0 2.0 2.0 2.0 1.0 2.0 1.0 2.0 2.0 2.0 2.0 2.0 1.0 2.0 2.0 2.0 1.0 0 1.0 2.0 2.0 2.0 2.0 1.0 1.0 1.0 1.0 1.0 2.0 1.0 1.0 1.0 2.0 1.0 1.0 1.0 
2.0 2.0 2.0 1.0 1.0 2.0 1.0 2.0 1.0 2.0 2.0 2.0 2.0 1.0 2.0 2.0 2.0 2.0 2.0 2.0 2.0 2.0 2.0 2.0 1.0 2.0 1.0 2.0 2.0 2.0 1.0 2.0 2.0 1.0 2.0 2.0 1.0 2.0 2.0 2.0 1.0 1.0 1.0 1.0 1.0 2.0 1.0 2.0 2.0 1.0 0 1.0 2.0 2.0 2.0 2.0 1.0 1.0 2.0 2.0 1.0 2.0 1.0 1.0 2.0 2.0 1.0 2.0 
1.0 1.0 2.0 2.0 2.0 2.0 2.0 2.0 1.0 2.0 2.0 1.0 1.0 2.0 1.0 1.0 2.0 1.0 2.0 2.0 2.0 2.0 1.0 2.0 1.0 2.0 2.0 1.0 2.0 1.0 2.0 2.0 1.0 2.0 2.0 2.0 1.0 2.0 2.0 2.0 1.0 2.0 2.0 2.0 2.0 2.0 2.0 2.0 2.0 2.0 1.0 0 1.0 1.0 2.0 2.0 2.0 1.0 2.0 2.0 1.0 2.0 2.0 1.0 1.0 1.0 2.0 1.0 
1.0 1.0 2.0 2.0 2.0 2.0 1.0 1.0 2.0 2.0 1.0 1.0 2.0 1.0 1.0 2.0 2.0 2.0 2.0 1.0 2.0 2.0 2.0 1.0 2.0 2.0 1.0 2.0 1.0 2.0 2.0 1.0 1.0 2.0 1.0 1.0 2.0 1.0 1.0 2.0 2.0 1.0 1.0 1.0 1.0 2.0 2.0 2.0 2.0 2.0 2.0 1.0 0 1.0 2.0 2.0 2.0 2.0 1.0 2.0 2.0 2.0 2.0 1.0 1.0 1.0 1.0 2.0 
1.0 1.0 2.0 2.0 2.0 1.0 2.0 1.0 2.0 2.0 2.0 2.0 2.0 2.0 2.0 2.0 2.0 2.0 1.0 2.0 2.0 2.0 2.0 1.0 2.0 2.0 2.0 2.0 2.0 2.0 1.0 2.0 1.0 2.0 1.0 2.0 1.0 2.0 1.0 2.0 2.0 1.0 2.0 2.0 1.0 2.0 2.0 2.0 2.0 2.0 2.0 1.0 1.0 0 1.0 2.0 2.0 2.0 2.0 2.0 1.0 2.0 1.0 1.0 2.0 2.0 2.0 2.0 
1.0 2.0 2.0 2.0 2.0 2.0 1.0 2.0 2.0 2.0 1.0 1.0 2.0 2.0 2.0 1.0 2.0 2.0 2.0 2.0 2.0 1.0 1.0 1.0 2.0 2.0 1.0 2.0 2.0 1.0 2.0 1.0 1.0 2.0 1.0 2.0 1.0 1.0 1.0 2.0 2.0 2.0 2.0 2.0 2.0 1.0 1.0 1.0 1.0 2.0 2.0 2.0 2.0 1.0 0 1.0 1.0 2.0 2.0 2.0 2.0 2.0 2.0 2.0 1.0 2.0 1.0 2.0 
2.0 2.0 2.0 1.0 1.0 2.0 2.0 1.0 2.0 2.0 1.0 2.0 1.0 1.0 1.0 2.0 2.0 1.0 1.0 2.0 1.0 2.0 2.0 1.0 2.0 2.0 1.0 2.0 1.0 1.0 2.0 2.0 2.0 2.0 1.0 2.0 1.0 2.0 2.0 2.0 1.0 2.0 2.0 2.0 1.0 2.0 2.0 1.0 1.0 1.0 2.0 2.0 2.0 2.0 1.0 0 1.0 2.0 2.0 2.0 2.0 1.0 2.0 2.0 1.0 2.0 1.0 1.0 
2.0 2.0 2.0 2.0 1.0 2.0 2.0 1.0 2.0 2.0 2.0 2.0 2.0 2.0 2.0 1.0 1.0 1.0 2.0 2.0 2.0 2.0 1.0 2.0 1.0 2.0 1.0 2.0 1.0 2.0 2.0 2.0 2.0 1.0 2.0 2.0 2.0 2.0 2.0 2.0 1.0 2.0 2.0 1.0 2.0 2.0 1.0 1.0 1.0 1.0 1.0 2.0 2.0 2.0 1.0 1.0 0 1.0 2.0 2.0 2.0 1.0 2.0 2.0 2.0 1.0 1.0 2.0 
2.0 2.0 2.0 1.0 1.0 2.0 1.0 2.0 2.0 1.0 2.0 2.0 2.0 2.0 1.0 1.0 2.0 2.0 2.0 1.0 1.0 2.0 2.0 2.0 2.0 2.0 1.0 1.0 2.0 1.0 1.0 1.0 1.0 2.0 1.0 2.0 1.0 1.0 2.0 2.0 1.0 1.0 1.0 2.0 1.0 2.0 1.0 1.0 2.0 1.0 1.0 1.0 2.0 2.0 2.0 2.0 1.0 0 1.0 2.0 2.0 2.0 2.0 2.0 2.0 2.0 2.0 2.0 
2.0 1.0 1.0 1.0 2.0 2.0 2.0 2.0 1.0 1.0 1.0 2.0 1.0 2.0 2.0 1.0 1.0 1.0 1.0 2.0 2.0 1.0 2.0 2.0 1.0 1.0 2.0 2.0 1.0 2.0 1.0 1.0 1.0 1.0 1.0 1.0 1.0 1.0 2.0 1.0 2.0 2.0 2.0 1.0 2.0 2.0 1.0 2.0 1.0 1.0 2.0 2.0 1.0 2.0 2.0 2.0 2.0 1.0 0 1.0 2.0 2.0 2.0 2.0 1.0 1.0 2.0 2.0 
1.0 1.0 2.0 1.0 2.0 2.0 2.0 2.0 2.0 2.0 1.0 2.0 2.0 2.0 2.0 1.0 2.0 1.0 2.0 2.0 1.0 2.0 1.0 2.0 1.0 2.0 1.0 2.0 2.0 2.0 2.0 2.0 2.0 1.0 2.0 2.0 2.0 2.0 1.0 2.0 2.0 2.0 2.0 1.0 2.0 1.0 2.0 2.0 1.0 1.0 2.0 2.0 2.0 2.0 2.0 2.0 2.0 2.0 1.0 0 1.0 2.0 1.0 2.0 2.0 1.0 2.0 1.0 
2.0 2.0 2.0 1.0 1.0 2.0 1.0 2.0 2.0 1.0 2.0 1.0 1.0 2.0 2.0 1.0 2.0 2.0 2.0 2.0 2.0 2.0 2.0 2.0 2.0 2.0 2.0 1.0 2.0 1.0 2.0 1.0 2.0 2.0 2.0 1.0 2.0 1.0 1.0 2.0 2.0 1.0 2.0 2.0 1.0 1.0 2.0 1.0 2.0 2.0 1.0 1.0 2.0 1.0 2.0 2.0 2.0 2.0 2.0 1.0 0 1.0 2.0 1.0 2.0 1.0 2.0 2.0 
1.0 2.0 1.0 2.0 1.0 2.0 2.0 2.0 2.0 2.0 1.0 2.0 2.0 1.0 1.0 1.0 1.0 1.0 2.0 1.0 1.0 2.0 2.0 1.0 2.0 1.0 2.0 1.0 2.0 2.0 1.0 2.0 2.0 2.0 2.0 2.0 2.0 2.0 2.0 2.0 2.0 2.0 2.0 1.0 1.0 2.0 2.0 2.0 2.0 1.0 2.0 2.0 2.0 2.0 2.0 1.0 1.0 2.0 2.0 2.0 1.0 0 1.0 1.0 2.0 2.0 1.0 1.0 
1.0 2.0 2.0 1.0 2.0 1.0 1.0 2.0 1.0 2.0 2.0 2.0 1.0 1.0 2.0 2.0 1.0 1.0 1.0 1.0 2.0 1.0 2.0 2.0 2.0 2.0 1.0 1.0 2.0 1.0 1.0 1.0 2.0 1.0 1.0 2.0 1.0 2.0 1.0 1.0 2.0 2.0 2.0 2.0 1.0 2.0 1.0 1.0 2.0 1.0 1.0 2.0 2.0 1.0 2.0 2.0 2.0 2.0 2.0 1.0 2.0 1.0 0 1.0 2.0 2.0 2.0 1.0 
1.0 2.0 1.0 2.0 1.0 1.0 2.0 2.0 2.0 1.0 1.0 2.0 2.0 2.0 2.0 1.0 2.0 2.0 2.0 2.0 2.0 2.0 2.0 1.0 2.0 2.0 2.0 2.0 2.0 1.0 2.0 2.0 1.0 2.0 2.0 2.0 2.0 2.0 2.0 2.0 2.0 2.0 2.0 2.0 2.0 1.0 2.0 2.0 2.0 1.0 1.0 1.0 1.0 1.0 2.0 2.0 2.0 2.0 2.0 2.0 1.0 1.0 1.0 0 1.0 2.0 2.0 1.0 
2.0 2.0 1.0 2.0 2.0 2.0 1.0 2.0 2.0 2.0 2.0 2.0 2.0 2.0 1.0 2.0 1.0 1.0 2.0 1.0 2.0 2.0 2.0 2.0 2.0 2.0 1.0 2.0 2.0 2.0 2.0 2.0 2.0 1.0 2.0 1.0 1.0 2.0 1.0 2.0 2.0 1.0 2.0 2.0 2.0 1.0 2.0 2.0 2.0 2.0 2.0 1.0 1.0 2.0 1.0 1.0 2.0 2.0 1.0 2.0 2.0 2.0 2.0 1.0 0 2.0 2.0 1.0 
2.0 2.0 2.0 2.0 2.0 1.0 2.0 1.0 2.0 1.0 1.0 2.0 1.0 2.0 1.0 1.0 1.0 2.0 2.0 1.0 2.0 2.0 2.0 2.0 2.0 2.0 2.0 1.0 2.0 2.0 1.0 2.0 1.0 2.0 2.0 2.0 2.0 1.0 2.0 2.0 1.0 2.0 2.0 2.0 2.0 2.0 2.0 2.0 2.0 1.0 2.0 1.0 1.0 2.0 2.0 2.0 1.0 2.0 1.0 1.0 1.0 2.0 2.0 2.0 2.0 0 1.0 1.0 
2.0 2.0 2.0 2.0 2.0 1.0 2.0 2.0 2.0 2.0 1.0 1.0 2.0 2.0 2.0 2.0 2.0 2.0 1.0 2.0 2.0 1.0 2.0 2.0 1.0 2.0 2.0 2.0 2.0 2.0 2.0 2.0 1.0 1.0 2.0 2.0 2.0 2.0 2.0 2.0 2.0 1.0 2.0 2.0 1.0 2.0 1.0 2.0 2.0 1.0 1.0 2.0 1.0 2.0 1.0 1.0 1.0 2.0 2.0 2.0 2.0 1.0 2.0 2.0 2.0 1.0 0 2.0 
1.0 2.0 1.0 2.0 2.0 1.0 2.0 1.0 1.0 2.0 1.0 2.0 2.0 2.0 2.0 1.0 2.0 2.0 1.0 1.0 1.0 2.0 1.0 2.0 2.0 1.0 1.0 1.0 1.0 1.0 2.0 1.0 1.0 2.0 2.0 2.0 2.0 2.0 2.0 1.0 1.0 1.0 2.0 1.0 1.0 1.0 1.0 2.0 1.0 1.0 2.0 1.0 2.0 2.0 2.0 1.0 2.0 2.0 2.0 1.0 2.0 1.0 1.0 1.0 1.0 1.0 2.0 0 
