54
ChiOmega SigmaKappa AlphaChi BerkeleyHigh BerkeleyHillel Jupiter InternationalHouse DeltaDelta Venus BayStreet Saturn Mars Compton AlphaCentauri Pomona Gregoire Perris Ashby Upland Emeryville Chino Whittier Fontana SouthGate SanBernardino Tijuana SanDiego SanMiguel MexicoCity Guadalajara Tuxcacuesco Talpa Jalisco TripleRock ElGrullo Myto Tuhuamixtel Kips Tang Rasputin DKingGallery CREAM Tako BAMPFA Cancun Platano FantasticComics SantaBarbara LosAngeles CafeTibet Sacramento VictoryPoint Bechtel Soda
0 1.0 2.0 1.0 2.0 1.0 2.0 2.0 1.0 1.0 2.0 2.0 2.0 1.0 1.0 1.0 2.0 2.0 2.0 1.0 2.0 2.0 1.0 2.0 1.0 2.0 1.0 2.0 1.0 2.0 2.0 2.0 1.0 1.0 1.0 1.0 2.0 2.0 1.0 2.0 1.0 2.0 1.0 2.0 1.0 1.0 2.0 2.0 2.0 1.0 1.0 1.0 1.0 1.0 
1.0 0 1.0 2.0 2.0 1.0 1.0 1.0 2.0 1.0 2.0 2.0 1.0 1.0 2.0 1.0 1.0 1.0 2.0 2.0 1.0 2.0 1.0 2.0 1.0 2.0 1.0 2.0 2.0 2.0 2.0 2.0 1.0 2.0 1.0 2.0 2.0 2.0 1.0 1.0 2.0 2.0 1.0 2.0 1.0 1.0 2.0 2.0 2.0 1.0 2.0 1.0 1.0 2.0 
2.0 1.0 0 1.0 2.0 2.0 2.0 2.0 2.0 1.0 2.0 1.0 2.0 1.0 1.0 2.0 2.0 1.0 1.0 1.0 1.0 1.0 2.0 2.0 2.0 1.0 1.0 2.0 2.0 1.0 1.0 1.0 1.0 2.0 1.0 1.0 1.0 1.0 1.0 1.0 1.0 1.0 2.0 2.0 2.0 1.0 2.0 1.0 1.0 1.0 2.0 2.0 2.0 2.0 
1.0 2.0 1.0 0 1.0 1.0 2.0 2.0 2.0 2.0 2.0 1.0 1.0 1.0 1.0 2.0 2.0 1.0 2.0 2.0 1.0 1.0 2.0 2.0 2.0 1.0 2.0 1.0 2.0 2.0 2.0 1.0 2.0 2.0 1.0 2.0 2.0 2.0 1.0 2.0 1.0 1.0 2.0 1.0 1.0 1.0 1.0 1.0 1.0 2.0 2.0 1.0 1.0 1.0 
2.0 2.0 2.0 1.0 0 1.0 2.0 2.0 1.0 2.0 1.0 2.0 2.0 2.0 1.0 1.0 1.0 2.0 2.0 1.0 2.0 2.0 2.0 1.0 2.0 1.0 1.0 1.0 2.0 2.0 2.0 2.0 1.0 1.0 1.0 1.0 1.0 1.0 1.0 2.0 2.0 2.0 1.0 1.0 1.0 1.0 2.0 2.0 1.0 2.0 1.0 1.0 2.0 1.0 
1.0 1.0 2.0 1.0 1.0 0 1.0 2.0 1.0 2.0 2.0 2.0 1.0 2.0 1.0 2.0 1.0 2.0 1.0 2.0 2.0 1.0 2.0 1.0 1.0 1.0 2.0 2.0 1.0 2.0 2.0 1.0 2.0 2.0 1.0 1.0 2.0 1.0 2.0 1.0 2.0 1.0 2.0 2.0 2.0 2.0 2.0 2.0 1.0 2.0 2.0 1.0 2.0 2.0 
2.0 1.0 2.0 2.0 2.0 1.0 0 1.0 1.0 2.0 2.0 1.0 1.0 2.0 1.0 2.0 1.0 2.0 2.0 1.0 2.0 1.0 2.0 2.0 1.0 2.0 2.0 1.0 2.0 2.0 1.0 2.0 2.0 1.0 2.0 2.0 1.0 2.0 1.0 1.0 2.0 2.0 2.0 2.0 1.0 1.0 1.0 1.0 2.0 2.0 1.0 2.0 1.0 1.0 
2.0 1.0 2.0 2.0 2.0 2.0 1.0 0 1.0 2.0 1.0 2.0 2.0 2.0 1.0 2.0 2.0 2.0 1.0 2.0 1.0 1.0 1.0 1.0 1.0 1.0 2.0 1.0 1.0 1.0 1.0 1.0 1.0 1.0 1.0 1.0 2.0 1.0 2.0 2.0 2.0 2.0 2.0 1.0 1.0 2.0 1.0 2.0 2.0 2.0 2.0 2.0 2.0 2.0 
1.0 2.0 2.0 2.0 1.0 1.0 1.0 1.0 0 1.0 2.0 2.0 2.0 2.0 1.0 2.0 2.0 1.0 2.0 2.0 2.0 2.0 1.0 2.0 1.0 2.0 2.0 1.0 2.0 2.0 1.0 1.0 1.0 2.0 2.0 1.0 2.0 2.0 2.0 1.0 2.0 1.0 1.0 2.0 1.0 1.0 1.0 2.0 1.0 1.0 1.0 1.0 2.0 1.0 
1.0 1.0 1.0 2.0 2.0 2.0 2.0 2.0 1.0 0 1.0 2.0 1.0 1.0 2.0 1.0 1.0 1.0 1.0 2.0 1.0 2.0 2.0 1.0 1.0 2.0 1.0 2.0 2.0 1.0 2.0 1.0 2.0 1.0 1.0 2.0 2.0 1.0 2.0 2.0 1.0 2.0 1.0 2.0 2.0 1.0 2.0 2.0 1.0 1.0 2.0 2.0 1.0 2.0 
2.0 2.0 2.0 2.0 1.0 2.0 2.0 1.0 2.0 1.0 0 1.0 2.0 1.0 1.0 2.0 2.0 2.0 2.0 1.0 2.0 1.0 2.0 2.0 1.0 2.0 1.0 2.0 2.0 1.0 2.0 1.0 1.0 1.0 1.0 1.0 2.0 2.0 1.0 1.0 2.0 1.0 1.0 2.0 2.0 1.0 2.0 1.0 1.0 2.0 2.0 2.0 1.0 1.0 
2.0 2.0 1.0 1.0 2.0 2.0 1.0 2.0 2.0 2.0 1.0 0 1.0 2.0 2.0 2.0 2.0 2.0 1.0 2.0 2.0 2.0 2.0 1.0 1.0 2.0 2.0 2.0 2.0 1.0 1.0 1.0 2.0 1.0 1.0 2.0 1.0 2.0 2.0 2.0 2.0 1.0 2.0 2.0 1.0 2.0 2.0 1.0 1.0 1.0 1.0 1.0 2.0 2.0 
2.0 1.0 2.0 1.0 2.0 1.0 1.0 2.0 2.0 1.0 2.0 1.0 0 1.0 1.0 2.0 2.0 1.0 2.0 2.0 2.0 1.0 2.0 2.0 2.0 1.0 2.0 1.0 1.0 2.0 2.0 2.0 2.0 1.0 2.0 2.0 1.0 1.0 2.0 2.0 2.0 2.0 2.0 2.0 2.0 2.0 1.0 2.0 1.0 1.0 2.0 2.0 2.0 2.0 
1.0 1.0 1.0 1.0 2.0 2.0 2.0 2.0 2.0 1.0 1.0 2.0 1.0 0 1.0 2.0 2.0 2.0 1.0 2.0 1.0 2.0 2.0 1.0 2.0 1.0 2.0 1.0 1.0 1.0 2.0 2.0 1.0 1.0 1.0 2.0 1.0 1.0 2.0 2.0 1.0 1.0 2.0 2.0 2.0 1.0 2.0 2.0 1.0 2.0 1.0 2.0 2.0 2.0 
1.0 2.0 1.0 1.0 1.0 1.0 1.0 1.0 1.0 2.0 1.0 2.0 1.0 1.0 0 1.0 2.0 1.0 1.0 1.0 1.0 2.0 2.0 1.0 2.0 2.0 2.0 1.0 1.0 1.0 1.0 1.0 2.0 1.0 1.0 2.0 1.0 2.0 2.0 2.0 1.0 1.0 2.0 2.0 1.0 2.0 1.0 1.0 2.0 1.0 1.0 2.0 1.0 1.0 
1.0 1.0 2.0 2.0 1.0 2.0 2.0 2.0 2.0 1.0 2.0 2.0 2.0 2.0 1.0 0 1.0 2.0 1.0 2.0 1.0 1.0 2.0 1.0 2.0 2.0 1.0 1.0 2.0 2.0 1.0 1.0 1.0 1.0 1.0 1.0 1.0 2.0 2.0 1.0 1.0 2.0 2.0 2.0 2.0 1.0 1.0 2.0 1.0 2.0 1.0 1.0 1.0 1.0 
2.0 1.0 2.0 2.0 1.0 1.0 1.0 2.0 2.0 1.0 2.0 2.0 2.0 2.0 2.0 1.0 0 1.0 1.0 2.0 2.0 1.0 1.0 2.0 2.0 2.0 2.0 1.0 2.0 2.0 2.0 1.0 1.0 1.0 2.0 2.0 2.0 1.0 2.0 1.0 1.0 2.0 2.0 1.0 2.0 2.0 2.0 2.0 2.0 2.0 2.0 2.0 2.0 1.0 
2.0 1.0 1.0 1.0 2.0 2.0 2.0 2.0 1.0 1.0 2.0 2.0 1.0 2.0 1.0 2.0 1.0 0 1.0 2.0 2.0 2.0 2.0 1.0 2.0 2.0 2.0 2.0 1.0 2.0 2.0 2.0 1.0 1.0 2.0 2.0 1.0 2.0 1.0 1.0 2.0 2.0 1.0 1.0 2.0 1.0 2.0 1.0 1.0 1.0 1.0 1.0 1.0 2.0 
2.0 2.0 1.0 2.0 2.0 1.0 2.0 1.0 2.0 1.0 2.0 1.0 2.0 1.0 1.0 1.0 1.0 1.0 0 1.0 1.0 1.0 1.0 2.0 2.0 1.0 2.0 1.0 1.0 2.0 2.0 2.0 2.0 1.0 2.0 2.0 2.0 1.0 2.0 1.0 2.0 1.0 1.0 1.0 1.0 2.0 2.0 1.0 2.0 2.0 1.0 2.0 2.0 1.0 
1.0 2.0 1.0 2.0 1.0 2.0 1.0 2.0 2.0 2.0 1.0 2.0 2.0 2.0 1.0 2.0 2.0 2.0 1.0 0 1.0 1.0 2.0 1.0 2.0 1.0 2.0 1.0 2.0 1.0 1.0 1.0 2.0 1.0 2.0 2.0 2.0 1.0 1.0 1.0 2.0 2.0 2.0 1.0 1.0 2.0 2.0 1.0 2.0 2.0 2.0 1.0 1.0 2.0 
2.0 1.0 1.0 1.0 2.0 2.0 2.0 1.0 2.0 1.0 2.0 2.0 2.0 1.0 1.0 1.0 2.0 2.0 1.0 1.0 0 1.0 2.0 2.0 2.0 1.0 1.0 2.0 2.0 1.0 1.0 2.0 1.0 2.0 2.0 2.0 1.0 2.0 2.0 2.0 1.0 1.0 2.0 2.0 1.0 1.0 1.0 2.0 2.0 1.0 1.0 1.0 1.0 2.0 
2.0 2.0 1.0 1.0 2.0 1.0 1.0 1.0 2.0 2.0 1.0 2.0 1.0 2.0 2.0 1.0 1.0 2.0 1.0 1.0 1.0 0 1.0 2.0 2.0 2.0 1.0 2.0 2.0 2.0 1.0 1.0 1.0 2.0 1.0 2.0 1.0 1.0 2.0 1.0 2.0 1.0 1.0 1.0 2.0 1.0 2.0 1.0 2.0 2.0 1.0 1.0 2.0 1.0 
1.0 1.0 2.0 2.0 2.0 2.0 2.0 1.0 1.0 2.0 2.0 2.0 2.0 2.0 2.0 2.0 1.0 2.0 1.0 2.0 2.0 1.0 0 1.0 2.0 2.0 2.0 2.0 2.0 1.0 2.0 1.0 2.0 2.0 2.0 1.0 1.0 1.0 1.0 2.0 1.0 2.0 2.0 1.0 2.0 1.0 1.0 1.0 1.0 1.0 1.0 2.0 1.0 1.0 
2.0 2.0 2.0 2.0 1.0 1.0 2.0 1.0 2.0 1.0 2.0 1.0 2.0 1.0 1.0 1.0 2.0 1.0 2.0 1.0 2.0 2.0 1.0 0 1.0 1.0 1.0 2.0 2.0 1.0 1.0 1.0 1.0 1.0 2.0 1.0 2.0 2.0 2.0 1.0 1.0 1.0 1.0 2.0 1.0 2.0 2.0 2.0 2.0 2.0 1.0 2.0 2.0 2.0 
1.0 1.0 2.0 2.0 2.0 1.0 1.0 1.0 1.0 1.0 1.0 1.0 2.0 2.0 2.0 2.0 2.0 2.0 2.0 2.0 2.0 2.0 2.0 1.0 0 1.0 1.0 1.0 2.0 2.0 2.0 2.0 2.0 2.0 2.0 2.0 1.0 1.0 1.0 2.0 2.0 1.0 1.0 2.0 1.0 1.0 1.0 2.0 1.0 2.0 1.0 1.0 2.0 2.0 
2.0 2.0 1.0 1.0 1.0 1.0 2.0 1.0 2.0 2.0 2.0 2.0 1.0 1.0 2.0 2.0 2.0 2.0 1.0 1.0 1.0 2.0 2.0 1.0 1.0 0 1.0 1.0 1.0 2.0 1.0 1.0 2.0 1.0 1.0 2.0 2.0 2.0 1.0 1.0 1.0 2.0 2.0 1.0 1.0 1.0 2.0 2.0 1.0 2.0 2.0 2.0 2.0 1.0 
1.0 1.0 1.0 2.0 1.0 2.0 2.0 2.0 2.0 1.0 1.0 2.0 2.0 2.0 2.0 1.0 2.0 2.0 2.0 2.0 1.0 1.0 2.0 1.0 1.0 1.0 0 1.0 1.0 2.0 1.0 2.0 2.0 2.0 1.0 1.0 2.0 2.0 2.0 1.0 1.0 1.0 2.0 2.0 1.0 1.0 1.0 1.0 1.0 2.0 2.0 1.0 2.0 2.0 
2.0 2.0 2.0 1.0 1.0 2.0 1.0 1.0 1.0 2.0 2.0 2.0 1.0 1.0 1.0 1.0 1.0 2.0 1.0 1.0 2.0 2.0 2.0 2.0 1.0 1.0 1.0 0 1.0 2.0 2.0 2.0 2.0 2.0 2.0 2.0 2.0 2.0 1.0 1.0 2.0 2.0 1.0 2.0 1.0 1.0 2.0 1.0 2.0 2.0 1.0 1.0 1.0 2.0 
1.0 2.0 2.0 2.0 2.0 1.0 2.0 1.0 2.0 2.0 2.0 2.0 1.0 1.0 1.0 2.0 2.0 1.0 1.0 2.0 2.0 2.0 2.0 2.0 2.0 1.0 1.0 1.0 0 1.0 2.0 1.0 2.0 1.0 2.0 2.0 2.0 2.0 1.0 1.0 2.0 2.0 1.0 2.0 1.0 1.0 1.0 2.0 1.0 1.0 1.0 2.0 1.0 1.0 
2.0 2.0 1.0 2.0 2.0 2.0 2.0 1.0 2.0 1.0 1.0 1.0 2.0 1.0 1.0 2.0 2.0 2.0 2.0 1.0 1.0 2.0 1.0 1.0 2.0 2.0 2.0 2.0 1.0 0 1.0 2.0 2.0 2.0 1.0 1.0 1.0 1.0 2.0 1.0 2.0 1.0 1.0 2.0 1.0 2.0 1.0 2.0 1.0 2.0 2.0 2.0 1.0 2.0 
2.0 2.0 1.0 2.0 2.0 2.0 1.0 1.0 1.0 2.0 2.0 1.0 2.0 2.0 1.0 1.0 2.0 2.0 2.0 1.0 1.0 1.0 2.0 1.0 2.0 1.0 1.0 2.0 2.0 1.0 0 1.0 2.0 1.0 2.0 2.0 2.0 1.0 2.0 2.0 2.0 1.0 2.0 2.0 1.0 2.0 2.0 2.0 2.0 1.0 2.0 2.0 2.0 2.0 
2.0 2.0 1.0 1.0 2.0 1.0 2.0 1.0 1.0 1.0 1.0 1.0 2.0 2.0 1.0 1.0 1.0 2.0 2.0 1.0 2.0 1.0 1.0 1.0 2.0 1.0 2.0 2.0 1.0 2.0 1.0 0 1.0 2.0 1.0 1.0 1.0 1.0 1.0 2.0 1.0 1.0 1.0 2.0 1.0 1.0 2.0 2.0 1.0 1.0 2.0 1.0 2.0 2.0 
1.0 1.0 1.0 2.0 1.0 2.0 2.0 1.0 1.0 2.0 1.0 2.0 2.0 1.0 2.0 1.0 1.0 1.0 2.0 2.0 1.0 1.0 2.0 1.0 2.0 2.0 2.0 2.0 2.0 2.0 2.0 1.0 0 1.0 2.0 2.0 2.0 2.0 2.0 1.0 1.0 1.0 1.0 2.0 2.0 1.0 2.0 1.0 1.0 1.0 2.0 1.0 1.0 1.0 
1.0 2.0 2.0 2.0 1.0 2.0 1.0 1.0 2.0 1.0 1.0 1.0 1.0 1.0 1.0 1.0 1.0 1.0 1.0 1.0 2.0 2.0 2.0 1.0 2.0 1.0 2.0 2.0 1.0 2.0 1.0 2.0 1.0 0 1.0 1.0 1.0 1.0 2.0 2.0 2.0 1.0 1.0 1.0 2.0 1.0 1.0 2.0 2.0 1.0 1.0 2.0 1.0 1.0 
1.0 1.0 1.0 1.0 1.0 1.0 2.0 1.0 2.0 1.0 1.0 1.0 2.0 1.0 1.0 1.0 2.0 2.0 2.0 2.0 2.0 1.0 2.0 2.0 2.0 1.0 1.0 2.0 2.0 1.0 2.0 1.0 2.0 1.0 0 1.0 2.0 1.0 1.0 1.0 2.0 1.0 2.0 1.0 1.0 2.0 2.0 2.0 1.0 2.0 2.0 1.0 2.0 1.0 
1.0 2.0 1.0 2.0 1.0 1.0 2.0 1.0 1.0 2.0 1.0 2.0 2.0 2.0 2.0 1.0 2.0 2.0 2.0 2.0 2.0 2.0 1.0 1.0 2.0 2.0 1.0 2.0 2.0 1.0 2.0 1.0 2.0 1.0 1.0 0 1.0 2.0 2.0 2.0 1.0 1.0 1.0 1.0 1.0 2.0 2.0 2.0 2.0 1.0 2.0 1.0 1.0 1.0 
2.0 2.0 1.0 2.0 1.0 2.0 1.0 2.0 2.0 2.0 2.0 1.0 1.0 1.0 1.0 1.0 2.0 1.0 2.0 2.0 1.0 1.0 1.0 2.0 1.0 2.0 2.0 2.0 2.0 1.0 2.0 1.0 2.0 1.0 2.0 1.0 0 1.0 1.0 2.0 1.0 2.0 2.0 1.0 1.0 1.0 1.0 2.0 1.0 2.0 2.0 1.0 1.0 2.0 
2.0 2.0 1.0 2.0 1.0 1.0 2.0 1.0 2.0 1.0 2.0 2.0 1.0 1.0 2.0 2.0 1.0 2.0 1.0 1.0 2.0 1.0 1.0 2.0 1.0 2.0 2.0 2.0 2.0 1.0 1.0 1.0 2.0 1.0 1.0 2.0 1.0 0 1.0 2.0 1.0 2.0 2.0 2.0 2.0 2.0 2.0 2.0 1.0 1.0 2.0 2.0 1.0 2.0 
1.0 1.0 1.0 1.0 1.0 2.0 1.0 2.0 2.0 2.0 1.0 2.0 2.0 2.0 2.0 2.0 2.0 1.0 2.0 1.0 2.0 2.0 1.0 2.0 1.0 1.0 2.0 1.0 1.0 2.0 2.0 1.0 2.0 2.0 1.0 2.0 1.0 1.0 0 1.0 1.0 2.0 2.0 2.0 2.0 1.0 1.0 1.0 2.0 1.0 2.0 2.0 1.0 1.0 
2.0 1.0 1.0 2.0 2.0 1.0 1.0 2.0 1.0 2.0 1.0 2.0 2.0 2.0 2.0 1.0 1.0 1.0 1.0 1.0 2.0 1.0 2.0 1.0 2.0 1.0 1.0 1.0 1.0 1.0 2.0 2.0 1.0 2.0 1.0 2.0 2.0 2.0 1.0 0 1.0 2.0 2.0 1.0 2.0 1.0 1.0 1.0 2.0 1.0 1.0 2.0 1.0 2.0 
1.0 2.0 1.0 1.0 2.0 2.0 2.0 2.0 2.0 1.0 2.0 2.0 2.0 1.0 1.0 1.0 1.0 2.0 2.0 2.0 1.0 2.0 1.0 1.0 2.0 1.0 1.0 2.0 2.0 2.0 2.0 1.0 1.0 2.0 2.0 1.0 1.0 1.0 1.0 1.0 0 1.0 1.0 2.0 1.0 2.0 2.0 2.0 1.0 1.0 1.0 2.0 2.0 1.0 
2.0 2.0 1.0 1.0 2.0 1.0 2.0 2.0 1.0 2.0 1.0 1.0 2.0 1.0 1.0 2.0 2.0 2.0 1.0 2.0 1.0 1.0 2.0 1.0 1.0 2.0 1.0 2.0 2.0 1.0 1.0 1.0 1.0 1.0 1.0 1.0 2.0 2.0 2.0 2.0 1.0 0 1.0 1.0 1.0 1.0 1.0 1.0 1.0 2.0 2.0 2.0 2.0 2.0 
1.0 1.0 2.0 2.0 1.0 2.0 2.0 2.0 1.0 1.0 1.0 2.0 2.0 2.0 2.0 2.0 2.0 1.0 1.0 2.0 2.0 1.0 2.0 1.0 1.0 2.0 2.0 1.0 1.0 1.0 2.0 1.0 1.0 1.0 2.0 1.0 2.0 2.0 2.0 2.0 1.0 1.0 0 1.0 2.0 2.0 1.0 2.0 1.0 2.0 1.0 1.0 2.0 2.0 
2.0 2.0 2.0 1.0 1.0 2.0 2.0 1.0 2.0 2.0 2.0 2.0 2.0 2.0 2.0 2.0 1.0 1.0 1.0 1.0 2.0 1.0 1.0 2.0 2.0 1.0 2.0 2.0 2.0 2.0 2.0 2.0 2.0 1.0 1.0 1.0 1.0 2.0 2.0 1.0 2.0 1.0 1.0 0 1.0 1.0 1.0 2.0 1.0 1.0 2.0 1.0 2.0 1.0 
1.0 1.0 2.0 1.0 1.0 2.0 1.0 1.0 1.0 2.0 2.0 1.0 2.0 2.0 1.0 2.0 2.0 2.0 1.0 1.0 1.0 2.0 2.0 1.0 1.0 1.0 1.0 1.0 1.0 1.0 1.0 1.0 2.0 2.0 1.0 1.0 1.0 2.0 2.0 2.0 1.0 1.0 2.0 1.0 0 1.0 1.0 2.0 2.0 2.0 1.0 2.0 1.0 2.0 
1.0 1.0 1.0 1.0 1.0 2.0 1.0 2.0 1.0 1.0 1.0 2.0 2.0 1.0 2.0 1.0 2.0 1.0 2.0 2.0 1.0 1.0 1.0 2.0 1.0 1.0 1.0 1.0 1.0 2.0 2.0 1.0 1.0 1.0 2.0 2.0 1.0 2.0 1.0 1.0 2.0 1.0 2.0 1.0 1.0 0 1.0 1.0 1.0 2.0 1.0 1.0 1.0 1.0 
2.0 2.0 2.0 1.0 2.0 2.0 1.0 1.0 1.0 2.0 2.0 2.0 1.0 2.0 1.0 1.0 2.0 2.0 2.0 2.0 1.0 2.0 1.0 2.0 1.0 2.0 1.0 2.0 1.0 1.0 2.0 2.0 2.0 1.0 2.0 2.0 1.0 2.0 1.0 1.0 2.0 1.0 1.0 1.0 1.0 1.0 0 1.0 2.0 2.0 1.0 2.0 1.0 2.0 
2.0 2.0 1.0 1.0 2.0 2.0 1.0 2.0 2.0 2.0 1.0 1.0 2.0 2.0 1.0 2.0 2.0 1.0 1.0 1.0 2.0 1.0 1.0 2.0 2.0 2.0 1.0 1.0 2.0 2.0 2.0 2.0 1.0 2.0 2.0 2.0 2.0 2.0 1.0 1.0 2.0 1.0 2.0 2.0 2.0 1.0 1.0 0 1.0 2.0 2.0 2.0 1.0 1.0 
2.0 2.0 1.0 1.0 1.0 1.0 2.0 2.0 1.0 1.0 1.0 1.0 1.0 1.0 2.0 1.0 2.0 1.0 2.0 2.0 2.0 2.0 1.0 2.0 1.0 1.0 1.0 2.0 1.0 1.0 2.0 1.0 1.0 2.0 1.0 2.0 1.0 1.0 2.0 2.0 1.0 1.0 1.0 1.0 2.0 1.0 2.0 1.0 0 1.0 2.0 2.0 2.0 2.0 
1.0 1.0 1.0 2.0 2.0 2.0 2.0 2.0 1.0 1.0 2.0 1.0 1.0 2.0 1.0 2.0 2.0 1.0 2.0 2.0 1.0 2.0 1.0 2.0 2.0 2.0 2.0 2.0 1.0 2.0 1.0 1.0 1.0 1.0 2.0 1.0 2.0 1.0 1.0 1.0 1.0 2.0 2.0 1.0 2.0 2.0 2.0 2.0 1.0 0 1.0 2.0 1.0 2.0 
1.0 2.0 2.0 2.0 1.0 2.0 1.0 2.0 1.0 2.0 2.0 1.0 2.0 1.0 1.0 1.0 2.0 1.0 1.0 2.0 1.0 1.0 1.0 1.0 1.0 2.0 2.0 1.0 1.0 2.0 2.0 2.0 2.0 1.0 2.0 2.0 2.0 2.0 2.0 1.0 1.0 2.0 1.0 2.0 1.0 1.0 1.0 2.0 2.0 1.0 0 1.0 2.0 1.0 
1.0 1.0 2.0 1.0 1.0 1.0 2.0 2.0 1.0 2.0 2.0 1.0 2.0 2.0 2.0 1.0 2.0 1.0 2.0 1.0 1.0 1.0 2.0 2.0 1.0 2.0 1.0 1.0 2.0 2.0 2.0 1.0 1.0 2.0 1.0 1.0 1.0 2.0 2.0 2.0 2.0 2.0 1.0 1.0 2.0 1.0 2.0 2.0 2.0 2.0 1.0 0 1.0 2.0 
1.0 1.0 2.0 1.0 2.0 2.0 1.0 2.0 2.0 1.0 1.0 2.0 2.0 2.0 1.0 1.0 2.0 1.0 2.0 1.0 1.0 2.0 1.0 2.0 2.0 2.0 2.0 1.0 1.0 1.0 2.0 2.0 1.0 1.0 2.0 1.0 1.0 1.0 1.0 1.0 2.0 2.0 2.0 2.0 1.0 1.0 1.0 1.0 2.0 1.0 2.0 1.0 0 2.0 
1.0 2.0 2.0 1.0 1.0 2.0 1.0 2.0 1.0 2.0 1.0 2.0 2.0 2.0 1.0 1.0 1.0 2.0 1.0 2.0 2.0 1.0 1.0 2.0 2.0 1.0 2.0 2.0 1.0 2.0 2.0 2.0 1.0 1.0 1.0 1.0 2.0 2.0 1.0 2.0 1.0 2.0 2.0 1.0 2.0 1.0 2.0 1.0 2.0 2.0 1.0 2.0 2.0 0 
