23
78a51d586d7f44f0b783 f6935ab070174f85ace3 f6c143b65e1e4e4ebc52 6afb2f1ae60d4fbab234 388e95179fd24452815c 2b27cf9a2a694fbe8837 5908baa6b60a4c979837 3bf8fa71c1e047219afa 07a67dce41b846bcb6df 9031ef8f674e4d779fa0 d707fa76fcf84c7e800f c38d4339ac974bd4bc03 5ee31fbdd1474476bace 12b733ebf4e64bb1a4ff 880ba8152cfd4f73957b fd29a032ea6f4fa8af31 25d19831ded246068d14 c209dc4800af480aa8a9 6592d0e0880b409797db 3c5c53800af34ac7a88c 2f2858798df14a92b8d8 a02ee3e1e61841deb291 7fcc1d84300644be96ff
0 59019789.52545 154952135.14315 353779010.47862 470303364.85226 735188743.02835 637074819.56011 747795636.24058 817286295.6634799 844705350.69036 952567183.3927 976886607.8875 920130080.87768 771344366.30694 672264067.42962 782821393.38912 859279942.8767 736022671.5564001 696979968.05968 718470743.93547 827515508.92417 1121661931.23564 235523106.12354 
59019789.52545 0 213971924.6686 294759220.95317 526489213.77831 713777012.31964 693060003.81551 790852587.86501 758266506.1380299 901152107.36974 990076611.40566 1019580537.4186399 957647854.06275 829143219.65351 616804513.0418 826042627.95249 860139180.60562 677002882.0309501 755999757.58513 750367760.04446 824273716.04545 1129067180.70394 294542895.64899004 
154952135.14315 213971924.6686 0 305992283.19981 585933617.44901 748685202.40376 785965284.36939 896686101.04986 868544675.34077 987854837.87677 986179421.05214 1013666100.1735301 935436796.17714 783935021.56416 681395167.86516 627869258.24597 778926945.62244 854195324.64212 542027832.91653 717831172.53329 778766009.70954 1058212039.31294 390475241.26669 
353779010.47862 294759220.95317 305992283.19981 0 279941334.2492 524054880.59268 589543351.17386 659789773.69309 763035893.8520399 697625817.6361101 695317442.68785 724821316.46547 771434565.49679 644603404.39785 375402884.66535 583641855.51677 734699542.89324 549924432.36725 834766104.67024 686797778.1240699 747382971.15242 903926948.66942 461598022.14155 
470303364.85226 526489213.77831 585933617.44901 279941334.2492 0 304878882.84786 394914406.48057 505635223.16104 543859896.1072199 417684483.38691 547143650.54609 600944538.84584 585043025.15009 470848586.38426 482810359.09420997 771589785.1313599 844424698.9855599 782021811.90168 976092308.5683999 471530167.01758 493297784.56536996 961873458.75283 704213961.78802 
735188743.02835 713777012.31964 748685202.40376 524054880.59268 304878882.84786 0 98113923.46824 208834740.14871 238981013.25936 422442884.18327 753302077.23621 823770449.85185 889921907.99795 748898117.8108 787689241.94207 1069072454.4386101 1148853164.30964 1060937517.72152 1280971191.41626 776409049.8654399 798176667.41323 1256611036.62143 947428988.92066 
637074819.56011 693060003.81551 785965284.36939 589543351.17386 394914406.48057 98113923.46824 0 110720816.68047 337094936.7276 520072995.54168 851416000.70445 920968551.39776 940230454.1097801 846173554.62812 875516695.5465701 1149920404.62965 1235320281.28918 1139467783.54111 1327993117.2859201 860159372.90226 885945233.09925 1352049987.87596 849315065.45242 
747795636.24058 790852587.86501 896686101.04986 659789773.69309 505635223.16104 208834740.14871 110720816.68047 0 447815753.40806997 630793812.22215 820175645.48488 895164294.2436 922022581.07839 956894371.3085899 912521163.0513499 1198641047.92814 1274135502.9427 1209714206.06034 1283061833.92441 970880189.5827299 923008588.5225099 1405514150.2007098 951744607.97123 
817286295.6634799 758266506.1380299 868544675.34077 763035893.8520399 543859896.1072199 238981013.25936 337094936.7276 447815753.40806997 0 656471881.71037 992283090.49557 1062722374.82163 1076843312.8342 987879131.0701599 992268896.3030999 1248842593.73235 1349497937.89005 1291480349.11057 1292100153.03057 997560394.21771 1002756321.7742599 1483802684.89314 857771054.28419 
844705350.69036 901152107.36974 987854837.87677 697625817.6361101 417684483.38691 422442884.18327 520072995.54168 630793812.22215 656471881.71037 0 432127128.12324 511718408.23415 609997505.20014 679437960.00262 686383749.70238 996005785.1793799 1020526388.07577 1038570719.58962 1159147518.35232 568605005.87466 473953853.9581 1013301312.26172 1078903554.38933 
952567183.3927 990076611.40566 986179421.05214 695317442.68785 547143650.54609 753302077.23621 851416000.70445 820175645.48488 992283090.49557 432127128.12324 0 79591280.11091 186792466.38158 247310831.87938 516511351.61188 781584750.77457 774781740.43558 866276153.73658 1001338753.82864 334785441.77538 231524975.36585 661877515.56254 1153071674.22768 
976886607.8875 1019580537.4186399 1013666100.1735301 724821316.46547 600944538.84584 823770449.85185 920968551.39776 895164294.2436 1062722374.82163 511718408.23415 79591280.11091 0 107201186.27067 258707630.86429 502258767.02962 749572549.2937701 772986673.1787701 841064906.44818 977685852.83362 318922744.05852 311116255.47676 583868245.3646 1178926106.2817001 
920130080.87768 957647854.06275 935436796.17714 771434565.49679 585043025.15009 889921907.99795 940230454.1097801 922022581.07839 1076843312.8342 609997505.20014 186792466.38158 107201186.27067 0 151506444.59362 420706964.32612 642371363.0231 678977353.1498201 737694571.33763 874494110.03024 226750027.4064 335794792.3951 496263223.97702 1108229722.43294 
771344366.30694 829143219.65351 783935021.56416 644603404.39785 470848586.38426 748898117.8108 846173554.62812 956894371.3085899 987879131.0701599 679437960.00262 247310831.87938 258707630.86429 151506444.59362 0 269200519.7325 554942115.88298 527470908.5562 801707380.95896 762482469.2066901 378256472.00002 478835807.24522996 647769668.5706401 956723277.83932 
672264067.42962 616804513.0418 681395167.86516 375402884.66535 482810359.09420997 787689241.94207 875516695.5465701 912521163.0513499 992268896.3030999 686383749.70238 516511351.61188 502258767.02962 420706964.32612 269200519.7325 0 309622035.477 369803359.60088 644039832.00364 493281949.47419 647456991.73252 648350485.73438 528744452.8099 740205511.68085 
782821393.38912 826042627.95249 627869258.24597 583641855.51677 771589785.1313599 1069072454.4386101 1149920404.62965 1198641047.92814 1248842593.73235 996005785.1793799 781584750.77457 749572549.2937701 642371363.0231 554942115.88298 309622035.477 0 151057687.37647 415525450.40498 251124249.15347 454088966.46924 563132496.87495 481394727.84107 779161125.46975 
859279942.8767 860139180.60562 778926945.62244 734699542.89324 844424698.9855599 1148853164.30964 1235320281.28918 1274135502.9427 1349497937.89005 1020526388.07577 774781740.43558 772986673.1787701 678977353.1498201 527470908.5562 369803359.60088 151057687.37647 0 274236472.40276 402181936.52994 454063929.12025 563108694.10895 547867669.72878 927885646.94386 
736022671.5564001 677002882.0309501 854195324.64212 549924432.36725 782021811.90168 1060937517.72152 1139467783.54111 1209714206.06034 1291480349.11057 1038570719.58962 866276153.73658 841064906.44818 737694571.33763 801707380.95896 644039832.00364 415525450.40498 274236472.40276 0 312167491.72559 531490711.9612 640535476.9499 822104142.1315401 674632601.74436 
696979968.05968 755999757.58513 542027832.91653 834766104.67024 976092308.5683999 1280971191.4162598 1327993117.2859201 1283061833.92441 1292100153.03057 1159147518.35232 1001338753.82864 977685852.83362 874494110.03024 762482469.2066901 493281949.47419 251124249.15347 402181936.52994 312167491.72559 0 666665224.08111 775709989.06981 718638768.98018 740362398.36972 
718470743.93547 750367760.04446 717831172.53329 686797778.1240699 471530167.01758 776409049.8654399 860159372.90226 970880189.5827299 997560394.21771 568605005.87466 334785441.77538 318922744.05852 226750027.4064 378256472.00002 647456991.7325201 454088966.46924 454063929.12025 531490711.9612 666665224.08111 0 109044764.9887 661602656.2335 891987400.64836 
827515508.92417 824273716.04545 778766009.70954 747382971.15242 493297784.56536996 798176667.41323 885945233.09925 923008588.5225099 1002756321.7742599 473953853.9581 231524975.36585 311116255.47676 335794792.3951 478835807.24522996 648350485.73438 563132496.87495 563108694.10895 640535476.9499 775709989.06981 109044764.9887 0 552557891.2448 950381695.63634 
1121661931.23564 1129067180.70394 1058212039.31294 903926948.66942 961873458.75283 1256611036.62143 1352049987.87596 1405514150.2007098 1483802684.89314 1013301312.26172 661877515.56254 583868245.3646 496263223.97702 647769668.5706401 528744452.8099 481394727.84107 547867669.72878 822104142.1315401 718638768.98018 661602656.2335 552557891.2448 0 1260555853.31082 
235523106.12354 294542895.64899004 390475241.26669 461598022.14155 704213961.78802 947428988.92066 849315065.45242 951744607.97123 857771054.28419 1078903554.38933 1153071674.22768 1178926106.2817001 1108229722.43294 956723277.83932 740205511.68085 779161125.46975 927885646.94386 674632601.74436 740362398.36972 891987400.64836 950381695.63634 1260555853.31082 0 
