26
13 8 3 5 10 21 6 22 17 9 4 11 25 16 26 15 20 2 14 24 7 46 23 12 19 Soda
0 11.3872 22.0181 24.8337 23.0529 13.7136 16.939 26.5471 19.0991 19.4296 22.414 28.011499999999998 23.1149 22.5562 22.927300000000002 26.5396 22.4392 17.8872 11.77 22.1182 13.2765 13.6126 23.4435 24.0248 23.5109 10.5411 
11.3872 0 10.6309 20.7074 26.429699999999997 17.4487 18.0961 24.3637 22.8542 23.718 21.491300000000003 22.9995 12.9578 25.256700000000002 21.399 15.1524 24.802599999999998 29.047600000000003 22.7591 12.4109 24.6637 22.4399 18.6454 24.2575 17.9913 13.9179 
22.0181 10.6309 0 10.0765 20.2201 17.8709 16.0498 21.667099999999998 12.2233 22.038 22.4867 12.3686 11.1862 23.6535 14.5096 25.1438 22.905 24.800600000000003 21.6112 22.9644 24.5839 11.809 22.6807 15.0252 23.8624 11.6026 
24.8337 20.7074 10.0765 0 10.1436 15.4365 10.5043 19.1871 17.8637 15.4373 25.078400000000002 22.4451 13.9447 18.3426 12.4214 18.8857 19.0638 23.9739 16.5737 25.1646 24.0137 18.1581 17.0178 24.0856 14.7943 21.6791 
23.0529 26.429699999999997 20.2201 10.1436 0 11.818 20.6479 24.6515 17.1116 25.5809 19.5622 29.5365 23.591 27.3391 22.564999999999998 29.0293 19.1344 13.8303 23.426299999999998 18.2185 25.510199999999998 24.984299999999998 13.5224 16.5608 16.5668 12.5118 
13.7136 17.4487 17.8709 15.4365 11.818 0 11.6798 12.8335 14.4033 17.6815 25.0441 24.0548 11.773 24.240299999999998 21.2655 25.5804 15.2101 14.0877 13.4695 16.9543 25.1892 13.4912 23.4087 27.250799999999998 25.2104 24.2547 
16.939 18.0961 16.0498 10.5043 20.6479 11.6798 0 12.1202 26.0831 25.9416 24.7334 16.868 14.6147 25.345100000000002 14.6534 16.836 26.8899 23.3183 13.2223 16.0747 13.5094 25.144199999999998 19.2295 25.9599 24.9632 24.1368 
26.5471 24.3637 21.667099999999998 19.1871 24.6515 12.8335 12.1202 0 14.9367 18.6574 28.0335 28.9882 18.6334 24.798000000000002 21.3039 24.3417 22.3968 18.9021 22.6777 18.5819 24.386400000000002 13.024 22.256 23.2666 17.8222 19.185 
19.0991 22.8542 12.2233 17.8637 17.1116 14.4033 26.0831 14.9367 0 11.4763 13.0968 24.511400000000002 14.1833 26.650599999999997 24.7551 24.7955 24.7531 25.6251 15.5291 21.3692 23.2676 16.4569 27.9188 14.8955 19.2258 23.8259 
19.4296 23.718 22.038 15.4373 25.5809 17.6815 25.9416 18.6574 11.4763 0 11.7075 23.1221 24.9786 24.0653 21.9259 13.3192 23.689500000000002 23.842 23.1901 12.8419 23.6253 18.8906 19.9464 24.3755 23.4814 27.3307 
22.414 21.491300000000003 22.4867 25.078400000000002 19.5622 25.0441 24.7334 28.0335 13.0968 11.7075 0 11.4146 13.2711 21.957 17.8598 23.3677 25.8197 25.8326 19.0236 24.5494 23.0747 22.5654 23.712699999999998 12.668 22.5734 22.7148 
28.011499999999998 22.9995 12.3686 22.4451 29.5365 24.0548 16.868 28.9882 24.511400000000002 23.1221 11.4146 0 12.2818 12.7234 23.415100000000002 15.2789 25.6492 32.0895 27.6281 17.836 24.5649 17.7564 26.0833 24.0826 24.842399999999998 23.971200000000003 
23.1149 12.9578 11.1862 13.9447 23.591 11.773 14.6147 18.6334 14.1833 24.9786 13.2711 12.2818 0 12.4673 19.5146 17.0345 23.7354 25.8607 24.1453 20.9639 24.308799999999998 12.6394 24.101300000000002 25.9391 23.008899999999997 21.8072 
22.5562 25.256700000000002 23.6535 18.3426 27.3391 24.240299999999998 25.345100000000002 24.798000000000002 26.650599999999997 24.0653 21.957 12.7234 12.4673 0 10.6917 22.2078 14.6983 25.000700000000002 14.9047 24.6399 11.8415 24.1724 26.543 22.2733 12.119 14.8273 
22.927300000000002 21.399 14.5096 12.4214 22.564999999999998 21.2655 14.6534 21.3039 24.7551 21.9259 17.8598 23.415100000000002 19.5146 10.6917 0 11.5161 21.886400000000002 16.7502 23.5229 14.9049 22.5332 19.5963 25.075499999999998 24.2192 22.8107 16.0951 
26.5396 15.1524 25.1438 18.8857 29.0293 25.5804 16.836 24.3417 24.7955 13.3192 23.3677 15.2789 17.0345 22.2078 11.5161 0 10.3703 23.1555 19.7049 15.9597 24.9667 17.4225 19.2763 31.1821 25.2305 22.2684 
22.4392 24.802599999999998 22.905 19.0638 19.1344 15.2101 26.8899 22.3968 24.7531 23.689500000000002 25.8197 25.6492 23.7354 14.6983 21.886400000000002 10.3703 0 12.7852 14.2899 15.0137 15.5028 11.096 22.0058 24.855600000000003 16.389 11.8981 
17.8872 29.047600000000003 24.800600000000003 23.9739 13.8303 14.0877 23.3183 18.9021 25.6251 23.842 25.8326 32.0895 25.8607 25.000700000000002 16.7502 23.1555 12.7852 0 10.096 20.444200000000002 23.4327 18.6098 24.4847 28.8538 21.8369 19.0584 
11.77 22.7591 21.6112 16.5737 23.426299999999998 13.4695 13.2223 22.6777 15.5291 23.1901 19.0236 27.6281 24.1453 14.9047 23.5229 19.7049 14.2899 10.096 0 10.3482 13.3367 23.7676 25.7259 18.7578 11.7409 10.9145 
22.1182 12.4109 22.9644 25.1646 18.2185 16.9543 16.0747 18.5819 21.3692 12.8419 24.5494 17.836 20.9639 24.6399 14.9049 15.9597 15.0137 20.444200000000002 10.3482 0 12.7984 25.657899999999998 26.7563 26.3431 16.1888 14.4888 
13.2765 24.6637 24.5839 24.0137 25.510199999999998 25.1892 13.5094 24.386400000000002 23.2676 23.6253 23.0747 24.5649 24.308799999999998 11.8415 22.5332 24.9667 15.5028 23.4327 13.3367 12.7984 0 23.1207 24.268 27.415 23.9605 12.9984 
13.6126 22.4399 11.809 18.1581 24.984299999999998 13.4912 25.144199999999998 13.024 16.4569 18.8906 22.5654 17.7564 12.6394 24.1724 19.5963 17.4225 11.096 18.6098 23.7676 25.657899999999998 23.1207 0 11.4619 13.7596 12.0534 12.8531 
23.4435 18.6454 22.6807 17.0178 13.5224 23.4087 19.2295 22.256 27.9188 19.9464 23.712699999999998 26.0833 24.101300000000002 26.543 25.075499999999998 19.2763 22.0058 24.4847 25.7259 26.7563 24.268 11.4619 0 13.1058 23.2601 16.1441 
24.0248 24.2575 15.0252 24.0856 16.5608 27.250799999999998 25.9599 23.2666 14.8955 24.3755 12.668 24.0826 25.9391 22.2733 24.2192 31.1821 24.855600000000003 28.8538 18.7578 26.3431 27.415 13.7596 13.1058 0 10.1543 19.1442 
23.5109 17.9913 23.8624 14.7943 16.5668 25.2104 24.9632 17.8222 19.2258 23.4814 22.5734 24.842399999999998 23.008899999999997 12.119 22.8107 25.2305 16.389 21.8369 11.7409 16.1888 23.9605 12.0534 23.2601 10.1543 0 18.7776 
10.5411 13.9179 11.6026 21.6791 12.5118 24.2547 24.1368 19.185 23.8259 27.3307 22.7148 23.971200000000003 21.8072 14.8273 16.0951 22.2684 11.8981 19.0584 10.9145 14.4888 12.9984 12.8531 16.1441 19.1442 18.7776 0 
