29
AG AJ P O T BG BF AM BE BD AV AS AQ BJ BN BK AP X D F H N B Y AD AX CN CP AY
0 3.0 15.0 18.0 19.0 26.0 25.0 25.0 22.0 11.0 10.0 15.0 20.0 26.0 28.0 25.0 18.0 32.0 27.0 24.0 21.0 23.0 34.0 25.0 15.0 10.0 24.0 33.0 4.0 
3.0 0 12.0 15.0 16.0 26.0 27.0 28.0 25.0 14.0 13.0 18.0 23.0 29.0 31.0 28.0 21.0 29.0 24.0 21.0 18.0 20.0 31.0 28.0 18.0 13.0 27.0 36.0 7.0 
15.0 12.0 0 4.0 6.0 16.0 17.0 24.0 27.0 26.0 25.0 30.0 35.0 41.0 43.0 40.0 33.0 34.0 29.0 26.0 23.0 25.0 36.0 33.0 30.0 25.0 39.0 40.0 19.0 
18.0 15.0 4.0 0 10.0 20.0 21.0 28.0 31.0 29.0 28.0 33.0 38.0 44.0 46.0 43.0 36.0 30.0 25.0 22.0 19.0 21.0 32.0 29.0 33.0 28.0 42.0 44.0 22.0 
19.0 16.0 6.0 10.0 0 10.0 11.0 18.0 21.0 20.0 29.0 34.0 39.0 45.0 47.0 44.0 37.0 40.0 35.0 32.0 29.0 31.0 42.0 39.0 34.0 29.0 43.0 34.0 23.0 
26.0 26.0 16.0 20.0 10.0 0 1.0 8.0 11.0 15.0 36.0 41.0 46.0 52.0 54.0 51.0 44.0 50.0 45.0 42.0 39.0 41.0 52.0 49.0 41.0 36.0 33.0 24.0 30.0 
25.0 27.0 17.0 21.0 11.0 1.0 0 7.0 10.0 14.0 35.0 40.0 45.0 51.0 53.0 50.0 43.0 51.0 46.0 43.0 40.0 42.0 53.0 50.0 40.0 35.0 32.0 23.0 29.0 
25.0 28.0 24.0 28.0 18.0 8.0 7.0 0 3.0 14.0 35.0 40.0 45.0 51.0 51.0 50.0 43.0 57.0 52.0 49.0 46.0 48.0 59.0 50.0 40.0 35.0 25.0 16.0 29.0 
22.0 25.0 27.0 31.0 21.0 11.0 10.0 3.0 0 11.0 32.0 37.0 42.0 48.0 48.0 47.0 40.0 54.0 49.0 46.0 43.0 45.0 56.0 47.0 37.0 32.0 22.0 13.0 26.0 
11.0 14.0 26.0 29.0 20.0 15.0 14.0 14.0 11.0 0 21.0 26.0 31.0 37.0 39.0 36.0 29.0 43.0 38.0 35.0 32.0 34.0 45.0 36.0 26.0 21.0 33.0 24.0 15.0 
10.0 13.0 25.0 28.0 29.0 36.0 35.0 35.0 32.0 21.0 0 7.0 12.0 18.0 20.0 17.0 10.0 25.0 30.0 30.0 27.0 29.0 31.0 23.0 13.0 12.0 14.0 23.0 6.0 
15.0 18.0 30.0 33.0 34.0 41.0 40.0 40.0 37.0 26.0 7.0 0 5.0 11.0 13.0 10.0 3.0 18.0 23.0 26.0 29.0 27.0 24.0 26.0 16.0 17.0 21.0 30.0 11.0 
20.0 23.0 35.0 38.0 39.0 46.0 45.0 45.0 42.0 31.0 12.0 5.0 0 6.0 8.0 5.0 2.0 17.0 22.0 25.0 28.0 26.0 23.0 29.0 21.0 22.0 26.0 35.0 16.0 
26.0 29.0 41.0 44.0 45.0 52.0 51.0 51.0 48.0 37.0 18.0 11.0 6.0 0 4.0 1.0 8.0 23.0 28.0 31.0 34.0 32.0 29.0 35.0 27.0 28.0 30.0 39.0 22.0 
28.0 31.0 43.0 46.0 47.0 54.0 53.0 51.0 48.0 39.0 20.0 13.0 8.0 4.0 0 3.0 10.0 25.0 30.0 33.0 36.0 34.0 31.0 37.0 29.0 30.0 26.0 35.0 24.0 
25.0 28.0 40.0 43.0 44.0 51.0 50.0 50.0 47.0 36.0 17.0 10.0 5.0 1.0 3.0 0 7.0 22.0 27.0 30.0 33.0 31.0 28.0 34.0 26.0 27.0 29.0 38.0 21.0 
18.0 21.0 33.0 36.0 37.0 44.0 43.0 43.0 40.0 29.0 10.0 3.0 2.0 8.0 10.0 7.0 0 15.0 20.0 23.0 26.0 24.0 21.0 27.0 19.0 20.0 24.0 33.0 14.0 
32.0 29.0 34.0 30.0 40.0 50.0 51.0 57.0 54.0 43.0 25.0 18.0 17.0 23.0 25.0 22.0 15.0 0 5.0 8.0 11.0 9.0 6.0 12.0 22.0 27.0 39.0 48.0 29.0 
27.0 24.0 29.0 25.0 35.0 45.0 46.0 52.0 49.0 38.0 30.0 23.0 22.0 28.0 30.0 27.0 20.0 5.0 0 3.0 6.0 4.0 7.0 7.0 17.0 22.0 44.0 53.0 28.0 
24.0 21.0 26.0 22.0 32.0 42.0 43.0 49.0 46.0 35.0 30.0 26.0 25.0 31.0 33.0 30.0 23.0 8.0 3.0 0 3.0 1.0 10.0 10.0 17.0 22.0 44.0 53.0 28.0 
21.0 18.0 23.0 19.0 29.0 39.0 40.0 46.0 43.0 32.0 27.0 29.0 28.0 34.0 36.0 33.0 26.0 11.0 6.0 3.0 0 2.0 13.0 10.0 14.0 19.0 41.0 50.0 25.0 
23.0 20.0 25.0 21.0 31.0 41.0 42.0 48.0 45.0 34.0 29.0 27.0 26.0 32.0 34.0 31.0 24.0 9.0 4.0 1.0 2.0 0 11.0 11.0 16.0 21.0 43.0 52.0 27.0 
34.0 31.0 36.0 32.0 42.0 52.0 53.0 59.0 56.0 45.0 31.0 24.0 23.0 29.0 31.0 28.0 21.0 6.0 7.0 10.0 13.0 11.0 0 14.0 24.0 29.0 45.0 54.0 35.0 
25.0 28.0 33.0 29.0 39.0 49.0 50.0 50.0 47.0 36.0 23.0 26.0 29.0 35.0 37.0 34.0 27.0 12.0 7.0 10.0 10.0 11.0 14.0 0 10.0 15.0 37.0 46.0 21.0 
15.0 18.0 30.0 33.0 34.0 41.0 40.0 40.0 37.0 26.0 13.0 16.0 21.0 27.0 29.0 26.0 19.0 22.0 17.0 17.0 14.0 16.0 24.0 10.0 0 5.0 27.0 36.0 11.0 
10.0 13.0 25.0 28.0 29.0 36.0 35.0 35.0 32.0 21.0 12.0 17.0 22.0 28.0 30.0 27.0 20.0 27.0 22.0 22.0 19.0 21.0 29.0 15.0 5.0 0 26.0 35.0 6.0 
24.0 27.0 39.0 42.0 43.0 33.0 32.0 25.0 22.0 33.0 14.0 21.0 26.0 30.0 26.0 29.0 24.0 39.0 44.0 44.0 41.0 43.0 45.0 37.0 27.0 26.0 0 9.0 20.0 
33.0 36.0 40.0 44.0 34.0 24.0 23.0 16.0 13.0 24.0 23.0 30.0 35.0 39.0 35.0 38.0 33.0 48.0 53.0 53.0 50.0 52.0 54.0 46.0 36.0 35.0 9.0 0 29.0 
4.0 7.0 19.0 22.0 23.0 30.0 29.0 29.0 26.0 15.0 6.0 11.0 16.0 22.0 24.0 21.0 14.0 29.0 28.0 28.0 25.0 27.0 35.0 21.0 11.0 6.0 20.0 29.0 0 
