48
F9 A5 A2 C1 B9 J8 H3 G8 D0 B3 E1 A9 A8 F7 H7 H8 F8 H2 B6 J4 E2 C9 I3 J7 C2 D6 F0 D8 H5 H4 B7 C4 B5 J5 E0 G0 F3 I7 A0 G6 C6 C3 A7 F5 E4 I4 I5 J6
0 20.04 40.4 44.78 42.41 22.14 42.010000000000005 42.37 28.08 21.41 23.15 43.36 41.95 25.21 43.16 24.7 27.47 43.31 44.010000000000005 29.71 26.46 41.62 22.92 42.74 22.84 43.39 25.1 20.89 26.41 23.7 29.42 40.36 40.86 20.08 22.91 43.120000000000005 21.2 40.67 29.79 41.53 44.21 27.11 43.56 43.67 27.31 45.230000000000004 23.87 20.16 
20.04 0 20.36 40.67 44.08 42.18 28.11 22.33 24.1 23.17 43.19 23.93 23.77 42.2 27.1 42.79 43.0 41.61 29.41 41.3 42.64 21.58 41.79 28.44 22.4 42.07 25.03 22.45 24.41 43.739999999999995 28.94 26.95 43.739999999999995 40.12 42.95 27.03 28.62 45.620000000000005 27.0 44.78 25.41 28.8 24.09 25.91 41.07 25.6 24.73 40.2 
40.4 20.36 0 20.31 42.879999999999995 41.76 43.41 24.81 41.89 21.42 42.6 44.29 43.31 43.92 40.510000000000005 44.15 28.98 46.5 43.540000000000006 27.3 45.379999999999995 41.22 40.96 42.29 42.76 21.71 24.62 20.42 25.53 42.599999999999994 21.9 42.16 29.97 24.48 24.11 44.32 42.370000000000005 43.59 44.22 43.44 45.099999999999994 45.19 24.83 29.78 24.97 21.4 43.12 25.49 
44.78 40.67 20.31 0 23.14 43.41 41.66 23.43 43.370000000000005 41.730000000000004 40.92 29.82 44.58 41.08 44.25 43.78 41.89 44.78 45.61 41.34 29.05 24.02 44.230000000000004 42.34 42.55 23.33 43.34 40.730000000000004 41.09 42.11 27.91 45.1 41.260000000000005 28.25 28.77 29.84 43.28 42.69 46.35 41.72 41.59 44.34 42.120000000000005 41.91 45.269999999999996 22.67 42.400000000000006 43.94 
42.41 44.08 42.879999999999995 23.14 0 20.27 40.46 41.96 43.14 43.41 22.98 43.519999999999996 28.3 44.18 43.67 24.36 45.68 42.22 28.17 42.85 45.67 47.16 28.63 29.85 45.129999999999995 43.3 43.69 29.71 42.78 27.84 20.98 41.24 25.85 44.63 47.56 47.3 44.67 46.07 44.78 44.8 46.66 46.120000000000005 42.18 27.54 44.769999999999996 45.18 44.29 45.04 
22.14 42.18 41.76 43.41 20.27 0 20.19 40.32 42.95 42.02 40.620000000000005 28.84 45.55 26.58 42.379999999999995 44.629999999999995 25.41 21.95 42.55 27.86 29.01 27.55 27.83 20.6 40.61 42.760000000000005 43.150000000000006 43.03 22.86 20.43 41.129999999999995 29.38 42.06 42.22 42.59 27.03 26.15 28.52 28.02 24.53 46.769999999999996 26.32 43.45 44.94 42.66 42.2 24.02 24.95 
42.010000000000005 28.11 43.41 41.66 40.46 20.19 0 20.13 40.87 27.46 20.43 25.82 43.92 28.73 43.85 42.260000000000005 24.13 20.93 41.53 23.79 21.68 25.42 41.96 27.53 25.51 26.8 28.58 45.379999999999995 40.510000000000005 26.13 44.94 27.19 46.43 43.980000000000004 45.15 40.22 41.9 43.3 48.209999999999994 42.17 44.62 46.510000000000005 26.46 24.75 24.48 22.01 43.730000000000004 45.14 
42.37 22.33 24.81 23.43 41.96 40.32 20.13 0 20.74 25.86 40.56 44.3 46.099999999999994 41.62 42.83 25.26 21.55 24.59 45.19 41.599999999999994 41.81 42.97 42.379999999999995 29.84 22.33 24.72 43.47 43.47 42.02 42.44 42.9 40.25 41.620000000000005 42.07 47.51 41.84 43.36 44.11 29.48 41.019999999999996 24.49 29.45 45.66 28.89 22.52 42.14 27.27 43.76 
28.08 24.1 41.89 43.370000000000005 43.14 42.95 40.87 20.74 0 20.79 41.97 43.16 25.87 44.349999999999994 41.93 21.78 42.29 23.6 44.2 41.44 21.43 23.39 42.730000000000004 22.35 42.36 24.91 22.73 45.53 42.78 40.68 22.16 25.77 26.72 44.36 41.31 21.1 40.519999999999996 43.36 45.019999999999996 22.91 44.260000000000005 45.22 43.36 43.76 43.26 42.66 43.06 26.41 
21.41 23.17 21.42 41.730000000000004 43.41 42.02 27.46 25.86 20.79 0 21.18 41.72 44.61 23.56 43.21 42.120000000000005 22.57 42.1 44.16 44.040000000000006 42.22 43.99 41.8 21.42 41.43000000000001 43.13 43.519999999999996 41.84 41.17 25.36 42.03 43.71 42.88 27.36 29.38 41.89 42.61 22.57 29.46 43.7 48.379999999999995 29.61 42.95 25.5 45.1 42.82 41.64 41.57 
23.15 43.19 42.6 40.92 22.98 40.620000000000005 20.43 40.56 41.97 21.18 0 20.54 26.86 29.06 41.76 28.51 43.75 41.36 45.25 40.980000000000004 42.11 41.62 46.07 42.6 25.2 27.86 25.94 44.04 25.18 42.47 24.84 24.76 45.459999999999994 43.23 25.59 45.8 42.019999999999996 42.33 46.03 26.45 48.57 29.79 28.86 44.1 44.91 28.98 27.49 43.31 
43.36 23.93 44.29 29.82 43.519999999999996 28.84 25.82 44.3 43.16 41.72 20.54 0 20.45 41.5 45.36 42.03 42.5 25.17 43.56 42.96 42.14 21.08 41.29 27.9 22.73 44.629999999999995 27.14 45.6 24.84 40.61 45.379999999999995 44.019999999999996 43.769999999999996 43.31 24.14 44.35 28.7 47.4 44.64 41.59 43.33 43.019999999999996 43.17 44.67 42.62 29.0 21.44 42.78 
41.95 23.77 43.31 44.58 28.3 45.55 43.92 46.099999999999994 25.87 44.61 26.86 20.45 0 21.05 27.77 21.58 41.78 44.879999999999995 48.29 44.28 28.63 41.53 24.28 24.95 25.18 43.260000000000005 42.03 43.26 40.64 45.0 43.92 41.05 43.17 22.86 43.980000000000004 26.46 21.31 29.78 45.599999999999994 44.31 27.96 27.66 22.72 24.22 43.98 21.91 41.89 45.66 
25.21 42.2 43.92 41.08 44.18 26.58 28.73 41.62 44.349999999999994 23.56 29.06 41.5 21.05 0 21.6 41.75 27.08 44.989999999999995 44.39 28.32 41.15 46.98 29.47 44.75 44.11 22.21 42.22 43.33 40.89 42.3 28.04 42.480000000000004 42.41 28.24 48.120000000000005 42.209999999999994 42.36 29.22 46.730000000000004 46.7 27.55 44.14 23.56 44.260000000000005 42.83 29.78 43.85 27.81 
43.16 27.1 40.510000000000005 44.25 43.67 42.379999999999995 43.85 42.83 41.93 43.21 41.76 45.36 27.77 21.6 0 20.15 42.05 43.0 41.260000000000005 43.21 44.629999999999995 29.7 43.629999999999995 24.63 27.9 40.75 46.31 42.849999999999994 41.96 21.95 42.65 41.28 42.82 23.09 43.519999999999996 45.73 42.92 29.26 27.05 43.03 43.83 43.95 43.53 28.16 40.31999999999999 40.89 44.260000000000005 25.16 
24.7 42.79 44.15 43.78 24.36 44.629999999999995 42.260000000000005 25.26 21.78 42.120000000000005 28.51 42.03 21.58 41.75 20.15 0 21.9 42.78 41.519999999999996 29.81 43.21 43.32 25.94 43.53 25.12 42.41 44.510000000000005 43.24 26.0 28.81 25.71 43.99 28.12 43.239999999999995 29.72 25.58 42.89 41.769999999999996 43.49 27.3 23.68 44.33 24.7 24.89 22.4 43.489999999999995 46.1 44.18 
27.47 43.0 28.98 41.89 45.68 25.41 24.13 21.55 42.29 22.57 43.75 42.5 41.78 27.08 42.05 21.9 0 20.88 41.480000000000004 42.349999999999994 22.74 21.42 28.41 41.09 24.55 22.24 42.25 44.739999999999995 40.74 44.61 41.230000000000004 24.47 26.93 44.24 45.21 40.45 41.19 29.39 24.08 40.47 45.58 28.22 25.59 43.13 25.76 43.03 42.22 27.11 
43.31 41.61 46.5 44.78 42.22 21.95 20.93 24.59 23.6 42.1 41.36 25.17 44.879999999999995 44.989999999999995 43.0 42.78 20.88 0 20.6 21.47 41.480000000000004 42.3 45.510000000000005 41.93 42.44 43.12 42.91 42.84 29.37 42.379999999999995 40.57 27.07 42.04 42.36 46.63 44.7 27.43 44.72 43.349999999999994 21.24 28.38 43.55 29.82 44.67 29.34 42.269999999999996 41.39 43.69 
44.010000000000005 29.41 43.540000000000006 45.61 28.17 42.55 41.53 45.19 44.2 44.16 45.25 43.56 48.29 44.39 41.260000000000005 41.519999999999996 41.480000000000004 20.6 0 21.1 27.57 22.48 42.69 29.25 23.38 45.28 42.31 23.12 42.75 26.58 27.79 47.51 44.099999999999994 25.95 45.150000000000006 48.11 44.72 29.63 29.4 41.84 28.18 43.43 44.370000000000005 24.07 41.480000000000004 43.47 44.13 44.81 
29.71 41.3 27.3 41.34 42.85 27.86 23.79 41.599999999999994 41.44 44.040000000000006 40.980000000000004 42.96 44.28 28.32 43.21 29.81 42.349999999999994 21.47 21.1 0 20.01 41.07 42.46 44.989999999999995 25.59 26.69 42.900000000000006 25.02 41.15 42.28 42.2 41.55 42.31 41.91 27.86 46.480000000000004 28.2 24.75 46.2 42.709999999999994 42.150000000000006 44.4 43.0 26.34 45.04 22.37 44.09 43.39 
26.46 42.64 45.379999999999995 29.05 45.67 29.01 21.68 41.81 21.43 42.22 42.11 42.14 28.63 41.15 44.629999999999995 43.21 22.74 41.480000000000004 27.57 20.01 0 21.06 22.45 42.83 45.33 44.98 43.09 42.989999999999995 41.33 46.8 43.400000000000006 23.14 24.75 42.989999999999995 25.63 42.42 27.49 27.61 46.03 27.34 45.74 26.13 22.99 44.19 45.2 40.9 28.99 43.34 
41.62 21.58 41.22 24.02 47.16 27.55 25.42 42.97 23.39 43.99 41.62 21.08 41.53 46.98 29.7 43.32 21.42 42.3 22.48 41.07 21.06 0 20.21 40.59 27.49 42.040000000000006 22.03 40.75 20.27 40.28 26.49 43.14 22.69 23.16 44.28 44.49 22.33 43.45 42.790000000000006 44.25 26.98 21.94 26.45 44.14 44.349999999999994 27.23 42.519999999999996 22.94 
22.92 41.79 40.96 44.230000000000004 28.63 27.83 41.96 42.379999999999995 42.730000000000004 41.8 46.07 41.29 24.28 29.47 43.629999999999995 25.94 28.41 45.510000000000005 42.69 42.46 22.45 20.21 0 20.38 28.75 43.04 42.24 20.54 40.480000000000004 24.35 28.8 42.47 28.38 20.54 41.66 49.66 42.489999999999995 28.03 44.55 41.989999999999995 45.629999999999995 42.150000000000006 22.25 43.45 26.04 25.88 44.01 27.15 
42.74 28.44 42.29 42.34 29.85 20.6 27.53 29.84 22.35 21.42 42.6 27.9 24.95 44.75 24.63 43.53 41.09 41.93 29.25 44.989999999999995 42.83 40.59 20.38 0 20.01 41.91 45.08 40.92 42.34 41.03 44.510000000000005 42.42 21.46 40.92 45.46 43.45 26.0 43.99 46.05 27.58 47.519999999999996 45.57 27.43 43.38 23.68 43.06 42.480000000000004 26.43 
22.84 22.4 42.76 42.55 45.129999999999995 40.61 25.51 22.33 42.36 41.43000000000001 25.2 22.73 25.18 44.11 27.9 25.12 24.55 42.44 23.38 25.59 45.33 27.49 28.75 20.01 0 21.9 26.55 27.11 43.8 43.15 42.370000000000005 25.57 41.47 42.92 27.33 24.73 29.34 26.77 48.07 42.62 45.22 44.459999999999994 24.84 42.94 42.18 42.6 22.47 21.43 
43.39 42.07 21.71 23.33 43.3 42.760000000000005 26.8 24.72 24.91 43.13 27.86 44.629999999999995 43.260000000000005 22.21 40.75 42.41 22.24 43.12 45.28 26.69 44.98 42.040000000000006 43.04 41.91 21.9 0 20.01 22.5 42.81 22.8 22.36 42.349999999999994 43.53 46.19 27.8 44.980000000000004 44.45 43.04 43.61 43.7 45.379999999999995 44.46 42.33 28.5 41.269999999999996 40.55 28.59 43.33 
25.1 25.03 24.62 43.34 43.69 43.150000000000006 28.58 43.47 22.73 43.519999999999996 25.94 27.14 42.03 42.22 46.31 44.510000000000005 42.25 42.91 42.31 42.900000000000006 43.09 22.03 42.24 45.08 26.55 20.01 0 22.8 41.45 28.76 42.370000000000005 25.87 42.89 29.82 26.43 24.97 44.1 43.95 23.6 24.46 43.84 25.91 42.6 45.44 42.370000000000005 41.650000000000006 23.19 44.53 
20.89 22.45 20.42 40.730000000000004 29.71 43.03 45.379999999999995 43.47 45.53 41.84 44.04 45.6 43.26 43.33 42.849999999999994 43.24 44.739999999999995 42.84 23.12 25.02 42.989999999999995 40.75 20.54 40.92 27.11 22.5 22.8 0 20.76 28.87 26.98 26.9 44.06 28.41 43.8 45.769999999999996 21.95 23.17 45.91 46.260000000000005 26.7 44.25 25.32 41.900000000000006 21.87 25.85 42.86 26.02 
26.41 24.41 25.53 41.09 42.78 22.86 40.510000000000005 42.02 42.78 41.17 25.18 24.84 40.64 40.89 41.96 26.0 40.74 29.37 42.75 41.15 41.33 20.27 40.480000000000004 42.34 43.8 42.81 41.45 20.76 0 20.01 40.71 25.07 23.42 23.95 28.96 40.59 42.599999999999994 42.5 44.84 41.72 44.63 42.21 42.06 43.16 24.08 27.66 29.64 29.4 
23.7 43.739999999999995 42.599999999999994 42.11 27.84 20.43 26.13 42.44 40.68 25.36 42.47 40.61 45.0 42.3 21.95 28.81 44.61 42.379999999999995 26.58 42.28 46.8 40.28 24.35 41.03 43.15 22.8 28.76 28.87 20.01 0 20.7 40.96 24.85 29.94 22.16 42.370000000000005 41.019999999999996 25.32 40.84 29.21 45.67 45.53 41.9 42.51 44.09 27.14 42.4 43.86 
29.42 28.94 21.9 27.91 20.98 41.129999999999995 44.94 42.9 22.16 42.03 24.84 45.379999999999995 43.92 28.04 42.65 25.71 41.230000000000004 40.57 27.79 42.2 43.400000000000006 26.49 28.8 44.510000000000005 42.370000000000005 22.36 42.370000000000005 26.98 40.71 20.7 0 20.26 41.22 25.36 42.86 28.32 41.18 46.019999999999996 47.52 45.07 45.89 42.239999999999995 21.2 42.4 46.86 43.019999999999996 25.7 40.46 
40.36 26.95 42.16 45.1 41.24 29.38 27.19 40.25 25.77 43.71 24.76 44.019999999999996 41.05 42.480000000000004 41.28 43.99 24.47 27.07 47.51 41.55 23.14 43.14 42.47 42.42 25.57 42.349999999999994 25.87 26.9 25.07 40.96 20.26 0 20.96 41.74 45.13 44.94 46.08 40.71 44.39 25.47 28.55 45.07 28.21 28.3 41.980000000000004 42.53 41.54 20.2 
40.86 43.739999999999995 29.97 41.260000000000005 25.85 42.06 46.43 41.620000000000005 26.72 42.88 45.459999999999994 43.769999999999996 43.17 42.41 42.82 28.12 26.93 42.04 44.099999999999994 42.31 24.75 22.69 28.38 21.46 41.47 43.53 42.89 44.06 23.42 24.85 41.22 20.96 0 20.78 41.900000000000006 45.400000000000006 25.12 44.82 44.36 42.230000000000004 28.09 24.11 23.37 24.25 22.19 26.88 22.39 28.24 
20.08 40.12 24.48 28.25 44.63 42.22 43.980000000000004 42.07 44.36 27.36 43.23 43.31 22.86 28.24 23.09 43.239999999999995 44.24 42.36 25.95 41.91 42.989999999999995 23.16 20.54 40.92 42.92 46.19 29.82 28.41 23.95 29.94 25.36 41.74 20.78 0 21.12 41.33 41.28 26.9 24.01 21.45 43.72 43.76 42.79 45.03 29.47 28.22 23.47 40.239999999999995 
22.91 42.95 24.11 28.77 47.56 42.59 45.15 47.51 41.31 29.38 25.59 24.14 43.980000000000004 48.120000000000005 43.519999999999996 29.72 45.21 46.63 45.150000000000006 27.86 25.63 44.28 41.66 45.46 27.33 27.8 26.43 43.8 28.96 22.16 42.86 45.13 41.900000000000006 21.12 0 20.21 41.15 44.3 21.54 40.39 42.989999999999995 24.88 29.04 43.709999999999994 27.59 28.77 20.24 41.58 
43.120000000000005 27.03 44.32 29.84 47.3 27.03 40.22 41.84 21.1 41.89 45.8 44.35 26.46 42.209999999999994 45.73 25.58 40.45 44.7 48.11 46.480000000000004 42.42 44.49 49.66 43.45 24.73 44.980000000000004 24.97 45.769999999999996 40.59 42.370000000000005 28.32 44.94 45.400000000000006 41.33 20.21 0 23.82 24.09 41.75 28.08 45.730000000000004 45.09 29.91 27.42 28.68 26.93 40.45 44.55 
21.2 28.62 42.370000000000005 43.28 44.67 26.15 41.9 43.36 40.519999999999996 42.61 42.019999999999996 28.7 21.31 42.36 42.92 42.89 41.19 27.43 44.72 28.2 27.49 22.33 42.489999999999995 26.0 29.34 44.45 44.1 21.95 42.599999999999994 41.019999999999996 41.18 46.08 25.12 41.28 41.15 23.82 0 21.93 44.45 41.06 43.66 44.269999999999996 43.43 28.92 43.82 41.61 20.91 41.36 
40.67 45.620000000000005 43.59 42.69 46.07 28.52 43.3 44.11 43.36 22.57 42.33 47.4 29.78 29.22 29.26 41.769999999999996 29.39 44.72 29.63 24.75 27.61 43.45 28.03 43.99 26.77 43.04 43.95 23.17 42.5 25.32 46.019999999999996 40.71 44.82 26.9 44.3 24.09 21.93 0 25.15 43.629999999999995 45.769999999999996 45.75 28.5 44.02 42.290000000000006 43.58 41.85 20.51 
29.79 27.0 44.22 46.35 44.78 28.02 48.209999999999994 29.48 45.019999999999996 29.46 46.03 44.64 45.599999999999994 46.730000000000004 27.05 43.49 24.08 43.349999999999994 29.4 46.2 46.03 42.790000000000006 44.55 46.05 48.07 43.61 23.6 45.91 44.84 40.84 47.52 44.39 44.36 24.01 21.54 41.75 44.45 25.15 0 22.11 44.379999999999995 44.42 29.17 26.32 46.35 40.870000000000005 41.78 28.66 
41.53 44.78 43.44 41.72 44.8 24.53 42.17 41.019999999999996 22.91 43.7 26.45 41.59 44.31 46.7 43.03 27.3 40.47 21.24 41.84 42.709999999999994 27.34 44.25 41.989999999999995 27.58 42.62 43.7 24.46 46.260000000000005 41.72 29.21 45.07 25.47 42.230000000000004 21.45 40.39 28.08 41.06 43.629999999999995 22.11 0 22.27 22.31 43.349999999999994 42.760000000000005 45.5 27.17 20.15 41.489999999999995 
44.21 25.41 45.099999999999994 41.59 46.66 46.769999999999996 44.62 24.49 44.260000000000005 48.379999999999995 48.57 43.33 27.96 27.55 43.83 23.68 45.58 28.38 28.18 42.150000000000006 45.74 26.98 45.629999999999995 47.519999999999996 45.22 45.379999999999995 43.84 26.7 44.63 45.67 45.89 28.55 28.09 43.72 42.989999999999995 45.730000000000004 43.66 45.769999999999996 44.379999999999995 22.27 0 20.65 41.69 44.6 45.629999999999995 43.47 22.75 44.09 
27.11 28.8 45.19 44.34 46.120000000000005 26.32 46.510000000000005 29.45 45.22 29.61 29.79 43.019999999999996 27.66 44.14 43.95 44.33 28.22 43.55 43.43 44.4 26.13 21.94 42.150000000000006 45.57 44.459999999999994 44.46 25.91 44.25 42.21 45.53 42.239999999999995 45.07 24.11 43.76 24.88 45.09 44.269999999999996 45.75 44.42 22.31 20.65 0 21.04 26.87 43.489999999999995 43.51 27.63 44.88 
43.56 24.09 24.83 42.120000000000005 42.18 43.45 26.46 45.66 43.36 42.95 28.86 43.17 22.72 23.56 43.53 24.7 25.59 29.82 44.370000000000005 43.0 22.99 26.45 22.25 27.43 24.84 42.33 42.6 25.32 42.06 41.9 21.2 28.21 23.37 42.79 29.04 29.91 43.43 28.5 29.17 43.349999999999994 41.69 21.04 0 21.2 41.230000000000004 23.88 42.47 44.54 
43.67 25.91 29.78 41.91 27.54 44.94 24.75 28.89 43.76 25.5 44.1 44.67 24.22 44.260000000000005 28.16 24.89 43.13 44.67 24.07 26.34 44.19 44.14 43.45 43.38 42.94 28.5 45.44 41.900000000000006 43.16 42.51 42.4 28.3 24.25 45.03 43.709999999999994 27.42 28.92 44.02 26.32 42.760000000000005 44.6 26.87 21.2 0 20.03 44.57 23.47 23.51 
27.31 41.07 24.97 45.269999999999996 44.769999999999996 42.66 24.48 22.52 43.26 45.1 44.91 42.62 43.98 42.83 40.31999999999999 22.4 25.76 29.34 41.480000000000004 45.04 45.2 44.349999999999994 26.04 23.68 42.18 41.269999999999996 42.370000000000005 21.87 24.08 44.09 46.86 41.980000000000004 22.19 29.47 27.59 28.68 43.82 42.290000000000006 46.35 45.5 45.629999999999995 43.489999999999995 41.230000000000004 20.03 0 25.57 25.35 21.78 
45.230000000000004 25.6 21.4 22.67 45.18 42.2 22.01 42.14 42.66 42.82 28.98 29.0 21.91 29.78 40.89 43.489999999999995 43.03 42.269999999999996 43.47 22.37 40.9 27.23 25.88 43.06 42.6 40.55 41.650000000000006 25.85 27.66 27.14 43.019999999999996 42.53 26.88 28.22 28.77 26.93 41.61 43.58 40.870000000000005 27.17 43.47 43.51 23.88 44.57 25.57 0 21.72 43.06 
23.87 24.73 43.12 42.400000000000006 44.29 24.02 43.730000000000004 27.27 43.06 41.64 27.49 21.44 41.89 43.85 44.260000000000005 46.1 42.22 41.39 44.13 44.09 28.99 42.519999999999996 44.01 42.480000000000004 22.47 28.59 23.19 42.86 29.64 42.4 25.7 41.54 22.39 23.47 20.24 40.45 20.91 41.85 41.78 20.15 22.75 27.63 42.47 23.47 25.35 21.72 0 21.34 
20.16 40.2 25.49 43.94 45.04 24.95 45.14 43.76 26.41 41.57 43.31 42.78 45.66 27.81 25.16 44.18 27.11 43.69 44.81 43.39 43.34 22.94 27.15 26.43 21.43 43.33 44.53 26.02 29.4 43.86 40.46 20.2 28.24 40.239999999999995 41.58 44.55 41.36 20.51 28.66 41.489999999999995 44.09 44.88 44.54 23.51 21.78 43.06 21.34 0 
