47
Drampa Sandile Simisear Noibat Skiddo Skorupi Lotad Drapion Taillow Scatterbug Meloetta Porygon2 Vullaby Volcarona Magmar Inkay Slurpuff Metang Steenee Jumpluff Metapod Gengar Munna Seaking Nincada Shellos Magnemite Froakie Bounsweet Whismur Stufful Amoonguss Crawdaunt Weezing Honedge Kakuna Tauros Swadloon Comfey Weepinbell Escavalier Woobat Shellder Vespiquen Plusle Wailord Qwilfish
0 1000000000.0 2000000000.0 3000000000.0 2000000000.0 3000000000.0 2000000000.0 3000000000.0 4000000000.0 3000000000.0 2000000000.0 3000000000.0 2000000000.0 3000000000.0 2000000000.0 3000000000.0 4000000000.0 3000000000.0 4000000000.0 3000000000.0 2000000000.0 1000000000.0 2000000000.0 3000000000.0 2000000000.0 1000000000.0 2000000000.0 1000000000.0 2000000000.0 3000000000.0 4000000000.0 3000000000.0 4000000000.0 3000000000.0 4000000000.0 3000000000.0 2000000000.0 3000000000.0 3000000000.0 3000000000.0 4000000000.0 3000000000.0 3000000000.0 4000000000.0 4000000000.0 3000000000.0 1000000000.0 
1000000000.0 0 1000000000.0 2000000000.0 3000000000.0 4000000000.0 3000000000.0 2000000000.0 3000000000.0 2000000000.0 1000000000.0 2000000000.0 1000000000.0 2000000000.0 3000000000.0 2000000000.0 3000000000.0 2000000000.0 3000000000.0 2000000000.0 1000000000.0 2000000000.0 3000000000.0 4000000000.0 3000000000.0 2000000000.0 3000000000.0 2000000000.0 3000000000.0 2000000000.0 3000000000.0 2000000000.0 3000000000.0 2000000000.0 3000000000.0 2000000000.0 3000000000.0 4000000000.0 4000000000.0 4000000000.0 3000000000.0 4000000000.0 4000000000.0 3000000000.0 3000000000.0 4000000000.0 2000000000.0 
2000000000.0 1000000000.0 0 1000000000.0 2000000000.0 3000000000.0 4000000000.0 3000000000.0 4000000000.0 3000000000.0 2000000000.0 3000000000.0 2000000000.0 3000000000.0 2000000000.0 3000000000.0 4000000000.0 3000000000.0 4000000000.0 3000000000.0 2000000000.0 3000000000.0 4000000000.0 3000000000.0 2000000000.0 3000000000.0 4000000000.0 3000000000.0 4000000000.0 3000000000.0 4000000000.0 3000000000.0 4000000000.0 3000000000.0 2000000000.0 3000000000.0 4000000000.0 5000000000.0 3000000000.0 3000000000.0 4000000000.0 5000000000.0 5000000000.0 4000000000.0 4000000000.0 5000000000.0 3000000000.0 
3000000000.0 2000000000.0 1000000000.0 0 1000000000.0 2000000000.0 3000000000.0 4000000000.0 3000000000.0 2000000000.0 3000000000.0 4000000000.0 3000000000.0 2000000000.0 1000000000.0 2000000000.0 3000000000.0 2000000000.0 3000000000.0 2000000000.0 1000000000.0 2000000000.0 3000000000.0 2000000000.0 1000000000.0 2000000000.0 3000000000.0 4000000000.0 3000000000.0 2000000000.0 3000000000.0 4000000000.0 3000000000.0 2000000000.0 1000000000.0 2000000000.0 3000000000.0 4000000000.0 2000000000.0 2000000000.0 3000000000.0 4000000000.0 4000000000.0 3000000000.0 3000000000.0 4000000000.0 4000000000.0 
2000000000.0 3000000000.0 2000000000.0 1000000000.0 0 1000000000.0 2000000000.0 3000000000.0 4000000000.0 3000000000.0 4000000000.0 5000000000.0 4000000000.0 3000000000.0 2000000000.0 3000000000.0 4000000000.0 3000000000.0 4000000000.0 3000000000.0 2000000000.0 3000000000.0 2000000000.0 3000000000.0 2000000000.0 3000000000.0 2000000000.0 3000000000.0 4000000000.0 3000000000.0 4000000000.0 3000000000.0 4000000000.0 3000000000.0 2000000000.0 3000000000.0 4000000000.0 3000000000.0 3000000000.0 3000000000.0 4000000000.0 5000000000.0 5000000000.0 4000000000.0 4000000000.0 5000000000.0 3000000000.0 
3000000000.0 4000000000.0 3000000000.0 2000000000.0 1000000000.0 0 1000000000.0 2000000000.0 3000000000.0 2000000000.0 3000000000.0 4000000000.0 3000000000.0 4000000000.0 3000000000.0 4000000000.0 3000000000.0 2000000000.0 3000000000.0 4000000000.0 3000000000.0 2000000000.0 1000000000.0 2000000000.0 3000000000.0 2000000000.0 1000000000.0 2000000000.0 3000000000.0 4000000000.0 3000000000.0 2000000000.0 3000000000.0 2000000000.0 1000000000.0 2000000000.0 3000000000.0 2000000000.0 2000000000.0 2000000000.0 3000000000.0 4000000000.0 4000000000.0 3000000000.0 3000000000.0 4000000000.0 2000000000.0 
2000000000.0 3000000000.0 4000000000.0 3000000000.0 2000000000.0 1000000000.0 0 1000000000.0 2000000000.0 3000000000.0 4000000000.0 3000000000.0 2000000000.0 3000000000.0 2000000000.0 3000000000.0 2000000000.0 1000000000.0 2000000000.0 3000000000.0 2000000000.0 1000000000.0 2000000000.0 3000000000.0 4000000000.0 3000000000.0 2000000000.0 3000000000.0 2000000000.0 3000000000.0 2000000000.0 1000000000.0 2000000000.0 3000000000.0 2000000000.0 3000000000.0 2000000000.0 3000000000.0 3000000000.0 3000000000.0 4000000000.0 3000000000.0 3000000000.0 2000000000.0 4000000000.0 3000000000.0 3000000000.0 
3000000000.0 2000000000.0 3000000000.0 4000000000.0 3000000000.0 2000000000.0 1000000000.0 0 1000000000.0 2000000000.0 3000000000.0 2000000000.0 1000000000.0 2000000000.0 3000000000.0 4000000000.0 3000000000.0 2000000000.0 3000000000.0 2000000000.0 3000000000.0 2000000000.0 3000000000.0 4000000000.0 3000000000.0 2000000000.0 3000000000.0 4000000000.0 3000000000.0 4000000000.0 3000000000.0 2000000000.0 3000000000.0 4000000000.0 3000000000.0 4000000000.0 3000000000.0 4000000000.0 4000000000.0 4000000000.0 5000000000.0 4000000000.0 4000000000.0 3000000000.0 3000000000.0 4000000000.0 2000000000.0 
4000000000.0 3000000000.0 4000000000.0 3000000000.0 4000000000.0 3000000000.0 2000000000.0 1000000000.0 0 1000000000.0 2000000000.0 3000000000.0 2000000000.0 3000000000.0 2000000000.0 3000000000.0 4000000000.0 3000000000.0 2000000000.0 3000000000.0 4000000000.0 3000000000.0 4000000000.0 3000000000.0 4000000000.0 3000000000.0 4000000000.0 3000000000.0 4000000000.0 3000000000.0 4000000000.0 3000000000.0 2000000000.0 3000000000.0 2000000000.0 3000000000.0 4000000000.0 5000000000.0 5000000000.0 3000000000.0 4000000000.0 3000000000.0 3000000000.0 2000000000.0 4000000000.0 3000000000.0 3000000000.0 
3000000000.0 2000000000.0 3000000000.0 2000000000.0 3000000000.0 2000000000.0 3000000000.0 2000000000.0 1000000000.0 0 1000000000.0 2000000000.0 3000000000.0 4000000000.0 3000000000.0 2000000000.0 3000000000.0 2000000000.0 3000000000.0 4000000000.0 3000000000.0 4000000000.0 3000000000.0 2000000000.0 3000000000.0 2000000000.0 3000000000.0 2000000000.0 3000000000.0 2000000000.0 3000000000.0 2000000000.0 1000000000.0 2000000000.0 1000000000.0 2000000000.0 3000000000.0 4000000000.0 4000000000.0 2000000000.0 3000000000.0 2000000000.0 2000000000.0 3000000000.0 3000000000.0 4000000000.0 2000000000.0 
2000000000.0 1000000000.0 2000000000.0 3000000000.0 4000000000.0 3000000000.0 4000000000.0 3000000000.0 2000000000.0 1000000000.0 0 1000000000.0 2000000000.0 3000000000.0 2000000000.0 1000000000.0 2000000000.0 3000000000.0 4000000000.0 3000000000.0 2000000000.0 3000000000.0 4000000000.0 3000000000.0 4000000000.0 3000000000.0 4000000000.0 3000000000.0 4000000000.0 3000000000.0 4000000000.0 3000000000.0 2000000000.0 3000000000.0 2000000000.0 3000000000.0 4000000000.0 5000000000.0 5000000000.0 3000000000.0 4000000000.0 3000000000.0 3000000000.0 2000000000.0 4000000000.0 5000000000.0 3000000000.0 
3000000000.0 2000000000.0 3000000000.0 4000000000.0 5000000000.0 4000000000.0 3000000000.0 2000000000.0 3000000000.0 2000000000.0 1000000000.0 0 1000000000.0 2000000000.0 3000000000.0 2000000000.0 3000000000.0 2000000000.0 3000000000.0 2000000000.0 3000000000.0 4000000000.0 5000000000.0 4000000000.0 3000000000.0 2000000000.0 3000000000.0 4000000000.0 5000000000.0 4000000000.0 3000000000.0 2000000000.0 1000000000.0 2000000000.0 3000000000.0 4000000000.0 3000000000.0 4000000000.0 4000000000.0 4000000000.0 3000000000.0 2000000000.0 4000000000.0 3000000000.0 3000000000.0 4000000000.0 4000000000.0 
2000000000.0 1000000000.0 2000000000.0 3000000000.0 4000000000.0 3000000000.0 2000000000.0 1000000000.0 2000000000.0 3000000000.0 2000000000.0 1000000000.0 0 1000000000.0 2000000000.0 3000000000.0 4000000000.0 3000000000.0 2000000000.0 1000000000.0 2000000000.0 3000000000.0 4000000000.0 3000000000.0 2000000000.0 1000000000.0 2000000000.0 3000000000.0 4000000000.0 3000000000.0 2000000000.0 1000000000.0 2000000000.0 3000000000.0 4000000000.0 3000000000.0 2000000000.0 3000000000.0 3000000000.0 3000000000.0 4000000000.0 3000000000.0 3000000000.0 4000000000.0 2000000000.0 3000000000.0 3000000000.0 
3000000000.0 2000000000.0 3000000000.0 2000000000.0 3000000000.0 4000000000.0 3000000000.0 2000000000.0 3000000000.0 4000000000.0 3000000000.0 2000000000.0 1000000000.0 0 1000000000.0 2000000000.0 3000000000.0 2000000000.0 1000000000.0 2000000000.0 3000000000.0 4000000000.0 5000000000.0 4000000000.0 3000000000.0 2000000000.0 3000000000.0 4000000000.0 5000000000.0 4000000000.0 3000000000.0 2000000000.0 3000000000.0 4000000000.0 3000000000.0 4000000000.0 3000000000.0 4000000000.0 4000000000.0 4000000000.0 5000000000.0 4000000000.0 4000000000.0 3000000000.0 3000000000.0 4000000000.0 4000000000.0 
2000000000.0 3000000000.0 2000000000.0 1000000000.0 2000000000.0 3000000000.0 2000000000.0 3000000000.0 2000000000.0 3000000000.0 2000000000.0 3000000000.0 2000000000.0 1000000000.0 0 1000000000.0 2000000000.0 3000000000.0 2000000000.0 3000000000.0 2000000000.0 3000000000.0 4000000000.0 3000000000.0 2000000000.0 1000000000.0 2000000000.0 3000000000.0 4000000000.0 3000000000.0 4000000000.0 3000000000.0 4000000000.0 3000000000.0 2000000000.0 3000000000.0 4000000000.0 3000000000.0 3000000000.0 3000000000.0 4000000000.0 3000000000.0 3000000000.0 2000000000.0 4000000000.0 3000000000.0 3000000000.0 
3000000000.0 2000000000.0 3000000000.0 2000000000.0 3000000000.0 4000000000.0 3000000000.0 4000000000.0 3000000000.0 2000000000.0 1000000000.0 2000000000.0 3000000000.0 2000000000.0 1000000000.0 0 1000000000.0 2000000000.0 3000000000.0 2000000000.0 1000000000.0 2000000000.0 3000000000.0 4000000000.0 3000000000.0 2000000000.0 3000000000.0 4000000000.0 3000000000.0 2000000000.0 3000000000.0 4000000000.0 3000000000.0 2000000000.0 3000000000.0 4000000000.0 3000000000.0 4000000000.0 4000000000.0 2000000000.0 3000000000.0 2000000000.0 2000000000.0 1000000000.0 3000000000.0 4000000000.0 4000000000.0 
4000000000.0 3000000000.0 4000000000.0 3000000000.0 4000000000.0 3000000000.0 2000000000.0 3000000000.0 4000000000.0 3000000000.0 2000000000.0 3000000000.0 4000000000.0 3000000000.0 2000000000.0 1000000000.0 0 1000000000.0 2000000000.0 3000000000.0 2000000000.0 3000000000.0 4000000000.0 5000000000.0 4000000000.0 3000000000.0 4000000000.0 5000000000.0 4000000000.0 3000000000.0 4000000000.0 3000000000.0 2000000000.0 3000000000.0 4000000000.0 5000000000.0 4000000000.0 5000000000.0 5000000000.0 3000000000.0 4000000000.0 3000000000.0 3000000000.0 2000000000.0 4000000000.0 5000000000.0 5000000000.0 
3000000000.0 2000000000.0 3000000000.0 2000000000.0 3000000000.0 2000000000.0 1000000000.0 2000000000.0 3000000000.0 2000000000.0 3000000000.0 2000000000.0 3000000000.0 2000000000.0 3000000000.0 2000000000.0 1000000000.0 0 1000000000.0 2000000000.0 1000000000.0 2000000000.0 3000000000.0 4000000000.0 3000000000.0 4000000000.0 3000000000.0 4000000000.0 3000000000.0 2000000000.0 3000000000.0 2000000000.0 1000000000.0 2000000000.0 3000000000.0 4000000000.0 3000000000.0 4000000000.0 4000000000.0 4000000000.0 3000000000.0 2000000000.0 4000000000.0 3000000000.0 3000000000.0 4000000000.0 4000000000.0 
4000000000.0 3000000000.0 4000000000.0 3000000000.0 4000000000.0 3000000000.0 2000000000.0 3000000000.0 2000000000.0 3000000000.0 4000000000.0 3000000000.0 2000000000.0 1000000000.0 2000000000.0 3000000000.0 2000000000.0 1000000000.0 0 1000000000.0 2000000000.0 3000000000.0 4000000000.0 3000000000.0 4000000000.0 3000000000.0 4000000000.0 5000000000.0 4000000000.0 3000000000.0 2000000000.0 3000000000.0 2000000000.0 3000000000.0 2000000000.0 3000000000.0 4000000000.0 5000000000.0 5000000000.0 3000000000.0 4000000000.0 3000000000.0 3000000000.0 2000000000.0 2000000000.0 3000000000.0 5000000000.0 
3000000000.0 2000000000.0 3000000000.0 2000000000.0 3000000000.0 4000000000.0 3000000000.0 2000000000.0 3000000000.0 4000000000.0 3000000000.0 2000000000.0 1000000000.0 2000000000.0 3000000000.0 2000000000.0 3000000000.0 2000000000.0 1000000000.0 0 1000000000.0 2000000000.0 3000000000.0 2000000000.0 3000000000.0 2000000000.0 3000000000.0 4000000000.0 3000000000.0 2000000000.0 1000000000.0 2000000000.0 3000000000.0 2000000000.0 3000000000.0 4000000000.0 3000000000.0 4000000000.0 4000000000.0 4000000000.0 3000000000.0 2000000000.0 2000000000.0 3000000000.0 1000000000.0 2000000000.0 4000000000.0 
2000000000.0 1000000000.0 2000000000.0 1000000000.0 2000000000.0 3000000000.0 2000000000.0 3000000000.0 4000000000.0 3000000000.0 2000000000.0 3000000000.0 2000000000.0 3000000000.0 2000000000.0 1000000000.0 2000000000.0 1000000000.0 2000000000.0 1000000000.0 0 1000000000.0 2000000000.0 3000000000.0 2000000000.0 3000000000.0 4000000000.0 3000000000.0 2000000000.0 1000000000.0 2000000000.0 3000000000.0 2000000000.0 1000000000.0 2000000000.0 3000000000.0 2000000000.0 3000000000.0 3000000000.0 3000000000.0 2000000000.0 3000000000.0 3000000000.0 2000000000.0 2000000000.0 3000000000.0 3000000000.0 
1000000000.0 2000000000.0 3000000000.0 2000000000.0 3000000000.0 2000000000.0 1000000000.0 2000000000.0 3000000000.0 4000000000.0 3000000000.0 4000000000.0 3000000000.0 4000000000.0 3000000000.0 2000000000.0 3000000000.0 2000000000.0 3000000000.0 2000000000.0 1000000000.0 0 1000000000.0 2000000000.0 3000000000.0 2000000000.0 3000000000.0 2000000000.0 1000000000.0 2000000000.0 3000000000.0 2000000000.0 3000000000.0 2000000000.0 3000000000.0 2000000000.0 1000000000.0 2000000000.0 4000000000.0 4000000000.0 3000000000.0 4000000000.0 2000000000.0 3000000000.0 3000000000.0 2000000000.0 2000000000.0 
2000000000.0 3000000000.0 4000000000.0 3000000000.0 2000000000.0 1000000000.0 2000000000.0 3000000000.0 4000000000.0 3000000000.0 4000000000.0 5000000000.0 4000000000.0 5000000000.0 4000000000.0 3000000000.0 4000000000.0 3000000000.0 4000000000.0 3000000000.0 2000000000.0 1000000000.0 0 1000000000.0 2000000000.0 3000000000.0 2000000000.0 3000000000.0 2000000000.0 3000000000.0 4000000000.0 3000000000.0 4000000000.0 3000000000.0 2000000000.0 3000000000.0 2000000000.0 1000000000.0 3000000000.0 3000000000.0 4000000000.0 5000000000.0 3000000000.0 4000000000.0 4000000000.0 3000000000.0 3000000000.0 
3000000000.0 4000000000.0 3000000000.0 2000000000.0 3000000000.0 2000000000.0 3000000000.0 4000000000.0 3000000000.0 2000000000.0 3000000000.0 4000000000.0 3000000000.0 4000000000.0 3000000000.0 4000000000.0 5000000000.0 4000000000.0 3000000000.0 2000000000.0 3000000000.0 2000000000.0 1000000000.0 0 1000000000.0 2000000000.0 3000000000.0 4000000000.0 3000000000.0 2000000000.0 3000000000.0 4000000000.0 3000000000.0 2000000000.0 1000000000.0 2000000000.0 3000000000.0 2000000000.0 2000000000.0 2000000000.0 3000000000.0 4000000000.0 2000000000.0 3000000000.0 3000000000.0 2000000000.0 4000000000.0 
2000000000.0 3000000000.0 2000000000.0 1000000000.0 2000000000.0 3000000000.0 4000000000.0 3000000000.0 4000000000.0 3000000000.0 4000000000.0 3000000000.0 2000000000.0 3000000000.0 2000000000.0 3000000000.0 4000000000.0 3000000000.0 4000000000.0 3000000000.0 2000000000.0 3000000000.0 2000000000.0 1000000000.0 0 1000000000.0 2000000000.0 3000000000.0 2000000000.0 1000000000.0 2000000000.0 3000000000.0 4000000000.0 3000000000.0 2000000000.0 3000000000.0 4000000000.0 3000000000.0 1000000000.0 3000000000.0 4000000000.0 3000000000.0 3000000000.0 4000000000.0 4000000000.0 3000000000.0 3000000000.0 
1000000000.0 2000000000.0 3000000000.0 2000000000.0 3000000000.0 2000000000.0 3000000000.0 2000000000.0 3000000000.0 2000000000.0 3000000000.0 2000000000.0 1000000000.0 2000000000.0 1000000000.0 2000000000.0 3000000000.0 4000000000.0 3000000000.0 2000000000.0 3000000000.0 2000000000.0 3000000000.0 2000000000.0 1000000000.0 0 1000000000.0 2000000000.0 3000000000.0 2000000000.0 3000000000.0 2000000000.0 3000000000.0 4000000000.0 3000000000.0 4000000000.0 3000000000.0 2000000000.0 2000000000.0 2000000000.0 3000000000.0 2000000000.0 2000000000.0 3000000000.0 3000000000.0 2000000000.0 2000000000.0 
2000000000.0 3000000000.0 4000000000.0 3000000000.0 2000000000.0 1000000000.0 2000000000.0 3000000000.0 4000000000.0 3000000000.0 4000000000.0 3000000000.0 2000000000.0 3000000000.0 2000000000.0 3000000000.0 4000000000.0 3000000000.0 4000000000.0 3000000000.0 4000000000.0 3000000000.0 2000000000.0 3000000000.0 2000000000.0 1000000000.0 0 1000000000.0 2000000000.0 3000000000.0 2000000000.0 1000000000.0 2000000000.0 3000000000.0 2000000000.0 3000000000.0 2000000000.0 1000000000.0 1000000000.0 1000000000.0 2000000000.0 3000000000.0 3000000000.0 4000000000.0 4000000000.0 3000000000.0 3000000000.0 
1000000000.0 2000000000.0 3000000000.0 4000000000.0 3000000000.0 2000000000.0 3000000000.0 4000000000.0 3000000000.0 2000000000.0 3000000000.0 4000000000.0 3000000000.0 4000000000.0 3000000000.0 4000000000.0 5000000000.0 4000000000.0 5000000000.0 4000000000.0 3000000000.0 2000000000.0 3000000000.0 4000000000.0 3000000000.0 2000000000.0 1000000000.0 0 1000000000.0 2000000000.0 3000000000.0 2000000000.0 3000000000.0 4000000000.0 3000000000.0 2000000000.0 3000000000.0 2000000000.0 2000000000.0 2000000000.0 3000000000.0 4000000000.0 4000000000.0 5000000000.0 5000000000.0 4000000000.0 2000000000.0 
2000000000.0 3000000000.0 4000000000.0 3000000000.0 4000000000.0 3000000000.0 2000000000.0 3000000000.0 4000000000.0 3000000000.0 4000000000.0 5000000000.0 4000000000.0 5000000000.0 4000000000.0 3000000000.0 4000000000.0 3000000000.0 4000000000.0 3000000000.0 2000000000.0 1000000000.0 2000000000.0 3000000000.0 2000000000.0 3000000000.0 2000000000.0 1000000000.0 0 1000000000.0 2000000000.0 3000000000.0 4000000000.0 3000000000.0 4000000000.0 3000000000.0 2000000000.0 3000000000.0 3000000000.0 3000000000.0 4000000000.0 3000000000.0 3000000000.0 4000000000.0 4000000000.0 3000000000.0 3000000000.0 
3000000000.0 2000000000.0 3000000000.0 2000000000.0 3000000000.0 4000000000.0 3000000000.0 4000000000.0 3000000000.0 2000000000.0 3000000000.0 4000000000.0 3000000000.0 4000000000.0 3000000000.0 2000000000.0 3000000000.0 2000000000.0 3000000000.0 2000000000.0 1000000000.0 2000000000.0 3000000000.0 2000000000.0 1000000000.0 2000000000.0 3000000000.0 2000000000.0 1000000000.0 0 1000000000.0 2000000000.0 3000000000.0 2000000000.0 3000000000.0 2000000000.0 3000000000.0 4000000000.0 2000000000.0 2000000000.0 3000000000.0 2000000000.0 2000000000.0 3000000000.0 3000000000.0 4000000000.0 4000000000.0 
4000000000.0 3000000000.0 4000000000.0 3000000000.0 4000000000.0 3000000000.0 2000000000.0 3000000000.0 4000000000.0 3000000000.0 4000000000.0 3000000000.0 2000000000.0 3000000000.0 4000000000.0 3000000000.0 4000000000.0 3000000000.0 2000000000.0 1000000000.0 2000000000.0 3000000000.0 4000000000.0 3000000000.0 2000000000.0 3000000000.0 2000000000.0 3000000000.0 2000000000.0 1000000000.0 0 1000000000.0 2000000000.0 3000000000.0 4000000000.0 3000000000.0 2000000000.0 3000000000.0 3000000000.0 3000000000.0 2000000000.0 1000000000.0 3000000000.0 4000000000.0 2000000000.0 3000000000.0 5000000000.0 
3000000000.0 2000000000.0 3000000000.0 4000000000.0 3000000000.0 2000000000.0 1000000000.0 2000000000.0 3000000000.0 2000000000.0 3000000000.0 2000000000.0 1000000000.0 2000000000.0 3000000000.0 4000000000.0 3000000000.0 2000000000.0 3000000000.0 2000000000.0 3000000000.0 2000000000.0 3000000000.0 4000000000.0 3000000000.0 2000000000.0 1000000000.0 2000000000.0 3000000000.0 2000000000.0 1000000000.0 0 1000000000.0 2000000000.0 3000000000.0 2000000000.0 1000000000.0 2000000000.0 2000000000.0 2000000000.0 3000000000.0 2000000000.0 4000000000.0 3000000000.0 3000000000.0 2000000000.0 4000000000.0 
4000000000.0 3000000000.0 4000000000.0 3000000000.0 4000000000.0 3000000000.0 2000000000.0 3000000000.0 2000000000.0 1000000000.0 2000000000.0 1000000000.0 2000000000.0 3000000000.0 4000000000.0 3000000000.0 2000000000.0 1000000000.0 2000000000.0 3000000000.0 2000000000.0 3000000000.0 4000000000.0 3000000000.0 4000000000.0 3000000000.0 2000000000.0 3000000000.0 4000000000.0 3000000000.0 2000000000.0 1000000000.0 0 1000000000.0 2000000000.0 3000000000.0 2000000000.0 3000000000.0 3000000000.0 3000000000.0 2000000000.0 1000000000.0 3000000000.0 2000000000.0 2000000000.0 3000000000.0 3000000000.0 
3000000000.0 2000000000.0 3000000000.0 2000000000.0 3000000000.0 2000000000.0 3000000000.0 4000000000.0 3000000000.0 2000000000.0 3000000000.0 2000000000.0 3000000000.0 4000000000.0 3000000000.0 2000000000.0 3000000000.0 2000000000.0 3000000000.0 2000000000.0 1000000000.0 2000000000.0 3000000000.0 2000000000.0 3000000000.0 4000000000.0 3000000000.0 4000000000.0 3000000000.0 2000000000.0 3000000000.0 2000000000.0 1000000000.0 0 1000000000.0 2000000000.0 1000000000.0 2000000000.0 4000000000.0 2000000000.0 1000000000.0 2000000000.0 2000000000.0 1000000000.0 1000000000.0 2000000000.0 4000000000.0 
4000000000.0 3000000000.0 2000000000.0 1000000000.0 2000000000.0 1000000000.0 2000000000.0 3000000000.0 2000000000.0 1000000000.0 2000000000.0 3000000000.0 4000000000.0 3000000000.0 2000000000.0 3000000000.0 4000000000.0 3000000000.0 2000000000.0 3000000000.0 2000000000.0 3000000000.0 2000000000.0 1000000000.0 2000000000.0 3000000000.0 2000000000.0 3000000000.0 4000000000.0 3000000000.0 4000000000.0 3000000000.0 2000000000.0 1000000000.0 0 1000000000.0 2000000000.0 3000000000.0 3000000000.0 1000000000.0 2000000000.0 3000000000.0 3000000000.0 2000000000.0 2000000000.0 3000000000.0 3000000000.0 
3000000000.0 2000000000.0 3000000000.0 2000000000.0 3000000000.0 2000000000.0 3000000000.0 4000000000.0 3000000000.0 2000000000.0 3000000000.0 4000000000.0 3000000000.0 4000000000.0 3000000000.0 4000000000.0 5000000000.0 4000000000.0 3000000000.0 4000000000.0 3000000000.0 2000000000.0 3000000000.0 2000000000.0 3000000000.0 4000000000.0 3000000000.0 2000000000.0 3000000000.0 2000000000.0 3000000000.0 2000000000.0 3000000000.0 2000000000.0 1000000000.0 0 1000000000.0 2000000000.0 2000000000.0 2000000000.0 3000000000.0 4000000000.0 4000000000.0 3000000000.0 3000000000.0 2000000000.0 4000000000.0 
2000000000.0 3000000000.0 4000000000.0 3000000000.0 4000000000.0 3000000000.0 2000000000.0 3000000000.0 4000000000.0 3000000000.0 4000000000.0 3000000000.0 2000000000.0 3000000000.0 4000000000.0 3000000000.0 4000000000.0 3000000000.0 4000000000.0 3000000000.0 2000000000.0 1000000000.0 2000000000.0 3000000000.0 4000000000.0 3000000000.0 2000000000.0 3000000000.0 2000000000.0 3000000000.0 2000000000.0 1000000000.0 2000000000.0 1000000000.0 2000000000.0 1000000000.0 0 1000000000.0 3000000000.0 3000000000.0 2000000000.0 3000000000.0 3000000000.0 2000000000.0 2000000000.0 1000000000.0 3000000000.0 
3000000000.0 4000000000.0 5000000000.0 4000000000.0 3000000000.0 2000000000.0 3000000000.0 4000000000.0 5000000000.0 4000000000.0 5000000000.0 4000000000.0 3000000000.0 4000000000.0 3000000000.0 4000000000.0 5000000000.0 4000000000.0 5000000000.0 4000000000.0 3000000000.0 2000000000.0 1000000000.0 2000000000.0 3000000000.0 2000000000.0 1000000000.0 2000000000.0 3000000000.0 4000000000.0 3000000000.0 2000000000.0 3000000000.0 2000000000.0 3000000000.0 2000000000.0 1000000000.0 0 2000000000.0 2000000000.0 3000000000.0 4000000000.0 4000000000.0 3000000000.0 3000000000.0 2000000000.0 4000000000.0 
3000000000.0 4000000000.0 3000000000.0 2000000000.0 3000000000.0 2000000000.0 3000000000.0 4000000000.0 5000000000.0 4000000000.0 5000000000.0 4000000000.0 3000000000.0 4000000000.0 3000000000.0 4000000000.0 5000000000.0 4000000000.0 5000000000.0 4000000000.0 3000000000.0 4000000000.0 3000000000.0 2000000000.0 1000000000.0 2000000000.0 1000000000.0 2000000000.0 3000000000.0 2000000000.0 3000000000.0 2000000000.0 3000000000.0 4000000000.0 3000000000.0 2000000000.0 3000000000.0 2000000000.0 0 2000000000.0 3000000000.0 4000000000.0 4000000000.0 5000000000.0 5000000000.0 4000000000.0 4000000000.0 
3000000000.0 4000000000.0 3000000000.0 2000000000.0 3000000000.0 2000000000.0 3000000000.0 4000000000.0 3000000000.0 2000000000.0 3000000000.0 4000000000.0 3000000000.0 4000000000.0 3000000000.0 2000000000.0 3000000000.0 4000000000.0 3000000000.0 4000000000.0 3000000000.0 4000000000.0 3000000000.0 2000000000.0 3000000000.0 2000000000.0 1000000000.0 2000000000.0 3000000000.0 2000000000.0 3000000000.0 2000000000.0 3000000000.0 2000000000.0 1000000000.0 2000000000.0 3000000000.0 2000000000.0 2000000000.0 0 1000000000.0 2000000000.0 2000000000.0 3000000000.0 3000000000.0 2000000000.0 4000000000.0 
4000000000.0 3000000000.0 4000000000.0 3000000000.0 4000000000.0 3000000000.0 4000000000.0 5000000000.0 4000000000.0 3000000000.0 4000000000.0 3000000000.0 4000000000.0 5000000000.0 4000000000.0 3000000000.0 4000000000.0 3000000000.0 4000000000.0 3000000000.0 2000000000.0 3000000000.0 4000000000.0 3000000000.0 4000000000.0 3000000000.0 2000000000.0 3000000000.0 4000000000.0 3000000000.0 2000000000.0 3000000000.0 2000000000.0 1000000000.0 2000000000.0 3000000000.0 2000000000.0 3000000000.0 3000000000.0 1000000000.0 0 1000000000.0 3000000000.0 2000000000.0 2000000000.0 3000000000.0 5000000000.0 
3000000000.0 4000000000.0 5000000000.0 4000000000.0 5000000000.0 4000000000.0 3000000000.0 4000000000.0 3000000000.0 2000000000.0 3000000000.0 2000000000.0 3000000000.0 4000000000.0 3000000000.0 2000000000.0 3000000000.0 2000000000.0 3000000000.0 2000000000.0 3000000000.0 4000000000.0 5000000000.0 4000000000.0 3000000000.0 2000000000.0 3000000000.0 4000000000.0 3000000000.0 2000000000.0 1000000000.0 2000000000.0 1000000000.0 2000000000.0 3000000000.0 4000000000.0 3000000000.0 4000000000.0 4000000000.0 2000000000.0 1000000000.0 0 2000000000.0 3000000000.0 3000000000.0 4000000000.0 4000000000.0 
3000000000.0 4000000000.0 5000000000.0 4000000000.0 5000000000.0 4000000000.0 3000000000.0 4000000000.0 3000000000.0 2000000000.0 3000000000.0 4000000000.0 3000000000.0 4000000000.0 3000000000.0 2000000000.0 3000000000.0 4000000000.0 3000000000.0 2000000000.0 3000000000.0 2000000000.0 3000000000.0 2000000000.0 3000000000.0 2000000000.0 3000000000.0 4000000000.0 3000000000.0 2000000000.0 3000000000.0 4000000000.0 3000000000.0 2000000000.0 3000000000.0 4000000000.0 3000000000.0 4000000000.0 4000000000.0 2000000000.0 3000000000.0 2000000000.0 0 1000000000.0 3000000000.0 2000000000.0 4000000000.0 
4000000000.0 3000000000.0 4000000000.0 3000000000.0 4000000000.0 3000000000.0 2000000000.0 3000000000.0 2000000000.0 3000000000.0 2000000000.0 3000000000.0 4000000000.0 3000000000.0 2000000000.0 1000000000.0 2000000000.0 3000000000.0 2000000000.0 3000000000.0 2000000000.0 3000000000.0 4000000000.0 3000000000.0 4000000000.0 3000000000.0 4000000000.0 5000000000.0 4000000000.0 3000000000.0 4000000000.0 3000000000.0 2000000000.0 1000000000.0 2000000000.0 3000000000.0 2000000000.0 3000000000.0 5000000000.0 3000000000.0 2000000000.0 3000000000.0 1000000000.0 0 2000000000.0 3000000000.0 5000000000.0 
4000000000.0 3000000000.0 4000000000.0 3000000000.0 4000000000.0 3000000000.0 4000000000.0 3000000000.0 4000000000.0 3000000000.0 4000000000.0 3000000000.0 2000000000.0 3000000000.0 4000000000.0 3000000000.0 4000000000.0 3000000000.0 2000000000.0 1000000000.0 2000000000.0 3000000000.0 4000000000.0 3000000000.0 4000000000.0 3000000000.0 4000000000.0 5000000000.0 4000000000.0 3000000000.0 2000000000.0 3000000000.0 2000000000.0 1000000000.0 2000000000.0 3000000000.0 2000000000.0 3000000000.0 5000000000.0 3000000000.0 2000000000.0 3000000000.0 3000000000.0 2000000000.0 0 1000000000.0 5000000000.0 
3000000000.0 4000000000.0 5000000000.0 4000000000.0 5000000000.0 4000000000.0 3000000000.0 4000000000.0 3000000000.0 4000000000.0 5000000000.0 4000000000.0 3000000000.0 4000000000.0 3000000000.0 4000000000.0 5000000000.0 4000000000.0 3000000000.0 2000000000.0 3000000000.0 2000000000.0 3000000000.0 2000000000.0 3000000000.0 2000000000.0 3000000000.0 4000000000.0 3000000000.0 4000000000.0 3000000000.0 2000000000.0 3000000000.0 2000000000.0 3000000000.0 2000000000.0 1000000000.0 2000000000.0 4000000000.0 2000000000.0 3000000000.0 4000000000.0 2000000000.0 3000000000.0 1000000000.0 0 4000000000.0 
1000000000.0 2000000000.0 3000000000.0 4000000000.0 3000000000.0 2000000000.0 3000000000.0 2000000000.0 3000000000.0 2000000000.0 3000000000.0 4000000000.0 3000000000.0 4000000000.0 3000000000.0 4000000000.0 5000000000.0 4000000000.0 5000000000.0 4000000000.0 3000000000.0 2000000000.0 3000000000.0 4000000000.0 3000000000.0 2000000000.0 3000000000.0 2000000000.0 3000000000.0 4000000000.0 5000000000.0 4000000000.0 3000000000.0 4000000000.0 3000000000.0 4000000000.0 3000000000.0 4000000000.0 4000000000.0 4000000000.0 5000000000.0 4000000000.0 4000000000.0 5000000000.0 5000000000.0 4000000000.0 0 
