12
LOC48 LOC14 LOC3 LOC45 LOC2 LOC49 LOC31 LOC5 LOC4 LOC42 LOC0 LOC8
0 2.0 9.0 9.0 10.0 11.0 11.0 17.0 13.0 15.0 10.0 3.0 
2.0 0 7.0 7.0 12.0 13.0 13.0 15.0 13.0 15.0 12.0 5.0 
9.0 7.0 0 8.0 9.0 10.0 10.0 15.0 11.0 13.0 10.0 12.0 
9.0 7.0 8.0 0 5.0 6.0 7.0 12.0 6.0 8.0 5.0 6.0 
10.0 12.0 9.0 5.0 0 1.0 3.0 8.0 6.0 8.0 3.0 11.0 
11.0 13.0 10.0 6.0 1.0 0 4.0 9.0 5.0 7.0 2.0 12.0 
11.0 13.0 10.0 7.0 3.0 4.0 0 7.0 5.0 7.0 2.0 13.0 
17.0 15.0 15.0 12.0 8.0 9.0 7.0 0 10.0 12.0 7.0 14.0 
13.0 13.0 11.0 6.0 6.0 5.0 5.0 10.0 0 2.0 3.0 12.0 
15.0 15.0 13.0 8.0 8.0 7.0 7.0 12.0 2.0 0 5.0 14.0 
10.0 12.0 10.0 5.0 3.0 2.0 2.0 7.0 3.0 5.0 0 11.0 
3.0 5.0 12.0 6.0 11.0 12.0 13.0 14.0 12.0 14.0 11.0 0 
