23
18 9 13 1 21 7 2 5 19 20 15 8 14 17 22 12 4 24 16 29 46 33 0
0 94818899.50341 461815606.70423 607613349.9922 541421401.35436 722088823.26455 751649227.1394501 771487673.76969 926942512.7701 862581234.64472 894552693.0977399 632880146.35155 711786731.36834 507223677.91212 818980989.0090799 778827114.70065 960696776.2351099 466789704.10314995 1026310292.7133399 784658583.88352 745184433.09172 594286338.17974 62609666.85172 
94818899.50341 0 366996707.20082 512794450.48879004 562174947.12146 742842369.03165 656830327.63604 676668774.26628 832123613.26669 767762335.14131 831281291.41468 538061246.84814 732540277.13544 527977223.67922 780139931.78655 684008215.19724 897640896.64564 487543249.87025 992365687.1596301 689839684.38011 650365533.58831 499467438.67633 83363212.61882 
461815606.70423 366996707.20082 0 145797743.28797 263451973.38411 444119395.29429996 289833620.43522 370320757.14676 465126906.06587 571252662.20368 464284584.21386003 171064539.64732 503465533.23773 270484077.5186 462650931.82123 366519215.23192 543712501.78902 854539957.07107 686017670.04011 322842977.17929 396623997.82473 487117061.29309 450359919.81964004 
607613349.9922 512794450.48879004 145797743.28797 0 117654230.09614 298321652.00633 376011471.91482997 295524335.20329 443506832.27969 496456240.26021 610082327.50183 316862282.93529 504641577.88883996 416281820.80657 608448675.1092 512316958.51989 689063160.9191 809845260.17882 611221248.09664 468640720.46726 321827575.88126 570131128.87278 596157663.10761 
541421401.35436 562174947.12146 263451973.38411 117654230.09614 0 180667421.91019 481485579.80306 400998443.09152 556759084.0146201 549323866.7925 515874660.73617 222654616.16963 462098867.55494 418191657.27538 516952812.89257 613084529.4818801 571408930.82296 882991771.75407 716695355.98487 445419627.26747 374695202.41355 532765284.8781 478811734.50264 
722088823.26455 742842369.03165 444119395.2943 298321652.00633 180667421.91019 0 319541804.98203 400028941.69356996 555789582.6166699 600960846.75049 649382101.2470601 403322038.07982 609146184.37912 598859079.18557 679987938.47122 776119655.0605301 678117872.0060699 992038587.67908 715725854.58692 571549257.0815799 426332182.37153995 382269241.08791 659479156.41283 
751649227.13945 656830327.63604 289833620.43522 376011471.91482997 481485579.80306005 319541804.98203 0 80487136.71154 236247777.63463998 281419041.76846004 329840296.26503 460898160.08254004 289604379.39709 560317697.95382 592512352.8044 496380636.21509 358576067.02404 672496782.69705 396184049.60489 252007452.09955 106790377.38951 380205327.66213 740193540.2548599 
771487673.76969 676668774.26628 370320757.14676 295524335.20329 400998443.09152 400028941.69356996 80487136.71154 0 155760640.9231 200931905.05692 405691564.44396996 421488416.66426 209117242.68555 599166524.47029 599415117.17932 503283400.59001 439063203.73557997 592009645.98551 315696912.89335 261680594.5727 26303240.67797 448667349.43324 760031986.8851 
926942512.7701 832123613.26669 465126906.06587 443506832.27969 556759084.0146201 555789582.6166699 236247777.63463998 155760640.9231 0 356692545.98002 373076160.12776 577249057.58736 364877883.60864997 731565884.24881 755175758.10242 659044041.5131099 594823844.65868 747770286.90861 471457553.81645 417441235.4958 182063881.60107 604427990.3563399 915486825.88551 
862581234.64472 767762335.14131 571252662.20368 496456240.26021 549323866.7925 600960846.75049 281419041.76846 200931905.05692 356692545.98002 0 402884021.74463 587898701.18624 410049147.74247 800098429.52721 781541591.61897 685409875.02966 639995108.7925 548988688.3789899 516628817.95027 410006018.27368 174628664.37895 596992773.13422 838245763.88312 
894552693.0977399 831281291.41468 464284584.21386003 610082327.5018301 515874660.73617 649382101.2470601 329840296.26503 405691564.44396996 373076160.12776 402884021.74463 0 293220044.56654 614808807.1295199 734768661.73246 759189152.2428501 746038612.35019 688416363.28907 427762988.99459 523140314.71016 562835289.19895 379388323.766 710045623.92716 831943026.24602 
632880146.35155 538061246.84814 171064539.64732 316862282.93529 222654616.16963 403322038.07982 460898160.08254004 421488416.66426 577249057.58736 587898701.18624 293220044.56654 0 347764172.2477 441548617.16592 465969107.67631 537583754.87924 714777041.43634 720983033.5611299 737185329.55761 493907516.82660997 413270036.80729 658181600.94041 621424459.46696 
711786731.36834 732540277.13544 503465533.23773 504641577.88883996 462098867.55494 609146184.37912 289604379.39709 209117242.68555 364877883.60864997 410049147.74247 614808807.1295199 347764172.2477 0 409725011.5835 436666036.44536 532797753.03467 621935544.44441 520495249.76551 524263109.81311 357311776.30087 235420483.36352 539844786.57222 649177064.51662 
507223677.91212 527977223.67922 270484077.5186 416281820.80657 418191657.27538 598859079.18557 560317697.95382 599166524.47029 731565884.24881 800098429.52721 734768661.73246 441548617.16592 409725011.5835 0 311757311.09696 403057679.90778995 814196579.3076199 848794048.31183 914863437.36364 571487852.66359 625469765.14826 709002688.42267 444614011.0604 
818980989.00908 780139931.78655 462650931.82123 608448675.1092 516952812.89257 679987938.47122 592512352.8044 599415117.17932 755175758.10242 781541591.61897 759189152.2428501 465969107.67631 436666036.44536 311757311.09696 0 96131716.58931 786506202.90272 957161286.21087 904119099.81717 407084837.15478003 606912927.24002 949767993.11432 756371322.1573601 
778827114.70065 684008215.19724 366519215.23192 512316958.51989 613084529.48188 776119655.06053 496380636.21509 503283400.59001 659044041.5131099 685409875.02966 746038612.35019 537583754.87924 532797753.03467 403057679.90778995 96131716.58931 0 690374486.31341 974932296.1127601 818980313.48336 503216553.74408996 510781210.65071 853636276.5250101 767371427.81606 
960696776.2351099 897640896.64564 543712501.78902 689063160.9191 571408930.82296 678117872.0060699 358576067.02404 439063203.73557997 594823844.65868 639995108.7925 688416363.28907 714777041.43634 621935544.44441 814196579.3076199 786506202.9027201 690374486.31341 0 1031072849.72109 754760116.62893 417897010.56057 465366444.41354996 738781394.6861701 898087109.38339 
466789704.10314995 487543249.87025 854539957.07107 809845260.17882 882991771.75407 992038587.67908 672496782.69705 592009645.98551 747770286.90861 548988688.3789899 427762988.99459 720983033.56113 520495249.76551 848794048.31183 957161286.21087 974932296.1127601 1031072849.72109 0 626206390.74343 853681651.4424399 618304297.54771 945526732.4505899 404180037.25143 
1026310292.7133399 992365687.1596301 686017670.04011 611221248.09664 716695355.98487 715725854.58692 396184049.60489 315696912.89335 471457553.81645 516628817.95027 523140314.71016 737185329.55761 524263109.81311 914863437.36364 904119099.81717 818980313.48336 754760116.62893 626206390.74343 0 497034262.66239 342000153.57132 532823858.40586996 963700625.86162 
784658583.88352 689839684.38011 322842977.17929 468640720.46726 445419627.26747 571549257.0815799 252007452.09955 261680594.5727 417441235.4958 410006018.27368 562835289.19895 493907516.82660997 357311776.30087 571487852.66359 407084837.15478003 503216553.74409 417897010.56057 853681651.44244 497034262.66239 0 235377353.89473 632212779.7616801 773202896.99893 
745184433.09172 650365533.58831 396623997.82473004 321827575.88126 374695202.41355 426332182.37153995 106790377.38951 26303240.67797 182063881.60107 174628664.37895 379388323.766 413270036.80729 235420483.36352 625469765.14826 606912927.24002 510781210.65071 465366444.41355 618304297.54771 342000153.57132 235377353.89473 0 422364108.75527 733728746.20713 
594286338.17974 499467438.67633 487117061.29309 570131128.87278 532765284.8781 382269241.08791 380205327.66213 448667349.43324 604427990.3563399 596992773.13422 710045623.92716 658181600.94041 539844786.57222 709002688.42267 949767993.11432 853636276.52501 738781394.68617 945526732.4505899 532823858.40586996 632212779.76168 422364108.75527 0 541346695.19916 
62609666.85172 83363212.61882 450359919.81964004 596157663.10761 478811734.50264 659479156.41283 740193540.25486 760031986.8851 915486825.88551 838245763.88312 831943026.24602 621424459.4669601 649177064.51662 444614011.0604 756371322.15736 767371427.81606 898087109.38339 404180037.25143 963700625.86162 773202896.99893 733728746.20713 541346695.19916 0 
