46
A G W B AA C AU F X I Y J AV AJ AB E L AX AT H AQ O Z U V P R Q AE N AF K T D AG AK AD M AS AP AH AL AI AR BC S
0 501.0 784.0 542.0 529.0 892.0 536.0 585.0 586.0 562.0 578.0 555.0 727.0 746.0 519.0 643.0 524.0 554.0 802.0 519.0 501.0 671.0 702.0 671.0 522.0 604.0 572.0 529.0 562.0 519.0 585.0 649.0 585.0 589.0 551.0 564.0 529.0 630.0 572.0 645.0 522.0 783.0 524.0 510.0 536.0 501.0 
501.0 0 501.0 1002.0 501.0 1002.0 501.0 1002.0 501.0 1002.0 501.0 1002.0 532.0 526.0 532.0 575.0 532.0 519.0 525.0 508.0 1002.0 518.0 507.0 518.0 1002.0 505.0 555.0 505.0 1002.0 506.0 1002.0 524.0 530.0 523.0 539.0 515.0 519.0 542.0 510.0 515.0 1002.0 516.0 532.0 546.0 501.0 1002.0 
784.0 501.0 0 501.0 529.0 527.0 869.0 501.0 552.0 501.0 552.0 501.0 501.0 701.0 501.0 641.0 559.0 501.0 716.0 514.0 501.0 811.0 911.0 811.0 501.0 529.0 501.0 529.0 501.0 514.0 501.0 718.0 501.0 530.0 501.0 595.0 501.0 527.0 501.0 719.0 501.0 610.0 559.0 680.0 552.0 501.0 
542.0 1002.0 501.0 0 501.0 807.0 501.0 1002.0 713.0 548.0 519.0 535.0 537.0 680.0 537.0 635.0 706.0 635.0 540.0 508.0 1002.0 539.0 507.0 518.0 578.0 517.0 555.0 517.0 548.0 578.0 1002.0 578.0 539.0 590.0 559.0 515.0 540.0 542.0 510.0 548.0 531.0 516.0 536.0 546.0 501.0 1002.0 
529.0 501.0 529.0 501.0 0 501.0 518.0 501.0 552.0 501.0 552.0 501.0 501.0 552.0 501.0 588.0 556.0 501.0 505.0 612.0 501.0 553.0 566.0 528.0 501.0 694.0 501.0 1002.0 501.0 581.0 501.0 660.0 557.0 581.0 501.0 516.0 501.0 696.0 501.0 505.0 501.0 514.0 506.0 552.0 518.0 501.0 
892.0 1002.0 527.0 807.0 501.0 0 503.0 1002.0 619.0 598.0 505.0 1002.0 582.0 531.0 561.0 575.0 561.0 533.0 525.0 508.0 1002.0 594.0 507.0 518.0 524.0 515.0 555.0 515.0 555.0 524.0 1002.0 524.0 554.0 523.0 539.0 515.0 554.0 542.0 529.0 515.0 524.0 639.0 536.0 578.0 503.0 1002.0 
536.0 501.0 869.0 501.0 518.0 503.0 0 501.0 572.0 501.0 534.0 501.0 501.0 534.0 501.0 623.0 569.0 501.0 563.0 592.0 501.0 543.0 531.0 543.0 501.0 677.0 501.0 518.0 501.0 504.0 501.0 732.0 625.0 504.0 501.0 595.0 501.0 699.0 501.0 643.0 501.0 663.0 501.0 676.0 1002.0 501.0 
585.0 1002.0 501.0 1002.0 501.0 1002.0 501.0 0 501.0 519.0 501.0 1002.0 537.0 531.0 537.0 575.0 550.0 533.0 525.0 508.0 1002.0 539.0 507.0 518.0 524.0 515.0 555.0 515.0 519.0 523.0 1002.0 524.0 530.0 523.0 539.0 515.0 523.0 542.0 510.0 515.0 524.0 516.0 536.0 546.0 501.0 1002.0 
586.0 501.0 552.0 713.0 552.0 619.0 572.0 501.0 0 501.0 1002.0 501.0 501.0 626.0 501.0 505.0 519.0 501.0 743.0 526.0 501.0 596.0 576.0 596.0 501.0 599.0 501.0 552.0 501.0 526.0 501.0 641.0 651.0 641.0 501.0 534.0 501.0 554.0 501.0 573.0 501.0 687.0 519.0 512.0 1002.0 501.0 
562.0 1002.0 501.0 548.0 501.0 598.0 501.0 519.0 501.0 0 501.0 1002.0 503.0 526.0 508.0 630.0 532.0 519.0 525.0 508.0 1002.0 518.0 507.0 518.0 1002.0 505.0 1002.0 505.0 1002.0 506.0 1002.0 524.0 530.0 516.0 539.0 515.0 516.0 542.0 1002.0 515.0 1002.0 516.0 532.0 546.0 501.0 1002.0 
578.0 501.0 552.0 519.0 552.0 505.0 534.0 501.0 1002.0 501.0 0 501.0 501.0 1002.0 501.0 515.0 554.0 501.0 506.0 644.0 501.0 596.0 576.0 525.0 501.0 573.0 501.0 573.0 501.0 522.0 501.0 522.0 653.0 716.0 501.0 534.0 501.0 554.0 501.0 573.0 501.0 621.0 519.0 512.0 1002.0 501.0 
555.0 1002.0 501.0 535.0 501.0 1002.0 501.0 1002.0 501.0 1002.0 501.0 0 503.0 526.0 508.0 575.0 532.0 519.0 525.0 508.0 1002.0 518.0 507.0 518.0 1002.0 505.0 1002.0 505.0 1002.0 506.0 1002.0 514.0 530.0 523.0 1002.0 515.0 516.0 542.0 1002.0 515.0 1002.0 516.0 532.0 522.0 501.0 1002.0 
727.0 532.0 501.0 537.0 501.0 582.0 501.0 537.0 501.0 503.0 501.0 503.0 0 501.0 1002.0 572.0 564.0 1002.0 503.0 533.0 1002.0 644.0 507.0 505.0 1002.0 601.0 503.0 521.0 1002.0 508.0 1002.0 606.0 530.0 669.0 1002.0 515.0 1002.0 1006.0 1002.0 515.0 1002.0 516.0 1002.0 522.0 501.0 1002.0 
746.0 526.0 701.0 680.0 552.0 531.0 534.0 531.0 626.0 526.0 1002.0 526.0 501.0 0 501.0 730.0 562.0 501.0 506.0 598.0 501.0 662.0 576.0 525.0 526.0 817.0 526.0 602.0 501.0 581.0 501.0 581.0 783.0 598.0 501.0 534.0 501.0 770.0 501.0 573.0 501.0 621.0 501.0 512.0 1002.0 526.0 
519.0 532.0 501.0 537.0 501.0 561.0 501.0 537.0 501.0 508.0 501.0 508.0 1002.0 501.0 0 500.0 1000.0 1002.0 503.0 1006.0 1002.0 509.0 507.0 509.0 1002.0 506.0 506.0 506.0 1002.0 1005.0 1002.0 528.0 510.0 516.0 1002.0 515.0 1002.0 508.0 1002.0 515.0 1002.0 516.0 1000.0 522.0 501.0 506.0 
643.0 575.0 641.0 635.0 588.0 575.0 623.0 575.0 505.0 630.0 515.0 575.0 572.0 730.0 500.0 0 500.0 1000.0 593.0 529.0 560.0 631.0 562.0 626.0 560.0 833.0 618.0 588.0 618.0 529.0 575.0 618.0 570.0 722.0 547.0 592.0 638.0 680.0 587.0 593.0 560.0 634.0 500.0 564.0 515.0 575.0 
524.0 532.0 559.0 706.0 556.0 561.0 569.0 550.0 519.0 532.0 554.0 532.0 564.0 562.0 1000.0 500.0 0 500.0 869.0 587.0 517.0 705.0 657.0 593.0 517.0 506.0 532.0 506.0 532.0 531.0 532.0 553.0 512.0 676.0 504.0 531.0 562.0 602.0 532.0 721.0 517.0 747.0 1000.0 525.0 554.0 532.0 
554.0 519.0 501.0 635.0 501.0 533.0 501.0 533.0 501.0 519.0 501.0 519.0 1002.0 501.0 1002.0 1000.0 500.0 0 503.0 529.0 1002.0 536.0 507.0 520.0 1002.0 575.0 519.0 575.0 1002.0 529.0 1002.0 566.0 570.0 640.0 1002.0 515.0 1002.0 504.0 1002.0 515.0 1002.0 516.0 1002.0 522.0 501.0 504.0 
802.0 525.0 716.0 540.0 505.0 525.0 563.0 525.0 743.0 525.0 506.0 525.0 503.0 506.0 503.0 593.0 869.0 503.0 0 503.0 503.0 697.0 729.0 697.0 503.0 659.0 525.0 549.0 503.0 503.0 503.0 666.0 588.0 623.0 503.0 894.0 503.0 549.0 503.0 1008.0 503.0 696.0 503.0 527.0 506.0 525.0 
519.0 508.0 514.0 508.0 612.0 508.0 592.0 508.0 526.0 508.0 644.0 508.0 533.0 598.0 1006.0 529.0 587.0 529.0 503.0 0 506.0 536.0 539.0 536.0 508.0 517.0 512.0 517.0 508.0 1002.0 508.0 528.0 510.0 516.0 510.0 851.0 516.0 508.0 512.0 597.0 508.0 579.0 531.0 525.0 544.0 508.0 
501.0 1002.0 501.0 1002.0 501.0 1002.0 501.0 1002.0 501.0 1002.0 501.0 1002.0 1002.0 501.0 1002.0 560.0 517.0 1002.0 503.0 506.0 0 505.0 507.0 505.0 1002.0 505.0 1002.0 505.0 1002.0 1005.0 1002.0 1008.0 510.0 506.0 1002.0 515.0 1002.0 1006.0 1002.0 515.0 1002.0 516.0 1002.0 522.0 501.0 1002.0 
671.0 518.0 811.0 539.0 553.0 594.0 543.0 539.0 596.0 518.0 596.0 518.0 644.0 662.0 509.0 631.0 705.0 536.0 697.0 536.0 505.0 0 500.0 1000.0 509.0 528.0 518.0 528.0 518.0 509.0 518.0 509.0 827.0 526.0 518.0 587.0 509.0 836.0 518.0 588.0 509.0 509.0 548.0 688.0 543.0 505.0 
702.0 507.0 911.0 507.0 566.0 507.0 531.0 507.0 576.0 507.0 576.0 507.0 507.0 576.0 507.0 562.0 657.0 507.0 729.0 539.0 507.0 500.0 0 500.0 507.0 572.0 507.0 572.0 507.0 539.0 507.0 639.0 873.0 565.0 507.0 938.0 507.0 507.0 507.0 729.0 507.0 733.0 657.0 805.0 531.0 507.0 
671.0 518.0 811.0 518.0 528.0 518.0 543.0 518.0 596.0 518.0 525.0 518.0 505.0 525.0 509.0 626.0 593.0 520.0 697.0 536.0 505.0 1000.0 500.0 0 505.0 528.0 518.0 528.0 505.0 509.0 505.0 509.0 668.0 526.0 505.0 587.0 509.0 556.0 505.0 588.0 505.0 509.0 548.0 688.0 525.0 505.0 
522.0 1002.0 501.0 578.0 501.0 524.0 501.0 524.0 501.0 1002.0 501.0 1002.0 1002.0 526.0 1002.0 560.0 517.0 1002.0 503.0 508.0 1002.0 509.0 507.0 505.0 0 505.0 1002.0 505.0 1002.0 1005.0 1002.0 1008.0 510.0 543.0 1002.0 515.0 1002.0 537.0 1002.0 515.0 1002.0 516.0 508.0 522.0 501.0 1002.0 
604.0 505.0 529.0 517.0 694.0 515.0 677.0 515.0 599.0 505.0 573.0 505.0 601.0 817.0 506.0 833.0 506.0 575.0 659.0 517.0 505.0 528.0 572.0 528.0 505.0 0 505.0 1006.0 505.0 517.0 505.0 517.0 617.0 517.0 505.0 516.0 516.0 601.0 505.0 659.0 505.0 537.0 506.0 609.0 573.0 505.0 
572.0 555.0 501.0 555.0 501.0 555.0 501.0 555.0 501.0 1002.0 501.0 1002.0 503.0 526.0 506.0 618.0 532.0 519.0 525.0 512.0 1002.0 518.0 507.0 518.0 1002.0 505.0 0 505.0 1002.0 506.0 1002.0 514.0 530.0 579.0 1002.0 515.0 506.0 515.0 1002.0 515.0 1002.0 516.0 532.0 522.0 501.0 1002.0 
529.0 505.0 529.0 517.0 1002.0 515.0 518.0 515.0 552.0 505.0 573.0 505.0 521.0 602.0 506.0 588.0 506.0 575.0 549.0 517.0 505.0 528.0 572.0 528.0 505.0 1006.0 505.0 0 505.0 517.0 505.0 517.0 557.0 517.0 505.0 516.0 516.0 521.0 505.0 604.0 505.0 514.0 506.0 609.0 518.0 505.0 
562.0 1002.0 501.0 548.0 501.0 555.0 501.0 519.0 501.0 1002.0 501.0 1002.0 1002.0 501.0 1002.0 618.0 532.0 1002.0 503.0 508.0 1002.0 518.0 507.0 505.0 1002.0 505.0 1002.0 505.0 0 506.0 1002.0 514.0 530.0 516.0 1002.0 515.0 1002.0 515.0 1002.0 515.0 1002.0 516.0 1002.0 522.0 501.0 1002.0 
519.0 506.0 514.0 578.0 581.0 524.0 504.0 523.0 526.0 506.0 522.0 506.0 508.0 581.0 1005.0 529.0 531.0 529.0 503.0 1002.0 1005.0 509.0 539.0 509.0 1005.0 517.0 506.0 517.0 506.0 0 506.0 1008.0 510.0 1003.0 506.0 545.0 1005.0 508.0 506.0 597.0 1005.0 543.0 531.0 525.0 504.0 506.0 
585.0 1002.0 501.0 1002.0 501.0 1002.0 501.0 1002.0 501.0 1002.0 501.0 1002.0 1002.0 501.0 1002.0 575.0 532.0 1002.0 503.0 508.0 1002.0 518.0 507.0 505.0 1002.0 505.0 1002.0 505.0 1002.0 506.0 0 514.0 530.0 523.0 1002.0 515.0 1002.0 542.0 1002.0 515.0 1002.0 516.0 1002.0 522.0 501.0 1002.0 
649.0 524.0 718.0 578.0 660.0 524.0 732.0 524.0 641.0 524.0 522.0 514.0 606.0 581.0 528.0 618.0 553.0 566.0 666.0 528.0 1008.0 509.0 639.0 509.0 1008.0 517.0 514.0 517.0 514.0 1008.0 514.0 0 510.0 568.0 514.0 545.0 566.0 733.0 514.0 629.0 1008.0 592.0 531.0 582.0 522.0 514.0 
585.0 530.0 501.0 539.0 557.0 554.0 625.0 530.0 651.0 530.0 653.0 530.0 530.0 783.0 510.0 570.0 512.0 570.0 588.0 510.0 510.0 827.0 873.0 668.0 510.0 617.0 530.0 557.0 530.0 510.0 530.0 510.0 0 510.0 530.0 570.0 510.0 586.0 530.0 717.0 510.0 530.0 512.0 588.0 625.0 530.0 
589.0 523.0 530.0 590.0 581.0 523.0 504.0 523.0 641.0 516.0 716.0 523.0 669.0 598.0 516.0 722.0 676.0 640.0 623.0 516.0 506.0 526.0 565.0 526.0 543.0 517.0 579.0 517.0 516.0 1003.0 523.0 568.0 510.0 0 510.0 593.0 1005.0 675.0 579.0 606.0 521.0 574.0 531.0 794.0 504.0 516.0 
551.0 539.0 501.0 559.0 501.0 539.0 501.0 539.0 501.0 539.0 501.0 1002.0 1002.0 501.0 1002.0 547.0 504.0 1002.0 503.0 510.0 1002.0 518.0 507.0 505.0 1002.0 505.0 1002.0 505.0 1002.0 506.0 1002.0 514.0 530.0 510.0 0 515.0 1002.0 542.0 1002.0 515.0 1002.0 516.0 1002.0 522.0 501.0 1002.0 
564.0 515.0 595.0 515.0 516.0 515.0 595.0 515.0 534.0 515.0 534.0 515.0 515.0 534.0 515.0 592.0 531.0 515.0 894.0 851.0 515.0 587.0 938.0 587.0 515.0 516.0 515.0 516.0 515.0 545.0 515.0 545.0 570.0 593.0 515.0 0 515.0 527.0 515.0 601.0 515.0 760.0 515.0 617.0 534.0 515.0 
529.0 519.0 501.0 540.0 501.0 554.0 501.0 523.0 501.0 516.0 501.0 516.0 1002.0 501.0 1002.0 638.0 562.0 1002.0 503.0 516.0 1002.0 509.0 507.0 509.0 1002.0 516.0 506.0 516.0 1002.0 1005.0 1002.0 566.0 510.0 1005.0 1002.0 515.0 0 502.0 1002.0 515.0 1002.0 516.0 1002.0 522.0 501.0 502.0 
630.0 542.0 527.0 542.0 696.0 542.0 699.0 542.0 554.0 542.0 554.0 542.0 1006.0 770.0 508.0 680.0 602.0 504.0 549.0 508.0 1006.0 836.0 507.0 556.0 537.0 601.0 515.0 521.0 515.0 508.0 542.0 733.0 586.0 675.0 542.0 527.0 502.0 0 513.0 540.0 515.0 607.0 602.0 534.0 554.0 1004.0 
572.0 510.0 501.0 510.0 501.0 529.0 501.0 510.0 501.0 1002.0 501.0 1002.0 1002.0 501.0 1002.0 587.0 532.0 1002.0 503.0 512.0 1002.0 518.0 507.0 505.0 1002.0 505.0 1002.0 505.0 1002.0 506.0 1002.0 514.0 530.0 579.0 1002.0 515.0 1002.0 513.0 0 515.0 1002.0 516.0 1002.0 522.0 501.0 1002.0 
645.0 515.0 719.0 548.0 505.0 515.0 643.0 515.0 573.0 515.0 573.0 515.0 515.0 573.0 515.0 593.0 721.0 515.0 1008.0 597.0 515.0 588.0 729.0 588.0 515.0 659.0 515.0 604.0 515.0 597.0 515.0 629.0 717.0 606.0 515.0 601.0 515.0 540.0 515.0 0 515.0 540.0 515.0 563.0 506.0 515.0 
522.0 1002.0 501.0 531.0 501.0 524.0 501.0 524.0 501.0 1002.0 501.0 1002.0 1002.0 501.0 1002.0 560.0 517.0 1002.0 503.0 508.0 1002.0 509.0 507.0 505.0 1002.0 505.0 1002.0 505.0 1002.0 1005.0 1002.0 1008.0 510.0 521.0 1002.0 515.0 1002.0 515.0 1002.0 515.0 0 516.0 1002.0 522.0 501.0 1002.0 
783.0 516.0 610.0 516.0 514.0 639.0 663.0 516.0 687.0 516.0 621.0 516.0 516.0 621.0 516.0 634.0 747.0 516.0 696.0 579.0 516.0 509.0 733.0 509.0 516.0 537.0 516.0 514.0 516.0 543.0 516.0 592.0 530.0 574.0 516.0 760.0 516.0 607.0 516.0 540.0 516.0 0 516.0 529.0 616.0 516.0 
524.0 532.0 559.0 536.0 506.0 536.0 501.0 536.0 519.0 532.0 519.0 532.0 1002.0 501.0 1000.0 500.0 1000.0 1002.0 503.0 531.0 1002.0 548.0 657.0 548.0 508.0 506.0 532.0 506.0 1002.0 531.0 1002.0 531.0 512.0 531.0 1002.0 515.0 1002.0 602.0 1002.0 515.0 1002.0 516.0 0 522.0 501.0 508.0 
510.0 546.0 680.0 546.0 552.0 578.0 676.0 546.0 512.0 546.0 512.0 522.0 522.0 512.0 522.0 564.0 525.0 522.0 527.0 525.0 522.0 688.0 805.0 688.0 522.0 609.0 522.0 609.0 522.0 525.0 522.0 582.0 588.0 794.0 522.0 617.0 522.0 534.0 522.0 563.0 522.0 529.0 522.0 0 512.0 522.0 
536.0 501.0 552.0 501.0 518.0 503.0 1002.0 501.0 1002.0 501.0 1002.0 501.0 501.0 1002.0 501.0 515.0 554.0 501.0 506.0 544.0 501.0 543.0 531.0 525.0 501.0 573.0 501.0 518.0 501.0 504.0 501.0 522.0 625.0 504.0 501.0 534.0 501.0 554.0 501.0 506.0 501.0 616.0 501.0 512.0 0 501.0 
501.0 1002.0 501.0 1002.0 501.0 1002.0 501.0 1002.0 501.0 1002.0 501.0 1002.0 1002.0 526.0 506.0 575.0 532.0 504.0 525.0 508.0 1002.0 505.0 507.0 505.0 1002.0 505.0 1002.0 505.0 1002.0 506.0 1002.0 514.0 530.0 516.0 1002.0 515.0 502.0 1004.0 1002.0 515.0 1002.0 516.0 508.0 522.0 501.0 0 
