68
0x8b 0x11 0xa4 0x3d 0xba 0x91 0xc3 0xc1 0xc7 0x68 0x56 0x89 0x74 0xbb 0x25 0xf 0x6f 0x7a 0x9 0x5d 0x4e 0xbe 0x31 0x79 0x5 0x9b 0x2d 0x1d 0x2e 0x98 0xae 0xc2 0x86 0xb4 0x7b 0x10 0xbc 0x7 0x78 0x0 0xa0 0x2c 0x70 0xa3 0x97 0x3a 0x4d 0x5c 0x9f 0x99 0x81 0x17 0x83 0xa8 0x15 0x85 0x61 0x33 0x5a 0x18 0x1f 0xac 0x1b 0x6a 0x28 0xb6 0xb5 0x19
0 90044.0 123197.0 152224.0 223075.0 239797.0 339885.0 298787.0 434129.0 375119.0 387904.0 217695.0 334630.0 338342.0 373992.0 425684.0 483279.0 430821.0 512785.0 575410.0 591110.0 496565.0 432835.0 343396.0 433032.0 464483.0 511561.0 519393.0 540454.0 597410.0 625454.0 634923.0 710166.0 599578.0 648587.0 732531.0 652214.0 687617.0 693202.0 484821.0 544761.0 591055.0 635035.0 512021.0 352442.0 445120.0 476731.0 534094.0 600476.0 622843.0 650234.0 594448.0 687580.0 757403.0 839890.0 633226.0 730451.0 898586.0 997462.0 836407.0 282189.0 292472.0 392248.0 409655.0 449756.0 475992.0 570320.0 5018.0 
90044.0 0 33153.0 62180.0 133031.0 149753.0 249841.0 208743.0 344085.0 285075.0 297860.0 127651.0 244586.0 248298.0 283948.0 335640.0 393235.0 340777.0 422741.0 485366.0 501066.0 406521.0 342791.0 253352.0 342988.0 374439.0 421517.0 429349.0 450410.0 507366.0 535410.0 544879.0 620122.0 509534.0 558543.0 642487.0 562170.0 597573.0 603158.0 394777.0 454717.0 501011.0 544991.0 421977.0 262398.0 355076.0 386687.0 444050.0 510432.0 532799.0 560190.0 504404.0 597536.0 667359.0 749846.0 543182.0 640407.0 808542.0 907418.0 746363.0 192145.0 202428.0 302204.0 319611.0 359712.0 385948.0 480276.0 95062.0 
123197.0 33153.0 0 29027.0 99878.0 116600.0 216688.0 175590.0 310932.0 251922.0 264707.0 160804.0 277739.0 281451.0 317101.0 368793.0 426388.0 373930.0 455894.0 518519.0 534219.0 439674.0 375944.0 286505.0 376141.0 407592.0 454670.0 462502.0 483563.0 540519.0 568563.0 578032.0 653275.0 542687.0 591696.0 675640.0 595323.0 630726.0 636311.0 427930.0 487870.0 534164.0 578144.0 455130.0 295551.0 388229.0 419840.0 477203.0 543585.0 565952.0 593343.0 537557.0 630689.0 700512.0 782999.0 576335.0 673560.0 841695.0 940571.0 779516.0 158992.0 169275.0 269051.0 286458.0 326559.0 352795.0 447123.0 128215.0 
152224.0 62180.0 29027.0 0 70851.0 87573.0 187661.0 146563.0 281905.0 222895.0 235680.0 189831.0 306766.0 310478.0 346128.0 397820.0 455415.0 402957.0 484921.0 547546.0 563246.0 468701.0 404971.0 315532.0 405168.0 436619.0 483697.0 491529.0 512590.0 569546.0 597590.0 607059.0 682302.0 571714.0 620723.0 704667.0 624350.0 659753.0 665338.0 456957.0 516897.0 563191.0 607171.0 484157.0 324578.0 417256.0 448867.0 506230.0 572612.0 594979.0 622370.0 566584.0 659716.0 729539.0 812026.0 605362.0 702587.0 870722.0 969598.0 808543.0 129965.0 140248.0 240024.0 257431.0 297532.0 323768.0 418096.0 157242.0 
223075.0 133031.0 99878.0 70851.0 0 16722.0 116810.0 75712.0 211054.0 152044.0 164829.0 260682.0 377617.0 381329.0 416979.0 468671.0 526266.0 473808.0 555772.0 618397.0 634097.0 539552.0 475822.0 386383.0 476019.0 507470.0 554548.0 562380.0 583441.0 640397.0 668441.0 677910.0 753153.0 642565.0 691574.0 775518.0 695201.0 730604.0 736189.0 527808.0 587748.0 634042.0 678022.0 555008.0 395429.0 488107.0 519718.0 577081.0 643463.0 665830.0 693221.0 637435.0 730567.0 800390.0 882877.0 676213.0 773438.0 941573.0 1040449.0 879394.0 200816.0 211099.0 310875.0 328282.0 368383.0 394619.0 488947.0 228093.0 
239797.0 149753.0 116600.0 87573.0 16722.0 0 100088.0 58990.0 194332.0 168766.0 181551.0 277404.0 394339.0 398051.0 433701.0 485393.0 542988.0 490530.0 572494.0 635119.0 650819.0 556274.0 492544.0 403105.0 492741.0 524192.0 571270.0 579102.0 600163.0 657119.0 685163.0 694632.0 769875.0 659287.0 708296.0 792240.0 711923.0 747326.0 752911.0 544530.0 604470.0 650764.0 694744.0 571730.0 412151.0 504829.0 536440.0 593803.0 660185.0 682552.0 709943.0 654157.0 747289.0 817112.0 899599.0 692935.0 790160.0 958295.0 1057171.0 896116.0 217538.0 227821.0 327597.0 345004.0 385105.0 411341.0 505669.0 244815.0 
339885.0 249841.0 216688.0 187661.0 116810.0 100088.0 0 41098.0 176440.0 268854.0 281639.0 377492.0 494427.0 498139.0 533789.0 585481.0 643076.0 590618.0 672582.0 735207.0 750907.0 656362.0 592632.0 503193.0 592829.0 624280.0 671358.0 679190.0 700251.0 757207.0 785251.0 794720.0 869963.0 759375.0 808384.0 892328.0 812011.0 847414.0 852999.0 644618.0 704558.0 750852.0 794832.0 671818.0 512239.0 604917.0 636528.0 693891.0 760273.0 782640.0 810031.0 754245.0 847377.0 917200.0 999687.0 793023.0 890248.0 1058383.0 1157259.0 996204.0 317626.0 327909.0 427685.0 445092.0 485193.0 511429.0 605757.0 344903.0 
298787.0 208743.0 175590.0 146563.0 75712.0 58990.0 41098.0 0 135342.0 227756.0 240541.0 336394.0 453329.0 457041.0 492691.0 544383.0 601978.0 549520.0 631484.0 694109.0 709809.0 615264.0 551534.0 462095.0 551731.0 583182.0 630260.0 638092.0 659153.0 716109.0 744153.0 753622.0 828865.0 718277.0 767286.0 851230.0 770913.0 806316.0 811901.0 603520.0 663460.0 709754.0 753734.0 630720.0 471141.0 563819.0 595430.0 652793.0 719175.0 741542.0 768933.0 713147.0 806279.0 876102.0 958589.0 751925.0 849150.0 1017285.0 1116161.0 955106.0 276528.0 286811.0 386587.0 403994.0 444095.0 470331.0 564659.0 303805.0 
434129.0 344085.0 310932.0 281905.0 211054.0 194332.0 176440.0 135342.0 0 363098.0 375883.0 471736.0 588671.0 592383.0 628033.0 679725.0 737320.0 684862.0 766826.0 829451.0 845151.0 750606.0 686876.0 597437.0 687073.0 718524.0 765602.0 773434.0 794495.0 851451.0 879495.0 888964.0 964207.0 853619.0 902628.0 986572.0 906255.0 941658.0 947243.0 738862.0 798802.0 845096.0 889076.0 766062.0 606483.0 699161.0 730772.0 788135.0 854517.0 876884.0 904275.0 848489.0 941621.0 1011444.0 1093931.0 887267.0 984492.0 1152627.0 1251503.0 1090448.0 411870.0 422153.0 521929.0 539336.0 579437.0 605673.0 700001.0 439147.0 
375119.0 285075.0 251922.0 222895.0 152044.0 168766.0 268854.0 227756.0 363098.0 0 12785.0 412726.0 529661.0 533373.0 569023.0 620715.0 678310.0 625852.0 707816.0 770441.0 786141.0 691596.0 627866.0 538427.0 628063.0 659514.0 706592.0 714424.0 735485.0 792441.0 820485.0 829954.0 905197.0 794609.0 843618.0 927562.0 847245.0 882648.0 888233.0 679852.0 739792.0 786086.0 830066.0 707052.0 547473.0 640151.0 671762.0 729125.0 795507.0 817874.0 845265.0 789479.0 882611.0 952434.0 1034921.0 828257.0 925482.0 1093617.0 1192493.0 1031438.0 352860.0 363143.0 462919.0 480326.0 520427.0 546663.0 640991.0 380137.0 
387904.0 297860.0 264707.0 235680.0 164829.0 181551.0 281639.0 240541.0 375883.0 12785.0 0 425511.0 542446.0 546158.0 581808.0 633500.0 691095.0 638637.0 720601.0 783226.0 798926.0 704381.0 640651.0 551212.0 640848.0 672299.0 719377.0 727209.0 748270.0 805226.0 833270.0 842739.0 917982.0 807394.0 856403.0 940347.0 860030.0 895433.0 901018.0 692637.0 752577.0 798871.0 842851.0 719837.0 560258.0 652936.0 684547.0 741910.0 808292.0 830659.0 858050.0 802264.0 895396.0 965219.0 1047706.0 841042.0 938267.0 1106402.0 1205278.0 1044223.0 365645.0 375928.0 475704.0 493111.0 533212.0 549829.0 653776.0 392922.0 
217695.0 127651.0 160804.0 189831.0 260682.0 277404.0 377492.0 336394.0 471736.0 412726.0 425511.0 0 116935.0 120647.0 156297.0 207989.0 265584.0 213126.0 295090.0 357715.0 373415.0 278870.0 215140.0 125701.0 215337.0 246788.0 293866.0 301698.0 322759.0 379715.0 407759.0 417228.0 492471.0 381883.0 430892.0 514836.0 434519.0 469922.0 475507.0 267126.0 327066.0 373360.0 417340.0 294326.0 134747.0 227425.0 259036.0 316399.0 382781.0 405148.0 432539.0 376753.0 469885.0 539708.0 622195.0 415531.0 512756.0 680891.0 779767.0 618712.0 319796.0 330079.0 429855.0 447262.0 487363.0 513599.0 607927.0 222713.0 
334630.0 244586.0 277739.0 306766.0 377617.0 394339.0 494427.0 453329.0 588671.0 529661.0 542446.0 116935.0 0 3712.0 39362.0 91054.0 148649.0 96191.0 178155.0 240780.0 256480.0 161935.0 98205.0 114696.0 204332.0 235783.0 282861.0 290693.0 311754.0 368710.0 396754.0 406223.0 481466.0 370878.0 419887.0 503831.0 423514.0 458917.0 464502.0 256121.0 316061.0 362355.0 406335.0 283321.0 123742.0 216420.0 248031.0 305394.0 371776.0 394143.0 421534.0 365748.0 458880.0 528703.0 611190.0 404526.0 501751.0 669886.0 768762.0 607707.0 436731.0 447014.0 546790.0 564197.0 604298.0 630534.0 724862.0 339648.0 
338342.0 248298.0 281451.0 310478.0 381329.0 398051.0 498139.0 457041.0 592383.0 533373.0 546158.0 120647.0 3712.0 0 43074.0 94766.0 152361.0 92479.0 174443.0 237068.0 252768.0 158223.0 101917.0 118408.0 208044.0 239495.0 286573.0 294405.0 315466.0 372422.0 400466.0 409935.0 485178.0 374590.0 423599.0 507543.0 427226.0 462629.0 468214.0 259833.0 319773.0 366067.0 410047.0 287033.0 127454.0 220132.0 251743.0 309106.0 375488.0 397855.0 425246.0 369460.0 462592.0 532415.0 614902.0 408238.0 505463.0 673598.0 772474.0 611419.0 440443.0 450726.0 550502.0 567909.0 608010.0 634246.0 728574.0 343360.0 
373992.0 283948.0 317101.0 346128.0 416979.0 433701.0 533789.0 492691.0 628033.0 569023.0 581808.0 156297.0 39362.0 43074.0 0 51692.0 109287.0 135553.0 217517.0 280142.0 295842.0 201297.0 137567.0 154058.0 243694.0 275145.0 322223.0 330055.0 351116.0 408072.0 436116.0 445585.0 520828.0 410240.0 459249.0 543193.0 462876.0 498279.0 503864.0 295483.0 355423.0 401717.0 445697.0 322683.0 163104.0 255782.0 287393.0 344756.0 411138.0 433505.0 460896.0 405110.0 498242.0 568065.0 650552.0 443888.0 541113.0 709248.0 808124.0 647069.0 476093.0 486376.0 586152.0 603559.0 643660.0 669896.0 764224.0 379010.0 
425684.0 335640.0 368793.0 397820.0 468671.0 485393.0 585481.0 544383.0 679725.0 620715.0 633500.0 207989.0 91054.0 94766.0 51692.0 0 57595.0 187245.0 269209.0 331834.0 347534.0 252989.0 189259.0 205750.0 295386.0 326837.0 373915.0 381747.0 402808.0 459764.0 487808.0 497277.0 572520.0 461932.0 510941.0 594885.0 514568.0 549971.0 555556.0 347175.0 407115.0 453409.0 497389.0 374375.0 214796.0 307474.0 339085.0 396448.0 462830.0 485197.0 512588.0 456802.0 549934.0 619757.0 702244.0 495580.0 592805.0 760940.0 859816.0 698761.0 527785.0 538068.0 637844.0 655251.0 695352.0 721588.0 815916.0 430702.0 
483279.0 393235.0 426388.0 455415.0 526266.0 542988.0 643076.0 601978.0 737320.0 678310.0 691095.0 265584.0 148649.0 152361.0 109287.0 57595.0 0 244840.0 326804.0 389429.0 405129.0 310584.0 246854.0 263345.0 352981.0 384432.0 431510.0 439342.0 460403.0 517359.0 545403.0 554872.0 630115.0 519527.0 568536.0 652480.0 572163.0 607566.0 613151.0 404770.0 464710.0 511004.0 554984.0 431970.0 272391.0 365069.0 396680.0 454043.0 520425.0 542792.0 570183.0 514397.0 607529.0 677352.0 759839.0 553175.0 650400.0 818535.0 917411.0 756356.0 585380.0 595663.0 695439.0 712846.0 752947.0 779183.0 873511.0 488297.0 
430821.0 340777.0 373930.0 402957.0 473808.0 490530.0 590618.0 549520.0 684862.0 625852.0 638637.0 213126.0 96191.0 92479.0 135553.0 187245.0 244840.0 0 81964.0 144589.0 160289.0 65744.0 194396.0 210887.0 300523.0 331974.0 379052.0 386884.0 407945.0 464901.0 492945.0 502414.0 577657.0 467069.0 516078.0 600022.0 519705.0 555108.0 560693.0 352312.0 412252.0 458546.0 502526.0 379512.0 219933.0 312611.0 344222.0 401585.0 467967.0 490334.0 517725.0 461939.0 555071.0 624894.0 707381.0 500717.0 597942.0 766077.0 819028.0 703898.0 532922.0 543205.0 642981.0 660388.0 700489.0 726725.0 821053.0 435839.0 
512785.0 422741.0 455894.0 484921.0 555772.0 572494.0 672582.0 631484.0 766826.0 707816.0 720601.0 295090.0 178155.0 174443.0 217517.0 269209.0 326804.0 81964.0 0 62625.0 78325.0 16220.0 276360.0 292851.0 382487.0 413938.0 461016.0 468848.0 489909.0 546865.0 574909.0 584378.0 659621.0 549033.0 598042.0 681986.0 601669.0 637072.0 642657.0 434276.0 494216.0 540510.0 584490.0 461476.0 301897.0 394575.0 426186.0 483549.0 549931.0 572298.0 599689.0 543903.0 637035.0 706858.0 789345.0 582681.0 679906.0 848041.0 900992.0 785862.0 614886.0 625169.0 724945.0 742352.0 782453.0 808689.0 903017.0 517803.0 
575410.0 485366.0 518519.0 547546.0 618397.0 635119.0 735207.0 694109.0 829451.0 770441.0 783226.0 357715.0 240780.0 237068.0 280142.0 331834.0 389429.0 144589.0 62625.0 0 15700.0 78845.0 338985.0 355476.0 445112.0 476563.0 523641.0 531473.0 552534.0 609490.0 637534.0 647003.0 722246.0 611658.0 660667.0 744611.0 664294.0 699697.0 705282.0 496901.0 556841.0 603135.0 647115.0 524101.0 364522.0 457200.0 488811.0 546174.0 612556.0 634923.0 662314.0 606528.0 699660.0 769483.0 851970.0 645306.0 742531.0 910666.0 963617.0 848487.0 677511.0 687794.0 787570.0 804977.0 845078.0 871314.0 965642.0 580428.0 
591110.0 501066.0 534219.0 563246.0 634097.0 650819.0 750907.0 709809.0 845151.0 786141.0 798926.0 373415.0 256480.0 252768.0 295842.0 347534.0 405129.0 160289.0 78325.0 15700.0 0 94545.0 354685.0 371176.0 460812.0 492263.0 539341.0 547173.0 568234.0 625190.0 653234.0 662703.0 737946.0 627358.0 676367.0 760311.0 679994.0 715397.0 720982.0 512601.0 572541.0 618835.0 662815.0 539801.0 380222.0 472900.0 504511.0 561874.0 628256.0 650623.0 678014.0 622228.0 715360.0 785183.0 867670.0 661006.0 758231.0 926366.0 979317.0 864187.0 693211.0 703494.0 803270.0 820677.0 860778.0 887014.0 981342.0 596128.0 
496565.0 406521.0 439674.0 468701.0 539552.0 556274.0 656362.0 615264.0 750606.0 691596.0 704381.0 278870.0 161935.0 158223.0 201297.0 252989.0 310584.0 65744.0 16220.0 78845.0 94545.0 0 260140.0 276631.0 366267.0 397718.0 444796.0 452628.0 473689.0 530645.0 558689.0 568158.0 643401.0 532813.0 581822.0 665766.0 585449.0 620852.0 626437.0 418056.0 477996.0 524290.0 568270.0 445256.0 285677.0 378355.0 409966.0 467329.0 533711.0 556078.0 583469.0 527683.0 620815.0 690638.0 773125.0 566461.0 663686.0 831821.0 884772.0 769642.0 598666.0 608949.0 708725.0 726132.0 766233.0 792469.0 886797.0 501583.0 
432835.0 342791.0 375944.0 404971.0 475822.0 492544.0 592632.0 551534.0 686876.0 627866.0 640651.0 215140.0 98205.0 101917.0 137567.0 189259.0 246854.0 194396.0 276360.0 338985.0 354685.0 260140.0 0 212901.0 302537.0 333988.0 381066.0 388898.0 409959.0 466915.0 494959.0 504428.0 579671.0 469083.0 518092.0 602036.0 521719.0 557122.0 562707.0 354326.0 414266.0 460560.0 425296.0 381526.0 221947.0 314625.0 346236.0 403599.0 469981.0 492348.0 519739.0 463953.0 557085.0 626908.0 709395.0 502731.0 599956.0 768091.0 866967.0 705912.0 534936.0 545219.0 644995.0 662402.0 702503.0 728739.0 823067.0 437853.0 
343396.0 253352.0 286505.0 315532.0 386383.0 403105.0 503193.0 462095.0 597437.0 538427.0 551212.0 125701.0 114696.0 118408.0 154058.0 205750.0 263345.0 210887.0 292851.0 355476.0 371176.0 276631.0 212901.0 0 89636.0 121087.0 168165.0 175997.0 197058.0 254014.0 282058.0 291527.0 366770.0 256182.0 305191.0 389135.0 308818.0 344221.0 349806.0 141425.0 201365.0 247659.0 291639.0 168625.0 132508.0 212964.0 244575.0 301938.0 368320.0 390687.0 418078.0 362292.0 455424.0 525247.0 607734.0 401070.0 498295.0 666430.0 765306.0 604251.0 445497.0 455780.0 555556.0 572963.0 613064.0 639300.0 733628.0 348414.0 
433032.0 342988.0 376141.0 405168.0 476019.0 492741.0 592829.0 551731.0 687073.0 628063.0 640848.0 215337.0 204332.0 208044.0 243694.0 295386.0 352981.0 300523.0 382487.0 445112.0 460812.0 366267.0 302537.0 89636.0 0 31451.0 78529.0 86361.0 107422.0 164378.0 192422.0 201891.0 277134.0 166546.0 215555.0 299499.0 219182.0 254585.0 260170.0 51789.0 111729.0 158023.0 202003.0 78989.0 222144.0 302600.0 334211.0 391574.0 457956.0 480323.0 507714.0 451928.0 545060.0 614883.0 697370.0 490706.0 587931.0 756066.0 854942.0 693887.0 535133.0 545416.0 645192.0 662599.0 702700.0 728936.0 823264.0 438050.0 
464483.0 374439.0 407592.0 436619.0 507470.0 524192.0 624280.0 583182.0 718524.0 659514.0 672299.0 246788.0 235783.0 239495.0 275145.0 326837.0 384432.0 331974.0 413938.0 476563.0 492263.0 397718.0 333988.0 121087.0 31451.0 0 47078.0 54910.0 75971.0 132927.0 160971.0 170440.0 245683.0 135095.0 184104.0 268048.0 187731.0 223134.0 228719.0 83240.0 143180.0 189474.0 233454.0 110440.0 253595.0 334051.0 365662.0 423025.0 489407.0 511774.0 539165.0 483379.0 576511.0 646334.0 728821.0 522157.0 619382.0 787517.0 886393.0 725338.0 566584.0 576867.0 676643.0 694050.0 734151.0 760387.0 854715.0 469501.0 
511561.0 421517.0 454670.0 483697.0 554548.0 571270.0 671358.0 630260.0 765602.0 706592.0 719377.0 293866.0 282861.0 286573.0 322223.0 373915.0 431510.0 379052.0 461016.0 523641.0 539341.0 444796.0 381066.0 168165.0 78529.0 47078.0 0 101988.0 123049.0 180005.0 208049.0 217518.0 292761.0 182173.0 231182.0 315126.0 234809.0 270212.0 275797.0 130318.0 190258.0 236552.0 280532.0 157518.0 300673.0 381129.0 412740.0 470103.0 536485.0 558852.0 586243.0 530457.0 623589.0 693412.0 775899.0 569235.0 666460.0 834595.0 933471.0 772416.0 613662.0 623945.0 723721.0 741128.0 781229.0 807465.0 901793.0 516579.0 
519393.0 429349.0 462502.0 491529.0 562380.0 579102.0 679190.0 638092.0 773434.0 714424.0 727209.0 301698.0 290693.0 294405.0 330055.0 381747.0 439342.0 386884.0 468848.0 531473.0 547173.0 452628.0 388898.0 175997.0 86361.0 54910.0 101988.0 0 21061.0 78017.0 106061.0 115530.0 190773.0 80185.0 129194.0 213138.0 132821.0 168224.0 173809.0 138150.0 198090.0 244384.0 288364.0 165350.0 308505.0 388961.0 420572.0 477935.0 544317.0 566684.0 594075.0 538289.0 631421.0 701244.0 783731.0 577067.0 674292.0 842427.0 941303.0 780248.0 621494.0 631777.0 731553.0 748960.0 789061.0 815297.0 909625.0 524411.0 
540454.0 450410.0 483563.0 512590.0 583441.0 600163.0 700251.0 659153.0 794495.0 735485.0 748270.0 322759.0 311754.0 315466.0 351116.0 402808.0 460403.0 407945.0 489909.0 552534.0 568234.0 473689.0 409959.0 197058.0 107422.0 75971.0 123049.0 21061.0 0 56956.0 85000.0 94469.0 169712.0 59124.0 108133.0 192077.0 111760.0 147163.0 152748.0 159211.0 219151.0 265445.0 309425.0 186411.0 329566.0 410022.0 441633.0 498996.0 565378.0 587745.0 615136.0 559350.0 652482.0 722305.0 804792.0 598128.0 695353.0 863488.0 962364.0 801309.0 642555.0 652838.0 752614.0 770021.0 810122.0 836358.0 930686.0 545472.0 
597410.0 507366.0 540519.0 569546.0 640397.0 657119.0 757207.0 716109.0 851451.0 792441.0 805226.0 379715.0 368710.0 372422.0 408072.0 459764.0 517359.0 464901.0 546865.0 609490.0 625190.0 530645.0 466915.0 254014.0 164378.0 132927.0 180005.0 78017.0 56956.0 0 28044.0 37513.0 112756.0 39370.0 88379.0 172323.0 168716.0 204119.0 209704.0 216167.0 276107.0 322401.0 366381.0 243367.0 386522.0 466978.0 498589.0 555952.0 622334.0 644701.0 672092.0 616306.0 709438.0 779261.0 861748.0 655084.0 752309.0 920444.0 1019320.0 858265.0 699511.0 709794.0 809570.0 826977.0 867078.0 893314.0 987642.0 602428.0 
625454.0 535410.0 568563.0 597590.0 668441.0 685163.0 785251.0 744153.0 879495.0 820485.0 833270.0 407759.0 396754.0 400466.0 436116.0 487808.0 545403.0 492945.0 574909.0 637534.0 653234.0 558689.0 494959.0 282058.0 192422.0 160971.0 208049.0 106061.0 85000.0 28044.0 0 9469.0 84712.0 67414.0 116423.0 200367.0 196760.0 232163.0 237748.0 244211.0 304151.0 350445.0 394425.0 271411.0 414566.0 495022.0 526633.0 583996.0 650378.0 672745.0 700136.0 644350.0 737482.0 807305.0 889792.0 683128.0 780353.0 948488.0 1047364.0 886309.0 727555.0 737838.0 837614.0 855021.0 895122.0 921358.0 1015686.0 630472.0 
634923.0 544879.0 578032.0 607059.0 677910.0 694632.0 794720.0 753622.0 888964.0 829954.0 842739.0 417228.0 406223.0 409935.0 445585.0 497277.0 554872.0 502414.0 584378.0 647003.0 662703.0 568158.0 504428.0 291527.0 201891.0 170440.0 217518.0 115530.0 94469.0 37513.0 9469.0 0 75243.0 76883.0 125892.0 209836.0 206229.0 241632.0 247217.0 253680.0 313620.0 359914.0 403894.0 280880.0 424035.0 504491.0 536102.0 593465.0 659847.0 682214.0 709605.0 653819.0 746951.0 816774.0 899261.0 692597.0 789822.0 957957.0 1056833.0 895778.0 737024.0 747307.0 847083.0 864490.0 904591.0 930827.0 1025155.0 639941.0 
710166.0 620122.0 653275.0 682302.0 753153.0 769875.0 869963.0 828865.0 964207.0 905197.0 917982.0 492471.0 481466.0 485178.0 520828.0 572520.0 630115.0 577657.0 659621.0 722246.0 737946.0 643401.0 579671.0 366770.0 277134.0 245683.0 292761.0 190773.0 169712.0 112756.0 84712.0 75243.0 0 152126.0 201135.0 285079.0 281472.0 316875.0 322460.0 328923.0 388863.0 435157.0 479137.0 356123.0 499278.0 579734.0 611345.0 668708.0 735090.0 757457.0 784848.0 729062.0 822194.0 892017.0 974504.0 767840.0 865065.0 1033200.0 1132076.0 971021.0 812267.0 822550.0 922326.0 939733.0 979834.0 1006070.0 1100398.0 715184.0 
599578.0 509534.0 542687.0 571714.0 642565.0 659287.0 759375.0 718277.0 853619.0 794609.0 807394.0 381883.0 370878.0 374590.0 410240.0 461932.0 519527.0 467069.0 549033.0 611658.0 627358.0 532813.0 469083.0 256182.0 166546.0 135095.0 182173.0 80185.0 59124.0 39370.0 67414.0 76883.0 152126.0 0 49009.0 132953.0 170884.0 206287.0 211872.0 218335.0 278275.0 324569.0 368549.0 245535.0 388690.0 469146.0 500757.0 558120.0 624502.0 646869.0 674260.0 618474.0 711606.0 781429.0 863916.0 657252.0 754477.0 922612.0 1021488.0 860433.0 701679.0 711962.0 811738.0 829145.0 869246.0 895482.0 989810.0 604596.0 
648587.0 558543.0 591696.0 620723.0 691574.0 708296.0 808384.0 767286.0 902628.0 843618.0 856403.0 430892.0 419887.0 423599.0 459249.0 510941.0 568536.0 516078.0 598042.0 660667.0 676367.0 581822.0 518092.0 305191.0 215555.0 184104.0 231182.0 129194.0 108133.0 88379.0 116423.0 125892.0 201135.0 49009.0 0 83944.0 219893.0 255296.0 260881.0 267344.0 327284.0 373578.0 417558.0 294544.0 437699.0 518155.0 549766.0 607129.0 673511.0 695878.0 723269.0 667483.0 760615.0 830438.0 912925.0 706261.0 803486.0 971621.0 1070497.0 909442.0 750688.0 760971.0 860747.0 878154.0 918255.0 944491.0 1038819.0 653605.0 
732531.0 642487.0 675640.0 704667.0 775518.0 792240.0 892328.0 851230.0 986572.0 927562.0 940347.0 514836.0 503831.0 507543.0 543193.0 594885.0 652480.0 600022.0 681986.0 744611.0 760311.0 665766.0 602036.0 389135.0 299499.0 268048.0 315126.0 213138.0 192077.0 172323.0 200367.0 209836.0 285079.0 132953.0 83944.0 0 303837.0 339240.0 344825.0 351288.0 411228.0 457522.0 501502.0 378488.0 521643.0 602099.0 633710.0 691073.0 757455.0 779822.0 807213.0 751427.0 844559.0 914382.0 996869.0 790205.0 887430.0 1055565.0 1154441.0 993386.0 834632.0 844915.0 944691.0 962098.0 1002199.0 1028435.0 1122763.0 737549.0 
652214.0 562170.0 595323.0 624350.0 695201.0 711923.0 812011.0 770913.0 906255.0 847245.0 860030.0 434519.0 423514.0 427226.0 462876.0 514568.0 572163.0 519705.0 601669.0 664294.0 679994.0 585449.0 521719.0 308818.0 219182.0 187731.0 234809.0 132821.0 111760.0 168716.0 196760.0 206229.0 281472.0 170884.0 219893.0 303837.0 0 35403.0 40988.0 270971.0 330911.0 377205.0 421185.0 298171.0 441326.0 521782.0 553393.0 610756.0 677138.0 699505.0 726896.0 671110.0 764242.0 834065.0 916552.0 709888.0 807113.0 975248.0 1074124.0 913069.0 754315.0 764598.0 864374.0 881781.0 921882.0 948118.0 1042446.0 657232.0 
687617.0 597573.0 630726.0 659753.0 730604.0 747326.0 847414.0 806316.0 941658.0 882648.0 895433.0 469922.0 458917.0 462629.0 498279.0 549971.0 607566.0 555108.0 637072.0 699697.0 715397.0 620852.0 557122.0 344221.0 254585.0 223134.0 270212.0 168224.0 147163.0 204119.0 232163.0 241632.0 316875.0 206287.0 255296.0 339240.0 35403.0 0 5585.0 306374.0 366314.0 412608.0 456588.0 333574.0 476729.0 557185.0 588796.0 646159.0 712541.0 734908.0 762299.0 706513.0 799645.0 869468.0 951955.0 745291.0 842516.0 1010651.0 1109527.0 948472.0 789718.0 800001.0 899777.0 917184.0 957285.0 983521.0 1077849.0 692635.0 
693202.0 603158.0 636311.0 665338.0 736189.0 752911.0 852999.0 811901.0 947243.0 888233.0 901018.0 475507.0 464502.0 468214.0 503864.0 555556.0 613151.0 560693.0 642657.0 705282.0 720982.0 626437.0 562707.0 349806.0 260170.0 228719.0 275797.0 173809.0 152748.0 209704.0 237748.0 247217.0 322460.0 211872.0 260881.0 344825.0 40988.0 5585.0 0 311959.0 371899.0 418193.0 462173.0 339159.0 482314.0 562770.0 594381.0 651744.0 718126.0 740493.0 767884.0 712098.0 805230.0 875053.0 957540.0 750876.0 848101.0 1016236.0 1115112.0 954057.0 795303.0 805586.0 905362.0 922769.0 962870.0 989106.0 1083434.0 698220.0 
484821.0 394777.0 427930.0 456957.0 527808.0 544530.0 644618.0 603520.0 738862.0 679852.0 692637.0 267126.0 256121.0 259833.0 295483.0 347175.0 404770.0 352312.0 434276.0 496901.0 512601.0 418056.0 354326.0 141425.0 51789.0 83240.0 130318.0 138150.0 159211.0 216167.0 244211.0 253680.0 328923.0 218335.0 267344.0 351288.0 270971.0 306374.0 311959.0 0 59940.0 106234.0 150214.0 130778.0 273933.0 354389.0 386000.0 443363.0 509745.0 532112.0 559503.0 503717.0 596849.0 666672.0 749159.0 542495.0 639720.0 807855.0 906731.0 745676.0 586922.0 597205.0 696981.0 714388.0 754489.0 780725.0 875053.0 489839.0 
544761.0 454717.0 487870.0 516897.0 587748.0 604470.0 704558.0 663460.0 798802.0 739792.0 752577.0 327066.0 316061.0 319773.0 355423.0 407115.0 464710.0 412252.0 494216.0 556841.0 572541.0 477996.0 414266.0 201365.0 111729.0 143180.0 190258.0 198090.0 219151.0 276107.0 304151.0 313620.0 388863.0 278275.0 327284.0 411228.0 330911.0 366314.0 371899.0 59940.0 0 46294.0 90274.0 190718.0 333873.0 414329.0 445940.0 503303.0 569685.0 592052.0 619443.0 563657.0 656789.0 726612.0 809099.0 602435.0 699660.0 867795.0 966671.0 805616.0 646862.0 657145.0 756921.0 774328.0 814429.0 840665.0 934993.0 549779.0 
591055.0 501011.0 534164.0 563191.0 634042.0 650764.0 750852.0 709754.0 845096.0 786086.0 798871.0 373360.0 362355.0 366067.0 401717.0 453409.0 511004.0 458546.0 540510.0 603135.0 618835.0 524290.0 460560.0 247659.0 158023.0 189474.0 236552.0 244384.0 265445.0 322401.0 350445.0 359914.0 435157.0 324569.0 373578.0 457522.0 377205.0 412608.0 418193.0 106234.0 46294.0 0 136568.0 237012.0 380167.0 460623.0 492234.0 549597.0 615979.0 638346.0 665737.0 609951.0 703083.0 772906.0 855393.0 648729.0 745954.0 914089.0 1012965.0 851910.0 693156.0 703439.0 803215.0 820622.0 860723.0 886959.0 981287.0 596073.0 
635035.0 544991.0 578144.0 607171.0 678022.0 694744.0 794832.0 753734.0 889076.0 830066.0 842851.0 417340.0 406335.0 410047.0 445697.0 497389.0 554984.0 502526.0 584490.0 647115.0 662815.0 568270.0 425296.0 291639.0 202003.0 233454.0 280532.0 288364.0 309425.0 366381.0 394425.0 403894.0 479137.0 368549.0 417558.0 501502.0 421185.0 456588.0 462173.0 150214.0 90274.0 136568.0 0 280992.0 424147.0 504603.0 536214.0 593577.0 659959.0 682326.0 709717.0 653931.0 747063.0 816886.0 899373.0 692709.0 789934.0 958069.0 1056945.0 895890.0 737136.0 714338.0 847195.0 864602.0 904703.0 930939.0 1025267.0 640053.0 
512021.0 421977.0 455130.0 484157.0 555008.0 571730.0 671818.0 630720.0 766062.0 707052.0 719837.0 294326.0 283321.0 287033.0 322683.0 374375.0 431970.0 379512.0 461476.0 524101.0 539801.0 445256.0 381526.0 168625.0 78989.0 110440.0 157518.0 165350.0 186411.0 243367.0 271411.0 280880.0 356123.0 245535.0 294544.0 378488.0 298171.0 333574.0 339159.0 130778.0 190718.0 237012.0 280992.0 0 301133.0 381589.0 413200.0 470563.0 536945.0 559312.0 586703.0 530917.0 624049.0 693872.0 776359.0 569695.0 666920.0 835055.0 933931.0 772876.0 614122.0 624405.0 724181.0 741588.0 781689.0 807925.0 902253.0 517039.0 
352442.0 262398.0 295551.0 324578.0 395429.0 412151.0 512239.0 471141.0 606483.0 547473.0 560258.0 134747.0 123742.0 127454.0 163104.0 214796.0 272391.0 219933.0 301897.0 364522.0 380222.0 285677.0 221947.0 132508.0 222144.0 253595.0 300673.0 308505.0 329566.0 386522.0 414566.0 424035.0 499278.0 388690.0 437699.0 521643.0 441326.0 476729.0 482314.0 273933.0 333873.0 380167.0 424147.0 301133.0 0 234232.0 265843.0 323206.0 389588.0 411955.0 439346.0 383560.0 476692.0 546515.0 629002.0 422338.0 519563.0 687698.0 786574.0 625519.0 454543.0 464826.0 564602.0 582009.0 622110.0 648346.0 742674.0 357460.0 
445120.0 355076.0 388229.0 417256.0 488107.0 504829.0 604917.0 563819.0 699161.0 640151.0 652936.0 227425.0 216420.0 220132.0 255782.0 307474.0 365069.0 312611.0 394575.0 457200.0 472900.0 378355.0 314625.0 212964.0 302600.0 334051.0 381129.0 388961.0 410022.0 466978.0 495022.0 504491.0 579734.0 469146.0 518155.0 602099.0 521782.0 557185.0 562770.0 354389.0 414329.0 460623.0 504603.0 381589.0 234232.0 0 31611.0 88974.0 155356.0 177723.0 205114.0 149328.0 242460.0 312283.0 394770.0 188106.0 285331.0 453466.0 552342.0 391287.0 547221.0 557504.0 657280.0 674687.0 714788.0 741024.0 835352.0 450138.0 
476731.0 386687.0 419840.0 448867.0 519718.0 536440.0 636528.0 595430.0 730772.0 671762.0 684547.0 259036.0 248031.0 251743.0 287393.0 339085.0 396680.0 344222.0 426186.0 488811.0 504511.0 409966.0 346236.0 244575.0 334211.0 365662.0 412740.0 420572.0 441633.0 498589.0 526633.0 536102.0 611345.0 500757.0 549766.0 633710.0 553393.0 588796.0 594381.0 386000.0 445940.0 492234.0 536214.0 413200.0 265843.0 31611.0 0 120585.0 186967.0 209334.0 236725.0 180939.0 274071.0 343894.0 426381.0 219717.0 316942.0 485077.0 583953.0 422898.0 578832.0 589115.0 688891.0 706298.0 746399.0 772635.0 866963.0 481749.0 
534094.0 444050.0 477203.0 506230.0 577081.0 593803.0 693891.0 652793.0 788135.0 729125.0 741910.0 316399.0 305394.0 309106.0 344756.0 396448.0 454043.0 401585.0 483549.0 546174.0 561874.0 467329.0 403599.0 301938.0 391574.0 423025.0 470103.0 477935.0 498996.0 555952.0 583996.0 593465.0 668708.0 558120.0 607129.0 691073.0 610756.0 646159.0 651744.0 443363.0 503303.0 549597.0 593577.0 470563.0 323206.0 88974.0 120585.0 0 66382.0 88749.0 116140.0 60354.0 153486.0 223309.0 305796.0 99132.0 196357.0 364492.0 463368.0 302313.0 636195.0 646478.0 746254.0 763661.0 803762.0 829998.0 924326.0 539112.0 
600476.0 510432.0 543585.0 572612.0 643463.0 660185.0 760273.0 719175.0 854517.0 795507.0 808292.0 382781.0 371776.0 375488.0 411138.0 462830.0 520425.0 467967.0 549931.0 612556.0 628256.0 533711.0 469981.0 368320.0 457956.0 489407.0 536485.0 544317.0 565378.0 622334.0 650378.0 659847.0 735090.0 624502.0 673511.0 757455.0 677138.0 712541.0 718126.0 509745.0 569685.0 615979.0 659959.0 536945.0 389588.0 155356.0 186967.0 66382.0 0 25571.0 61814.0 6028.0 99160.0 168983.0 251470.0 165514.0 262739.0 430874.0 529750.0 368695.0 702577.0 712860.0 812636.0 830043.0 870144.0 896380.0 990708.0 605494.0 
622843.0 532799.0 565952.0 594979.0 665830.0 682552.0 782640.0 741542.0 876884.0 817874.0 830659.0 405148.0 394143.0 397855.0 433505.0 485197.0 542792.0 490334.0 572298.0 634923.0 650623.0 556078.0 492348.0 390687.0 480323.0 511774.0 558852.0 566684.0 587745.0 644701.0 672745.0 682214.0 757457.0 646869.0 695878.0 779822.0 699505.0 734908.0 740493.0 532112.0 592052.0 638346.0 682326.0 559312.0 411955.0 177723.0 209334.0 88749.0 25571.0 0 84181.0 28395.0 121527.0 191350.0 273837.0 187881.0 285106.0 453241.0 552117.0 391062.0 724944.0 735227.0 835003.0 852410.0 892511.0 918747.0 1013075.0 627861.0 
650234.0 560190.0 593343.0 622370.0 693221.0 709943.0 810031.0 768933.0 904275.0 845265.0 858050.0 432539.0 421534.0 425246.0 460896.0 512588.0 570183.0 517725.0 599689.0 662314.0 678014.0 583469.0 519739.0 418078.0 507714.0 539165.0 586243.0 594075.0 615136.0 672092.0 700136.0 709605.0 784848.0 674260.0 723269.0 807213.0 726896.0 762299.0 767884.0 559503.0 619443.0 665737.0 709717.0 586703.0 439346.0 205114.0 236725.0 116140.0 61814.0 84181.0 0 55786.0 148918.0 218741.0 301228.0 215272.0 312497.0 480632.0 579508.0 418453.0 752335.0 762618.0 862394.0 879801.0 919902.0 946138.0 1040466.0 655252.0 
594448.0 504404.0 537557.0 566584.0 637435.0 654157.0 754245.0 713147.0 848489.0 789479.0 802264.0 376753.0 365748.0 369460.0 405110.0 456802.0 514397.0 461939.0 543903.0 606528.0 622228.0 527683.0 463953.0 362292.0 451928.0 483379.0 530457.0 538289.0 559350.0 616306.0 644350.0 653819.0 729062.0 618474.0 667483.0 751427.0 671110.0 706513.0 712098.0 503717.0 563657.0 609951.0 653931.0 530917.0 383560.0 149328.0 180939.0 60354.0 6028.0 28395.0 55786.0 0 93132.0 162955.0 245442.0 159486.0 256711.0 424846.0 523722.0 362667.0 696549.0 706832.0 806608.0 824015.0 864116.0 890352.0 984680.0 599466.0 
687580.0 597536.0 630689.0 659716.0 730567.0 747289.0 847377.0 806279.0 941621.0 882611.0 895396.0 469885.0 458880.0 462592.0 498242.0 549934.0 607529.0 555071.0 637035.0 699660.0 715360.0 620815.0 557085.0 455424.0 545060.0 576511.0 623589.0 631421.0 652482.0 709438.0 737482.0 746951.0 822194.0 711606.0 760615.0 844559.0 764242.0 799645.0 805230.0 596849.0 656789.0 703083.0 747063.0 624049.0 476692.0 242460.0 274071.0 153486.0 99160.0 121527.0 148918.0 93132.0 0 69823.0 152310.0 252618.0 349843.0 517978.0 616854.0 455799.0 789681.0 799964.0 899740.0 917147.0 957248.0 983484.0 1077812.0 692598.0 
757403.0 667359.0 700512.0 729539.0 800390.0 817112.0 917200.0 876102.0 1011444.0 952434.0 965219.0 539708.0 528703.0 532415.0 568065.0 619757.0 677352.0 624894.0 706858.0 769483.0 785183.0 690638.0 626908.0 525247.0 614883.0 646334.0 693412.0 701244.0 722305.0 779261.0 807305.0 816774.0 892017.0 781429.0 830438.0 914382.0 834065.0 869468.0 875053.0 666672.0 726612.0 772906.0 816886.0 693872.0 546515.0 312283.0 343894.0 223309.0 168983.0 191350.0 218741.0 162955.0 69823.0 0 82487.0 322441.0 419666.0 587801.0 686677.0 525622.0 859504.0 869787.0 969563.0 986970.0 1027071.0 1053307.0 1147635.0 762421.0 
839890.0 749846.0 782999.0 812026.0 882877.0 899599.0 999687.0 958589.0 1093931.0 1034921.0 1047706.0 622195.0 611190.0 614902.0 650552.0 702244.0 759839.0 707381.0 789345.0 851970.0 867670.0 773125.0 709395.0 607734.0 697370.0 728821.0 775899.0 783731.0 804792.0 861748.0 889792.0 899261.0 974504.0 863916.0 912925.0 996869.0 916552.0 951955.0 957540.0 749159.0 809099.0 855393.0 899373.0 776359.0 629002.0 394770.0 426381.0 305796.0 251470.0 273837.0 301228.0 245442.0 152310.0 82487.0 0 404928.0 502153.0 670288.0 769164.0 608109.0 941991.0 952274.0 1052050.0 1069457.0 1109558.0 1135794.0 1230122.0 844908.0 
633226.0 543182.0 576335.0 605362.0 676213.0 692935.0 793023.0 751925.0 887267.0 828257.0 841042.0 415531.0 404526.0 408238.0 443888.0 495580.0 553175.0 500717.0 582681.0 645306.0 661006.0 566461.0 502731.0 401070.0 490706.0 522157.0 569235.0 577067.0 598128.0 655084.0 683128.0 692597.0 767840.0 657252.0 706261.0 790205.0 709888.0 745291.0 750876.0 542495.0 602435.0 648729.0 692709.0 569695.0 422338.0 188106.0 219717.0 99132.0 165514.0 187881.0 215272.0 159486.0 252618.0 322441.0 404928.0 0 97225.0 265360.0 364236.0 203181.0 735327.0 745610.0 845386.0 862793.0 902894.0 929130.0 1023458.0 638244.0 
730451.0 640407.0 673560.0 702587.0 773438.0 790160.0 890248.0 849150.0 984492.0 925482.0 938267.0 512756.0 501751.0 505463.0 541113.0 592805.0 650400.0 597942.0 679906.0 742531.0 758231.0 663686.0 599956.0 498295.0 587931.0 619382.0 666460.0 674292.0 695353.0 752309.0 780353.0 789822.0 865065.0 754477.0 803486.0 887430.0 807113.0 842516.0 848101.0 639720.0 699660.0 745954.0 789934.0 666920.0 519563.0 285331.0 316942.0 196357.0 262739.0 285106.0 312497.0 256711.0 349843.0 419666.0 502153.0 97225.0 0 168135.0 267011.0 222048.0 832552.0 842835.0 942611.0 960018.0 1000119.0 1026355.0 1120683.0 735469.0 
898586.0 808542.0 841695.0 870722.0 941573.0 958295.0 1058383.0 1017285.0 1152627.0 1093617.0 1106402.0 680891.0 669886.0 673598.0 709248.0 760940.0 818535.0 766077.0 848041.0 910666.0 926366.0 831821.0 768091.0 666430.0 756066.0 787517.0 834595.0 842427.0 863488.0 920444.0 948488.0 957957.0 1033200.0 922612.0 971621.0 1055565.0 975248.0 1010651.0 1016236.0 807855.0 867795.0 914089.0 958069.0 835055.0 687698.0 453466.0 485077.0 364492.0 430874.0 453241.0 480632.0 424846.0 517978.0 587801.0 670288.0 265360.0 168135.0 0 98876.0 390183.0 1000687.0 1010970.0 1110746.0 1128153.0 1168254.0 1194490.0 1288818.0 903604.0 
997462.0 907418.0 940571.0 969598.0 1040449.0 1057171.0 1157259.0 1116161.0 1251503.0 1192493.0 1205278.0 779767.0 768762.0 772474.0 808124.0 859816.0 917411.0 819028.0 900992.0 963617.0 979317.0 884772.0 866967.0 765306.0 854942.0 886393.0 933471.0 941303.0 962364.0 1019320.0 1047364.0 1056833.0 1132076.0 1021488.0 1070497.0 1154441.0 1074124.0 1109527.0 1115112.0 906731.0 966671.0 1012965.0 1056945.0 933931.0 786574.0 552342.0 583953.0 463368.0 529750.0 552117.0 579508.0 523722.0 616854.0 686677.0 769164.0 364236.0 267011.0 98876.0 0 489059.0 1099563.0 1109846.0 1209622.0 1227029.0 1267130.0 1293366.0 1387694.0 1002480.0 
836407.0 746363.0 779516.0 808543.0 879394.0 896116.0 996204.0 955106.0 1090448.0 1031438.0 1044223.0 618712.0 607707.0 611419.0 647069.0 698761.0 756356.0 703898.0 785862.0 848487.0 864187.0 769642.0 705912.0 604251.0 693887.0 725338.0 772416.0 780248.0 801309.0 858265.0 886309.0 895778.0 971021.0 860433.0 909442.0 993386.0 913069.0 948472.0 954057.0 745676.0 805616.0 851910.0 895890.0 772876.0 625519.0 391287.0 422898.0 302313.0 368695.0 391062.0 418453.0 362667.0 455799.0 525622.0 608109.0 203181.0 222048.0 390183.0 489059.0 0 938508.0 948791.0 1048567.0 1065974.0 1106075.0 1132311.0 1226639.0 841425.0 
282189.0 192145.0 158992.0 129965.0 200816.0 217538.0 317626.0 276528.0 411870.0 352860.0 365645.0 319796.0 436731.0 440443.0 476093.0 527785.0 585380.0 532922.0 614886.0 677511.0 693211.0 598666.0 534936.0 445497.0 535133.0 566584.0 613662.0 621494.0 642555.0 699511.0 727555.0 737024.0 812267.0 701679.0 750688.0 834632.0 754315.0 789718.0 795303.0 586922.0 646862.0 693156.0 737136.0 614122.0 454543.0 547221.0 578832.0 636195.0 702577.0 724944.0 752335.0 696549.0 789681.0 859504.0 941991.0 735327.0 832552.0 1000687.0 1099563.0 938508.0 0 184275.0 284051.0 301458.0 341559.0 367795.0 462123.0 287207.0 
292472.0 202428.0 169275.0 140248.0 211099.0 227821.0 327909.0 286811.0 422153.0 363143.0 375928.0 330079.0 447014.0 450726.0 486376.0 538068.0 595663.0 543205.0 625169.0 687794.0 703494.0 608949.0 545219.0 455780.0 545416.0 576867.0 623945.0 631777.0 652838.0 709794.0 737838.0 747307.0 822550.0 711962.0 760971.0 844915.0 764598.0 800001.0 805586.0 597205.0 657145.0 703439.0 714338.0 624405.0 464826.0 557504.0 589115.0 646478.0 712860.0 735227.0 762618.0 706832.0 799964.0 869787.0 952274.0 745610.0 842835.0 1010970.0 1109846.0 948791.0 184275.0 0 294334.0 311741.0 351842.0 378078.0 472406.0 297490.0 
392248.0 302204.0 269051.0 240024.0 310875.0 327597.0 427685.0 386587.0 521929.0 462919.0 475704.0 429855.0 546790.0 550502.0 586152.0 637844.0 695439.0 642981.0 724945.0 787570.0 803270.0 708725.0 644995.0 555556.0 645192.0 676643.0 723721.0 731553.0 752614.0 809570.0 837614.0 847083.0 922326.0 811738.0 860747.0 944691.0 864374.0 899777.0 905362.0 696981.0 756921.0 803215.0 847195.0 724181.0 564602.0 657280.0 688891.0 746254.0 812636.0 835003.0 862394.0 806608.0 899740.0 969563.0 1052050.0 845386.0 942611.0 1110746.0 1209622.0 1048567.0 284051.0 294334.0 0 17407.0 57508.0 114566.0 178072.0 397266.0 
409655.0 319611.0 286458.0 257431.0 328282.0 345004.0 445092.0 403994.0 539336.0 480326.0 493111.0 447262.0 564197.0 567909.0 603559.0 655251.0 712846.0 660388.0 742352.0 804977.0 820677.0 726132.0 662402.0 572963.0 662599.0 694050.0 741128.0 748960.0 770021.0 826977.0 855021.0 864490.0 939733.0 829145.0 878154.0 962098.0 881781.0 917184.0 922769.0 714388.0 774328.0 820622.0 864602.0 741588.0 582009.0 674687.0 706298.0 763661.0 830043.0 852410.0 879801.0 824015.0 917147.0 986970.0 1069457.0 862793.0 960018.0 1128153.0 1227029.0 1065974.0 301458.0 311741.0 17407.0 0 40101.0 131973.0 160665.0 414673.0 
449756.0 359712.0 326559.0 297532.0 368383.0 385105.0 485193.0 444095.0 579437.0 520427.0 533212.0 487363.0 604298.0 608010.0 643660.0 695352.0 752947.0 700489.0 782453.0 845078.0 860778.0 766233.0 702503.0 613064.0 702700.0 734151.0 781229.0 789061.0 810122.0 867078.0 895122.0 904591.0 979834.0 869246.0 918255.0 1002199.0 921882.0 957285.0 962870.0 754489.0 814429.0 860723.0 904703.0 781689.0 622110.0 714788.0 746399.0 803762.0 870144.0 892511.0 919902.0 864116.0 957248.0 1027071.0 1109558.0 902894.0 1000119.0 1168254.0 1267130.0 1106075.0 341559.0 351842.0 57508.0 40101.0 0 172074.0 200766.0 454774.0 
475992.0 385948.0 352795.0 323768.0 394619.0 411341.0 511429.0 470331.0 605673.0 546663.0 549829.0 513599.0 630534.0 634246.0 669896.0 721588.0 779183.0 726725.0 808689.0 871314.0 887014.0 792469.0 728739.0 639300.0 728936.0 760387.0 807465.0 815297.0 836358.0 893314.0 921358.0 930827.0 1006070.0 895482.0 944491.0 1028435.0 948118.0 983521.0 989106.0 780725.0 840665.0 886959.0 930939.0 807925.0 648346.0 741024.0 772635.0 829998.0 896380.0 918747.0 946138.0 890352.0 983484.0 1053307.0 1135794.0 929130.0 1026355.0 1194490.0 1293366.0 1132311.0 367795.0 378078.0 114566.0 131973.0 172074.0 0 292638.0 481010.0 
570320.0 480276.0 447123.0 418096.0 488947.0 505669.0 605757.0 564659.0 700001.0 640991.0 653776.0 607927.0 724862.0 728574.0 764224.0 815916.0 873511.0 821053.0 903017.0 965642.0 981342.0 886797.0 823067.0 733628.0 823264.0 854715.0 901793.0 909625.0 930686.0 987642.0 1015686.0 1025155.0 1100398.0 989810.0 1038819.0 1122763.0 1042446.0 1077849.0 1083434.0 875053.0 934993.0 981287.0 1025267.0 902253.0 742674.0 835352.0 866963.0 924326.0 990708.0 1013075.0 1040466.0 984680.0 1077812.0 1147635.0 1230122.0 1023458.0 1120683.0 1288818.0 1387694.0 1226639.0 462123.0 472406.0 178072.0 160665.0 200766.0 292638.0 0 575338.0 
5018.0 95062.0 128215.0 157242.0 228093.0 244815.0 344903.0 303805.0 439147.0 380137.0 392922.0 222713.0 339648.0 343360.0 379010.0 430702.0 488297.0 435839.0 517803.0 580428.0 596128.0 501583.0 437853.0 348414.0 438050.0 469501.0 516579.0 524411.0 545472.0 602428.0 630472.0 639941.0 715184.0 604596.0 653605.0 737549.0 657232.0 692635.0 698220.0 489839.0 549779.0 596073.0 640053.0 517039.0 357460.0 450138.0 481749.0 539112.0 605494.0 627861.0 655252.0 599466.0 692598.0 762421.0 844908.0 638244.0 735469.0 903604.0 1002480.0 841425.0 287207.0 297490.0 397266.0 414673.0 454774.0 481010.0 575338.0 0 
