20
8 48 85 47 60 78 17 28 70 89 11 2 75 12 42 13 46 39 5 6
0 4.0 7.0 13.0 17.0 13.0 25.0 21.0 21.0 23.0 20.0 14.0 8.0 5.0 18.0 15.0 20.0 22.0 18.0 5.0 
4.0 0 3.0 17.0 15.0 17.0 26.0 25.0 19.0 27.0 24.0 18.0 12.0 9.0 22.0 19.0 24.0 26.0 22.0 9.0 
7.0 3.0 0 15.0 12.0 18.0 23.0 22.0 16.0 24.0 25.0 21.0 15.0 12.0 25.0 22.0 27.0 25.0 19.0 12.0 
13.0 17.0 15.0 0 4.0 10.0 15.0 25.0 19.0 26.0 27.0 17.0 11.0 8.0 21.0 28.0 30.0 27.0 21.0 18.0 
17.0 15.0 12.0 4.0 0 6.0 11.0 22.0 16.0 24.0 24.0 20.0 15.0 12.0 25.0 24.0 28.0 25.0 19.0 14.0 
13.0 17.0 18.0 10.0 6.0 0 17.0 24.0 22.0 30.0 23.0 14.0 20.0 18.0 24.0 18.0 23.0 25.0 21.0 8.0 
25.0 26.0 23.0 15.0 11.0 17.0 0 14.0 22.0 15.0 13.0 15.0 21.0 23.0 20.0 20.0 22.0 19.0 13.0 20.0 
21.0 25.0 22.0 25.0 22.0 24.0 14.0 0 14.0 18.0 9.0 11.0 17.0 20.0 16.0 16.0 18.0 15.0 9.0 16.0 
21.0 19.0 16.0 19.0 16.0 22.0 22.0 14.0 0 12.0 9.0 19.0 19.0 16.0 23.0 24.0 20.0 17.0 11.0 24.0 
23.0 27.0 24.0 26.0 24.0 30.0 15.0 18.0 12.0 0 9.0 19.0 21.0 18.0 24.0 24.0 22.0 19.0 13.0 24.0 
20.0 24.0 25.0 27.0 24.0 23.0 13.0 9.0 9.0 9.0 0 10.0 16.0 19.0 15.0 15.0 17.0 14.0 8.0 15.0 
14.0 18.0 21.0 17.0 20.0 14.0 15.0 11.0 19.0 19.0 10.0 0 6.0 9.0 11.0 11.0 16.0 16.0 10.0 11.0 
8.0 12.0 15.0 11.0 15.0 20.0 21.0 17.0 19.0 21.0 16.0 6.0 0 3.0 16.0 17.0 22.0 22.0 16.0 13.0 
5.0 9.0 12.0 8.0 12.0 18.0 23.0 20.0 16.0 18.0 19.0 9.0 3.0 0 13.0 20.0 22.0 19.0 13.0 10.0 
18.0 22.0 25.0 21.0 25.0 24.0 20.0 16.0 23.0 24.0 15.0 11.0 16.0 13.0 0 16.0 21.0 21.0 15.0 16.0 
15.0 19.0 22.0 28.0 24.0 18.0 20.0 16.0 24.0 24.0 15.0 11.0 17.0 20.0 16.0 0 15.0 17.0 15.0 10.0 
20.0 24.0 27.0 30.0 28.0 23.0 22.0 18.0 20.0 22.0 17.0 16.0 22.0 22.0 21.0 15.0 0 3.0 9.0 15.0 
22.0 26.0 25.0 27.0 25.0 25.0 19.0 15.0 17.0 19.0 14.0 16.0 22.0 19.0 21.0 17.0 3.0 0 6.0 17.0 
18.0 22.0 19.0 21.0 19.0 21.0 13.0 9.0 11.0 13.0 8.0 10.0 16.0 13.0 15.0 15.0 9.0 6.0 0 15.0 
5.0 9.0 12.0 18.0 14.0 8.0 20.0 16.0 24.0 24.0 15.0 11.0 13.0 10.0 16.0 10.0 15.0 17.0 15.0 0 
