45
vy2boLWO2lxg10y7uS0y 6X2CNJieZ0I5rs3Wfu65 nmetx4LmU9YBYTmghDrT 1ZOzWuPMAgV9noIUn6fI itlYcr1HLIijK6IEih7d jHmvxfAZsjs2mCnHbbFf 4jo8IXw984NR3wvT2Dr9 fpPjeU3Q7Ml0oxbNnONE 6yzFaM9N8M8BsjLACDds yAYyOcL4ZKdEiLdSPQJm RBvtNZMBTgecfVkYzQF0 w5Yg5o0VnYd77fs4XPRL jy3jNWgqegakpFSv6gUm oTKjE2BVS0AvV4XvUeLk e3j3O8zLHFaoF4L54lX4 1xvTq3xEFTlQlaxDd2yR zWpsWJk9vbOt0JkC0vhz X0l14s0sRXjXSeLRZLOJ bVCSBWLjvEmxQEUvDzc4 lRM59z2yUMoVl3kzgo9u j2d1svPUTAqQIDPXwffl UMmbOoOKP6EkLMuN70H3 KtbSULrz2h1IxsKP2DHz RpB10dFWsUl9DC779n8X ZhHxBzOYsJAOHrqq4mZM m1eNgjuhkxodElFqqgdb EY74ASuADSlYlDTJLkL6 uNXUIWejT1w4vLTe7QBt VThEkwdtHmaZ1zsmfh4s LJTA7Za5kd0YC7vjiAyc 69TQpRojisYUrVnWqBaA 9OL9rFCWxsvkui0BnJrR fbJ1XhavEsRSCGVVB1U1 olDP1pNg8HxpvCq8TOIJ K674cUKePzN7aRSq4iqU o53aRQwjhcCKlIFPSjvf o2dWBGyrvosFrr6mKxkG SUNxIlWVwIvWYg6OTKeH JBiXyXogbhO9RGLjMiRP ki0pv73E3TweydEr2xMN saIZq3FqZhdVPNoQWmqU C4VxHS7oWghMg001nCqT GvRFaXYJvrU5PAeeG88T SwF10yYWjKWmqxtGZBky myBc2oGXtwQIbhN8LZB1
0 92.36113 137.35544 133.24709 181.73464 224.04331 296.17484 128.89522 342.38387 358.23548 363.66854 438.93704 506.79026 464.36977 585.41161 545.2499 620.45184 794.76185 729.31197 572.26114 539.38893 452.40512 389.17322 388.51981 487.28445 587.63152 652.41245 659.69224 695.90354 765.99403 643.76703 566.64412 599.62301 559.85117 545.08186 520.32481 451.06126 437.58698 575.27667 670.52002 699.7244 835.18948 854.87457 810.79413 51.82108 
92.36113 0 78.45169 96.55749 104.84607 133.01141 204.62483 112.89912 287.54667 309.20701 334.59438 402.98991 455.04997 399.3639 515.24416 467.45275 569.20635 740.18281 696.50358 547.38171 515.33533 459.65619 397.48428 398.56485 522.26306 619.67289 696.74507 704.41865 742.91456 815.94078 713.2217 639.23484 679.23324 642.98728 630.07532 606.73148 536.49572 522.60613 656.05951 676.899 702.18586 837.24616 870.58414 817.52966 75.66058 
137.35544 78.45169 0 31.56993 50.47014 116.58547 184.36768 191.2462 346.59162 371.36761 405.67169 470.24716 512.53366 446.99085 555.3072 498.27527 625.6362 792.73512 762.76045 617.86936 586.34143 537.67739 475.6937 476.86698 599.62298 697.51408 772.6924 780.28674 818.27997 890.59064 779.1423 702.96514 736.97374 696.72797 681.2924 655.77419 587.20696 573.95066 712.5646 754.50409 779.22691 914.04149 948.8633 895.02942 145.22837 
133.24709 96.55749 31.56993 0 76.68889 146.71494 212.43153 208.06893 374.92837 398.95287 429.85655 496.26784 541.48758 477.48936 586.56795 529.83692 654.90546 822.78616 789.3573 642.51037 610.68779 554.85217 492.29523 493.0585 609.64406 708.55906 779.99573 787.46401 824.70601 896.01276 776.90374 699.40404 729.71327 687.43853 670.79043 644.31593 576.78653 563.89126 704.68654 772.59394 798.33536 933.50524 964.86955 913.30059 152.24134 
181.73464 104.84607 50.47014 76.68889 0 72.99392 135.77524 209.68987 332.81987 359.93617 403.73453 462.7359 495.00258 422.66184 525.06385 463.40872 606.33795 769.54462 752.19278 613.25607 582.64302 549.7693 489.27246 491.17495 623.20181 719.17223 799.55215 807.30025 846.22237 919.71724 817.37354 742.64543 779.92875 741.34609 726.81231 701.97613 632.79578 619.30804 756.0599 763.88873 786.53372 920.28109 961.62392 903.67848 179.59633 
224.04331 133.01141 116.58547 146.71494 72.99392 0 72.3225 208.34005 280.07188 309.25271 363.67081 414.75905 435.82204 357.85432 455.44266 391.57799 544.77244 704.1775 698.45388 567.00023 537.74759 525.95048 468.55043 471.47865 615.77441 707.77075 795.98724 803.94285 844.19867 919.33849 834.7509 763.52324 808.04842 773.85491 761.82856 739.05702 668.54139 654.51312 785.62824 734.19367 753.89373 885.52763 935.50902 872.18598 205.29951 
296.17484 204.62483 184.36768 212.43153 135.77524 72.3225 0 268.28792 289.78128 320.61362 386.59649 426.40196 429.6003 342.14448 424.6065 352.70987 532.25002 682.18912 697.57509 578.09773 551.01793 561.88642 508.07855 511.8234 663.93232 752.24845 845.71598 853.77772 894.7746 970.74308 896.88747 827.53198 874.99762 842.43241 831.21238 809.05827 738.28165 724.1261 853.16243 762.34056 778.87685 907.3937 965.91362 897.57319 275.07203 
128.89522 112.89912 191.2462 208.06893 209.68987 208.34005 268.28792 0 217.63136 230.91618 235.85188 310.25893 379.23116 343.68626 467.45902 436.62961 492.43114 667.20864 601.63023 446.5496 413.87374 346.91664 284.61311 285.66584 413.68716 509.50941 591.25744 599.09416 638.62886 713.02292 628.6011 559.73926 610.56194 582.25935 574.15844 555.21157 483.81247 469.17881 590.03691 564.52515 590.47349 725.77257 757.6854 705.23369 77.24752 
342.38387 287.54667 346.59162 374.92837 332.81987 280.07188 289.78128 217.63136 0 31.00361 109.50947 136.70477 167.50375 128.9561 254.1926 240.42992 281.69054 453.81826 419.57253 288.86556 261.26864 300.46281 261.9025 267.95414 434.77291 505.58793 613.439 621.6054 663.99473 740.86799 724.11661 671.86566 741.72137 728.42936 728.02716 716.11474 646.91585 632.18312 727.00758 480.39996 493.39735 619.17216 685.03414 611.78705 291.14473 
358.23548 309.20701 371.36761 398.95287 359.93617 309.25271 320.61362 230.91618 31.00361 0 82.83792 106.1694 148.55537 129.23436 252.79006 249.49563 262.41485 436.54169 392.36326 258.53789 230.57162 273.85612 238.82967 245.2155 412.21985 479.91644 589.26372 597.40851 639.81045 716.53519 707.15852 657.44085 729.58613 718.74873 719.65724 709.07255 640.72927 626.08768 715.85436 449.95712 462.58163 588.17239 654.58739 580.91892 306.53136 
363.66854 334.59438 405.67169 429.85655 403.73453 363.67081 386.59649 235.85188 109.50947 82.83792 0 78.44597 173.42199 195.46642 309.46703 321.64093 275.05068 449.34547 365.79649 212.78764 180.83166 191.20696 157.40909 164.08086 330.66807 397.0844 506.655 514.79038 557.18749 633.85378 631.20216 585.37828 661.07492 654.71472 658.13216 650.24437 584.09387 569.75201 649.12531 376.12369 392.37997 522.32331 580.30477 511.06456 312.69105 
438.93704 402.98991 470.24716 496.26784 462.7359 414.75905 426.40196 310.25893 136.70477 106.1694 78.44597 0 106.15196 161.54783 255.87869 286.20155 198.17506 371.49939 293.52856 152.41877 124.62708 210.53866 199.2659 206.6639 363.8609 413.98912 528.95984 536.88186 578.78172 653.96911 676.79612 637.86516 717.68319 716.04415 721.65036 715.90315 651.60347 637.53382 707.7977 354.30399 362.98025 484.93884 557.94298 480.27784 387.48446 
506.79026 455.04997 512.53366 541.48758 495.00258 435.82204 429.6003 379.23116 167.50375 148.55537 173.42199 106.15196 0 97.8106 153.94979 200.60874 114.25556 288.01338 268.96711 184.06733 172.31054 310.26187 304.89563 312.31386 465.66829 507.43237 624.0782 631.80567 673.05227 746.76544 781.21216 743.70171 823.81979 821.97247 827.20808 820.88013 755.84172 741.64192 813.93183 418.19406 417.84327 524.38659 614.69641 528.79198 455.07747 
464.36977 399.3639 446.99085 477.48936 422.66184 357.85432 342.14448 343.68626 128.9561 129.23436 195.46642 161.54783 97.8106 0 125.24009 126.98032 190.14734 346.88677 363.54174 278.21461 261.98857 370.29954 349.59219 356.66544 520.39183 575.22197 689.57147 697.54821 739.60008 815.09637 826.32945 780.68754 855.30668 846.44206 848.05798 837.96903 769.83984 755.21637 842.47974 506.38541 509.36668 620.1983 706.37711 622.65597 414.26121 
585.41161 515.24416 555.3072 586.56795 525.06385 455.44266 424.6065 467.45902 254.1926 252.79006 309.46703 255.87869 153.94979 125.24009 0 85.23495 162.67503 263.80933 349.71064 322.63591 318.59584 463.86781 454.64015 461.993 618.86134 661.05028 777.85153 785.54902 826.66982 900.02303 932.62558 892.09393 969.81147 964.16683 967.21615 958.43411 891.16365 876.63979 958.39434 560.73069 555.09812 647.55817 749.28903 658.91472 536.20549 
545.2499 467.45275 498.27527 529.83692 463.40872 391.57799 352.70987 436.62961 240.42992 249.49563 321.64093 286.20155 200.60874 126.98032 85.23495 0 241.69013 347.28913 429.7175 382.76864 372.88703 496.29964 476.54925 483.60708 647.25467 700.06214 815.15116 823.07926 864.9807 940.06861 952.83137 905.91253 979.01907 967.91517 968.14985 956.52523 887.3347 872.59677 965.34258 618.6759 617.14536 717.67636 813.46711 725.6054 498.80537 
620.45184 569.20635 625.6362 654.90546 606.33795 544.77244 532.25002 492.43114 281.69054 262.41485 275.05068 198.17506 114.25556 190.14734 162.67503 241.69013 0 175.4528 188.03288 184.53521 193.18896 368.137 380.03623 387.30445 521.96061 544.11857 660.98657 668.15541 707.26789 776.78657 841.57898 813.06809 897.44209 901.7785 909.92002 906.56755 844.40649 830.64848 890.31227 416.14872 404.91708 487.93854 594.75837 502.3174 568.6772 
794.76185 740.18281 792.73512 822.78616 769.54462 704.1775 682.18912 667.20864 453.81826 436.54169 449.34547 371.49939 288.01338 346.88677 263.80933 347.28913 175.4528 0 205.72588 313.30174 335.03656 516.62899 539.88592 546.82061 662.54974 665.09524 777.80673 784.13995 819.69687 882.47013 978.93937 959.55371 1046.99815 1056.91519 1067.53534 1066.72302 1007.24768 993.91278 1042.47024 502.80272 479.1298 519.50721 643.15101 547.89235 743.07261 
729.31197 696.50358 762.76045 789.3573 752.19278 698.45388 697.57509 601.63023 419.57253 392.36326 365.79649 293.52856 268.96711 363.54174 349.71064 429.7175 188.03288 205.72588 0 163.7284 195.79334 358.88407 399.34863 405.08865 487.25241 473.44594 581.83527 587.66838 621.19574 680.97611 794.19612 784.04762 873.94728 891.29893 905.67031 909.29497 856.02467 843.82134 872.81949 299.81922 274.05769 320.48768 440.2404 344.88655 678.47244 
572.26114 547.38171 617.86936 642.51037 613.25607 567.00023 578.09773 446.5496 288.86556 258.53789 212.78764 152.41877 184.06733 278.21461 322.63591 382.76864 184.53521 313.30174 163.7284 0 32.95621 205.05151 238.01508 244.16912 349.47896 361.24205 477.55526 484.58372 523.23074 592.29308 667.26727 646.2523 733.83292 745.17242 757.0141 757.97995 701.40181 688.64822 729.76933 238.0949 234.37801 342.31007 430.87726 344.84529 522.34566 
539.38893 515.33533 586.34143 610.68779 582.64302 537.74759 551.01793 413.87374 261.26864 230.57162 180.83166 124.62708 172.31054 261.98857 318.59584 372.88703 193.18896 335.03656 195.79334 32.95621 0 181.64521 209.29606 215.73509 331.18009 351.45843 468.57821 475.87026 515.55291 586.48084 650.42946 626.05943 712.62169 721.89166 732.80928 732.78894 674.98804 662.02335 707.58405 245.92552 247.38117 362.76389 444.39014 361.65717 489.54731 
452.40512 459.65619 537.67739 554.85217 549.7693 525.95048 561.88642 346.91664 300.46281 273.85612 191.20696 210.53866 310.26187 370.29954 463.86781 496.29964 368.137 516.62899 358.88407 205.05151 181.64521 0 63.26379 64.16392 155.90107 206.72362 319.39716 327.41188 369.58935 445.55662 474.45867 445.42584 531.23669 540.44594 551.97257 553.11141 497.67771 485.2534 525.94402 218.4975 247.49077 382.83442 411.87542 359.17513 410.29681 
389.17322 397.48428 475.6937 492.29523 489.27246 468.55043 508.07855 284.61311 261.9025 238.82967 157.40909 199.2659 304.89563 349.59219 454.64015 476.54925 380.03623 539.88592 399.34863 238.01508 209.29606 63.26379 0 7.42576 173.40779 247.138 351.74863 359.92529 402.28295 479.22391 478.25928 438.82602 519.92436 521.84641 529.97107 527.45828 467.37309 454.09645 511.33215 281.71654 310.61016 446.02653 473.20268 422.34452 347.09512 
388.51981 398.56485 476.86698 493.0585 491.17495 471.47865 511.8234 285.66584 267.95414 245.2155 164.08086 206.6639 312.31386 356.66544 461.993 483.60708 387.30445 546.82061 405.08865 244.16912 215.73509 64.16392 7.42576 0 167.02289 242.35549 346.00354 354.18423 396.51437 473.4802 470.96899 431.40385 512.51084 514.53911 522.75473 520.36866 460.47867 447.24265 503.9519 282.03957 311.6137 446.88429 472.02045 422.50693 347.06098 
487.28445 522.26306 599.62298 609.64406 623.20181 615.77441 663.93232 413.68716 434.77291 412.21985 330.66807 363.8609 465.66829 520.39183 618.86134 647.25467 521.96061 662.54974 487.25241 349.47896 331.18009 155.90107 173.40779 167.02289 0 100.95226 182.37704 190.52019 232.29606 309.12912 319.62148 297.77661 386.93417 405.26479 421.73198 429.08292 384.77787 374.76268 385.64607 251.13637 290.67574 407.81906 386.28725 369.75635 457.44838 
587.63152 619.67289 697.51408 708.55906 719.17223 707.77075 752.24845 509.50941 505.58793 479.91644 397.0844 413.98912 507.43237 575.22197 661.05028 700.06214 544.11857 665.09524 473.44594 361.24205 351.45843 206.72362 247.138 242.35549 100.95226 0 117.27242 124.7549 165.62471 240.0074 323.23103 327.28204 418.26155 449.61831 471.32584 484.79229 451.48725 443.60986 423.69637 194.34761 233.4917 330.79779 291.2586 288.30272 556.57881 
652.41245 696.74507 772.6924 779.99573 799.55215 795.98724 845.71598 591.25744 613.439 589.26372 506.655 528.95984 624.0782 689.57147 777.85153 815.15116 660.98657 777.80673 581.83527 477.55526 468.57821 319.39716 351.74863 346.00354 182.37704 117.27242 0 8.18457 50.55824 127.47825 235.68475 265.24611 350.73096 394.57015 421.28383 441.6382 424.94504 420.61874 363.06667 288.6064 323.92455 390.93351 313.35234 344.15607 628.26207 
659.69224 704.41865 780.28674 787.46401 807.30025 803.94285 853.77772 599.09416 621.6054 597.40851 514.79038 536.88186 631.80567 697.54821 785.54902 823.07926 668.15541 784.13995 587.66838 484.58372 475.87026 327.41188 359.92529 354.18423 190.52019 124.7549 8.18457 0 42.40273 119.29957 233.7251 265.79996 350.405 395.22501 422.28421 443.13761 427.70999 423.6401 363.33116 293.53985 328.44422 392.97431 313.02291 346.05358 635.78989 
695.90354 742.91456 818.27997 824.70601 846.22237 844.19867 894.7746 638.62886 663.99473 639.81045 557.18749 578.78172 673.05227 739.60008 826.66982 864.9807 707.26789 819.69687 621.19574 523.23074 515.55291 369.58935 402.28295 396.51437 232.29606 165.62471 50.55824 42.40273 0 76.98936 224.16936 268.79143 347.88197 397.43044 426.10198 449.41489 440.58925 437.85916 363.75671 323.93411 356.85694 409.60955 318.58735 362.30658 673.44816 
765.99403 815.94078 890.59064 896.01276 919.71724 919.33849 970.74308 713.02292 740.86799 716.53519 633.85378 653.96911 746.76544 815.09637 900.02303 940.06861 776.78657 882.47013 680.97611 592.29308 586.48084 445.55662 479.22391 473.4802 309.12912 240.0074 127.47825 119.29957 76.98936 0 233.0752 296.11659 362.51128 418.68082 449.37861 476.30739 478.28969 477.69651 382.94839 381.25944 410.54973 443.23637 336.28545 396.42177 745.47526 
643.76703 713.2217 779.1423 776.90374 817.37354 834.7509 896.88747 628.6011 724.11661 707.15852 631.20216 676.79612 781.21216 826.32945 932.62558 952.83137 841.57898 978.93937 794.19612 667.26727 650.42946 474.45867 478.25928 470.96899 319.62148 323.23103 235.68475 233.7251 224.16936 233.0752 0 82.89986 129.50331 187.58047 219.08678 248.39632 264.87151 268.32901 151.25682 515.09762 552.81926 626.59742 542.5044 579.74878 637.83412 
566.64412 639.23484 702.96514 699.40404 742.64543 763.52324 827.53198 559.73926 671.86566 657.44085 585.37828 637.86516 743.70171 780.68754 892.09393 905.91253 813.06809 959.55371 784.04762 646.2523 626.05943 445.42584 438.82602 431.40385 297.77661 327.28204 265.24611 265.79996 268.79143 296.11659 82.89986 0 91.15828 129.44696 157.34522 181.3245 185.70113 187.72374 98.30107 521.45846 560.75802 649.35327 578.59827 603.75718 563.60106 
599.62301 679.23324 736.97374 729.71327 779.92875 808.04842 874.99762 610.56194 741.72137 729.58613 661.07492 717.68319 823.81979 855.30668 969.81147 979.01907 897.44209 1046.99815 873.94728 733.83292 712.62169 531.23669 519.92436 512.51084 386.93417 418.26155 350.73096 350.405 347.88197 362.51128 129.50331 91.15828 0 62.88358 94.66851 127.22614 166.00883 174.91838 28.67496 612.51549 651.75315 738.31641 663.17437 692.35111 603.99331 
559.85117 642.98728 696.72797 687.43853 741.34609 773.85491 842.43241 582.25935 728.42936 718.74873 654.71472 716.04415 821.97247 846.44206 964.16683 967.91517 901.7785 1056.91519 891.29893 745.17242 721.89166 540.44594 521.84641 514.53911 405.26479 449.61831 394.57015 395.22501 397.43044 418.68082 187.58047 129.44696 62.88358 0 31.98226 64.40988 112.68797 124.2423 36.50002 642.15733 681.9002 775.98652 707.89876 730.89365 568.66836 
545.08186 630.07532 681.2924 670.79043 726.81231 761.82856 831.21238 574.15844 728.02716 719.65724 658.13216 721.65036 827.20808 848.05798 967.21615 968.14985 909.92002 1067.53534 905.67031 757.0141 732.80928 551.97257 529.97107 522.75473 421.73198 471.32584 421.28383 422.28421 426.10198 449.37861 219.08678 157.34522 94.66851 31.98226 0 33.68773 94.08696 107.54539 68.39943 662.51648 702.38683 799.48924 734.3171 754.8165 556.5437 
520.32481 606.73148 655.77419 644.31593 701.97613 739.05702 809.05827 555.21157 716.11474 709.07255 650.24437 715.90315 820.88013 837.96903 958.43411 956.52523 906.56755 1066.72302 909.29497 757.97995 732.78894 553.11141 527.45828 520.36866 429.08292 484.79229 441.6382 443.13761 449.41489 476.30739 248.39632 181.3245 127.22614 64.40988 33.68773 0 71.39967 86.06144 99.86394 673.7551 713.70989 814.60556 753.63065 770.56082 534.02351 
451.06126 536.49572 587.20696 576.78653 632.79578 668.54139 738.28165 483.81247 646.91585 640.72927 584.09387 651.60347 755.84172 769.83984 891.16365 887.3347 844.40649 1007.24768 856.02467 701.40181 674.98804 497.67771 467.37309 460.47867 384.77787 451.48725 424.94504 427.70999 440.58925 478.28969 264.87151 185.70113 166.00883 112.68797 94.08696 71.39967 0 14.81494 137.70976 634.24944 674.12856 782.16788 731.12611 739.69755 463.35259 
437.58698 522.60613 573.95066 563.89126 619.30804 654.51312 724.1261 469.17881 632.18312 626.08768 569.75201 637.53382 741.64192 755.21637 876.63979 872.59677 830.64848 993.91278 843.82134 688.64822 662.02335 485.2534 454.09645 447.24265 374.76268 443.60986 420.61874 423.6401 437.85916 477.69651 268.32901 187.72374 174.91838 124.2423 107.54539 86.06144 14.81494 0 147.04539 624.82905 664.65595 774.03085 725.0385 731.91082 449.27429 
575.27667 656.05951 712.5646 704.68654 756.0599 785.62824 853.16243 590.03691 727.00758 715.85436 649.12531 707.7977 813.93183 842.47974 958.39434 965.34258 890.31227 1042.47024 872.81949 729.76933 707.58405 525.94402 511.33215 503.9519 385.64607 423.69637 363.06667 363.33116 363.75671 382.94839 151.25682 98.30107 28.67496 36.50002 68.39943 99.86394 137.70976 147.04539 0 617.31734 656.854 747.50203 676.33141 701.99217 581.06326 
670.52002 676.899 754.50409 772.59394 763.88873 734.19367 762.34056 564.52515 480.39996 449.95712 376.12369 354.30399 418.19406 506.38541 560.73069 618.6759 416.14872 502.80272 299.81922 238.0949 245.92552 218.4975 281.71654 282.03957 251.13637 194.34761 288.6064 293.53985 323.93411 381.25944 515.09762 521.45846 612.51549 642.15733 662.51648 673.7551 634.24944 624.82905 617.31734 0 39.96519 166.56965 204.63549 140.75415 628.79394 
699.7244 702.18586 779.22691 798.33536 786.53372 753.89373 778.87685 590.47349 493.39735 462.58163 392.37997 362.98025 417.84327 509.36668 555.09812 617.14536 404.91708 479.1298 274.05769 234.37801 247.38117 247.49077 310.61016 311.6137 290.67574 233.4917 323.92455 328.44422 356.85694 410.54973 552.81926 560.75802 651.75315 681.9002 702.38683 713.70989 674.12856 664.65595 656.854 39.96519 0 135.55096 197.04339 118.69644 656.74181 
835.18948 837.24616 914.04149 933.50524 920.28109 885.52763 907.3937 725.77257 619.17216 588.17239 522.32331 484.93884 524.38659 620.1983 647.55817 717.67636 487.93854 519.50721 320.48768 342.31007 362.76389 382.83442 446.02653 446.88429 407.81906 330.79779 390.93351 392.97431 409.60955 443.23637 626.59742 649.35327 738.31641 775.98652 799.48924 814.60556 782.16788 774.03085 747.50203 166.56965 135.55096 0 128.90497 47.31921 792.29184 
854.87457 870.58414 948.8633 964.86955 961.62392 935.50902 965.91362 757.6854 685.03414 654.58739 580.30477 557.94298 614.69641 706.37711 749.28903 813.46711 594.75837 643.15101 440.2404 430.87726 444.39014 411.87542 473.20268 472.02045 386.28725 291.2586 313.35234 313.02291 318.58735 336.28545 542.5044 578.59827 663.17437 707.89876 734.3171 753.63065 731.12611 725.0385 676.33141 204.63549 197.04339 128.90497 0 95.37435 816.94988 
810.79413 817.52966 895.02942 913.30059 903.67848 872.18598 897.57319 705.23369 611.78705 580.91892 511.06456 480.27784 528.79198 622.65597 658.91472 725.6054 502.3174 547.89235 344.88655 344.84529 361.65717 359.17513 422.34452 422.50693 369.75635 288.30272 344.15607 346.05358 362.30658 396.42177 579.74878 603.75718 692.35111 730.89365 754.8165 770.56082 739.69755 731.91082 701.99217 140.75415 118.69644 47.31921 95.37435 0 769.43908 
51.82108 75.66058 145.22837 152.24134 179.59633 205.29951 275.07203 77.24752 291.14473 306.53136 312.69105 387.48446 455.07747 414.26121 536.20549 498.80537 568.6772 743.07261 678.47244 522.34566 489.54731 410.29681 347.09512 347.06098 457.44838 556.57881 628.26207 635.78989 673.44816 745.47526 637.83412 563.60106 603.99331 568.66836 556.5437 534.02351 463.35259 449.27429 581.06326 628.79394 656.74181 792.29184 816.94988 769.43908 0 
