13
shape youre stop you ground On COuld yep gett AND shoW In GOld
0 34.01 12.17 199.57 268.83 424.90999999999997 523.77 569.74 533.9799999999999 472.12999999999994 370.91999999999996 355.84 200.85 
34.01 0 46.18 165.56 234.82 390.9 489.76 535.73 567.99 506.14 404.93 321.83 234.86 
12.17 46.18 0 211.74 281.0 437.08 535.9399999999999 581.91 521.81 459.96 358.75 368.01 188.68 
199.57 165.56 211.73999999999998 0 69.26 225.34 324.2 370.16999999999996 500.77 562.62 570.49 156.27 400.41999999999996 
268.83 234.82 281.0 69.26 0 156.07999999999998 254.94 300.90999999999997 431.51 493.36 594.57 87.01 469.68 
424.90999999999997 390.9 437.08 225.33999999999997 156.07999999999998 0 98.86 144.82999999999998 275.42999999999995 337.28 438.48999999999995 69.07 608.56 
523.77 489.76 535.9399999999999 324.2 254.94 98.86 0 45.97 176.57 238.42 339.63 167.93 509.7 
569.74 535.73 581.91 370.16999999999996 300.90999999999997 144.82999999999998 45.97 0 130.6 192.45 293.65999999999997 213.89999999999998 463.72999999999996 
533.9799999999999 567.9899999999999 521.81 500.77 431.51 275.43 176.57 130.6 0 61.85 163.06 344.5 333.13 
472.13 506.14 459.96 562.62 493.35999999999996 337.28 238.42 192.45 61.85 0 101.21 406.34999999999997 271.28 
370.92 404.93 358.75 570.49 594.57 438.49 339.63 293.65999999999997 163.06 101.21 0 507.56 170.07 
355.84000000000003 321.83000000000004 368.01000000000005 156.27 87.01 69.07 167.93 213.9 344.5 406.35 507.56 0 556.69 
200.85 234.85999999999999 188.68 400.41999999999996 469.67999999999995 608.5600000000001 509.70000000000005 463.73 333.13 271.28 170.07 556.6899999999999 0 
