67
C9 A7 A1 D5 D7 C3 D4 c9 a7 a1 d5 d7 c3 d4 a5 a9 b7 b5 c1 d3 d6 c5 e5 b1 e6 b3 c7 A5 A9 B7 B5 C1 D3 D6 C5 E5 B1 E6 B3 C7 P Q J H AB N D9 d9 T AI W b d n p h ak j i v an z l ax av ab Soda
0 5.0 8.0 5.0 11.0 17.0 13.0 7.0 12.0 15.0 12.0 18.0 20.0 14.0 10.0 15.0 21.0 27.0 26.0 20.0 13.0 10.0 21.0 26.0 26.0 28.0 24.0 9.0 14.0 20.0 26.0 25.0 19.0 12.0 9.0 20.0 25.0 25.0 27.0 23.0 13.0 15.0 17.0 20.0 24.0 22.0 15.0 22.0 27.0 26.0 26.0 104.0 104.0 204.0 204.0 104.0 204.0 204.0 104.0 304.0 304.0 404.0 304.0 404.0 404.0 304.0 3.0 
5.0 0 3.0 8.0 14.0 19.0 18.0 12.0 17.0 20.0 17.0 23.0 25.0 19.0 15.0 20.0 26.0 32.0 31.0 25.0 18.0 15.0 26.0 31.0 31.0 33.0 29.0 14.0 19.0 25.0 31.0 30.0 24.0 17.0 14.0 25.0 30.0 30.0 32.0 28.0 18.0 20.0 22.0 25.0 29.0 27.0 10.0 27.0 32.0 31.0 31.0 109.0 109.0 209.0 209.0 109.0 209.0 209.0 109.0 309.0 309.0 409.0 309.0 409.0 409.0 309.0 8.0 
8.0 3.0 0 5.0 11.0 17.0 16.0 15.0 20.0 23.0 20.0 26.0 28.0 22.0 18.0 23.0 29.0 35.0 34.0 28.0 21.0 18.0 29.0 34.0 34.0 36.0 32.0 17.0 22.0 28.0 34.0 33.0 27.0 20.0 17.0 28.0 33.0 33.0 35.0 31.0 21.0 23.0 25.0 28.0 32.0 30.0 13.0 30.0 35.0 34.0 34.0 112.0 112.0 212.0 212.0 112.0 212.0 212.0 112.0 312.0 312.0 412.0 312.0 412.0 412.0 312.0 11.0 
5.0 8.0 5.0 0 6.0 12.0 11.0 12.0 17.0 20.0 17.0 23.0 25.0 19.0 15.0 20.0 26.0 32.0 31.0 25.0 18.0 15.0 26.0 31.0 31.0 33.0 29.0 14.0 19.0 25.0 31.0 30.0 24.0 17.0 14.0 25.0 30.0 30.0 32.0 28.0 18.0 20.0 22.0 25.0 29.0 27.0 18.0 27.0 32.0 31.0 31.0 109.0 109.0 209.0 209.0 109.0 209.0 209.0 109.0 309.0 309.0 409.0 309.0 409.0 409.0 309.0 8.0 
11.0 14.0 11.0 6.0 0 6.0 5.0 18.0 23.0 26.0 23.0 29.0 31.0 25.0 21.0 26.0 32.0 38.0 37.0 31.0 24.0 21.0 32.0 37.0 37.0 39.0 35.0 20.0 25.0 31.0 37.0 36.0 30.0 23.0 20.0 31.0 36.0 36.0 38.0 34.0 24.0 26.0 28.0 31.0 35.0 33.0 19.0 33.0 38.0 37.0 37.0 115.0 115.0 215.0 215.0 115.0 215.0 215.0 115.0 315.0 315.0 415.0 315.0 415.0 415.0 315.0 14.0 
17.0 19.0 17.0 12.0 6.0 0 6.0 20.0 25.0 28.0 25.0 31.0 33.0 27.0 23.0 28.0 34.0 40.0 39.0 33.0 26.0 23.0 34.0 39.0 39.0 41.0 37.0 22.0 27.0 33.0 39.0 38.0 32.0 25.0 22.0 33.0 38.0 38.0 40.0 36.0 26.0 28.0 30.0 33.0 37.0 35.0 16.0 35.0 40.0 39.0 39.0 117.0 117.0 217.0 217.0 117.0 217.0 217.0 117.0 317.0 317.0 417.0 317.0 417.0 417.0 317.0 16.0 
13.0 18.0 16.0 11.0 5.0 6.0 0 14.0 19.0 22.0 19.0 25.0 27.0 21.0 17.0 22.0 28.0 34.0 33.0 27.0 20.0 17.0 28.0 33.0 33.0 35.0 31.0 16.0 21.0 27.0 33.0 32.0 26.0 19.0 16.0 27.0 32.0 32.0 34.0 30.0 20.0 22.0 24.0 27.0 31.0 29.0 22.0 29.0 34.0 33.0 33.0 111.0 111.0 211.0 211.0 111.0 211.0 211.0 111.0 311.0 311.0 411.0 311.0 411.0 411.0 311.0 10.0 
7.0 12.0 15.0 12.0 18.0 20.0 14.0 0 5.0 8.0 5.0 11.0 17.0 13.0 9.0 14.0 20.0 26.0 25.0 19.0 12.0 9.0 20.0 25.0 25.0 27.0 23.0 10.0 15.0 21.0 27.0 26.0 20.0 13.0 10.0 21.0 26.0 26.0 28.0 24.0 14.0 16.0 18.0 21.0 25.0 23.0 22.0 15.0 28.0 27.0 27.0 105.0 105.0 205.0 205.0 105.0 205.0 205.0 105.0 305.0 305.0 405.0 305.0 405.0 405.0 305.0 4.0 
12.0 17.0 20.0 17.0 23.0 25.0 19.0 5.0 0 3.0 8.0 14.0 19.0 18.0 14.0 19.0 25.0 31.0 30.0 24.0 17.0 14.0 25.0 30.0 30.0 32.0 28.0 15.0 20.0 26.0 32.0 31.0 25.0 18.0 15.0 26.0 31.0 31.0 33.0 29.0 19.0 21.0 23.0 26.0 30.0 28.0 27.0 10.0 33.0 32.0 32.0 110.0 110.0 210.0 210.0 110.0 210.0 210.0 110.0 310.0 310.0 410.0 310.0 410.0 410.0 310.0 9.0 
15.0 20.0 23.0 20.0 26.0 28.0 22.0 8.0 3.0 0 5.0 11.0 17.0 16.0 17.0 22.0 28.0 34.0 33.0 27.0 20.0 17.0 28.0 33.0 33.0 35.0 31.0 18.0 23.0 29.0 35.0 34.0 28.0 21.0 18.0 29.0 34.0 34.0 36.0 32.0 22.0 24.0 26.0 29.0 33.0 31.0 30.0 13.0 36.0 35.0 35.0 113.0 113.0 213.0 213.0 113.0 213.0 213.0 113.0 313.0 313.0 413.0 313.0 413.0 413.0 313.0 12.0 
12.0 17.0 20.0 17.0 23.0 25.0 19.0 5.0 8.0 5.0 0 6.0 12.0 11.0 14.0 19.0 25.0 31.0 30.0 24.0 17.0 14.0 25.0 30.0 30.0 32.0 28.0 15.0 20.0 26.0 32.0 31.0 25.0 18.0 15.0 26.0 31.0 31.0 33.0 29.0 19.0 21.0 23.0 26.0 30.0 28.0 27.0 18.0 33.0 32.0 32.0 110.0 110.0 210.0 210.0 110.0 210.0 210.0 110.0 310.0 310.0 410.0 310.0 410.0 410.0 310.0 9.0 
18.0 23.0 26.0 23.0 29.0 31.0 25.0 11.0 14.0 11.0 6.0 0 6.0 5.0 20.0 25.0 31.0 37.0 36.0 30.0 23.0 20.0 31.0 36.0 36.0 38.0 34.0 21.0 26.0 32.0 38.0 37.0 31.0 24.0 21.0 32.0 37.0 37.0 39.0 35.0 25.0 27.0 29.0 32.0 36.0 34.0 33.0 19.0 39.0 38.0 38.0 116.0 116.0 216.0 216.0 116.0 216.0 216.0 116.0 316.0 316.0 416.0 316.0 416.0 416.0 316.0 15.0 
20.0 25.0 28.0 25.0 31.0 33.0 27.0 17.0 19.0 17.0 12.0 6.0 0 6.0 22.0 27.0 33.0 39.0 38.0 32.0 25.0 22.0 33.0 38.0 38.0 40.0 36.0 23.0 28.0 34.0 40.0 39.0 33.0 26.0 23.0 34.0 39.0 39.0 41.0 37.0 27.0 29.0 31.0 34.0 38.0 36.0 35.0 16.0 41.0 40.0 40.0 118.0 118.0 218.0 218.0 118.0 218.0 218.0 118.0 318.0 318.0 418.0 318.0 418.0 418.0 318.0 17.0 
14.0 19.0 22.0 19.0 25.0 27.0 21.0 13.0 18.0 16.0 11.0 5.0 6.0 0 16.0 21.0 27.0 33.0 32.0 26.0 19.0 16.0 27.0 32.0 32.0 34.0 30.0 17.0 22.0 28.0 34.0 33.0 27.0 20.0 17.0 28.0 33.0 33.0 35.0 31.0 21.0 23.0 25.0 28.0 32.0 30.0 29.0 22.0 35.0 34.0 34.0 112.0 112.0 212.0 212.0 112.0 212.0 212.0 112.0 312.0 312.0 412.0 312.0 412.0 412.0 312.0 11.0 
10.0 15.0 18.0 15.0 21.0 23.0 17.0 9.0 14.0 17.0 14.0 20.0 22.0 16.0 0 5.0 11.0 17.0 16.0 10.0 3.0 12.0 23.0 28.0 28.0 30.0 26.0 13.0 18.0 24.0 30.0 29.0 23.0 16.0 13.0 24.0 29.0 29.0 31.0 27.0 17.0 19.0 21.0 24.0 28.0 26.0 25.0 24.0 31.0 30.0 30.0 108.0 108.0 208.0 208.0 108.0 208.0 208.0 108.0 308.0 308.0 408.0 308.0 408.0 408.0 308.0 7.0 
15.0 20.0 23.0 20.0 26.0 28.0 22.0 14.0 19.0 22.0 19.0 25.0 27.0 21.0 5.0 0 6.0 12.0 16.0 12.0 5.0 17.0 28.0 33.0 33.0 35.0 31.0 18.0 23.0 29.0 35.0 34.0 28.0 21.0 18.0 29.0 34.0 34.0 36.0 32.0 22.0 24.0 26.0 29.0 33.0 31.0 30.0 29.0 36.0 35.0 35.0 113.0 113.0 213.0 213.0 113.0 213.0 213.0 113.0 313.0 313.0 413.0 313.0 413.0 413.0 313.0 12.0 
21.0 26.0 29.0 26.0 32.0 34.0 28.0 20.0 25.0 28.0 25.0 31.0 33.0 27.0 11.0 6.0 0 6.0 10.0 7.0 11.0 23.0 34.0 39.0 39.0 41.0 37.0 24.0 29.0 35.0 41.0 40.0 34.0 27.0 24.0 35.0 40.0 40.0 42.0 38.0 28.0 30.0 32.0 35.0 39.0 37.0 36.0 35.0 42.0 41.0 41.0 119.0 119.0 219.0 219.0 119.0 219.0 219.0 119.0 319.0 319.0 419.0 319.0 419.0 419.0 319.0 18.0 
27.0 32.0 35.0 32.0 38.0 40.0 34.0 26.0 31.0 34.0 31.0 37.0 39.0 33.0 17.0 12.0 6.0 0 4.0 10.0 17.0 29.0 40.0 45.0 45.0 47.0 43.0 30.0 35.0 41.0 47.0 46.0 40.0 33.0 30.0 41.0 46.0 46.0 48.0 44.0 34.0 36.0 38.0 41.0 45.0 43.0 42.0 41.0 48.0 47.0 47.0 125.0 125.0 225.0 225.0 125.0 225.0 225.0 125.0 325.0 325.0 425.0 325.0 425.0 425.0 325.0 24.0 
26.0 31.0 34.0 31.0 37.0 39.0 33.0 25.0 30.0 33.0 30.0 36.0 38.0 32.0 16.0 16.0 10.0 4.0 0 6.0 13.0 28.0 39.0 44.0 44.0 46.0 42.0 29.0 34.0 40.0 46.0 45.0 39.0 32.0 29.0 40.0 45.0 45.0 47.0 43.0 33.0 35.0 37.0 40.0 44.0 42.0 41.0 40.0 47.0 46.0 46.0 124.0 124.0 224.0 224.0 124.0 224.0 224.0 124.0 324.0 324.0 424.0 324.0 424.0 424.0 324.0 23.0 
20.0 25.0 28.0 25.0 31.0 33.0 27.0 19.0 24.0 27.0 24.0 30.0 32.0 26.0 10.0 12.0 7.0 10.0 6.0 0 7.0 22.0 33.0 38.0 38.0 40.0 36.0 23.0 28.0 34.0 40.0 39.0 33.0 26.0 23.0 34.0 39.0 39.0 41.0 37.0 27.0 29.0 31.0 34.0 38.0 36.0 35.0 34.0 41.0 40.0 40.0 118.0 118.0 218.0 218.0 118.0 218.0 218.0 118.0 318.0 318.0 418.0 318.0 418.0 418.0 318.0 17.0 
13.0 18.0 21.0 18.0 24.0 26.0 20.0 12.0 17.0 20.0 17.0 23.0 25.0 19.0 3.0 5.0 11.0 17.0 13.0 7.0 0 15.0 26.0 31.0 31.0 33.0 29.0 16.0 21.0 27.0 33.0 32.0 26.0 19.0 16.0 27.0 32.0 32.0 34.0 30.0 20.0 22.0 24.0 27.0 31.0 29.0 28.0 27.0 34.0 33.0 33.0 111.0 111.0 211.0 211.0 111.0 211.0 211.0 111.0 311.0 311.0 411.0 311.0 411.0 411.0 311.0 10.0 
10.0 15.0 18.0 15.0 21.0 23.0 17.0 9.0 14.0 17.0 14.0 20.0 22.0 16.0 12.0 17.0 23.0 29.0 28.0 22.0 15.0 0 11.0 16.0 16.0 18.0 14.0 13.0 18.0 24.0 30.0 29.0 23.0 16.0 13.0 24.0 29.0 29.0 31.0 27.0 17.0 19.0 21.0 24.0 28.0 26.0 25.0 24.0 31.0 30.0 30.0 108.0 108.0 208.0 208.0 108.0 208.0 208.0 108.0 308.0 308.0 408.0 308.0 408.0 408.0 308.0 7.0 
21.0 26.0 29.0 26.0 32.0 34.0 28.0 20.0 25.0 28.0 25.0 31.0 33.0 27.0 23.0 28.0 34.0 40.0 39.0 33.0 26.0 11.0 0 5.0 5.0 7.0 13.0 24.0 29.0 35.0 41.0 40.0 34.0 27.0 24.0 35.0 40.0 40.0 42.0 38.0 28.0 30.0 32.0 35.0 39.0 37.0 36.0 35.0 42.0 41.0 41.0 119.0 119.0 219.0 219.0 119.0 219.0 219.0 119.0 319.0 319.0 419.0 319.0 419.0 419.0 319.0 18.0 
26.0 31.0 34.0 31.0 37.0 39.0 33.0 25.0 30.0 33.0 30.0 36.0 38.0 32.0 28.0 33.0 39.0 45.0 44.0 38.0 31.0 16.0 5.0 0 7.0 12.0 18.0 29.0 34.0 40.0 46.0 45.0 39.0 32.0 29.0 40.0 45.0 45.0 47.0 43.0 33.0 35.0 37.0 40.0 44.0 42.0 41.0 40.0 47.0 46.0 46.0 124.0 124.0 224.0 224.0 124.0 224.0 224.0 124.0 324.0 324.0 424.0 324.0 424.0 424.0 324.0 23.0 
26.0 31.0 34.0 31.0 37.0 39.0 33.0 25.0 30.0 33.0 30.0 36.0 38.0 32.0 28.0 33.0 39.0 45.0 44.0 38.0 31.0 16.0 5.0 7.0 0 6.0 13.0 29.0 34.0 40.0 46.0 45.0 39.0 32.0 29.0 40.0 45.0 45.0 47.0 43.0 33.0 35.0 37.0 40.0 44.0 42.0 41.0 40.0 47.0 46.0 46.0 124.0 124.0 224.0 224.0 124.0 224.0 224.0 124.0 324.0 324.0 424.0 324.0 424.0 424.0 324.0 23.0 
28.0 33.0 36.0 33.0 39.0 41.0 35.0 27.0 32.0 35.0 32.0 38.0 40.0 34.0 30.0 35.0 41.0 47.0 46.0 40.0 33.0 18.0 7.0 12.0 6.0 0 7.0 31.0 36.0 42.0 48.0 47.0 41.0 34.0 31.0 42.0 47.0 47.0 49.0 45.0 35.0 37.0 39.0 42.0 46.0 44.0 43.0 42.0 49.0 48.0 48.0 126.0 126.0 226.0 226.0 126.0 226.0 226.0 126.0 326.0 326.0 426.0 326.0 426.0 426.0 326.0 25.0 
24.0 29.0 32.0 29.0 35.0 37.0 31.0 23.0 28.0 31.0 28.0 34.0 36.0 30.0 26.0 31.0 37.0 43.0 42.0 36.0 29.0 14.0 13.0 18.0 13.0 7.0 0 27.0 32.0 38.0 44.0 43.0 37.0 30.0 27.0 38.0 43.0 43.0 45.0 41.0 31.0 33.0 35.0 38.0 42.0 40.0 39.0 38.0 45.0 44.0 44.0 122.0 122.0 222.0 222.0 122.0 222.0 222.0 122.0 322.0 322.0 422.0 322.0 422.0 422.0 322.0 21.0 
9.0 14.0 17.0 14.0 20.0 22.0 16.0 10.0 15.0 18.0 15.0 21.0 23.0 17.0 13.0 18.0 24.0 30.0 29.0 23.0 16.0 13.0 24.0 29.0 29.0 31.0 27.0 0 5.0 11.0 17.0 16.0 10.0 3.0 12.0 23.0 28.0 28.0 30.0 26.0 16.0 18.0 20.0 23.0 27.0 25.0 24.0 25.0 30.0 29.0 29.0 107.0 107.0 207.0 207.0 107.0 207.0 207.0 107.0 307.0 307.0 407.0 307.0 407.0 407.0 307.0 6.0 
14.0 19.0 22.0 19.0 25.0 27.0 21.0 15.0 20.0 23.0 20.0 26.0 28.0 22.0 18.0 23.0 29.0 35.0 34.0 28.0 21.0 18.0 29.0 34.0 34.0 36.0 32.0 5.0 0 6.0 12.0 16.0 12.0 5.0 17.0 28.0 33.0 33.0 35.0 31.0 21.0 23.0 25.0 28.0 32.0 30.0 29.0 30.0 35.0 34.0 34.0 112.0 112.0 212.0 212.0 112.0 212.0 212.0 112.0 312.0 312.0 412.0 312.0 412.0 412.0 312.0 11.0 
20.0 25.0 28.0 25.0 31.0 33.0 27.0 21.0 26.0 29.0 26.0 32.0 34.0 28.0 24.0 29.0 35.0 41.0 40.0 34.0 27.0 24.0 35.0 40.0 40.0 42.0 38.0 11.0 6.0 0 6.0 10.0 7.0 11.0 23.0 34.0 39.0 39.0 41.0 37.0 27.0 29.0 31.0 34.0 38.0 36.0 35.0 36.0 41.0 40.0 40.0 118.0 118.0 218.0 218.0 118.0 218.0 218.0 118.0 318.0 318.0 418.0 318.0 418.0 418.0 318.0 17.0 
26.0 31.0 34.0 31.0 37.0 39.0 33.0 27.0 32.0 35.0 32.0 38.0 40.0 34.0 30.0 35.0 41.0 47.0 46.0 40.0 33.0 30.0 41.0 46.0 46.0 48.0 44.0 17.0 12.0 6.0 0 4.0 10.0 17.0 29.0 40.0 45.0 45.0 47.0 43.0 33.0 35.0 37.0 40.0 44.0 42.0 41.0 42.0 47.0 46.0 46.0 124.0 124.0 224.0 224.0 124.0 224.0 224.0 124.0 324.0 324.0 424.0 324.0 424.0 424.0 324.0 23.0 
25.0 30.0 33.0 30.0 36.0 38.0 32.0 26.0 31.0 34.0 31.0 37.0 39.0 33.0 29.0 34.0 40.0 46.0 45.0 39.0 32.0 29.0 40.0 45.0 45.0 47.0 43.0 16.0 16.0 10.0 4.0 0 6.0 13.0 28.0 39.0 44.0 44.0 46.0 42.0 32.0 34.0 36.0 39.0 43.0 41.0 40.0 41.0 46.0 45.0 45.0 123.0 123.0 223.0 223.0 123.0 223.0 223.0 123.0 323.0 323.0 423.0 323.0 423.0 423.0 323.0 22.0 
19.0 24.0 27.0 24.0 30.0 32.0 26.0 20.0 25.0 28.0 25.0 31.0 33.0 27.0 23.0 28.0 34.0 40.0 39.0 33.0 26.0 23.0 34.0 39.0 39.0 41.0 37.0 10.0 12.0 7.0 10.0 6.0 0 7.0 22.0 33.0 38.0 38.0 40.0 36.0 26.0 28.0 30.0 33.0 37.0 35.0 34.0 35.0 40.0 39.0 39.0 117.0 117.0 217.0 217.0 117.0 217.0 217.0 117.0 317.0 317.0 417.0 317.0 417.0 417.0 317.0 16.0 
12.0 17.0 20.0 17.0 23.0 25.0 19.0 13.0 18.0 21.0 18.0 24.0 26.0 20.0 16.0 21.0 27.0 33.0 32.0 26.0 19.0 16.0 27.0 32.0 32.0 34.0 30.0 3.0 5.0 11.0 17.0 13.0 7.0 0 15.0 26.0 31.0 31.0 33.0 29.0 19.0 21.0 23.0 26.0 30.0 28.0 27.0 28.0 33.0 32.0 32.0 110.0 110.0 210.0 210.0 110.0 210.0 210.0 110.0 310.0 310.0 410.0 310.0 410.0 410.0 310.0 9.0 
9.0 14.0 17.0 14.0 20.0 22.0 16.0 10.0 15.0 18.0 15.0 21.0 23.0 17.0 13.0 18.0 24.0 30.0 29.0 23.0 16.0 13.0 24.0 29.0 29.0 31.0 27.0 12.0 17.0 23.0 29.0 28.0 22.0 15.0 0 11.0 16.0 16.0 18.0 14.0 16.0 18.0 20.0 23.0 27.0 25.0 24.0 25.0 30.0 29.0 29.0 107.0 107.0 207.0 207.0 107.0 207.0 207.0 107.0 307.0 307.0 407.0 307.0 407.0 407.0 307.0 6.0 
20.0 25.0 28.0 25.0 31.0 33.0 27.0 21.0 26.0 29.0 26.0 32.0 34.0 28.0 24.0 29.0 35.0 41.0 40.0 34.0 27.0 24.0 35.0 40.0 40.0 42.0 38.0 23.0 28.0 34.0 40.0 39.0 33.0 26.0 11.0 0 5.0 5.0 7.0 13.0 27.0 29.0 31.0 34.0 38.0 36.0 35.0 36.0 41.0 40.0 40.0 118.0 118.0 218.0 218.0 118.0 218.0 218.0 118.0 318.0 318.0 418.0 318.0 418.0 418.0 318.0 17.0 
25.0 30.0 33.0 30.0 36.0 38.0 32.0 26.0 31.0 34.0 31.0 37.0 39.0 33.0 29.0 34.0 40.0 46.0 45.0 39.0 32.0 29.0 40.0 45.0 45.0 47.0 43.0 28.0 33.0 39.0 45.0 44.0 38.0 31.0 16.0 5.0 0 7.0 12.0 18.0 32.0 34.0 36.0 39.0 43.0 41.0 40.0 41.0 46.0 45.0 45.0 123.0 123.0 223.0 223.0 123.0 223.0 223.0 123.0 323.0 323.0 423.0 323.0 423.0 423.0 323.0 22.0 
25.0 30.0 33.0 30.0 36.0 38.0 32.0 26.0 31.0 34.0 31.0 37.0 39.0 33.0 29.0 34.0 40.0 46.0 45.0 39.0 32.0 29.0 40.0 45.0 45.0 47.0 43.0 28.0 33.0 39.0 45.0 44.0 38.0 31.0 16.0 5.0 7.0 0 6.0 13.0 32.0 34.0 36.0 39.0 43.0 41.0 40.0 41.0 46.0 45.0 45.0 123.0 123.0 223.0 223.0 123.0 223.0 223.0 123.0 323.0 323.0 423.0 323.0 423.0 423.0 323.0 22.0 
27.0 32.0 35.0 32.0 38.0 40.0 34.0 28.0 33.0 36.0 33.0 39.0 41.0 35.0 31.0 36.0 42.0 48.0 47.0 41.0 34.0 31.0 42.0 47.0 47.0 49.0 45.0 30.0 35.0 41.0 47.0 46.0 40.0 33.0 18.0 7.0 12.0 6.0 0 7.0 34.0 36.0 38.0 41.0 45.0 43.0 42.0 43.0 48.0 47.0 47.0 125.0 125.0 225.0 225.0 125.0 225.0 225.0 125.0 325.0 325.0 425.0 325.0 425.0 425.0 325.0 24.0 
23.0 28.0 31.0 28.0 34.0 36.0 30.0 24.0 29.0 32.0 29.0 35.0 37.0 31.0 27.0 32.0 38.0 44.0 43.0 37.0 30.0 27.0 38.0 43.0 43.0 45.0 41.0 26.0 31.0 37.0 43.0 42.0 36.0 29.0 14.0 13.0 18.0 13.0 7.0 0 30.0 32.0 34.0 37.0 41.0 39.0 38.0 39.0 44.0 43.0 43.0 121.0 121.0 221.0 221.0 121.0 221.0 221.0 121.0 321.0 321.0 421.0 321.0 421.0 421.0 321.0 20.0 
13.0 18.0 21.0 18.0 24.0 26.0 20.0 14.0 19.0 22.0 19.0 25.0 27.0 21.0 17.0 22.0 28.0 34.0 33.0 27.0 20.0 17.0 28.0 33.0 33.0 35.0 31.0 16.0 21.0 27.0 33.0 32.0 26.0 19.0 16.0 27.0 32.0 32.0 34.0 30.0 0 12.0 22.0 25.0 29.0 27.0 28.0 29.0 32.0 31.0 31.0 111.0 111.0 211.0 211.0 111.0 211.0 211.0 111.0 311.0 311.0 411.0 311.0 411.0 411.0 311.0 10.0 
15.0 20.0 23.0 20.0 26.0 28.0 22.0 16.0 21.0 24.0 21.0 27.0 29.0 23.0 19.0 24.0 30.0 36.0 35.0 29.0 22.0 19.0 30.0 35.0 35.0 37.0 33.0 18.0 23.0 29.0 35.0 34.0 28.0 21.0 18.0 29.0 34.0 34.0 36.0 32.0 12.0 0 24.0 27.0 31.0 29.0 30.0 31.0 34.0 33.0 33.0 113.0 113.0 213.0 213.0 113.0 213.0 213.0 113.0 313.0 313.0 413.0 313.0 413.0 413.0 313.0 12.0 
17.0 22.0 25.0 22.0 28.0 30.0 24.0 18.0 23.0 26.0 23.0 29.0 31.0 25.0 21.0 26.0 32.0 38.0 37.0 31.0 24.0 21.0 32.0 37.0 37.0 39.0 35.0 20.0 25.0 31.0 37.0 36.0 30.0 23.0 20.0 31.0 36.0 36.0 38.0 34.0 22.0 24.0 0 29.0 33.0 31.0 32.0 33.0 36.0 35.0 35.0 115.0 115.0 215.0 215.0 115.0 215.0 215.0 115.0 315.0 315.0 415.0 315.0 415.0 415.0 315.0 14.0 
20.0 25.0 28.0 25.0 31.0 33.0 27.0 21.0 26.0 29.0 26.0 32.0 34.0 28.0 24.0 29.0 35.0 41.0 40.0 34.0 27.0 24.0 35.0 40.0 40.0 42.0 38.0 23.0 28.0 34.0 40.0 39.0 33.0 26.0 23.0 34.0 39.0 39.0 41.0 37.0 25.0 27.0 29.0 0 10.0 32.0 35.0 36.0 39.0 38.0 38.0 118.0 118.0 218.0 218.0 118.0 218.0 218.0 118.0 318.0 318.0 418.0 318.0 418.0 418.0 318.0 17.0 
24.0 29.0 32.0 29.0 35.0 37.0 31.0 25.0 30.0 33.0 30.0 36.0 38.0 32.0 28.0 33.0 39.0 45.0 44.0 38.0 31.0 28.0 39.0 44.0 44.0 46.0 42.0 27.0 32.0 38.0 44.0 43.0 37.0 30.0 27.0 38.0 43.0 43.0 45.0 41.0 29.0 31.0 33.0 10.0 0 22.0 39.0 40.0 43.0 42.0 42.0 122.0 122.0 222.0 222.0 122.0 222.0 222.0 122.0 322.0 322.0 422.0 322.0 422.0 422.0 322.0 21.0 
22.0 27.0 30.0 27.0 33.0 35.0 29.0 23.0 28.0 31.0 28.0 34.0 36.0 30.0 26.0 31.0 37.0 43.0 42.0 36.0 29.0 26.0 37.0 42.0 42.0 44.0 40.0 25.0 30.0 36.0 42.0 41.0 35.0 28.0 25.0 36.0 41.0 41.0 43.0 39.0 27.0 29.0 31.0 32.0 22.0 0 37.0 38.0 41.0 40.0 40.0 120.0 120.0 220.0 220.0 120.0 220.0 220.0 120.0 320.0 320.0 420.0 320.0 420.0 420.0 320.0 19.0 
15.0 10.0 13.0 18.0 19.0 16.0 22.0 22.0 27.0 30.0 27.0 33.0 35.0 29.0 25.0 30.0 36.0 42.0 41.0 35.0 28.0 25.0 36.0 41.0 41.0 43.0 39.0 24.0 29.0 35.0 41.0 40.0 34.0 27.0 24.0 35.0 40.0 40.0 42.0 38.0 28.0 30.0 32.0 35.0 39.0 37.0 0 37.0 42.0 41.0 41.0 119.0 119.0 219.0 219.0 119.0 219.0 219.0 119.0 319.0 319.0 419.0 319.0 419.0 419.0 319.0 18.0 
22.0 27.0 30.0 27.0 33.0 35.0 29.0 15.0 10.0 13.0 18.0 19.0 16.0 22.0 24.0 29.0 35.0 41.0 40.0 34.0 27.0 24.0 35.0 40.0 40.0 42.0 38.0 25.0 30.0 36.0 42.0 41.0 35.0 28.0 25.0 36.0 41.0 41.0 43.0 39.0 29.0 31.0 33.0 36.0 40.0 38.0 37.0 0 43.0 42.0 42.0 120.0 120.0 220.0 220.0 120.0 220.0 220.0 120.0 320.0 320.0 420.0 320.0 420.0 420.0 320.0 19.0 
27.0 32.0 35.0 32.0 38.0 40.0 34.0 28.0 33.0 36.0 33.0 39.0 41.0 35.0 31.0 36.0 42.0 48.0 47.0 41.0 34.0 31.0 42.0 47.0 47.0 49.0 45.0 30.0 35.0 41.0 47.0 46.0 40.0 33.0 30.0 41.0 46.0 46.0 48.0 44.0 32.0 34.0 36.0 39.0 43.0 41.0 42.0 43.0 0 11.0 45.0 125.0 125.0 225.0 225.0 125.0 225.0 225.0 125.0 325.0 325.0 425.0 325.0 425.0 425.0 325.0 24.0 
26.0 31.0 34.0 31.0 37.0 39.0 33.0 27.0 32.0 35.0 32.0 38.0 40.0 34.0 30.0 35.0 41.0 47.0 46.0 40.0 33.0 30.0 41.0 46.0 46.0 48.0 44.0 29.0 34.0 40.0 46.0 45.0 39.0 32.0 29.0 40.0 45.0 45.0 47.0 43.0 31.0 33.0 35.0 38.0 42.0 40.0 41.0 42.0 11.0 0 44.0 124.0 124.0 224.0 224.0 124.0 224.0 224.0 124.0 324.0 324.0 424.0 324.0 424.0 424.0 324.0 23.0 
26.0 31.0 34.0 31.0 37.0 39.0 33.0 27.0 32.0 35.0 32.0 38.0 40.0 34.0 30.0 35.0 41.0 47.0 46.0 40.0 33.0 30.0 41.0 46.0 46.0 48.0 44.0 29.0 34.0 40.0 46.0 45.0 39.0 32.0 29.0 40.0 45.0 45.0 47.0 43.0 31.0 33.0 35.0 38.0 42.0 40.0 41.0 42.0 45.0 44.0 0 124.0 124.0 224.0 224.0 124.0 224.0 224.0 124.0 324.0 324.0 424.0 324.0 424.0 424.0 324.0 23.0 
104.0 109.0 112.0 109.0 115.0 117.0 111.0 105.0 110.0 113.0 110.0 116.0 118.0 112.0 108.0 113.0 119.0 125.0 124.0 118.0 111.0 108.0 119.0 124.0 124.0 126.0 122.0 107.0 112.0 118.0 124.0 123.0 117.0 110.0 107.0 118.0 123.0 123.0 125.0 121.0 111.0 113.0 115.0 118.0 122.0 120.0 119.0 120.0 125.0 124.0 124.0 0 200.0 300.0 300.0 200.0 300.0 300.0 200.0 400.0 400.0 500.0 200.0 300.0 300.0 200.0 101.0 
104.0 109.0 112.0 109.0 115.0 117.0 111.0 105.0 110.0 113.0 110.0 116.0 118.0 112.0 108.0 113.0 119.0 125.0 124.0 118.0 111.0 108.0 119.0 124.0 124.0 126.0 122.0 107.0 112.0 118.0 124.0 123.0 117.0 110.0 107.0 118.0 123.0 123.0 125.0 121.0 111.0 113.0 115.0 118.0 122.0 120.0 119.0 120.0 125.0 124.0 124.0 200.0 0 100.0 200.0 200.0 300.0 300.0 200.0 400.0 400.0 500.0 400.0 500.0 500.0 400.0 101.0 
204.0 209.0 212.0 209.0 215.0 217.0 211.0 205.0 210.0 213.0 210.0 216.0 218.0 212.0 208.0 213.0 219.0 225.0 224.0 218.0 211.0 208.0 219.0 224.0 224.0 226.0 222.0 207.0 212.0 218.0 224.0 223.0 217.0 210.0 207.0 218.0 223.0 223.0 225.0 221.0 211.0 213.0 215.0 218.0 222.0 220.0 219.0 220.0 225.0 224.0 224.0 300.0 100.0 0 200.0 300.0 400.0 400.0 300.0 500.0 500.0 600.0 500.0 600.0 600.0 500.0 201.0 
204.0 209.0 212.0 209.0 215.0 217.0 211.0 205.0 210.0 213.0 210.0 216.0 218.0 212.0 208.0 213.0 219.0 225.0 224.0 218.0 211.0 208.0 219.0 224.0 224.0 226.0 222.0 207.0 212.0 218.0 224.0 223.0 217.0 210.0 207.0 218.0 223.0 223.0 225.0 221.0 211.0 213.0 215.0 218.0 222.0 220.0 219.0 220.0 225.0 224.0 224.0 300.0 200.0 200.0 0 300.0 400.0 400.0 300.0 500.0 500.0 600.0 500.0 600.0 600.0 500.0 201.0 
104.0 109.0 112.0 109.0 115.0 117.0 111.0 105.0 110.0 113.0 110.0 116.0 118.0 112.0 108.0 113.0 119.0 125.0 124.0 118.0 111.0 108.0 119.0 124.0 124.0 126.0 122.0 107.0 112.0 118.0 124.0 123.0 117.0 110.0 107.0 118.0 123.0 123.0 125.0 121.0 111.0 113.0 115.0 118.0 122.0 120.0 119.0 120.0 125.0 124.0 124.0 200.0 200.0 300.0 300.0 0 100.0 300.0 200.0 400.0 400.0 500.0 400.0 500.0 500.0 400.0 101.0 
204.0 209.0 212.0 209.0 215.0 217.0 211.0 205.0 210.0 213.0 210.0 216.0 218.0 212.0 208.0 213.0 219.0 225.0 224.0 218.0 211.0 208.0 219.0 224.0 224.0 226.0 222.0 207.0 212.0 218.0 224.0 223.0 217.0 210.0 207.0 218.0 223.0 223.0 225.0 221.0 211.0 213.0 215.0 218.0 222.0 220.0 219.0 220.0 225.0 224.0 224.0 300.0 300.0 400.0 400.0 100.0 0 400.0 300.0 500.0 500.0 600.0 500.0 600.0 600.0 500.0 201.0 
204.0 209.0 212.0 209.0 215.0 217.0 211.0 205.0 210.0 213.0 210.0 216.0 218.0 212.0 208.0 213.0 219.0 225.0 224.0 218.0 211.0 208.0 219.0 224.0 224.0 226.0 222.0 207.0 212.0 218.0 224.0 223.0 217.0 210.0 207.0 218.0 223.0 223.0 225.0 221.0 211.0 213.0 215.0 218.0 222.0 220.0 219.0 220.0 225.0 224.0 224.0 300.0 300.0 400.0 400.0 300.0 400.0 0 100.0 300.0 300.0 200.0 500.0 600.0 600.0 500.0 201.0 
104.0 109.0 112.0 109.0 115.0 117.0 111.0 105.0 110.0 113.0 110.0 116.0 118.0 112.0 108.0 113.0 119.0 125.0 124.0 118.0 111.0 108.0 119.0 124.0 124.0 126.0 122.0 107.0 112.0 118.0 124.0 123.0 117.0 110.0 107.0 118.0 123.0 123.0 125.0 121.0 111.0 113.0 115.0 118.0 122.0 120.0 119.0 120.0 125.0 124.0 124.0 200.0 200.0 300.0 300.0 200.0 300.0 100.0 0 200.0 200.0 300.0 400.0 500.0 500.0 400.0 101.0 
304.0 309.0 312.0 309.0 315.0 317.0 311.0 305.0 310.0 313.0 310.0 316.0 318.0 312.0 308.0 313.0 319.0 325.0 324.0 318.0 311.0 308.0 319.0 324.0 324.0 326.0 322.0 307.0 312.0 318.0 324.0 323.0 317.0 310.0 307.0 318.0 323.0 323.0 325.0 321.0 311.0 313.0 315.0 318.0 322.0 320.0 319.0 320.0 325.0 324.0 324.0 400.0 400.0 500.0 500.0 400.0 500.0 300.0 200.0 0 200.0 500.0 600.0 700.0 700.0 600.0 301.0 
304.0 309.0 312.0 309.0 315.0 317.0 311.0 305.0 310.0 313.0 310.0 316.0 318.0 312.0 308.0 313.0 319.0 325.0 324.0 318.0 311.0 308.0 319.0 324.0 324.0 326.0 322.0 307.0 312.0 318.0 324.0 323.0 317.0 310.0 307.0 318.0 323.0 323.0 325.0 321.0 311.0 313.0 315.0 318.0 322.0 320.0 319.0 320.0 325.0 324.0 324.0 400.0 400.0 500.0 500.0 400.0 500.0 300.0 200.0 200.0 0 500.0 600.0 700.0 700.0 600.0 301.0 
404.0 409.0 412.0 409.0 415.0 417.0 411.0 405.0 410.0 413.0 410.0 416.0 418.0 412.0 408.0 413.0 419.0 425.0 424.0 418.0 411.0 408.0 419.0 424.0 424.0 426.0 422.0 407.0 412.0 418.0 424.0 423.0 417.0 410.0 407.0 418.0 423.0 423.0 425.0 421.0 411.0 413.0 415.0 418.0 422.0 420.0 419.0 420.0 425.0 424.0 424.0 500.0 500.0 600.0 600.0 500.0 600.0 200.0 300.0 500.0 500.0 0 700.0 800.0 800.0 700.0 401.0 
304.0 309.0 312.0 309.0 315.0 317.0 311.0 305.0 310.0 313.0 310.0 316.0 318.0 312.0 308.0 313.0 319.0 325.0 324.0 318.0 311.0 308.0 319.0 324.0 324.0 326.0 322.0 307.0 312.0 318.0 324.0 323.0 317.0 310.0 307.0 318.0 323.0 323.0 325.0 321.0 311.0 313.0 315.0 318.0 322.0 320.0 319.0 320.0 325.0 324.0 324.0 200.0 400.0 500.0 500.0 400.0 500.0 500.0 400.0 600.0 600.0 700.0 0 100.0 300.0 200.0 301.0 
404.0 409.0 412.0 409.0 415.0 417.0 411.0 405.0 410.0 413.0 410.0 416.0 418.0 412.0 408.0 413.0 419.0 425.0 424.0 418.0 411.0 408.0 419.0 424.0 424.0 426.0 422.0 407.0 412.0 418.0 424.0 423.0 417.0 410.0 407.0 418.0 423.0 423.0 425.0 421.0 411.0 413.0 415.0 418.0 422.0 420.0 419.0 420.0 425.0 424.0 424.0 300.0 500.0 600.0 600.0 500.0 600.0 600.0 500.0 700.0 700.0 800.0 100.0 0 200.0 300.0 401.0 
404.0 409.0 412.0 409.0 415.0 417.0 411.0 405.0 410.0 413.0 410.0 416.0 418.0 412.0 408.0 413.0 419.0 425.0 424.0 418.0 411.0 408.0 419.0 424.0 424.0 426.0 422.0 407.0 412.0 418.0 424.0 423.0 417.0 410.0 407.0 418.0 423.0 423.0 425.0 421.0 411.0 413.0 415.0 418.0 422.0 420.0 419.0 420.0 425.0 424.0 424.0 300.0 500.0 600.0 600.0 500.0 600.0 600.0 500.0 700.0 700.0 800.0 300.0 200.0 0 100.0 401.0 
304.0 309.0 312.0 309.0 315.0 317.0 311.0 305.0 310.0 313.0 310.0 316.0 318.0 312.0 308.0 313.0 319.0 325.0 324.0 318.0 311.0 308.0 319.0 324.0 324.0 326.0 322.0 307.0 312.0 318.0 324.0 323.0 317.0 310.0 307.0 318.0 323.0 323.0 325.0 321.0 311.0 313.0 315.0 318.0 322.0 320.0 319.0 320.0 325.0 324.0 324.0 200.0 400.0 500.0 500.0 400.0 500.0 500.0 400.0 600.0 600.0 700.0 200.0 300.0 100.0 0 301.0 
3.0 8.0 11.0 8.0 14.0 16.0 10.0 4.0 9.0 12.0 9.0 15.0 17.0 11.0 7.0 12.0 18.0 24.0 23.0 17.0 10.0 7.0 18.0 23.0 23.0 25.0 21.0 6.0 11.0 17.0 23.0 22.0 16.0 9.0 6.0 17.0 22.0 22.0 24.0 20.0 10.0 12.0 14.0 17.0 21.0 19.0 18.0 19.0 24.0 23.0 23.0 101.0 101.0 201.0 201.0 101.0 201.0 201.0 101.0 301.0 301.0 401.0 301.0 401.0 401.0 301.0 0 
