16
b d n p h ak j i v an z l ax av ab a
0 200.0 300.0 300.0 200.0 300.0 300.0 200.0 400.0 400.0 500.0 200.0 300.0 300.0 200.0 100.0 
200.0 0 100.0 200.0 200.0 300.0 300.0 200.0 400.0 400.0 500.0 400.0 500.0 500.0 400.0 100.0 
300.0 100.0 0 200.0 300.0 400.0 400.0 300.0 500.0 500.0 600.0 500.0 600.0 600.0 500.0 200.0 
300.0 200.0 200.0 0 300.0 400.0 400.0 300.0 500.0 500.0 600.0 500.0 600.0 600.0 500.0 200.0 
200.0 200.0 300.0 300.0 0 100.0 300.0 200.0 400.0 400.0 500.0 400.0 500.0 500.0 400.0 100.0 
300.0 300.0 400.0 400.0 100.0 0 400.0 300.0 500.0 500.0 600.0 500.0 600.0 600.0 500.0 200.0 
300.0 300.0 400.0 400.0 300.0 400.0 0 100.0 300.0 300.0 200.0 500.0 600.0 600.0 500.0 200.0 
200.0 200.0 300.0 300.0 200.0 300.0 100.0 0 200.0 200.0 300.0 400.0 500.0 500.0 400.0 100.0 
400.0 400.0 500.0 500.0 400.0 500.0 300.0 200.0 0 200.0 500.0 600.0 700.0 700.0 600.0 300.0 
400.0 400.0 500.0 500.0 400.0 500.0 300.0 200.0 200.0 0 500.0 600.0 700.0 700.0 600.0 300.0 
500.0 500.0 600.0 600.0 500.0 600.0 200.0 300.0 500.0 500.0 0 700.0 800.0 800.0 700.0 400.0 
200.0 400.0 500.0 500.0 400.0 500.0 500.0 400.0 600.0 600.0 700.0 0 100.0 300.0 200.0 300.0 
300.0 500.0 600.0 600.0 500.0 600.0 600.0 500.0 700.0 700.0 800.0 100.0 0 200.0 300.0 400.0 
300.0 500.0 600.0 600.0 500.0 600.0 600.0 500.0 700.0 700.0 800.0 300.0 200.0 0 100.0 400.0 
200.0 400.0 500.0 500.0 400.0 500.0 500.0 400.0 600.0 600.0 700.0 200.0 300.0 100.0 0 300.0 
100.0 100.0 200.0 200.0 100.0 200.0 200.0 100.0 300.0 300.0 400.0 300.0 400.0 400.0 300.0 0 
