41
3 7 2 4 5 8 9 6 11 12 14 15 21 19 10 16 18 20 26 22 17 23 33 27 28 30 37 36 24 31 29 32 34 40 39 41 35 42 44 47 1
0 1.0 2.0 2.0 2.0 2.0 2.0 2.0 2.0 2.0 2.0 2.0 2.0 2.0 1.0 1.0 1.0 2.0 2.0 2.0 2.0 2.0 2.0 2.0 2.0 1.0 2.0 2.0 1.0 2.0 1.0 2.0 2.0 2.0 2.0 2.0 2.0 2.0 2.0 2.0 1.0 
1.0 0 1.0 2.0 2.0 1.0 2.0 2.0 2.0 2.0 2.0 2.0 2.0 2.0 1.0 2.0 2.0 2.0 2.0 2.0 2.0 2.0 2.0 2.0 2.0 2.0 1.0 1.0 2.0 2.0 2.0 2.0 1.0 2.0 1.0 2.0 1.0 1.0 2.0 1.0 1.0 
2.0 1.0 0 1.0 2.0 2.0 1.0 2.0 2.0 2.0 2.0 1.0 2.0 2.0 1.0 1.0 1.0 2.0 1.0 2.0 2.0 1.0 1.0 2.0 1.0 2.0 2.0 1.0 2.0 2.0 2.0 1.0 2.0 1.0 2.0 2.0 2.0 1.0 2.0 1.0 2.0 
2.0 2.0 1.0 0 1.0 2.0 2.0 1.0 2.0 2.0 2.0 2.0 1.0 1.0 1.0 1.0 1.0 2.0 2.0 2.0 1.0 1.0 2.0 2.0 2.0 2.0 2.0 2.0 1.0 2.0 1.0 2.0 2.0 1.0 1.0 1.0 2.0 2.0 2.0 2.0 1.0 
2.0 2.0 2.0 1.0 0 1.0 2.0 2.0 1.0 1.0 2.0 1.0 1.0 1.0 1.0 1.0 2.0 1.0 1.0 2.0 2.0 2.0 2.0 2.0 2.0 2.0 2.0 2.0 1.0 2.0 2.0 2.0 2.0 2.0 1.0 2.0 2.0 1.0 2.0 2.0 1.0 
2.0 1.0 2.0 2.0 1.0 0 1.0 2.0 1.0 2.0 1.0 2.0 2.0 2.0 1.0 2.0 1.0 2.0 2.0 2.0 1.0 1.0 1.0 2.0 2.0 1.0 1.0 2.0 2.0 3.0 2.0 2.0 1.0 2.0 2.0 2.0 2.0 2.0 2.0 2.0 1.0 
2.0 2.0 1.0 2.0 2.0 1.0 0 1.0 1.0 1.0 2.0 2.0 2.0 1.0 2.0 2.0 2.0 2.0 2.0 2.0 2.0 1.0 1.0 2.0 2.0 2.0 1.0 2.0 1.0 2.0 1.0 2.0 2.0 2.0 2.0 2.0 1.0 1.0 2.0 1.0 1.0 
2.0 2.0 2.0 1.0 2.0 2.0 1.0 0 1.0 1.0 2.0 1.0 1.0 2.0 2.0 2.0 1.0 1.0 2.0 2.0 2.0 1.0 2.0 2.0 1.0 2.0 2.0 2.0 1.0 1.0 2.0 2.0 2.0 2.0 1.0 1.0 2.0 2.0 2.0 1.0 1.0 
2.0 2.0 2.0 2.0 1.0 1.0 1.0 1.0 0 1.0 1.0 1.0 1.0 1.0 2.0 1.0 1.0 2.0 1.0 2.0 1.0 1.0 2.0 2.0 2.0 2.0 2.0 2.0 2.0 2.0 1.0 1.0 1.0 2.0 2.0 2.0 2.0 1.0 2.0 2.0 2.0 
2.0 2.0 2.0 2.0 1.0 2.0 1.0 1.0 1.0 0 1.0 1.0 1.0 2.0 2.0 2.0 2.0 2.0 1.0 2.0 1.0 2.0 1.0 1.0 1.0 2.0 1.0 2.0 1.0 1.0 1.0 1.0 1.0 1.0 1.0 2.0 1.0 2.0 1.0 2.0 2.0 
2.0 2.0 2.0 2.0 2.0 1.0 2.0 2.0 1.0 1.0 0 1.0 2.0 2.0 2.0 2.0 2.0 2.0 2.0 2.0 2.0 1.0 2.0 1.0 1.0 1.0 1.0 2.0 1.0 2.0 1.0 2.0 2.0 2.0 1.0 2.0 1.0 1.0 1.0 2.0 2.0 
2.0 2.0 1.0 2.0 1.0 2.0 2.0 1.0 1.0 1.0 1.0 0 1.0 2.0 2.0 2.0 2.0 2.0 2.0 2.0 2.0 1.0 2.0 1.0 1.0 2.0 1.0 2.0 2.0 2.0 2.0 1.0 2.0 2.0 1.0 2.0 2.0 2.0 1.0 2.0 2.0 
2.0 2.0 2.0 1.0 1.0 2.0 2.0 1.0 1.0 1.0 2.0 1.0 0 1.0 2.0 2.0 2.0 2.0 1.0 1.0 2.0 2.0 1.0 2.0 2.0 2.0 2.0 2.0 2.0 2.0 2.0 2.0 1.0 2.0 2.0 1.0 2.0 1.0 2.0 2.0 1.0 
2.0 2.0 2.0 1.0 1.0 2.0 1.0 2.0 1.0 2.0 2.0 2.0 1.0 0 1.0 1.0 1.0 1.0 2.0 1.0 1.0 1.0 2.0 2.0 2.0 2.0 2.0 1.0 1.0 2.0 2.0 2.0 2.0 2.0 2.0 2.0 1.0 2.0 2.0 2.0 2.0 
1.0 1.0 1.0 1.0 1.0 1.0 2.0 2.0 2.0 2.0 2.0 2.0 2.0 1.0 0 1.0 2.0 1.0 2.0 2.0 1.0 1.0 1.0 1.0 1.0 2.0 2.0 1.0 2.0 2.0 2.0 2.0 2.0 2.0 2.0 1.0 2.0 2.0 2.0 2.0 1.0 
1.0 2.0 1.0 1.0 1.0 2.0 2.0 2.0 1.0 2.0 2.0 2.0 2.0 1.0 1.0 0 1.0 1.0 2.0 1.0 2.0 1.0 1.0 2.0 2.0 2.0 1.0 2.0 1.0 1.0 2.0 1.0 2.0 2.0 2.0 1.0 2.0 2.0 2.0 2.0 1.0 
1.0 2.0 1.0 1.0 2.0 1.0 2.0 1.0 1.0 2.0 2.0 2.0 2.0 1.0 2.0 1.0 0 1.0 2.0 2.0 2.0 2.0 1.0 2.0 2.0 2.0 2.0 2.0 2.0 2.0 2.0 2.0 2.0 2.0 2.0 2.0 2.0 2.0 1.0 1.0 2.0 
2.0 2.0 2.0 2.0 1.0 2.0 2.0 1.0 2.0 2.0 2.0 2.0 2.0 1.0 1.0 1.0 1.0 0 1.0 2.0 2.0 2.0 2.0 2.0 1.0 1.0 1.0 2.0 2.0 2.0 1.0 2.0 2.0 2.0 1.0 1.0 1.0 2.0 1.0 2.0 2.0 
2.0 2.0 1.0 2.0 1.0 2.0 2.0 2.0 1.0 1.0 2.0 2.0 1.0 2.0 2.0 2.0 2.0 1.0 0 1.0 2.0 2.0 1.0 1.0 2.0 1.0 2.0 2.0 1.0 1.0 2.0 2.0 1.0 2.0 2.0 1.0 2.0 2.0 2.0 2.0 1.0 
2.0 2.0 2.0 2.0 2.0 2.0 2.0 2.0 2.0 2.0 2.0 2.0 1.0 1.0 2.0 1.0 2.0 2.0 1.0 0 1.0 1.0 2.0 1.0 1.0 2.0 1.0 2.0 1.0 2.0 2.0 2.0 1.0 2.0 1.0 2.0 2.0 2.0 1.0 2.0 2.0 
2.0 2.0 2.0 1.0 2.0 1.0 2.0 2.0 1.0 1.0 2.0 2.0 2.0 1.0 1.0 2.0 2.0 2.0 2.0 1.0 0 1.0 1.0 1.0 1.0 2.0 2.0 2.0 1.0 2.0 2.0 2.0 1.0 1.0 1.0 2.0 2.0 2.0 2.0 2.0 2.0 
2.0 2.0 1.0 1.0 2.0 1.0 1.0 1.0 1.0 2.0 1.0 1.0 2.0 1.0 1.0 1.0 2.0 2.0 2.0 1.0 1.0 0 1.0 2.0 2.0 2.0 2.0 2.0 2.0 2.0 2.0 2.0 1.0 2.0 2.0 2.0 2.0 2.0 2.0 2.0 2.0 
2.0 2.0 1.0 2.0 2.0 1.0 1.0 2.0 2.0 1.0 2.0 2.0 1.0 2.0 1.0 1.0 1.0 2.0 1.0 2.0 1.0 1.0 0 1.0 1.0 2.0 2.0 1.0 2.0 2.0 1.0 2.0 1.0 2.0 2.0 1.0 2.0 2.0 2.0 2.0 2.0 
2.0 2.0 2.0 2.0 2.0 2.0 2.0 2.0 2.0 1.0 1.0 1.0 2.0 2.0 1.0 2.0 2.0 2.0 1.0 1.0 1.0 2.0 1.0 0 1.0 2.0 1.0 2.0 2.0 2.0 2.0 2.0 2.0 1.0 1.0 1.0 2.0 2.0 2.0 1.0 2.0 
2.0 2.0 1.0 2.0 2.0 2.0 2.0 1.0 2.0 1.0 1.0 1.0 2.0 2.0 1.0 2.0 2.0 1.0 2.0 1.0 1.0 2.0 1.0 1.0 0 1.0 2.0 2.0 2.0 2.0 2.0 2.0 1.0 1.0 1.0 1.0 1.0 2.0 2.0 2.0 2.0 
1.0 2.0 2.0 2.0 2.0 1.0 2.0 2.0 2.0 2.0 1.0 2.0 2.0 2.0 2.0 2.0 2.0 1.0 1.0 2.0 2.0 2.0 2.0 2.0 1.0 0 1.0 2.0 2.0 2.0 2.0 3.0 2.0 1.0 1.0 1.0 2.0 2.0 2.0 2.0 2.0 
2.0 1.0 2.0 2.0 2.0 1.0 1.0 2.0 2.0 1.0 1.0 1.0 2.0 2.0 2.0 1.0 2.0 1.0 2.0 1.0 2.0 2.0 2.0 1.0 2.0 1.0 0 1.0 2.0 2.0 2.0 2.0 2.0 2.0 2.0 2.0 2.0 1.0 1.0 1.0 2.0 
2.0 1.0 1.0 2.0 2.0 2.0 2.0 2.0 2.0 2.0 2.0 2.0 2.0 1.0 1.0 2.0 2.0 2.0 2.0 2.0 2.0 2.0 1.0 2.0 2.0 2.0 1.0 0 1.0 2.0 1.0 1.0 2.0 2.0 1.0 1.0 2.0 1.0 2.0 2.0 2.0 
1.0 2.0 2.0 1.0 1.0 2.0 1.0 1.0 2.0 1.0 1.0 2.0 2.0 1.0 2.0 1.0 2.0 2.0 1.0 1.0 1.0 2.0 2.0 2.0 2.0 2.0 2.0 1.0 0 1.0 2.0 2.0 2.0 1.0 2.0 1.0 1.0 1.0 2.0 2.0 1.0 
2.0 2.0 2.0 2.0 2.0 3.0 2.0 1.0 2.0 1.0 2.0 2.0 2.0 2.0 2.0 1.0 2.0 2.0 1.0 2.0 2.0 2.0 2.0 2.0 2.0 2.0 2.0 2.0 1.0 0 1.0 2.0 2.0 2.0 2.0 1.0 1.0 1.0 1.0 2.0 2.0 
1.0 2.0 2.0 1.0 2.0 2.0 1.0 2.0 1.0 1.0 1.0 2.0 2.0 2.0 2.0 2.0 2.0 1.0 2.0 2.0 2.0 2.0 1.0 2.0 2.0 2.0 2.0 1.0 2.0 1.0 0 1.0 1.0 2.0 2.0 2.0 1.0 2.0 2.0 2.0 2.0 
2.0 2.0 1.0 2.0 2.0 2.0 2.0 2.0 1.0 1.0 2.0 1.0 2.0 2.0 2.0 1.0 2.0 2.0 2.0 2.0 2.0 2.0 2.0 2.0 2.0 3.0 2.0 1.0 2.0 2.0 1.0 0 1.0 2.0 2.0 2.0 1.0 2.0 2.0 2.0 2.0 
2.0 1.0 2.0 2.0 2.0 1.0 2.0 2.0 1.0 1.0 2.0 2.0 1.0 2.0 2.0 2.0 2.0 2.0 1.0 1.0 1.0 1.0 1.0 2.0 1.0 2.0 2.0 2.0 2.0 2.0 1.0 1.0 0 1.0 2.0 1.0 2.0 1.0 2.0 2.0 2.0 
2.0 2.0 1.0 1.0 2.0 2.0 2.0 2.0 2.0 1.0 2.0 2.0 2.0 2.0 2.0 2.0 2.0 2.0 2.0 2.0 1.0 2.0 2.0 1.0 1.0 1.0 2.0 2.0 1.0 2.0 2.0 2.0 1.0 0 1.0 2.0 2.0 2.0 2.0 2.0 1.0 
2.0 1.0 2.0 1.0 1.0 2.0 2.0 1.0 2.0 1.0 1.0 1.0 2.0 2.0 2.0 2.0 2.0 1.0 2.0 1.0 1.0 2.0 2.0 1.0 1.0 1.0 2.0 1.0 2.0 2.0 2.0 2.0 2.0 1.0 0 1.0 2.0 1.0 2.0 1.0 2.0 
2.0 2.0 2.0 1.0 2.0 2.0 2.0 1.0 2.0 2.0 2.0 2.0 1.0 2.0 1.0 1.0 2.0 1.0 1.0 2.0 2.0 2.0 1.0 1.0 1.0 1.0 2.0 1.0 1.0 1.0 2.0 2.0 1.0 2.0 1.0 0 1.0 1.0 1.0 2.0 2.0 
2.0 1.0 2.0 2.0 2.0 2.0 1.0 2.0 2.0 1.0 1.0 2.0 2.0 1.0 2.0 2.0 2.0 1.0 2.0 2.0 2.0 2.0 2.0 2.0 1.0 2.0 2.0 2.0 1.0 1.0 1.0 1.0 2.0 2.0 2.0 1.0 0 1.0 2.0 1.0 2.0 
2.0 1.0 1.0 2.0 1.0 2.0 1.0 2.0 1.0 2.0 1.0 2.0 1.0 2.0 2.0 2.0 2.0 2.0 2.0 2.0 2.0 2.0 2.0 2.0 2.0 2.0 1.0 1.0 1.0 1.0 2.0 2.0 1.0 2.0 1.0 1.0 1.0 0 1.0 1.0 2.0 
2.0 2.0 2.0 2.0 2.0 2.0 2.0 2.0 2.0 1.0 1.0 1.0 2.0 2.0 2.0 2.0 1.0 1.0 2.0 1.0 2.0 2.0 2.0 2.0 2.0 2.0 1.0 2.0 2.0 1.0 2.0 2.0 2.0 2.0 2.0 1.0 2.0 1.0 0 1.0 1.0 
2.0 1.0 1.0 2.0 2.0 2.0 1.0 1.0 2.0 2.0 2.0 2.0 2.0 2.0 2.0 2.0 1.0 2.0 2.0 2.0 2.0 2.0 2.0 1.0 2.0 2.0 1.0 2.0 2.0 2.0 2.0 2.0 2.0 2.0 1.0 2.0 1.0 1.0 1.0 0 2.0 
1.0 1.0 2.0 1.0 1.0 1.0 1.0 1.0 2.0 2.0 2.0 2.0 1.0 2.0 1.0 1.0 2.0 2.0 1.0 2.0 2.0 2.0 2.0 2.0 2.0 2.0 2.0 2.0 1.0 2.0 2.0 2.0 2.0 1.0 2.0 2.0 2.0 2.0 1.0 2.0 0 
