47
39 1 13 32 51 11 5 46 61 7 41 43 44 15 33 90 95 88 9 80 50 35 36 17 12 72 0 26 85 54 34 99 58 55 59 25 45 40 10 71 63 65 24 53 8 14 19
0 56529889.0 62292167.0 255773757.0 529244032.0 586811555.0 691052260.0 1328451245.0 2000203461.0 1449258385.0 1613867228.0 1729163664.0 1360214252.0 1864220771.0 1540558947.0 1705725848.0 1771856690.0 1144600994.0 1582160695.0 1655280463.0 1835534975.0 1299356050.0 1939294461.0 1638775578.0 1284148539.0 1560917219.0 1559102093.0 1871462804.0 1620757674.0 1712964840.0 2143786670.0 1866299966.0 1294267965.0 1003068321.0 1720943543.0 1291510873.0 1740763388.0 1772159423.0 1842139740.0 643573990.0 1215394204.0 1775467020.0 1911059356.0 2187189707.0 1726292711.0 495067812.0 1323289142.0 
56529889.0 0 118822056.0 312303646.0 585773921.0 643341444.0 747582149.0 1384981134.0 2024480404.0 1392728496.0 1557337339.0 1785693553.0 1416744141.0 1920750660.0 1597088836.0 1762255737.0 1828386579.0 1201130883.0 1638690584.0 1711810352.0 1892064864.0 1355885939.0 1882764572.0 1582245689.0 1248078164.0 1520253441.0 1615631982.0 1927992693.0 1677287563.0 1769494729.0 2107716295.0 1809770077.0 1350797854.0 1059598210.0 1777473432.0 1234980984.0 1797293277.0 1828689312.0 1898669629.0 700103879.0 1271924093.0 1831996909.0 1967589245.0 2243719596.0 1782822600.0 551597701.0 1379819031.0 
62292167.0 118822056.0 0 318065924.0 466951865.0 649103722.0 753344427.0 1390743412.0 2062495628.0 1511550552.0 1676159395.0 1791455831.0 1422506419.0 1926512938.0 1478266780.0 1643433681.0 1834148857.0 1206893161.0 1555214782.0 1628334550.0 1861481008.0 1361648217.0 2001586628.0 1701067745.0 1346440706.0 1623209386.0 1496809926.0 1933754971.0 1683049841.0 1775257007.0 2202531942.0 1928592133.0 1231975798.0 940776154.0 1658651376.0 1353803040.0 1803055555.0 1834451590.0 1904431907.0 705866157.0 1277686371.0 1837759187.0 1848767189.0 2124897540.0 1788584878.0 557359979.0 1385581309.0 
255773757.0 312303646.0 318065924.0 0 785017789.0 842585312.0 946826017.0 1584225002.0 2255977218.0 1705032142.0 1869640985.0 1984937421.0 1615988009.0 2119994528.0 1796332704.0 1961499605.0 2027630447.0 1400374751.0 1776922247.0 1850042015.0 2083188473.0 1324683528.0 2195068218.0 1894549335.0 1539922296.0 1816690976.0 1814875850.0 2127236561.0 1876531431.0 1968738597.0 2399560427.0 2122073723.0 1550041722.0 1258842078.0 1976717300.0 1547284630.0 1996537145.0 2027933180.0 2097913497.0 899347747.0 1471167961.0 2031240777.0 2166833113.0 2442963464.0 1982066468.0 750841569.0 1579062899.0 
529244032.0 585773921.0 466951865.0 785017789.0 0 205485914.0 493214105.0 1028672077.0 1618877820.0 1421495077.0 1586103920.0 1862703274.0 1772986838.0 1666382616.0 1198255658.0 1363422559.0 1574018535.0 946762839.0 1384322540.0 1457442308.0 1690588766.0 1828600082.0 1854580696.0 1554061813.0 1090903787.0 1363079064.0 1029858061.0 1673624649.0 1422919519.0 1665649230.0 1950541918.0 1741517396.0 1698927663.0 1407728019.0 1652643624.0 1820754905.0 1542925233.0 1574321268.0 1644301585.0 262248349.0 1017556049.0 1577628865.0 1381815324.0 1657945675.0 1528454556.0 297229657.0 1852533174.0 
586811555.0 643341444.0 649103722.0 842585312.0 205485914.0 0 287728191.0 894279910.0 1413391906.0 1216009163.0 1380618006.0 1657217360.0 1567500924.0 1460896702.0 992769744.0 1157936645.0 1368532621.0 741276925.0 1178836626.0 1251956394.0 1485102852.0 1631075345.0 1649094782.0 1348575899.0 885417873.0 1157593150.0 1235343975.0 1468138735.0 1217433605.0 1471382456.0 1745056004.0 1536031482.0 1881079520.0 1589879876.0 1858129538.0 1878322428.0 1337439319.0 1368835354.0 1438815671.0 56762435.0 812070135.0 1372142951.0 1587301238.0 1863431589.0 1322968642.0 91743743.0 1910100697.0 
691052260.0 747582149.0 753344427.0 946826017.0 493214105.0 287728191.0 0 687759962.0 1389052880.0 1503737354.0 1668346197.0 1787154197.0 1579559197.0 1472954975.0 1280497935.0 1445664836.0 1380590894.0 753335198.0 1190894899.0 1264014667.0 1497161125.0 1643133618.0 1572717797.0 1272198914.0 809040888.0 1081216165.0 1202855183.0 1480197008.0 1229491878.0 1575623161.0 1668679019.0 1823759673.0 1985320225.0 1694120581.0 2145857729.0 1982563133.0 1349497592.0 1380893627.0 1450873944.0 344490626.0 916310840.0 1443473629.0 1875029429.0 2151159780.0 1246591657.0 195984448.0 2014341402.0 
1328451245.0 1384981134.0 1390743412.0 1584225002.0 1028672077.0 894279910.0 687759962.0 0 701292918.0 1333044826.0 1360881055.0 1774253023.0 2113316101.0 2006711879.0 1887049654.0 2052216555.0 2017989879.0 1390734183.0 1828293884.0 1901413652.0 1687194242.0 2280532603.0 2181057867.0 1909597899.0 1446439873.0 1718615150.0 1890615145.0 2117595993.0 1866890863.0 2213022146.0 1529757667.0 2430311392.0 2622719210.0 2331519566.0 2681315701.0 2619962118.0 1986896577.0 1973739761.0 2088272929.0 951042345.0 1553709825.0 2080872614.0 1647189433.0 2686617752.0 1883990642.0 833383433.0 2651740387.0 
2000203461.0 2024480404.0 2062495628.0 2255977218.0 1618877820.0 1413391906.0 1389052880.0 701292918.0 0 631751908.0 659588137.0 1072960105.0 1441909517.0 2112663026.0 2050711562.0 2215878463.0 2451553540.0 1880619313.0 1443059612.0 1516179380.0 1749325838.0 1895298331.0 1479764949.0 1672387605.0 1677634936.0 1949810213.0 2491614556.0 1988430961.0 2239136091.0 2047257573.0 2231050585.0 2949423388.0 2684410471.0 2830313788.0 3111086049.0 2128289739.0 1542944236.0 1574340271.0 1644320588.0 1356629471.0 2225462041.0 2312067677.0 1291514554.0 2855900410.0 2585283560.0 1505135649.0 2169815722.0 
1449258385.0 1392728496.0 1511550552.0 1705032142.0 1421495077.0 1216009163.0 1503737354.0 1333044826.0 631751908.0 0 164608843.0 441208197.0 810157609.0 1617683732.0 1853328819.0 2018495720.0 2012895715.0 1385640019.0 948080318.0 1021200086.0 1254346544.0 1400319037.0 848013041.0 1040635697.0 1045883028.0 1318058305.0 2266358982.0 1493451667.0 1724371075.0 1849874830.0 1905521159.0 2752040645.0 2166669813.0 2452326706.0 2593345391.0 1930906996.0 1895474956.0 1864078921.0 1996851308.0 1159246728.0 2028079298.0 1680315769.0 1094131811.0 2658517667.0 2290953553.0 1307752906.0 1641288137.0 
1613867228.0 1557337339.0 1676159395.0 1869640985.0 1586103920.0 1380618006.0 1668346197.0 1360881055.0 659588137.0 164608843.0 0 605817040.0 974766452.0 1453074889.0 2017937662.0 2183104563.0 1848286872.0 1221031176.0 783471475.0 856591243.0 1089737701.0 1235710194.0 1012621884.0 1205244540.0 1210491871.0 1482667148.0 2101750139.0 1328842824.0 1579547954.0 1942490995.0 2070130002.0 2916649488.0 2024822334.0 2316021978.0 2451497912.0 2095515839.0 2060083799.0 2028687764.0 2161460151.0 1323855571.0 2192688141.0 1844924612.0 1258740654.0 2823126510.0 2455562396.0 1472361749.0 1720057243.0 
1729163664.0 1785693553.0 1791455831.0 1984937421.0 1862703274.0 1657217360.0 1787154197.0 1774253023.0 1072960105.0 441208197.0 605817040.0 0 368949412.0 1777374894.0 2294537016.0 2183331839.0 2454103912.0 1826848216.0 1389288515.0 1462408283.0 1695554741.0 1436408104.0 1289221238.0 1481843894.0 1487091225.0 1759266502.0 2707567179.0 1934659864.0 2165579272.0 2250057063.0 1841227371.0 3193248842.0 2546642700.0 2732231985.0 2973318278.0 2372115193.0 2073576636.0 2104972671.0 1972200284.0 1600454925.0 2469287495.0 2121523966.0 1535340008.0 3099725864.0 2489987560.0 1748961103.0 2021261024.0 
1360214252.0 1416744141.0 1422506419.0 1615988009.0 1772986838.0 1567500924.0 1579559197.0 2113316101.0 1441909517.0 810157609.0 974766452.0 368949412.0 0 1408425482.0 1979549328.0 1814382427.0 2380391306.0 2033107931.0 1758237927.0 1831357695.0 2064504153.0 1805357516.0 1658170650.0 1850793306.0 1613171009.0 1964940398.0 2782414380.0 2303609276.0 2509264611.0 1881107651.0 1472277959.0 2879750034.0 2177693288.0 2363282573.0 2604368866.0 2651725125.0 2442526048.0 2473922083.0 2341149696.0 1624263359.0 2196083573.0 2247603750.0 1904289420.0 3430932513.0 2537857152.0 1475757181.0 1652311612.0 
1864220771.0 1920750660.0 1926512938.0 2119994528.0 1666382616.0 1460896702.0 1472954975.0 2006711879.0 2112663026.0 1617683732.0 1453074889.0 1777374894.0 1408425482.0 0 633944711.0 799111612.0 1034786689.0 1452368410.0 1014808709.0 1087928477.0 708542483.0 1467047428.0 1586539308.0 1887058191.0 2070644657.0 2342819934.0 1880456963.0 2104754383.0 1854049253.0 1774503429.0 2734987181.0 1796469899.0 3059885776.0 2802770556.0 3071056046.0 3155731644.0 2138250325.0 2106854290.0 2239626677.0 1471244227.0 2089479351.0 1942872713.0 1649926434.0 2280854744.0 1192252535.0 1369152959.0 2225007384.0 
1540558947.0 1597088836.0 1478266780.0 1796332704.0 1198255658.0 992769744.0 1280497935.0 1887049654.0 2050711562.0 1853328819.0 2017937662.0 2294537016.0 1979549328.0 633944711.0 0 165166901.0 400841978.0 1028097674.0 1465657375.0 1538777143.0 1342487194.0 1917896094.0 1616280541.0 1903839920.0 1654218709.0 2005988098.0 2228113719.0 1470809672.0 1220104542.0 1365970780.0 2326454532.0 1162525188.0 2460025489.0 2168825845.0 2437111335.0 2832069820.0 1999517735.0 2030913770.0 2100894087.0 1049532179.0 1622425792.0 1308928002.0 1015981723.0 1646910033.0 558307824.0 1084513487.0 2858952095.0 
1705725848.0 1762255737.0 1643433681.0 1961499605.0 1363422559.0 1157936645.0 1445664836.0 2052216555.0 2215878463.0 2018495720.0 2183104563.0 2183331839.0 1814382427.0 799111612.0 165166901.0 0 566008879.0 1193264575.0 1630824276.0 1703944044.0 1507654095.0 2083062995.0 1781447442.0 1968964459.0 1819385610.0 2171154999.0 2308841526.0 1535934211.0 1285229081.0 1531137681.0 2491621433.0 1327692089.0 2625192390.0 2333992746.0 2271944434.0 2997236721.0 2164684636.0 2196080671.0 2266060988.0 1214699080.0 1787592693.0 1474094903.0 1181148624.0 1812076934.0 723474725.0 1249680388.0 2940461045.0 
1771856690.0 1828386579.0 1834148857.0 2027630447.0 1574018535.0 1368532621.0 1380590894.0 2017989879.0 2451553540.0 2012895715.0 1848286872.0 2454103912.0 2380391306.0 1034786689.0 400841978.0 566008879.0 0 627255696.0 1064815397.0 1137935165.0 1371081623.0 1517054116.0 1215438563.0 1502997942.0 1253376731.0 1605146120.0 1842875009.0 1069967694.0 819262564.0 1683615865.0 2113014862.0 1563367166.0 2628261256.0 2569667823.0 2201585678.0 3063367563.0 1816183650.0 1847579685.0 1714807298.0 1425295056.0 1468158840.0 908086024.0 1416823701.0 2047752011.0 959149802.0 1276788878.0 2829622630.0 
1144600994.0 1201130883.0 1206893161.0 1400374751.0 946762839.0 741276925.0 753335198.0 1390734183.0 1880619313.0 1385640019.0 1221031176.0 1826848216.0 2033107931.0 1452368410.0 1028097674.0 1193264575.0 627255696.0 0 437559701.0 510679469.0 743825927.0 889798420.0 1009290300.0 1159892058.0 955020927.0 1306790316.0 1499769125.0 726861810.0 476156680.0 1340509981.0 1814659058.0 2190622862.0 2285155372.0 2147669315.0 1858479794.0 2436111867.0 1473077766.0 1504473801.0 1371701414.0 798039360.0 1369859574.0 1535341720.0 2044079397.0 2604708514.0 1586405498.0 649533182.0 2467890136.0 
1582160695.0 1638690584.0 1555214782.0 1776922247.0 1384322540.0 1178836626.0 1190894899.0 1828293884.0 1443059612.0 948080318.0 783471475.0 1389288515.0 1758237927.0 1014808709.0 1465657375.0 1630824276.0 1064815397.0 437559701.0 0 73119768.0 306266226.0 452238719.0 571730599.0 872249482.0 1335407508.0 1687176897.0 1937328826.0 1164421511.0 913716381.0 1729365345.0 2195045639.0 2628182563.0 2722715073.0 2495990936.0 2296039495.0 2873671568.0 1619192514.0 1587796479.0 1720568866.0 1235599061.0 1807419275.0 1969840249.0 1727780603.0 3042268215.0 2023965199.0 1087092883.0 2433898561.0 
1655280463.0 1711810352.0 1628334550.0 1850042015.0 1457442308.0 1251956394.0 1264014667.0 1901413652.0 1516179380.0 1021200086.0 856591243.0 1462408283.0 1831357695.0 1087928477.0 1538777143.0 1703944044.0 1137935165.0 510679469.0 73119768.0 0 379385994.0 525358487.0 498610831.0 799129714.0 1262287740.0 1614057129.0 2010448594.0 1237541279.0 986836149.0 1802485113.0 2121925871.0 2701302331.0 2700562515.0 2569110704.0 2369159263.0 2946791336.0 1546072746.0 1514676711.0 1647449098.0 1308718829.0 1880539043.0 1896720481.0 1800900371.0 3115387983.0 2097084967.0 1160212651.0 2507018329.0 
1835534975.0 1892064864.0 1861481008.0 2083188473.0 1690588766.0 1485102852.0 1497161125.0 1687194242.0 1749325838.0 1254346544.0 1089737701.0 1695554741.0 2064504153.0 708542483.0 1342487194.0 1507654095.0 1371081623.0 743825927.0 306266226.0 379385994.0 0 758504945.0 877996825.0 1178515708.0 1641673734.0 1993443123.0 2243595052.0 1470687737.0 1219982607.0 2035631571.0 2501311865.0 2505012382.0 2653014011.0 2802257162.0 2602305721.0 3127045848.0 1925458740.0 1894062705.0 2026835092.0 1541865287.0 2113685501.0 2276106475.0 1421514377.0 2985900233.0 1900795018.0 1393359109.0 2127632335.0 
1299356050.0 1355885939.0 1361648217.0 1324683528.0 1828600082.0 1631075345.0 1643133618.0 2280532603.0 1895298331.0 1400319037.0 1235710194.0 1436408104.0 1805357516.0 1467047428.0 1917896094.0 2083062995.0 1517054116.0 889798420.0 452238719.0 525358487.0 758504945.0 0 1023969318.0 1324488201.0 1787646227.0 2139415616.0 2389567545.0 1616660230.0 1365955100.0 2181604064.0 2647284358.0 3080421282.0 2593624015.0 2302424371.0 2748278214.0 2590866923.0 2071431233.0 2040035198.0 2172807585.0 1687837780.0 2259657994.0 2422078968.0 2180019322.0 3486545757.0 2476203918.0 1539331602.0 2622645192.0 
1939294461.0 1882764572.0 2001586628.0 2195068218.0 1854580696.0 1649094782.0 1572717797.0 2181057867.0 1479764949.0 848013041.0 1012621884.0 1289221238.0 1658170650.0 1586539308.0 1616280541.0 1781447442.0 1215438563.0 1009290300.0 571730599.0 498610831.0 877996825.0 1023969318.0 0 300518883.0 763676909.0 1115446298.0 1996132235.0 1234959391.0 984254261.0 1514525390.0 1623315040.0 2778805729.0 2201951684.0 2493151328.0 2366577375.0 2778920037.0 1047461915.0 1016065880.0 1148838267.0 1705857217.0 1958182466.0 1398109650.0 1942144852.0 3263190574.0 2174588365.0 1557351039.0 2339922808.0 
1638775578.0 1582245689.0 1701067745.0 1894549335.0 1554061813.0 1348575899.0 1272198914.0 1909597899.0 1672387605.0 1040635697.0 1205244540.0 1481843894.0 1850793306.0 1887058191.0 1903839920.0 1968964459.0 1502997942.0 1159892058.0 872249482.0 799129714.0 1178515708.0 1324488201.0 300518883.0 0 463158026.0 814927415.0 1707347823.0 934440508.0 683735378.0 1214006507.0 1322796157.0 2730268232.0 1981178363.0 2272378007.0 2066058492.0 2721324172.0 1347980798.0 1316584763.0 1449357150.0 1405338334.0 1657663583.0 1097590767.0 2134767508.0 3212007488.0 2307439365.0 1256832156.0 2039403925.0 
1284148539.0 1248078164.0 1346440706.0 1539922296.0 1090903787.0 885417873.0 809040888.0 1446439873.0 1677634936.0 1045883028.0 1210491871.0 1487091225.0 1613171009.0 2070644657.0 1654218709.0 1819385610.0 1253376731.0 955020927.0 1335407508.0 1262287740.0 1641673734.0 1787646227.0 763676909.0 463158026.0 0 351769389.0 1305444393.0 1397598534.0 1146893404.0 1677164533.0 859638131.0 2267110206.0 1518020337.0 1809219981.0 1944695915.0 2258166146.0 1809469961.0 1778073926.0 1810949742.0 942180308.0 1194505557.0 634432741.0 2113380655.0 2748849462.0 1844281339.0 793674130.0 1576245899.0 
1560917219.0 1520253441.0 1623209386.0 1816690976.0 1363079064.0 1157593150.0 1081216165.0 1718615150.0 1949810213.0 1318058305.0 1482667148.0 1759266502.0 1964940398.0 2342819934.0 2005988098.0 2171154999.0 1605146120.0 1306790316.0 1687176897.0 1614057129.0 1993443123.0 2139415616.0 1115446298.0 814927415.0 351769389.0 0 953675004.0 1726582319.0 1498662793.0 1397799319.0 1211407520.0 2618879595.0 1166250948.0 1457450592.0 1592926526.0 2070563384.0 1457700572.0 1426304537.0 1559076924.0 1214355585.0 1546274946.0 986202130.0 2412190116.0 3021024739.0 2116456616.0 1065849407.0 1928015288.0 
1559102093.0 1615631982.0 1496809926.0 1814875850.0 1029858061.0 1235343975.0 1202855183.0 1890615145.0 2491614556.0 2266358982.0 2101750139.0 2707567179.0 2782414380.0 1880456963.0 2228113719.0 2308841526.0 1842875009.0 1499769125.0 1937328826.0 2010448594.0 2243595052.0 2389567545.0 1996132235.0 1707347823.0 1305444393.0 953675004.0 0 772907315.0 1023612445.0 1386555486.0 2165082524.0 2771375457.0 2103160089.0 2394359733.0 1904525299.0 2850612966.0 948670320.0 980066355.0 847293968.0 1292106410.0 2047414110.0 1939877134.0 2411673385.0 2687803736.0 2449446840.0 1327087718.0 2881690292.0 
1871462804.0 1927992693.0 1933754971.0 2127236561.0 1673624649.0 1468138735.0 1480197008.0 2117595993.0 1988430961.0 1493451667.0 1328842824.0 1934659864.0 2303609276.0 2104754383.0 1470809672.0 1535934211.0 1069967694.0 726861810.0 1164421511.0 1237541279.0 1470687737.0 1616660230.0 1234959391.0 934440508.0 1397598534.0 1726582319.0 772907315.0 0 250705130.0 613648171.0 1574131923.0 2633334860.0 1558293562.0 1849493206.0 1131617984.0 2462605998.0 1721577635.0 1752973670.0 1620201283.0 1524901170.0 1821420143.0 1978053718.0 2486791395.0 2955276315.0 2029117496.0 1376394992.0 2784208356.0 
1620757674.0 1677287563.0 1683049841.0 1876531431.0 1422919519.0 1217433605.0 1229491878.0 1866890863.0 2239136091.0 1724371075.0 1579547954.0 2165579272.0 2509264611.0 1854049253.0 1220104542.0 1285229081.0 819262564.0 476156680.0 913716381.0 986836149.0 1219982607.0 1365955100.0 984254261.0 683735378.0 1146893404.0 1498662793.0 1023612445.0 250705130.0 0 864353301.0 1824837053.0 2382629730.0 1808998692.0 2100198336.0 1382323114.0 2713311128.0 1665084634.0 1696480669.0 1563708282.0 1274196040.0 1570715013.0 1727348588.0 2236086265.0 2867014575.0 1778412366.0 1125689862.0 2533742045.0 
1712964840.0 1769494729.0 1775257007.0 1968738597.0 1665649230.0 1471382456.0 1575623161.0 2213022146.0 2047257573.0 1849874830.0 1942490995.0 2250057063.0 1881107651.0 1774503429.0 1365970780.0 1531137681.0 1683615865.0 1340509981.0 1729365345.0 1802485113.0 2035631571.0 2181604064.0 1514525390.0 1214006507.0 1677164533.0 1397799319.0 1386555486.0 613648171.0 864353301.0 0 960483752.0 2367955827.0 2171941733.0 2463141377.0 1745266155.0 3004475713.0 1309175803.0 1277779768.0 1410552155.0 1528144891.0 2099965105.0 2311597274.0 2381952503.0 3012880813.0 1924278604.0 1379638713.0 2697689553.0 
2143786670.0 2107716295.0 2202531942.0 2399560427.0 1950541918.0 1745056004.0 1668679019.0 1529757667.0 2231050585.0 1905521159.0 2070130002.0 1841227371.0 1472277959.0 2734987181.0 2326454532.0 2491621433.0 2113014862.0 1814659058.0 2195045639.0 2121925871.0 2501311865.0 2647284358.0 1623315040.0 1322796157.0 859638131.0 1211407520.0 2165082524.0 1574131923.0 1824837053.0 960483752.0 0 1407472075.0 2155595207.0 2446794851.0 1728919629.0 3059907643.0 2269659555.0 2238263520.0 2371035907.0 1801818439.0 2054143688.0 1494070872.0 2973018786.0 3552577960.0 2703919470.0 1653312261.0 2435884030.0 
1866299966.0 1809770077.0 1928592133.0 2122073723.0 1741517396.0 1536031482.0 1823759673.0 2430311392.0 2949423388.0 2752040645.0 2916649488.0 3193248842.0 2879750034.0 1796469899.0 1162525188.0 1327692089.0 1563367166.0 2190622862.0 2628182563.0 2701302331.0 2505012382.0 3080421282.0 2778805729.0 2730268232.0 2267110206.0 2618879595.0 2771375457.0 2633334860.0 2382629730.0 2367955827.0 1407472075.0 0 1510251847.0 1801451491.0 1936927425.0 2414564283.0 2664741616.0 2696137651.0 2766117968.0 1592793917.0 2348101617.0 1943402798.0 2178506911.0 2809435221.0 1720833012.0 1627775225.0 3189589108.0 
1294267965.0 1350797854.0 1231975798.0 1550041722.0 1698927663.0 1881079520.0 1985320225.0 2622719210.0 2684410471.0 2166669813.0 2024822334.0 2546642700.0 2177693288.0 3059885776.0 2460025489.0 2625192390.0 2628261256.0 2285155372.0 2722715073.0 2700562515.0 2653014011.0 2593624015.0 2201951684.0 1981178363.0 1518020337.0 1166250948.0 2103160089.0 1558293562.0 1808998692.0 2171941733.0 2155595207.0 1510251847.0 0 291199644.0 426675578.0 904312436.0 1154489769.0 1185885804.0 1255866121.0 1937841955.0 2022407706.0 2152453078.0 1829998878.0 2250333909.0 3018333313.0 1789335777.0 1998188296.0 
1003068321.0 1059598210.0 940776154.0 1258842078.0 1407728019.0 1589879876.0 1694120581.0 2331519566.0 2830313788.0 2452326706.0 2316021978.0 2732231985.0 2363282573.0 2802770556.0 2168825845.0 2333992746.0 2569667823.0 2147669315.0 2495990936.0 2569110704.0 2802257162.0 2302424371.0 2493151328.0 2272378007.0 1809219981.0 1457450592.0 2394359733.0 1849493206.0 2100198336.0 2463141377.0 2446794851.0 1801451491.0 291199644.0 0 717875222.0 1195512080.0 1445689413.0 1477085448.0 1547065765.0 1646642311.0 1731208062.0 2291280878.0 1538799234.0 2541533553.0 2727133669.0 1498136133.0 2289387940.0 
1720943543.0 1777473432.0 1658651376.0 1976717300.0 1652643624.0 1858129538.0 2145857729.0 2681315701.0 3111086049.0 2593345391.0 2451497912.0 2973318278.0 2604368866.0 3071056046.0 2437111335.0 2271944434.0 2201585678.0 1858479794.0 2296039495.0 2369159263.0 2602305721.0 2748278214.0 2366577375.0 2066058492.0 1944695915.0 1592926526.0 1904525299.0 1131617984.0 1382323114.0 1745266155.0 1728919629.0 1936927425.0 426675578.0 717875222.0 0 1330988014.0 1581165347.0 1612561382.0 1682541699.0 1914891973.0 2449083284.0 2579128656.0 2256674456.0 1823658331.0 2912260540.0 1949873281.0 2424863874.0 
1291510873.0 1234980984.0 1353803040.0 1547284630.0 1820754905.0 1878322428.0 1982563133.0 2619962118.0 2128289739.0 1930906996.0 2095515839.0 2372115193.0 2651725125.0 3155731644.0 2832069820.0 2997236721.0 3063367563.0 2436111867.0 2873671568.0 2946791336.0 3127045848.0 2590866923.0 2778920037.0 2721324172.0 2258166146.0 2070563384.0 2850612966.0 2462605998.0 2713311128.0 3004475713.0 3059907643.0 2414564283.0 904312436.0 1195512080.0 1330988014.0 0 2058802205.0 2090198240.0 2160178557.0 1935084863.0 2506905077.0 2892598887.0 2582605583.0 3154646345.0 3017803584.0 1786578685.0 2614800015.0 
1740763388.0 1797293277.0 1803055555.0 1996537145.0 1542925233.0 1337439319.0 1349497592.0 1986896577.0 1542944236.0 1895474956.0 2060083799.0 2073576636.0 2442526048.0 2138250325.0 1999517735.0 2164684636.0 1816183650.0 1473077766.0 1619192514.0 1546072746.0 1925458740.0 2071431233.0 1047461915.0 1347980798.0 1809469961.0 1457700572.0 948670320.0 1721577635.0 1665084634.0 1309175803.0 2269659555.0 2664741616.0 1154489769.0 1445689413.0 1581165347.0 2058802205.0 0 31396035.0 101376352.0 1394201754.0 1966021968.0 2443902702.0 1532674965.0 2824579592.0 2029805597.0 1245695576.0 2663038573.0 
1772159423.0 1828689312.0 1834451590.0 2027933180.0 1574321268.0 1368835354.0 1380893627.0 1973739761.0 1574340271.0 1864078921.0 2028687764.0 2104972671.0 2473922083.0 2106854290.0 2030913770.0 2196080671.0 1847579685.0 1504473801.0 1587796479.0 1514676711.0 1894062705.0 2040035198.0 1016065880.0 1316584763.0 1778073926.0 1426304537.0 980066355.0 1752973670.0 1696480669.0 1277779768.0 2238263520.0 2696137651.0 1185885804.0 1477085448.0 1612561382.0 2090198240.0 31396035.0 0 132772387.0 1425597789.0 1997418003.0 2412506667.0 1501278930.0 2793183557.0 1998409562.0 1277091611.0 2694434608.0 
1842139740.0 1898669629.0 1904431907.0 2097913497.0 1644301585.0 1438815671.0 1450873944.0 2088272929.0 1644320588.0 1996851308.0 2161460151.0 1972200284.0 2341149696.0 2239626677.0 2100894087.0 2266060988.0 1714807298.0 1371701414.0 1720568866.0 1647449098.0 2026835092.0 2172807585.0 1148838267.0 1449357150.0 1810949742.0 1559076924.0 847293968.0 1620201283.0 1563708282.0 1410552155.0 2371035907.0 2766117968.0 1255866121.0 1547065765.0 1682541699.0 2160178557.0 101376352.0 132772387.0 0 1495578106.0 2067398320.0 2445382483.0 1634051317.0 2925955944.0 2131181949.0 1347071928.0 2561662221.0 
643573990.0 700103879.0 705866157.0 899347747.0 262248349.0 56762435.0 344490626.0 951042345.0 1356629471.0 1159246728.0 1323855571.0 1600454925.0 1624263359.0 1471244227.0 1049532179.0 1214699080.0 1425295056.0 798039360.0 1235599061.0 1308718829.0 1541865287.0 1687837780.0 1705857217.0 1405338334.0 942180308.0 1214355585.0 1292106410.0 1524901170.0 1274196040.0 1528144891.0 1801818439.0 1592793917.0 1937841955.0 1646642311.0 1914891973.0 1935084863.0 1394201754.0 1425597789.0 1495578106.0 0 868832570.0 1428905386.0 1644063673.0 1920194024.0 1379731077.0 148506178.0 1966863132.0 
1215394204.0 1271924093.0 1277686371.0 1471167961.0 1017556049.0 812070135.0 916310840.0 1553709825.0 2225462041.0 2028079298.0 2192688141.0 2469287495.0 2196083573.0 2089479351.0 1622425792.0 1787592693.0 1468158840.0 1369859574.0 1807419275.0 1880539043.0 2113685501.0 2259657994.0 1958182466.0 1657663583.0 1194505557.0 1546274946.0 2047414110.0 1821420143.0 1570715013.0 2099965105.0 2054143688.0 2348101617.0 2022407706.0 1731208062.0 2449083284.0 2506905077.0 1966021968.0 1997418003.0 2067398320.0 868832570.0 0 560072816.0 992399181.0 2170829925.0 1951551291.0 720326392.0 2538683346.0 
1775467020.0 1831996909.0 1837759187.0 2031240777.0 1577628865.0 1372142951.0 1443473629.0 2080872614.0 2312067677.0 1680315769.0 1844924612.0 2121523966.0 2247603750.0 1942872713.0 1308928002.0 1474094903.0 908086024.0 1535341720.0 1969840249.0 1896720481.0 2276106475.0 2422078968.0 1398109650.0 1097590767.0 634432741.0 986202130.0 1939877134.0 1978053718.0 1727348588.0 2311597274.0 1494070872.0 1943402798.0 2152453078.0 2291280878.0 2579128656.0 2892598887.0 2443902702.0 2412506667.0 2445382483.0 1428905386.0 560072816.0 0 1552471997.0 2730902741.0 1867235826.0 1280399208.0 2210678640.0 
1911059356.0 1967589245.0 1848767189.0 2166833113.0 1381815324.0 1587301238.0 1875029429.0 1647189433.0 1291514554.0 1094131811.0 1258740654.0 1535340008.0 1904289420.0 1649926434.0 1015981723.0 1181148624.0 1416823701.0 2044079397.0 1727780603.0 1800900371.0 1421514377.0 2180019322.0 1942144852.0 2134767508.0 2113380655.0 2412190116.0 2411673385.0 2486791395.0 2236086265.0 2381952503.0 2973018786.0 2178506911.0 1829998878.0 1538799234.0 2256674456.0 2582605583.0 1532674965.0 1501278930.0 1634051317.0 1644063673.0 992399181.0 1552471997.0 0 1564385856.0 1574289547.0 1679044981.0 2624131566.0 
2187189707.0 2243719596.0 2124897540.0 2442963464.0 1657945675.0 1863431589.0 2151159780.0 2686617752.0 2855900410.0 2658517667.0 2823126510.0 3099725864.0 3430932513.0 2280854744.0 1646910033.0 1812076934.0 2047752011.0 2604708514.0 3042268215.0 3115387983.0 2985900233.0 3486545757.0 3263190574.0 3212007488.0 2748849462.0 3021024739.0 2687803736.0 2955276315.0 2867014575.0 3012880813.0 3552577960.0 2809435221.0 2250333909.0 2541533553.0 1823658331.0 3154646345.0 2824579592.0 2793183557.0 2925955944.0 1920194024.0 2170829925.0 2730902741.0 1564385856.0 0 1088602209.0 1955175332.0 3510478849.0 
1726292711.0 1782822600.0 1788584878.0 1982066468.0 1528454556.0 1322968642.0 1246591657.0 1883990642.0 2585283560.0 2290953553.0 2455562396.0 2489987560.0 2537857152.0 1192252535.0 558307824.0 723474725.0 959149802.0 1586405498.0 2023965199.0 2097084967.0 1900795018.0 2476203918.0 2174588365.0 2307439365.0 1844281339.0 2116456616.0 2449446840.0 2029117496.0 1778412366.0 1924278604.0 2703919470.0 1720833012.0 3018333313.0 2727133669.0 2912260540.0 3017803584.0 2029805597.0 1998409562.0 2131181949.0 1379731077.0 1951551291.0 1867235826.0 1574289547.0 1088602209.0 0 1231224899.0 3049581853.0 
495067812.0 551597701.0 557359979.0 750841569.0 297229657.0 91743743.0 195984448.0 833383433.0 1505135649.0 1307752906.0 1472361749.0 1748961103.0 1475757181.0 1369152959.0 1084513487.0 1249680388.0 1276788878.0 649533182.0 1087092883.0 1160212651.0 1393359109.0 1539331602.0 1557351039.0 1256832156.0 793674130.0 1065849407.0 1327087718.0 1376394992.0 1125689862.0 1379638713.0 1653312261.0 1627775225.0 1789335777.0 1498136133.0 1949873281.0 1786578685.0 1245695576.0 1277091611.0 1347071928.0 148506178.0 720326392.0 1280399208.0 1679044981.0 1955175332.0 1231224899.0 0 1818356954.0 
1323289142.0 1379819031.0 1385581309.0 1579062899.0 1852533174.0 1910100697.0 2014341402.0 2651740387.0 2169815722.0 1641288137.0 1720057243.0 2021261024.0 1652311612.0 2225007384.0 2858952095.0 2940461045.0 2829622630.0 2467890136.0 2433898561.0 2507018329.0 2127632335.0 2622645192.0 2339922808.0 2039403925.0 1576245899.0 1928015288.0 2881690292.0 2784208356.0 2533742045.0 2697689553.0 2435884030.0 3189589108.0 1998188296.0 2289387940.0 2424863874.0 2614800015.0 2663038573.0 2694434608.0 2561662221.0 1966863132.0 2538683346.0 2210678640.0 2624131566.0 3510478849.0 3049581853.0 1818356954.0 0 
