51
175 111 112 113 15 47 126 174 147 54 24 22 154 103 106 11 78 36 110 141 140 94 95 135 132 29 27 26 28 32 63 62 170 99 118 116 115 178 150 70 164 2 4 152 151 168 123 83 81 17 0
0 1.0 2.0 3.0 5.0 6.0 8.0 9.0 8.0 9.0 10.0 12.0 13.0 12.0 14.0 11.0 4.0 5.0 2.0 6.0 7.0 10.0 10.0 13.0 18.0 20.0 22.0 23.0 21.0 22.0 23.0 24.0 25.0 23.0 16.0 4.0 5.0 4.0 5.0 6.0 7.0 9.0 10.0 12.0 11.0 9.0 9.0 10.0 12.0 13.0 2.0 
1.0 0 1.0 2.0 4.0 5.0 7.0 8.0 7.0 8.0 9.0 11.0 12.0 11.0 13.0 10.0 3.0 4.0 1.0 5.0 6.0 9.0 9.0 12.0 17.0 19.0 21.0 22.0 20.0 21.0 22.0 23.0 24.0 22.0 15.0 5.0 6.0 5.0 6.0 7.0 6.0 8.0 9.0 11.0 10.0 8.0 8.0 9.0 11.0 12.0 3.0 
2.0 1.0 0 1.0 3.0 4.0 6.0 7.0 6.0 7.0 8.0 10.0 11.0 10.0 12.0 9.0 2.0 3.0 2.0 6.0 7.0 10.0 10.0 13.0 18.0 20.0 22.0 23.0 21.0 22.0 23.0 24.0 25.0 23.0 16.0 6.0 7.0 6.0 7.0 8.0 5.0 7.0 8.0 10.0 9.0 7.0 7.0 8.0 10.0 11.0 4.0 
3.0 2.0 1.0 0 2.0 3.0 5.0 6.0 5.0 6.0 7.0 9.0 10.0 9.0 11.0 8.0 1.0 2.0 3.0 7.0 8.0 11.0 11.0 14.0 19.0 21.0 23.0 24.0 22.0 23.0 24.0 25.0 26.0 24.0 17.0 7.0 8.0 7.0 8.0 9.0 4.0 6.0 7.0 9.0 8.0 6.0 6.0 7.0 9.0 10.0 5.0 
5.0 4.0 3.0 2.0 0 1.0 3.0 4.0 3.0 4.0 5.0 7.0 8.0 7.0 9.0 6.0 1.0 4.0 5.0 9.0 10.0 13.0 13.0 16.0 21.0 23.0 25.0 26.0 24.0 25.0 26.0 27.0 28.0 26.0 19.0 9.0 10.0 9.0 10.0 11.0 4.0 6.0 7.0 9.0 8.0 6.0 6.0 7.0 9.0 10.0 7.0 
6.0 5.0 4.0 3.0 1.0 0 2.0 3.0 2.0 3.0 4.0 6.0 7.0 6.0 8.0 5.0 2.0 5.0 6.0 10.0 11.0 14.0 14.0 17.0 22.0 24.0 26.0 27.0 25.0 26.0 27.0 28.0 29.0 27.0 20.0 10.0 11.0 10.0 11.0 12.0 5.0 7.0 8.0 10.0 9.0 7.0 7.0 8.0 10.0 11.0 8.0 
8.0 7.0 6.0 5.0 3.0 2.0 0 1.0 2.0 3.0 4.0 6.0 7.0 6.0 8.0 5.0 4.0 7.0 8.0 12.0 13.0 16.0 16.0 19.0 24.0 26.0 28.0 29.0 27.0 28.0 29.0 30.0 31.0 29.0 22.0 12.0 13.0 12.0 13.0 14.0 7.0 9.0 10.0 12.0 11.0 9.0 9.0 10.0 12.0 13.0 10.0 
9.0 8.0 7.0 6.0 4.0 3.0 1.0 0 3.0 4.0 5.0 7.0 8.0 7.0 9.0 6.0 5.0 8.0 9.0 13.0 14.0 17.0 17.0 20.0 25.0 27.0 29.0 30.0 28.0 29.0 30.0 31.0 32.0 30.0 23.0 13.0 14.0 13.0 14.0 15.0 8.0 10.0 11.0 13.0 12.0 10.0 10.0 11.0 13.0 14.0 11.0 
8.0 7.0 6.0 5.0 3.0 2.0 2.0 3.0 0 1.0 2.0 4.0 5.0 4.0 6.0 3.0 4.0 7.0 8.0 12.0 13.0 16.0 16.0 19.0 24.0 26.0 28.0 29.0 27.0 28.0 29.0 30.0 31.0 29.0 22.0 12.0 13.0 12.0 13.0 14.0 7.0 9.0 10.0 12.0 11.0 9.0 9.0 10.0 12.0 13.0 10.0 
9.0 8.0 7.0 6.0 4.0 3.0 3.0 4.0 1.0 0 1.0 3.0 4.0 5.0 7.0 4.0 5.0 8.0 9.0 13.0 14.0 17.0 17.0 20.0 25.0 27.0 29.0 30.0 28.0 29.0 30.0 31.0 32.0 30.0 23.0 13.0 14.0 13.0 14.0 15.0 8.0 10.0 11.0 13.0 12.0 10.0 10.0 11.0 13.0 14.0 11.0 
10.0 9.0 8.0 7.0 5.0 4.0 4.0 5.0 2.0 1.0 0 2.0 3.0 6.0 8.0 5.0 6.0 9.0 10.0 14.0 15.0 18.0 18.0 21.0 26.0 28.0 30.0 31.0 29.0 30.0 31.0 32.0 33.0 31.0 24.0 14.0 15.0 14.0 15.0 16.0 9.0 11.0 12.0 14.0 13.0 11.0 11.0 12.0 14.0 15.0 12.0 
12.0 11.0 10.0 9.0 7.0 6.0 6.0 7.0 4.0 3.0 2.0 0 1.0 8.0 10.0 7.0 8.0 11.0 12.0 16.0 17.0 20.0 20.0 23.0 28.0 30.0 32.0 33.0 31.0 32.0 33.0 34.0 35.0 33.0 26.0 16.0 17.0 16.0 17.0 18.0 11.0 13.0 14.0 16.0 15.0 13.0 13.0 14.0 16.0 17.0 14.0 
13.0 12.0 11.0 10.0 8.0 7.0 7.0 8.0 5.0 4.0 3.0 1.0 0 9.0 11.0 8.0 9.0 12.0 13.0 17.0 18.0 21.0 21.0 24.0 29.0 31.0 33.0 34.0 32.0 33.0 34.0 35.0 36.0 34.0 27.0 17.0 18.0 17.0 18.0 19.0 12.0 14.0 15.0 17.0 16.0 14.0 14.0 15.0 17.0 18.0 15.0 
12.0 11.0 10.0 9.0 7.0 6.0 6.0 7.0 4.0 5.0 6.0 8.0 9.0 0 2.0 1.0 8.0 11.0 12.0 16.0 17.0 20.0 20.0 23.0 28.0 30.0 32.0 33.0 31.0 32.0 33.0 34.0 35.0 33.0 26.0 16.0 17.0 16.0 17.0 18.0 11.0 13.0 14.0 16.0 15.0 13.0 13.0 14.0 16.0 17.0 14.0 
14.0 13.0 12.0 11.0 9.0 8.0 8.0 9.0 6.0 7.0 8.0 10.0 11.0 2.0 0 3.0 10.0 13.0 14.0 18.0 19.0 22.0 22.0 25.0 30.0 32.0 34.0 35.0 33.0 34.0 35.0 36.0 37.0 35.0 28.0 18.0 19.0 18.0 19.0 20.0 13.0 15.0 16.0 18.0 17.0 15.0 15.0 16.0 18.0 19.0 16.0 
11.0 10.0 9.0 8.0 6.0 5.0 5.0 6.0 3.0 4.0 5.0 7.0 8.0 1.0 3.0 0 7.0 10.0 11.0 15.0 16.0 19.0 19.0 22.0 27.0 29.0 31.0 32.0 30.0 31.0 32.0 33.0 34.0 32.0 25.0 15.0 16.0 15.0 16.0 17.0 10.0 12.0 13.0 15.0 14.0 12.0 12.0 13.0 15.0 16.0 13.0 
4.0 3.0 2.0 1.0 1.0 2.0 4.0 5.0 4.0 5.0 6.0 8.0 9.0 8.0 10.0 7.0 0 3.0 4.0 8.0 9.0 12.0 12.0 15.0 20.0 22.0 24.0 25.0 23.0 24.0 25.0 26.0 27.0 25.0 18.0 8.0 9.0 8.0 9.0 10.0 3.0 5.0 6.0 8.0 7.0 5.0 5.0 6.0 8.0 9.0 6.0 
5.0 4.0 3.0 2.0 4.0 5.0 7.0 8.0 7.0 8.0 9.0 11.0 12.0 11.0 13.0 10.0 3.0 0 5.0 9.0 10.0 13.0 13.0 16.0 21.0 23.0 25.0 26.0 24.0 25.0 26.0 27.0 28.0 26.0 19.0 9.0 10.0 9.0 10.0 11.0 6.0 8.0 9.0 11.0 10.0 8.0 8.0 9.0 11.0 12.0 7.0 
2.0 1.0 2.0 3.0 5.0 6.0 8.0 9.0 8.0 9.0 10.0 12.0 13.0 12.0 14.0 11.0 4.0 5.0 0 4.0 5.0 8.0 8.0 11.0 16.0 18.0 20.0 21.0 19.0 20.0 21.0 22.0 23.0 21.0 14.0 6.0 7.0 6.0 7.0 8.0 7.0 9.0 10.0 12.0 11.0 9.0 9.0 10.0 12.0 13.0 4.0 
6.0 5.0 6.0 7.0 9.0 10.0 12.0 13.0 12.0 13.0 14.0 16.0 17.0 16.0 18.0 15.0 8.0 9.0 4.0 0 1.0 4.0 4.0 7.0 12.0 14.0 16.0 17.0 15.0 16.0 17.0 18.0 19.0 17.0 10.0 10.0 11.0 10.0 11.0 12.0 11.0 13.0 14.0 16.0 15.0 13.0 13.0 14.0 16.0 17.0 8.0 
7.0 6.0 7.0 8.0 10.0 11.0 13.0 14.0 13.0 14.0 15.0 17.0 18.0 17.0 19.0 16.0 9.0 10.0 5.0 1.0 0 3.0 3.0 6.0 11.0 13.0 15.0 16.0 14.0 15.0 16.0 17.0 18.0 16.0 9.0 11.0 12.0 11.0 12.0 13.0 12.0 14.0 15.0 17.0 16.0 14.0 14.0 15.0 17.0 18.0 9.0 
10.0 9.0 10.0 11.0 13.0 14.0 16.0 17.0 16.0 17.0 18.0 20.0 21.0 20.0 22.0 19.0 12.0 13.0 8.0 4.0 3.0 0 2.0 5.0 10.0 12.0 14.0 15.0 13.0 14.0 15.0 16.0 17.0 15.0 8.0 14.0 15.0 14.0 15.0 16.0 15.0 17.0 18.0 20.0 19.0 17.0 17.0 18.0 20.0 21.0 12.0 
10.0 9.0 10.0 11.0 13.0 14.0 16.0 17.0 16.0 17.0 18.0 20.0 21.0 20.0 22.0 19.0 12.0 13.0 8.0 4.0 3.0 2.0 0 3.0 8.0 10.0 12.0 13.0 11.0 12.0 13.0 14.0 15.0 13.0 6.0 14.0 15.0 14.0 15.0 16.0 15.0 17.0 18.0 20.0 19.0 17.0 17.0 18.0 20.0 21.0 12.0 
13.0 12.0 13.0 14.0 16.0 17.0 19.0 20.0 19.0 20.0 21.0 23.0 24.0 23.0 25.0 22.0 15.0 16.0 11.0 7.0 6.0 5.0 3.0 0 5.0 7.0 9.0 10.0 8.0 9.0 10.0 11.0 12.0 10.0 3.0 17.0 18.0 17.0 18.0 19.0 18.0 20.0 21.0 23.0 22.0 20.0 20.0 21.0 23.0 24.0 15.0 
18.0 17.0 18.0 19.0 21.0 22.0 24.0 25.0 24.0 25.0 26.0 28.0 29.0 28.0 30.0 27.0 20.0 21.0 16.0 12.0 11.0 10.0 8.0 5.0 0 2.0 4.0 5.0 3.0 4.0 5.0 6.0 7.0 5.0 2.0 22.0 23.0 22.0 23.0 24.0 23.0 25.0 26.0 28.0 27.0 25.0 25.0 26.0 28.0 29.0 20.0 
20.0 19.0 20.0 21.0 23.0 24.0 26.0 27.0 26.0 27.0 28.0 30.0 31.0 30.0 32.0 29.0 22.0 23.0 18.0 14.0 13.0 12.0 10.0 7.0 2.0 0 2.0 3.0 1.0 2.0 3.0 4.0 5.0 3.0 4.0 24.0 25.0 24.0 25.0 26.0 25.0 27.0 28.0 30.0 29.0 27.0 27.0 28.0 30.0 31.0 22.0 
22.0 21.0 22.0 23.0 25.0 26.0 28.0 29.0 28.0 29.0 30.0 32.0 33.0 32.0 34.0 31.0 24.0 25.0 20.0 16.0 15.0 14.0 12.0 9.0 4.0 2.0 0 1.0 1.0 4.0 5.0 6.0 7.0 5.0 6.0 26.0 27.0 26.0 27.0 28.0 27.0 29.0 30.0 32.0 31.0 29.0 29.0 30.0 32.0 33.0 24.0 
23.0 22.0 23.0 24.0 26.0 27.0 29.0 30.0 29.0 30.0 31.0 33.0 34.0 33.0 35.0 32.0 25.0 26.0 21.0 17.0 16.0 15.0 13.0 10.0 5.0 3.0 1.0 0 2.0 5.0 6.0 7.0 8.0 6.0 7.0 27.0 28.0 27.0 28.0 29.0 28.0 30.0 31.0 33.0 32.0 30.0 30.0 31.0 33.0 34.0 25.0 
21.0 20.0 21.0 22.0 24.0 25.0 27.0 28.0 27.0 28.0 29.0 31.0 32.0 31.0 33.0 30.0 23.0 24.0 19.0 15.0 14.0 13.0 11.0 8.0 3.0 1.0 1.0 2.0 0 3.0 4.0 5.0 6.0 4.0 5.0 25.0 26.0 25.0 26.0 27.0 26.0 28.0 29.0 31.0 30.0 28.0 28.0 29.0 31.0 32.0 23.0 
22.0 21.0 22.0 23.0 25.0 26.0 28.0 29.0 28.0 29.0 30.0 32.0 33.0 32.0 34.0 31.0 24.0 25.0 20.0 16.0 15.0 14.0 12.0 9.0 4.0 2.0 4.0 5.0 3.0 0 1.0 2.0 3.0 3.0 6.0 26.0 27.0 26.0 27.0 28.0 27.0 29.0 30.0 32.0 31.0 29.0 29.0 30.0 32.0 33.0 24.0 
23.0 22.0 23.0 24.0 26.0 27.0 29.0 30.0 29.0 30.0 31.0 33.0 34.0 33.0 35.0 32.0 25.0 26.0 21.0 17.0 16.0 15.0 13.0 10.0 5.0 3.0 5.0 6.0 4.0 1.0 0 1.0 2.0 4.0 7.0 27.0 28.0 27.0 28.0 29.0 28.0 30.0 31.0 33.0 32.0 30.0 30.0 31.0 33.0 34.0 25.0 
24.0 23.0 24.0 25.0 27.0 28.0 30.0 31.0 30.0 31.0 32.0 34.0 35.0 34.0 36.0 33.0 26.0 27.0 22.0 18.0 17.0 16.0 14.0 11.0 6.0 4.0 6.0 7.0 5.0 2.0 1.0 0 1.0 5.0 8.0 28.0 29.0 28.0 29.0 30.0 29.0 31.0 32.0 34.0 33.0 31.0 31.0 32.0 34.0 35.0 26.0 
25.0 24.0 25.0 26.0 28.0 29.0 31.0 32.0 31.0 32.0 33.0 35.0 36.0 35.0 37.0 34.0 27.0 28.0 23.0 19.0 18.0 17.0 15.0 12.0 7.0 5.0 7.0 8.0 6.0 3.0 2.0 1.0 0 6.0 9.0 29.0 30.0 29.0 30.0 31.0 30.0 32.0 33.0 35.0 34.0 32.0 32.0 33.0 35.0 36.0 27.0 
23.0 22.0 23.0 24.0 26.0 27.0 29.0 30.0 29.0 30.0 31.0 33.0 34.0 33.0 35.0 32.0 25.0 26.0 21.0 17.0 16.0 15.0 13.0 10.0 5.0 3.0 5.0 6.0 4.0 3.0 4.0 5.0 6.0 0 7.0 27.0 28.0 27.0 28.0 29.0 28.0 30.0 31.0 33.0 32.0 30.0 30.0 31.0 33.0 34.0 25.0 
16.0 15.0 16.0 17.0 19.0 20.0 22.0 23.0 22.0 23.0 24.0 26.0 27.0 26.0 28.0 25.0 18.0 19.0 14.0 10.0 9.0 8.0 6.0 3.0 2.0 4.0 6.0 7.0 5.0 6.0 7.0 8.0 9.0 7.0 0 20.0 21.0 20.0 21.0 22.0 21.0 23.0 24.0 26.0 25.0 23.0 23.0 24.0 26.0 27.0 18.0 
4.0 5.0 6.0 7.0 9.0 10.0 12.0 13.0 12.0 13.0 14.0 16.0 17.0 16.0 18.0 15.0 8.0 9.0 6.0 10.0 11.0 14.0 14.0 17.0 22.0 24.0 26.0 27.0 25.0 26.0 27.0 28.0 29.0 27.0 20.0 0 1.0 6.0 7.0 8.0 11.0 13.0 14.0 16.0 15.0 13.0 13.0 14.0 16.0 17.0 4.0 
5.0 6.0 7.0 8.0 10.0 11.0 13.0 14.0 13.0 14.0 15.0 17.0 18.0 17.0 19.0 16.0 9.0 10.0 7.0 11.0 12.0 15.0 15.0 18.0 23.0 25.0 27.0 28.0 26.0 27.0 28.0 29.0 30.0 28.0 21.0 1.0 0 7.0 8.0 9.0 12.0 14.0 15.0 17.0 16.0 14.0 14.0 15.0 17.0 18.0 5.0 
4.0 5.0 6.0 7.0 9.0 10.0 12.0 13.0 12.0 13.0 14.0 16.0 17.0 16.0 18.0 15.0 8.0 9.0 6.0 10.0 11.0 14.0 14.0 17.0 22.0 24.0 26.0 27.0 25.0 26.0 27.0 28.0 29.0 27.0 20.0 6.0 7.0 0 1.0 2.0 11.0 13.0 14.0 16.0 15.0 13.0 13.0 14.0 16.0 17.0 2.0 
5.0 6.0 7.0 8.0 10.0 11.0 13.0 14.0 13.0 14.0 15.0 17.0 18.0 17.0 19.0 16.0 9.0 10.0 7.0 11.0 12.0 15.0 15.0 18.0 23.0 25.0 27.0 28.0 26.0 27.0 28.0 29.0 30.0 28.0 21.0 7.0 8.0 1.0 0 1.0 12.0 14.0 15.0 17.0 16.0 14.0 14.0 15.0 17.0 18.0 3.0 
6.0 7.0 8.0 9.0 11.0 12.0 14.0 15.0 14.0 15.0 16.0 18.0 19.0 18.0 20.0 17.0 10.0 11.0 8.0 12.0 13.0 16.0 16.0 19.0 24.0 26.0 28.0 29.0 27.0 28.0 29.0 30.0 31.0 29.0 22.0 8.0 9.0 2.0 1.0 0 13.0 15.0 16.0 18.0 17.0 15.0 15.0 16.0 18.0 19.0 4.0 
7.0 6.0 5.0 4.0 4.0 5.0 7.0 8.0 7.0 8.0 9.0 11.0 12.0 11.0 13.0 10.0 3.0 6.0 7.0 11.0 12.0 15.0 15.0 18.0 23.0 25.0 27.0 28.0 26.0 27.0 28.0 29.0 30.0 28.0 21.0 11.0 12.0 11.0 12.0 13.0 0 2.0 3.0 5.0 6.0 4.0 4.0 5.0 7.0 8.0 9.0 
9.0 8.0 7.0 6.0 6.0 7.0 9.0 10.0 9.0 10.0 11.0 13.0 14.0 13.0 15.0 12.0 5.0 8.0 9.0 13.0 14.0 17.0 17.0 20.0 25.0 27.0 29.0 30.0 28.0 29.0 30.0 31.0 32.0 30.0 23.0 13.0 14.0 13.0 14.0 15.0 2.0 0 3.0 5.0 6.0 6.0 6.0 7.0 9.0 10.0 11.0 
10.0 9.0 8.0 7.0 7.0 8.0 10.0 11.0 10.0 11.0 12.0 14.0 15.0 14.0 16.0 13.0 6.0 9.0 10.0 14.0 15.0 18.0 18.0 21.0 26.0 28.0 30.0 31.0 29.0 30.0 31.0 32.0 33.0 31.0 24.0 14.0 15.0 14.0 15.0 16.0 3.0 3.0 0 2.0 3.0 5.0 7.0 8.0 10.0 11.0 12.0 
12.0 11.0 10.0 9.0 9.0 10.0 12.0 13.0 12.0 13.0 14.0 16.0 17.0 16.0 18.0 15.0 8.0 11.0 12.0 16.0 17.0 20.0 20.0 23.0 28.0 30.0 32.0 33.0 31.0 32.0 33.0 34.0 35.0 33.0 26.0 16.0 17.0 16.0 17.0 18.0 5.0 5.0 2.0 0 1.0 3.0 9.0 10.0 12.0 13.0 14.0 
11.0 10.0 9.0 8.0 8.0 9.0 11.0 12.0 11.0 12.0 13.0 15.0 16.0 15.0 17.0 14.0 7.0 10.0 11.0 15.0 16.0 19.0 19.0 22.0 27.0 29.0 31.0 32.0 30.0 31.0 32.0 33.0 34.0 32.0 25.0 15.0 16.0 15.0 16.0 17.0 6.0 6.0 3.0 1.0 0 2.0 8.0 9.0 11.0 12.0 13.0 
9.0 8.0 7.0 6.0 6.0 7.0 9.0 10.0 9.0 10.0 11.0 13.0 14.0 13.0 15.0 12.0 5.0 8.0 9.0 13.0 14.0 17.0 17.0 20.0 25.0 27.0 29.0 30.0 28.0 29.0 30.0 31.0 32.0 30.0 23.0 13.0 14.0 13.0 14.0 15.0 4.0 6.0 5.0 3.0 2.0 0 6.0 7.0 9.0 10.0 11.0 
9.0 8.0 7.0 6.0 6.0 7.0 9.0 10.0 9.0 10.0 11.0 13.0 14.0 13.0 15.0 12.0 5.0 8.0 9.0 13.0 14.0 17.0 17.0 20.0 25.0 27.0 29.0 30.0 28.0 29.0 30.0 31.0 32.0 30.0 23.0 13.0 14.0 13.0 14.0 15.0 4.0 6.0 7.0 9.0 8.0 6.0 0 1.0 3.0 4.0 11.0 
10.0 9.0 8.0 7.0 7.0 8.0 10.0 11.0 10.0 11.0 12.0 14.0 15.0 14.0 16.0 13.0 6.0 9.0 10.0 14.0 15.0 18.0 18.0 21.0 26.0 28.0 30.0 31.0 29.0 30.0 31.0 32.0 33.0 31.0 24.0 14.0 15.0 14.0 15.0 16.0 5.0 7.0 8.0 10.0 9.0 7.0 1.0 0 2.0 3.0 12.0 
12.0 11.0 10.0 9.0 9.0 10.0 12.0 13.0 12.0 13.0 14.0 16.0 17.0 16.0 18.0 15.0 8.0 11.0 12.0 16.0 17.0 20.0 20.0 23.0 28.0 30.0 32.0 33.0 31.0 32.0 33.0 34.0 35.0 33.0 26.0 16.0 17.0 16.0 17.0 18.0 7.0 9.0 10.0 12.0 11.0 9.0 3.0 2.0 0 1.0 14.0 
13.0 12.0 11.0 10.0 10.0 11.0 13.0 14.0 13.0 14.0 15.0 17.0 18.0 17.0 19.0 16.0 9.0 12.0 13.0 17.0 18.0 21.0 21.0 24.0 29.0 31.0 33.0 34.0 32.0 33.0 34.0 35.0 36.0 34.0 27.0 17.0 18.0 17.0 18.0 19.0 8.0 10.0 11.0 13.0 12.0 10.0 4.0 3.0 1.0 0 15.0 
2.0 3.0 4.0 5.0 7.0 8.0 10.0 11.0 10.0 11.0 12.0 14.0 15.0 14.0 16.0 13.0 6.0 7.0 4.0 8.0 9.0 12.0 12.0 15.0 20.0 22.0 24.0 25.0 23.0 24.0 25.0 26.0 27.0 25.0 18.0 4.0 5.0 2.0 3.0 4.0 9.0 11.0 12.0 14.0 13.0 11.0 11.0 12.0 14.0 15.0 0 
