43
49 35 40 39 38 36 41 37 3 1 2 0 6 5 27 22 23 21 26 11 10 8 13 7 9 12 14 20 19 15 17 18 47 46 48 45 42 44 43 31 34 30 51
0 30.496000000000002 40.852000000000004 44.041000000000004 46.344 49.102000000000004 46.333 47.169 43.297 51.775999999999996 48.3 31.936999999999998 47.108999999999995 50.193 70.578 82.733 84.256 79.739 70.027 73.491 71.452 71.37299999999999 71.856 67.50099999999999 72.94800000000001 83.179 50.659 49.864 51.922 45.885 35.732 55.498 76.971 76.149 88.503 86.981 75.494 79.797 90.295 77.67699999999999 78.593 69.349 25.903 
30.496000000000002 0 10.356 13.545 15.848 18.606 15.837 16.673 20.726 31.07 37.974000000000004 32.086 36.19 38.311 48.007 56.519 58.974999999999994 49.242999999999995 39.531 55.095 54.354 51.474000000000004 41.36 41.413 42.452 54.741 54.117999999999995 54.462999999999994 59.369 46.015 50.675 61.388999999999996 64.78800000000001 63.648 58.007000000000005 56.48500000000001 44.998000000000005 55.392 59.79900000000001 55.543 56.459 47.215 29.089 
40.852000000000004 10.356 0 12.55 17.704 18.116 19.492 19.631 31.082 41.426 48.33 42.442 46.546 48.667 58.363 66.875 64.327 52.897999999999996 49.887 45.891 50.727999999999994 41.682 43.216 31.057 41.962 47.748 53.123000000000005 53.468 59.664 47.871 50.43 60.394000000000005 54.432 53.292 47.651 46.129000000000005 34.642 45.036 49.443000000000005 45.187 46.102999999999994 36.858999999999995 39.445 
44.041000000000004 13.545 12.55 0 12.152 15.816 16.324 13.738 34.271 44.615 51.519000000000005 45.631 49.735 51.856 61.552 66.165 61.159000000000006 49.730000000000004 53.076 51.399 51.564 47.778000000000006 37.664 43.607 39.662 51.295 40.573 40.918 47.114000000000004 39.931 41.329 47.844 66.982 65.84200000000001 60.20100000000001 58.67900000000001 47.19200000000001 57.586000000000006 61.99300000000001 56.187 58.65299999999999 49.40899999999999 42.634 
46.344 15.848 17.704 12.152 0 12.36 13.002 17.539 36.574 46.918 53.822 47.934 52.038 54.159 61.082 62.843 57.837 46.408 55.379 39.247 42.453 35.626000000000005 25.512 38.721000000000004 36.206 39.143 44.575 45.475 43.521 30.167 40.32 45.572 58.695 57.555 51.914 50.392 38.905 49.299 53.706 52.730999999999995 56.108 50.431 44.937 
49.102000000000004 18.606 18.116 15.816 12.36 0 15.482 18.172 39.332 34.697 45.835 50.692 52.568 54.540000000000006 63.562 65.323 60.317 48.888 58.137 41.11 35.748 41.028999999999996 37.872 35.495 23.846 36.135 55.803 56.733999999999995 55.881 42.527 52.68 57.932 71.055 69.91499999999999 64.274 62.752 51.265 61.659 66.066 40.371 43.748000000000005 38.071 47.695 
46.333 15.837 19.492 16.324 13.002 15.482 0 10.815 36.563 46.907000000000004 53.81100000000001 47.923 52.027 54.148 48.08 49.840999999999994 44.835 33.406 46.571 52.249 51.230000000000004 48.628 38.514 50.549 39.328 51.617000000000004 56.897000000000006 57.242000000000004 56.523 43.169000000000004 53.112 58.574000000000005 59.632000000000005 70.557 64.916 63.394000000000005 51.907000000000004 62.301 66.708 47.869 48.785 39.541 44.925999999999995 
47.169 16.673 19.631 13.738 17.539 18.172 10.815 0 37.399 47.743 54.647000000000006 48.759 52.863 54.984 58.894999999999996 60.65599999999999 55.65 44.221 56.20399999999999 56.786 53.92 53.165000000000006 43.051 50.688 42.018 54.307 54.31100000000001 54.656000000000006 60.852000000000004 47.706 55.06700000000001 61.58200000000001 70.447 72.923 67.28200000000001 65.76 54.273 64.667 69.074 58.543 59.599999999999994 50.355999999999995 45.76199999999999 
43.297 20.726 31.082 34.271 36.574 39.332 36.563 37.399 0 10.344 17.248 11.36 15.464 17.585 27.281 39.436 40.959 41.955 44.230000000000004 50.69 50.875 46.481 49.065 35.856 47.505 52.547 44.876000000000005 44.081 46.139 40.102000000000004 29.949 49.715 56.762 45.097 59.730000000000004 63.247 59.139 48.745000000000005 60.319 56.93299999999999 56.798 37.632 41.89 
51.775999999999996 31.07 41.426 44.615 46.918 34.697 46.907 47.742999999999995 10.344 0 11.138 19.839 17.871 19.843 37.625 49.78 51.303 52.299 54.574 53.096999999999994 57.934 48.888 51.471999999999994 38.263 49.912 54.95399999999999 55.22 54.425 56.483000000000004 50.446 40.293 60.059 50.652 38.987 53.620000000000005 57.137 53.028999999999996 42.635 54.209 67.277 67.142 47.976 50.36899999999999 
48.3 37.974000000000004 48.330000000000005 51.519000000000005 53.822 45.835 53.81100000000001 54.647000000000006 17.248 11.138 0 16.363 18.795 17.067 44.528999999999996 56.684 58.206999999999994 59.202999999999996 61.477999999999994 54.021 55.878 49.812 52.396 39.187 50.836 55.878 62.124 61.329 63.387 57.35 47.197 60.986999999999995 39.513999999999996 27.849 42.482 45.998999999999995 41.891 31.497 43.071 69.589 74.04599999999999 54.879999999999995 46.892999999999994 
31.936999999999998 32.086 42.442 45.631 47.934 50.692 47.923 48.759 11.36 19.839 16.363 0 15.172 18.256 38.641 50.796 52.319 53.315 55.59 50.397999999999996 39.515 46.189 48.772999999999996 35.564 47.213 51.242000000000004 54.264 53.469 55.527 49.49 39.337 59.103 55.877 44.212 58.845 62.362 58.254 47.86 59.434000000000005 68.29299999999999 68.158 48.992 30.53 
47.109 36.19 46.546 49.735 52.038 52.568 52.027 52.863 15.464 17.871 18.795 15.172 0 18.118 42.745 54.9 56.423 57.419 59.694 35.226 40.063 31.017 33.601 20.392 32.041 37.083 51.730999999999995 59.545 61.60300000000001 55.566 45.413000000000004 64.48299999999999 58.309000000000005 46.644000000000005 61.277 64.79400000000001 60.686 50.292 61.86600000000001 72.39699999999999 72.262 53.096 45.702 
50.193 38.311 48.667 51.856 54.159 54.540000000000006 54.147999999999996 54.983999999999995 17.585 19.843 17.067 18.256 18.118 0 31.289 43.444 44.967 45.963 48.238 53.343999999999994 57.771 49.135 51.718999999999994 38.51 50.159 55.20099999999999 62.461000000000006 61.666000000000004 63.724000000000004 57.687000000000005 47.534000000000006 67.30000000000001 56.580999999999996 44.916 59.54899999999999 63.065999999999995 58.958 48.564 60.138 74.518 74.383 55.217 48.785999999999994 
70.578 48.007 58.363 61.552 61.082 63.562 48.08 58.894999999999996 27.281 37.625 44.528999999999996 38.641 42.745 31.289 0 12.155 13.678 14.674 16.949 40.402 51.569 40.44 50.554 51.065 57.623 58.492000000000004 44.908 56.369 61.012 59.316 57.230000000000004 57.660000000000004 63.471 62.28999999999999 47.657 58.803 60.666 67.017 59.614999999999995 49.203 43.945 42.113 69.171 
82.733 56.519 66.875 66.16499999999999 62.842999999999996 65.323 49.840999999999994 60.65599999999999 39.436 49.78 56.684 50.796 54.9 43.444 12.155 0 12.165 16.435 16.988 38.888999999999996 39.672 28.285 38.399 38.91 45.468 47.278 32.753 44.214 48.857 47.161 47.68 45.505 61.958 60.777 46.144 57.29 59.153 65.50399999999999 58.102 61.358000000000004 56.1 54.268 81.32600000000001 
84.256 58.974999999999994 64.327 61.159000000000006 57.837 60.317 44.835 55.65 40.959 51.303000000000004 58.20700000000001 52.319 56.423 44.967 13.678 12.165 0 11.429 19.444 26.724 37.891 40.45 40.459 41.558 43.988 44.814 44.918 56.379 61.022 54.33 59.845 57.67 49.793 48.611999999999995 33.979 45.125 46.988 53.339 45.937 62.881 57.623 55.791 82.849 
79.739 49.242999999999995 52.897999999999996 49.730000000000004 46.408 48.888 33.406 44.221 41.955 52.299 59.203 53.315 57.419 45.963 14.674 16.435 11.429 0 13.165 38.153 49.32 44.72 51.888 52.986999999999995 55.417 56.242999999999995 49.188 60.649 65.292 63.596000000000004 64.11500000000001 61.940000000000005 61.222 60.041 45.408 56.554 58.417 64.768 57.366 63.876999999999995 58.619 56.787 78.33200000000001 
70.027 39.531 49.887 53.076 55.379 58.137 46.571 56.20399999999999 44.230000000000004 54.574000000000005 61.47800000000001 55.59 59.694 48.238 16.949 16.988 19.444 13.165 0 46.168 56.66 45.272999999999996 55.387 55.897999999999996 62.455999999999996 64.258 49.741 61.202 65.845 64.149 64.668 62.493 69.237 68.056 53.423 64.569 66.432 72.783 65.381 66.152 60.894 59.062 68.62 
73.491 55.095 45.891 51.399 39.247 41.11 52.249 56.786 50.69 53.096999999999994 54.021 50.397999999999996 35.226 53.343999999999994 40.402 38.888999999999996 26.724 38.153 46.168 0 11.167 16.85 13.735 14.834 17.264 18.09 37.564 42.914 40.96 27.606 37.759 43.011 61.691 62.993 59.729 66.949 62.572 66.378 47.771 79.70400000000001 76.49199999999999 71.376 80.928 
71.452 54.354 50.727999999999994 51.564 42.453 35.748 51.23 53.92 50.875 57.934 55.878 39.515 40.063 57.771 51.569 39.672 37.891 49.32 56.66 11.167 0 11.387 16.941 19.671 11.902 11.727 32.101 43.562 48.205 38.773 47.028 44.853 63.068000000000005 64.37 61.106 68.32600000000001 63.949000000000005 67.755 49.148 75.485 71.029 73.185 70.045 
71.37299999999999 51.474000000000004 41.682 47.778000000000006 35.626000000000005 41.028999999999996 48.62800000000001 53.165000000000006 46.481 48.888 49.812 46.189 31.017 49.135 40.44 28.285 40.45 44.72 45.272999999999996 16.85 11.387 0 10.114 10.625 17.183 18.993 20.714 32.175 36.818 35.122 35.641 33.466 51.681000000000004 52.983000000000004 49.719 56.93900000000001 52.562000000000005 56.368 37.761 64.098 59.641999999999996 61.798 76.71900000000001 
71.856 41.36 43.216 37.664 25.512 37.872 38.514 43.051 49.065 51.471999999999994 52.396 48.772999999999996 33.601 51.718999999999994 50.554 38.399 40.459 51.888000000000005 55.387 13.735 16.941 10.114 0 13.209 17.502 13.631 30.828 42.289 46.932 41.341 45.754999999999995 43.58 47.956 49.258 45.994 53.214 48.837 52.643 34.036 74.212 69.756 71.912 70.449 
67.501 41.413 31.057 43.607 38.721000000000004 35.495 50.549 50.688 35.856 38.263 39.187 35.564 20.392 38.51 51.065 38.91 41.558 52.987 55.897999999999996 14.834 19.671 10.625 13.209 0 11.649 16.691 31.339 42.8 47.443 42.44 46.266 44.091 61.165000000000006 62.467000000000006 59.203 66.423 62.04600000000001 65.852 47.245000000000005 74.723 70.267 67.916 66.09400000000001 
72.948 42.452 41.962 39.662 36.206 23.846 39.328 42.018 47.504999999999995 49.91199999999999 50.836 47.212999999999994 32.041 50.15899999999999 57.623000000000005 45.468 43.988 55.417 62.456 17.264 11.902 17.183 17.502 11.649 0 12.289 37.897 49.358 54.001 44.870000000000005 52.824 50.649 65.458 66.75999999999999 63.495999999999995 70.716 66.339 70.145 51.538 64.217 67.594 61.917 71.541 
83.179 54.741 47.748 51.295 39.143 36.135 51.617 54.307 52.547 54.95399999999999 55.878 51.242000000000004 37.083 55.20099999999999 58.492000000000004 47.278 44.814 56.243 64.258 18.09 11.727 18.993 13.631 16.691 12.289 0 39.706999999999994 51.16799999999999 55.81099999999999 45.696 54.63399999999999 52.458999999999996 61.587 62.889 59.625 66.845 62.468 66.274 47.667 76.506 78.63499999999999 74.206 81.772 
50.659 54.118 53.123000000000005 40.573 44.575 55.803 56.897000000000006 54.311 44.876000000000005 55.220000000000006 62.12400000000001 54.264 51.730999999999995 62.461000000000006 44.908 32.753 44.918 49.188 49.741 37.564 32.101 20.714 30.828 31.339 37.897 39.706999999999994 0 11.461 16.104 14.408 14.927 12.752 34.225 45.89 50.039 47.179 54.015 49.838 48.145 43.384 38.928 41.084 76.562 
49.864 54.463 53.468 40.918 45.475 56.734 57.242000000000004 54.656 44.081 54.425000000000004 61.32900000000001 53.469 59.545 61.666000000000004 56.369 44.214 56.379 60.649 61.202 42.914 43.562 32.175 42.289 42.8 49.358 51.16799999999999 11.461 0 10.187 15.308 14.132 13.696 35.169 46.833999999999996 50.983 48.123 54.958999999999996 50.782 49.089 54.845 50.388999999999996 47.748999999999995 75.767 
51.922 59.369 59.664 47.114000000000004 43.521 55.881 56.523 60.852000000000004 46.139 56.483000000000004 63.387 55.527 61.603 63.724000000000004 61.012 48.857 61.022 65.292 65.845 40.96 48.205 36.818 46.932 47.443 54.001 55.81099999999999 16.104 10.187 0 13.354 16.19 14.606 36.079 47.744 51.893 49.033 55.869 51.692 49.999 58.135000000000005 55.032 49.807 77.825 
45.885 46.015 47.871 39.931 30.167 42.527 43.169000000000004 47.706 40.102000000000004 50.446000000000005 57.35000000000001 49.49 55.566 57.687000000000005 59.316 47.161 54.33 63.596000000000004 64.149 27.606 38.773 35.122 41.341 42.44 44.870000000000005 45.696 14.408 15.308 13.354 0 10.153 15.405 36.878 48.543 52.692 49.832 56.668 52.491 50.798 52.098 53.013999999999996 43.769999999999996 71.788 
35.732 50.675 50.43 41.329 40.32 52.68 53.112 55.067 29.949 40.293 47.197 39.337 45.413000000000004 47.534000000000006 57.230000000000004 47.68 59.845 64.115 64.668 37.759 47.028 35.641 45.754999999999995 46.266 52.824 54.634 14.927 14.132 16.19 10.153 0 19.766 41.239 52.903999999999996 57.053 54.193 61.028999999999996 56.852 55.159 41.945 42.861000000000004 33.617000000000004 61.635 
55.498 61.389 60.394000000000005 47.844 45.572 57.932 58.574000000000005 61.582 49.715 60.059000000000005 60.986999999999995 59.103 64.483 67.30000000000001 57.660000000000004 45.505 57.67 61.94 62.493 43.011 44.853 33.466 43.58 44.091 50.649 52.459 12.752 13.696 14.606 15.405 19.766 0 21.473 33.138 37.287 34.427 41.263 37.086 35.393 56.136 51.68 37.427 81.401 
76.971 64.788 54.432 66.982 58.695 71.055 59.632000000000005 70.447 56.762 50.651999999999994 39.513999999999996 55.876999999999995 58.309 56.580999999999996 63.471000000000004 61.958 49.793 61.222 69.237 61.691 63.068000000000005 51.681000000000004 47.956 61.165000000000006 65.458 61.587 34.225 35.169 36.079 36.878 41.239 21.473 0 11.665 15.814 12.954 19.79 15.613 13.92 36.544 49.272999999999996 40.137 86.407 
76.149 63.648 53.292 65.842 57.555 69.91499999999999 70.557 72.923 45.097 38.987 27.849 44.212 46.644000000000005 44.916 62.28999999999999 60.776999999999994 48.611999999999995 60.041 68.056 62.993 64.37 52.983000000000004 49.258 62.467 66.76 62.889 45.89 46.833999999999996 47.744 48.543 52.903999999999996 33.138 11.665 0 14.633 18.15 18.65 18.597 15.222 41.739999999999995 54.468999999999994 48.818 74.742 
88.50300000000001 58.007000000000005 47.651 60.20100000000001 51.914 64.274 64.916 67.28200000000001 59.730000000000004 53.62 42.482 58.845 61.277 59.549 47.657 46.144 33.979 45.408 53.423 59.729 61.106 49.719 45.994 59.203 63.495999999999995 59.625 50.039 50.983 51.893 52.692 57.053 37.287 15.814 14.633 0 11.146 13.009 19.36 11.958 34.736000000000004 47.465 41.814 87.09600000000002 
86.98100000000001 56.48500000000001 46.129000000000005 58.679 50.392 62.752 63.394000000000005 65.76 63.247 57.13699999999999 45.998999999999995 62.361999999999995 64.794 63.065999999999995 58.803 57.29 45.125 56.554 64.569 66.949 68.32600000000001 56.93900000000001 53.214 66.423 70.716 66.845 47.179 48.123 49.033 49.832 54.193 34.427 12.954 18.15 11.146 0 11.487 17.838 19.178 23.59 36.319 30.668 85.57400000000001 
75.494 44.998000000000005 34.642 47.19200000000001 38.905 51.265 51.907000000000004 54.273 59.138999999999996 53.028999999999996 41.891 58.254 60.686 58.958 60.666 59.153 46.988 58.417 66.432 62.572 63.949000000000005 52.562000000000005 48.837 62.04600000000001 66.339 62.468 54.015 54.958999999999996 55.869 56.668 61.028999999999996 41.263 19.79 18.65 13.009 11.487 0 10.394 14.801 35.077 47.806 42.155 74.087 
79.797 55.392 45.036 57.586 49.299 61.659 62.301 64.667 48.745000000000005 42.635 31.497 47.86 50.292 48.564 67.017 65.50399999999999 53.339 64.768 72.783 66.378 67.755 56.368 52.643 65.852 70.145 66.274 49.838 50.782 51.692 52.491 56.852 37.086 15.613 18.597 19.36 17.838 10.394 0 18.607 41.428 54.157 48.506 78.39 
90.29500000000002 59.79900000000001 49.443000000000005 61.99300000000001 53.706 66.066 66.708 69.07400000000001 60.319 54.208999999999996 43.071 59.434 61.866 60.138 59.614999999999995 58.102 45.937 57.366 65.381 47.771 49.148 37.761 34.036 47.245000000000005 51.538 47.667 48.145 49.089 49.999 50.798 55.159 35.393 13.92 15.222 11.958 19.178 14.801 18.607 0 42.768 55.497 49.846000000000004 88.88800000000002 
77.67699999999999 55.543 45.187 56.187000000000005 52.731 40.371 47.869 58.543000000000006 56.93299999999999 67.27699999999999 69.589 68.29299999999999 72.39699999999999 74.518 49.203 61.358000000000004 62.881 63.877 66.152 79.70400000000001 75.485 64.098 74.212 74.723 64.217 76.506 43.384 54.845 58.135000000000005 52.098 41.945 56.136 36.544 41.739999999999995 34.736000000000004 23.59 35.077 41.428 42.768 0 12.729 19.301 84.632 
78.593 56.458999999999996 46.102999999999994 58.65299999999999 56.108000000000004 43.748000000000005 48.785 59.599999999999994 56.798 67.142 74.046 68.158 72.262 74.38300000000001 43.945 56.1 57.623000000000005 58.619 60.894000000000005 76.49199999999999 71.029 59.641999999999996 69.756 70.267 67.59400000000001 78.63499999999999 38.928 50.388999999999996 55.032 53.014 42.861000000000004 51.68 49.273 54.469 47.465 36.319 47.806000000000004 54.157000000000004 55.497 12.729 0 19.166 85.548 
69.349 47.214999999999996 36.858999999999995 49.40899999999999 50.431 38.071 39.541 50.355999999999995 37.632 47.976 54.879999999999995 48.992 53.096 55.217 42.113 54.268 55.791 56.787 59.062 71.376 73.185 61.798 71.912 67.916 61.917 74.206 41.084 47.749 49.807 43.77 33.617000000000004 37.427 40.137 48.818 41.814 30.668 42.155 48.506 49.846000000000004 19.301 19.166 0 76.304 
25.903 29.089 39.445 42.634 44.937 47.695 44.926 45.762 41.89 50.369 46.893 30.53 45.702 48.786 69.17099999999999 81.326 82.84899999999999 78.332 68.62 80.928 70.045 76.719 70.449 66.094 71.541 81.772 76.562 75.767 77.825 71.788 61.635 81.401 86.40700000000001 74.742 87.096 85.574 74.087 78.39 88.888 84.632 85.548 76.304 0 
