46
TheUniversity ShatteredPlains Braavos Dagobah TreeofTime RepublicCity ZhaoFu Sanlow Yunkai LakeLaogai ThePrancingPony Carvahall Urubaen FlourishBlotts Lorien TheHogsHead Netherfort Gizton Steeltown MysticRuins TheGodswood KoralReef Tartarus TheWaystoneInn TheArcanum GooLagoon Keld Murkcairn Ellesmera Vexhollow Ademre EarthKingdom UtgardMountain Meereen Winterfell Grayburn Beldenn ShriekingShack VaultofSouls EasternAirTemple TheVale TheBoilingRock BeyondtheWall TheSpine Boatwright Meckgue
0 1.0 2.0 3.0 3.0 2.0 1.0 2.0 3.0 2.0 2.0 3.0 2.0 3.0 3.0 2.0 2.0 3.0 3.0 2.0 1.0 2.0 3.0 3.0 2.0 2.0 3.0 3.0 2.0 1.0 2.0 2.0 2.0 2.0 3.0 3.0 2.0 1.0 2.0 3.0 3.0 3.0 2.0 1.0 2.0 1.0 
1.0 0 1.0 2.0 3.0 2.0 2.0 2.0 2.0 2.0 3.0 2.0 1.0 2.0 2.0 2.0 1.0 2.0 2.0 2.0 2.0 1.0 2.0 3.0 2.0 3.0 3.0 2.0 2.0 2.0 3.0 2.0 3.0 1.0 2.0 2.0 2.0 1.0 1.0 2.0 3.0 2.0 2.0 1.0 2.0 2.0 
2.0 1.0 0 1.0 2.0 2.0 2.0 3.0 2.0 2.0 3.0 2.0 2.0 3.0 3.0 3.0 2.0 3.0 2.0 3.0 3.0 2.0 1.0 2.0 1.0 2.0 3.0 3.0 2.0 1.0 2.0 2.0 3.0 2.0 3.0 2.0 3.0 2.0 1.0 2.0 3.0 3.0 2.0 2.0 3.0 2.0 
3.0 2.0 1.0 0 1.0 2.0 3.0 2.0 3.0 3.0 4.0 3.0 3.0 4.0 2.0 2.0 3.0 2.0 1.0 2.0 2.0 2.0 2.0 3.0 2.0 3.0 3.0 3.0 3.0 2.0 3.0 3.0 3.0 1.0 2.0 3.0 3.0 3.0 2.0 3.0 3.0 3.0 3.0 3.0 2.0 3.0 
3.0 3.0 2.0 1.0 0 1.0 2.0 3.0 4.0 3.0 3.0 3.0 4.0 4.0 3.0 3.0 4.0 3.0 2.0 2.0 3.0 3.0 3.0 4.0 3.0 3.0 4.0 3.0 3.0 2.0 3.0 4.0 4.0 2.0 3.0 3.0 2.0 3.0 3.0 4.0 3.0 3.0 3.0 4.0 3.0 3.0 
2.0 2.0 2.0 2.0 1.0 0 1.0 2.0 3.0 2.0 2.0 2.0 3.0 3.0 3.0 3.0 3.0 2.0 2.0 1.0 2.0 3.0 3.0 3.0 3.0 2.0 3.0 2.0 2.0 1.0 2.0 3.0 3.0 3.0 3.0 2.0 1.0 2.0 3.0 3.0 2.0 2.0 2.0 3.0 3.0 2.0 
1.0 2.0 2.0 3.0 2.0 1.0 0 1.0 2.0 2.0 1.0 2.0 2.0 2.0 2.0 3.0 3.0 3.0 2.0 2.0 2.0 3.0 3.0 4.0 3.0 3.0 3.0 2.0 3.0 2.0 3.0 3.0 3.0 2.0 3.0 2.0 2.0 2.0 2.0 3.0 2.0 2.0 2.0 2.0 2.0 2.0 
2.0 2.0 3.0 2.0 3.0 2.0 1.0 0 1.0 2.0 2.0 2.0 1.0 2.0 2.0 2.0 3.0 2.0 2.0 2.0 1.0 2.0 2.0 3.0 3.0 3.0 2.0 3.0 3.0 3.0 3.0 2.0 3.0 2.0 2.0 1.0 2.0 3.0 2.0 3.0 3.0 2.0 2.0 2.0 1.0 3.0 
3.0 2.0 2.0 3.0 4.0 3.0 2.0 1.0 0 1.0 2.0 2.0 1.0 2.0 2.0 2.0 3.0 3.0 3.0 3.0 2.0 3.0 3.0 3.0 3.0 3.0 3.0 3.0 3.0 3.0 3.0 1.0 2.0 3.0 3.0 2.0 2.0 2.0 2.0 3.0 3.0 3.0 3.0 2.0 2.0 2.0 
2.0 2.0 2.0 3.0 3.0 2.0 2.0 2.0 1.0 0 1.0 2.0 1.0 2.0 2.0 3.0 3.0 2.0 2.0 3.0 3.0 3.0 2.0 2.0 2.0 3.0 3.0 2.0 3.0 3.0 3.0 2.0 1.0 3.0 3.0 2.0 1.0 1.0 1.0 2.0 3.0 3.0 3.0 3.0 2.0 2.0 
2.0 3.0 3.0 4.0 3.0 2.0 1.0 2.0 2.0 1.0 0 1.0 2.0 3.0 3.0 2.0 3.0 3.0 3.0 3.0 3.0 3.0 3.0 3.0 3.0 3.0 3.0 3.0 3.0 2.0 2.0 3.0 2.0 3.0 2.0 3.0 2.0 2.0 2.0 2.0 2.0 3.0 3.0 3.0 2.0 3.0 
3.0 2.0 2.0 3.0 3.0 2.0 2.0 2.0 2.0 2.0 1.0 0 1.0 2.0 2.0 3.0 3.0 2.0 2.0 3.0 3.0 3.0 3.0 3.0 3.0 2.0 3.0 2.0 3.0 2.0 2.0 3.0 3.0 2.0 1.0 3.0 3.0 3.0 2.0 1.0 2.0 3.0 2.0 2.0 3.0 3.0 
2.0 1.0 2.0 3.0 4.0 3.0 2.0 1.0 1.0 1.0 2.0 1.0 0 1.0 3.0 3.0 2.0 3.0 2.0 2.0 2.0 2.0 3.0 3.0 2.0 3.0 3.0 2.0 3.0 2.0 2.0 2.0 2.0 2.0 2.0 2.0 2.0 2.0 2.0 2.0 3.0 2.0 3.0 2.0 2.0 3.0 
3.0 2.0 3.0 4.0 4.0 3.0 2.0 2.0 2.0 2.0 3.0 2.0 1.0 0 2.0 3.0 3.0 4.0 3.0 3.0 3.0 3.0 3.0 4.0 3.0 4.0 3.0 2.0 3.0 3.0 3.0 3.0 3.0 3.0 3.0 3.0 3.0 3.0 2.0 3.0 4.0 3.0 4.0 3.0 3.0 3.0 
3.0 2.0 3.0 2.0 3.0 3.0 2.0 2.0 2.0 2.0 3.0 2.0 3.0 2.0 0 1.0 2.0 2.0 2.0 2.0 3.0 2.0 2.0 3.0 3.0 2.0 3.0 2.0 3.0 3.0 2.0 3.0 3.0 2.0 1.0 3.0 3.0 3.0 2.0 3.0 3.0 3.0 3.0 2.0 2.0 2.0 
2.0 2.0 3.0 2.0 3.0 3.0 3.0 2.0 2.0 3.0 2.0 3.0 3.0 3.0 1.0 0 1.0 2.0 3.0 2.0 3.0 2.0 2.0 3.0 3.0 3.0 3.0 2.0 2.0 3.0 2.0 2.0 2.0 3.0 2.0 3.0 3.0 3.0 3.0 3.0 3.0 3.0 2.0 1.0 2.0 2.0 
2.0 1.0 2.0 3.0 4.0 3.0 3.0 3.0 3.0 3.0 3.0 3.0 2.0 3.0 2.0 1.0 0 1.0 2.0 3.0 3.0 2.0 3.0 3.0 3.0 2.0 2.0 1.0 2.0 3.0 3.0 3.0 3.0 2.0 3.0 3.0 2.0 2.0 2.0 2.0 3.0 3.0 3.0 2.0 3.0 2.0 
3.0 2.0 3.0 2.0 3.0 2.0 3.0 2.0 3.0 2.0 3.0 2.0 3.0 4.0 2.0 2.0 1.0 0 1.0 2.0 3.0 2.0 3.0 3.0 2.0 3.0 3.0 2.0 3.0 3.0 3.0 3.0 3.0 2.0 3.0 2.0 1.0 2.0 2.0 1.0 2.0 3.0 2.0 3.0 3.0 2.0 
3.0 2.0 2.0 1.0 2.0 2.0 2.0 2.0 3.0 2.0 3.0 2.0 2.0 3.0 2.0 3.0 2.0 1.0 0 1.0 2.0 2.0 2.0 2.0 1.0 2.0 2.0 2.0 3.0 2.0 2.0 2.0 3.0 2.0 2.0 3.0 2.0 2.0 1.0 2.0 2.0 2.0 3.0 3.0 3.0 2.0 
2.0 2.0 3.0 2.0 2.0 1.0 2.0 2.0 3.0 3.0 3.0 3.0 2.0 3.0 2.0 2.0 3.0 2.0 1.0 0 1.0 2.0 3.0 3.0 2.0 2.0 2.0 3.0 3.0 2.0 3.0 3.0 3.0 2.0 2.0 3.0 2.0 2.0 2.0 3.0 3.0 3.0 3.0 3.0 3.0 3.0 
1.0 2.0 3.0 2.0 3.0 2.0 2.0 1.0 2.0 3.0 3.0 3.0 2.0 3.0 3.0 3.0 3.0 3.0 2.0 1.0 0 2.0 3.0 3.0 2.0 2.0 2.0 3.0 3.0 2.0 3.0 3.0 3.0 2.0 2.0 2.0 3.0 2.0 2.0 3.0 3.0 3.0 3.0 2.0 2.0 2.0 
2.0 1.0 2.0 2.0 3.0 3.0 3.0 2.0 3.0 3.0 3.0 3.0 2.0 3.0 2.0 2.0 2.0 2.0 2.0 2.0 2.0 0 1.0 2.0 3.0 3.0 2.0 3.0 3.0 3.0 2.0 3.0 2.0 2.0 2.0 1.0 2.0 2.0 2.0 3.0 3.0 3.0 3.0 2.0 3.0 3.0 
3.0 2.0 1.0 2.0 3.0 3.0 3.0 2.0 3.0 2.0 3.0 3.0 3.0 3.0 2.0 2.0 3.0 3.0 2.0 3.0 3.0 1.0 0 1.0 2.0 2.0 2.0 3.0 2.0 2.0 3.0 3.0 3.0 2.0 3.0 1.0 2.0 2.0 1.0 2.0 3.0 4.0 3.0 2.0 2.0 2.0 
3.0 3.0 2.0 3.0 4.0 3.0 4.0 3.0 3.0 2.0 3.0 3.0 3.0 4.0 3.0 3.0 3.0 3.0 2.0 3.0 3.0 2.0 1.0 0 1.0 2.0 3.0 3.0 3.0 3.0 3.0 4.0 3.0 3.0 3.0 2.0 3.0 3.0 2.0 3.0 3.0 3.0 3.0 3.0 2.0 3.0 
2.0 2.0 1.0 2.0 3.0 3.0 3.0 3.0 3.0 2.0 3.0 3.0 2.0 3.0 3.0 3.0 3.0 2.0 1.0 2.0 2.0 3.0 2.0 1.0 0 1.0 2.0 3.0 2.0 2.0 3.0 3.0 3.0 3.0 2.0 3.0 3.0 2.0 2.0 3.0 3.0 2.0 3.0 3.0 3.0 3.0 
2.0 3.0 2.0 3.0 3.0 2.0 3.0 3.0 3.0 3.0 3.0 2.0 3.0 4.0 2.0 3.0 2.0 3.0 2.0 2.0 2.0 3.0 2.0 2.0 1.0 0 1.0 2.0 1.0 2.0 2.0 3.0 3.0 3.0 2.0 2.0 2.0 3.0 2.0 3.0 3.0 3.0 3.0 2.0 3.0 2.0 
3.0 3.0 3.0 3.0 4.0 3.0 3.0 2.0 3.0 3.0 3.0 3.0 3.0 3.0 3.0 3.0 2.0 3.0 2.0 2.0 2.0 2.0 2.0 3.0 2.0 1.0 0 1.0 2.0 3.0 3.0 3.0 3.0 3.0 3.0 1.0 2.0 3.0 2.0 3.0 4.0 4.0 4.0 3.0 3.0 3.0 
3.0 2.0 3.0 3.0 3.0 2.0 2.0 3.0 3.0 2.0 3.0 2.0 2.0 2.0 2.0 2.0 1.0 2.0 2.0 3.0 3.0 3.0 3.0 3.0 3.0 2.0 1.0 0 1.0 2.0 2.0 3.0 3.0 3.0 3.0 2.0 2.0 3.0 2.0 2.0 3.0 4.0 3.0 2.0 3.0 3.0 
2.0 2.0 2.0 3.0 3.0 2.0 3.0 3.0 3.0 3.0 3.0 3.0 3.0 3.0 3.0 2.0 2.0 3.0 3.0 3.0 3.0 3.0 2.0 3.0 2.0 1.0 2.0 1.0 0 1.0 2.0 2.0 3.0 2.0 3.0 3.0 3.0 3.0 3.0 3.0 3.0 3.0 2.0 1.0 2.0 3.0 
1.0 2.0 1.0 2.0 2.0 1.0 2.0 3.0 3.0 3.0 2.0 2.0 2.0 3.0 3.0 3.0 3.0 3.0 2.0 2.0 2.0 3.0 2.0 3.0 2.0 2.0 3.0 2.0 1.0 0 1.0 3.0 3.0 3.0 2.0 3.0 2.0 2.0 2.0 2.0 2.0 2.0 1.0 2.0 2.0 2.0 
2.0 3.0 2.0 3.0 3.0 2.0 3.0 3.0 3.0 3.0 2.0 2.0 2.0 3.0 2.0 2.0 3.0 3.0 2.0 3.0 3.0 2.0 3.0 3.0 3.0 2.0 3.0 2.0 2.0 1.0 0 2.0 2.0 3.0 2.0 2.0 3.0 3.0 2.0 3.0 3.0 3.0 2.0 3.0 2.0 2.0 
2.0 2.0 2.0 3.0 4.0 3.0 3.0 2.0 1.0 2.0 3.0 3.0 2.0 3.0 3.0 2.0 3.0 3.0 2.0 3.0 3.0 3.0 3.0 4.0 3.0 3.0 3.0 3.0 2.0 3.0 2.0 0 1.0 3.0 4.0 3.0 3.0 3.0 2.0 3.0 2.0 3.0 2.0 1.0 2.0 3.0 
2.0 3.0 3.0 3.0 4.0 3.0 3.0 3.0 2.0 1.0 2.0 3.0 2.0 3.0 3.0 2.0 3.0 3.0 3.0 3.0 3.0 2.0 3.0 3.0 3.0 3.0 3.0 3.0 3.0 3.0 2.0 1.0 0 2.0 3.0 3.0 2.0 2.0 2.0 3.0 3.0 4.0 3.0 2.0 2.0 3.0 
2.0 1.0 2.0 1.0 2.0 3.0 2.0 2.0 3.0 3.0 3.0 2.0 2.0 3.0 2.0 3.0 2.0 2.0 2.0 2.0 2.0 2.0 2.0 3.0 3.0 3.0 3.0 3.0 2.0 3.0 3.0 3.0 2.0 0 1.0 3.0 3.0 2.0 2.0 3.0 3.0 3.0 3.0 2.0 3.0 3.0 
3.0 2.0 3.0 2.0 3.0 3.0 3.0 2.0 3.0 3.0 2.0 1.0 2.0 3.0 1.0 2.0 3.0 3.0 2.0 2.0 2.0 2.0 3.0 3.0 2.0 2.0 3.0 3.0 3.0 2.0 2.0 4.0 3.0 1.0 0 2.0 3.0 2.0 2.0 2.0 3.0 2.0 3.0 3.0 3.0 3.0 
3.0 2.0 2.0 3.0 3.0 2.0 2.0 1.0 2.0 2.0 3.0 3.0 2.0 3.0 3.0 3.0 3.0 2.0 3.0 3.0 2.0 1.0 1.0 2.0 3.0 2.0 1.0 2.0 3.0 3.0 2.0 3.0 3.0 3.0 2.0 0 1.0 2.0 2.0 3.0 3.0 3.0 3.0 3.0 2.0 2.0 
2.0 2.0 3.0 3.0 2.0 1.0 2.0 2.0 2.0 1.0 2.0 3.0 2.0 3.0 3.0 3.0 2.0 1.0 2.0 2.0 3.0 2.0 2.0 3.0 3.0 2.0 2.0 2.0 3.0 2.0 3.0 3.0 2.0 3.0 3.0 1.0 0 1.0 2.0 2.0 3.0 3.0 3.0 3.0 3.0 1.0 
1.0 1.0 2.0 3.0 3.0 2.0 2.0 3.0 2.0 1.0 2.0 3.0 2.0 3.0 3.0 3.0 2.0 2.0 2.0 2.0 2.0 2.0 2.0 3.0 2.0 3.0 3.0 3.0 3.0 2.0 3.0 3.0 2.0 2.0 2.0 2.0 1.0 0 1.0 2.0 3.0 2.0 3.0 2.0 3.0 2.0 
2.0 1.0 1.0 2.0 3.0 3.0 2.0 2.0 2.0 1.0 2.0 2.0 2.0 2.0 2.0 3.0 2.0 2.0 1.0 2.0 2.0 2.0 1.0 2.0 2.0 2.0 2.0 2.0 3.0 2.0 2.0 2.0 2.0 2.0 2.0 2.0 2.0 1.0 0 1.0 2.0 3.0 2.0 2.0 2.0 1.0 
3.0 2.0 2.0 3.0 4.0 3.0 3.0 3.0 3.0 2.0 2.0 1.0 2.0 3.0 3.0 3.0 2.0 1.0 2.0 3.0 3.0 3.0 2.0 3.0 3.0 3.0 3.0 2.0 3.0 2.0 3.0 3.0 3.0 3.0 2.0 3.0 2.0 2.0 1.0 0 1.0 2.0 1.0 2.0 2.0 2.0 
3.0 3.0 3.0 3.0 3.0 2.0 2.0 3.0 3.0 3.0 2.0 2.0 3.0 4.0 3.0 3.0 3.0 2.0 2.0 3.0 3.0 3.0 3.0 3.0 3.0 3.0 4.0 3.0 3.0 2.0 3.0 2.0 3.0 3.0 3.0 3.0 3.0 3.0 2.0 1.0 0 1.0 2.0 3.0 3.0 3.0 
3.0 2.0 3.0 3.0 3.0 2.0 2.0 2.0 3.0 3.0 3.0 3.0 2.0 3.0 3.0 3.0 3.0 3.0 2.0 3.0 3.0 3.0 4.0 3.0 2.0 3.0 4.0 4.0 3.0 2.0 3.0 3.0 4.0 3.0 2.0 3.0 3.0 2.0 3.0 2.0 1.0 0 1.0 2.0 2.0 3.0 
2.0 2.0 2.0 3.0 3.0 2.0 2.0 2.0 3.0 3.0 3.0 2.0 3.0 4.0 3.0 2.0 3.0 2.0 3.0 3.0 3.0 3.0 3.0 3.0 3.0 3.0 4.0 3.0 2.0 1.0 2.0 2.0 3.0 3.0 3.0 3.0 3.0 3.0 2.0 1.0 2.0 1.0 0 1.0 1.0 3.0 
1.0 1.0 2.0 3.0 4.0 3.0 2.0 2.0 2.0 3.0 3.0 2.0 2.0 3.0 2.0 1.0 2.0 3.0 3.0 3.0 2.0 2.0 2.0 3.0 3.0 2.0 3.0 2.0 1.0 2.0 3.0 1.0 2.0 2.0 3.0 3.0 3.0 2.0 2.0 2.0 3.0 2.0 1.0 0 1.0 2.0 
2.0 2.0 3.0 2.0 3.0 3.0 2.0 1.0 2.0 2.0 2.0 3.0 2.0 3.0 2.0 2.0 3.0 3.0 3.0 3.0 2.0 3.0 2.0 2.0 3.0 3.0 3.0 3.0 2.0 2.0 2.0 2.0 2.0 3.0 3.0 2.0 3.0 3.0 2.0 2.0 3.0 2.0 1.0 1.0 0 2.0 
1.0 2.0 2.0 3.0 3.0 2.0 2.0 3.0 2.0 2.0 3.0 3.0 3.0 3.0 2.0 2.0 2.0 2.0 2.0 3.0 2.0 3.0 2.0 3.0 3.0 2.0 3.0 3.0 3.0 2.0 2.0 3.0 3.0 3.0 3.0 2.0 1.0 2.0 1.0 2.0 3.0 3.0 3.0 2.0 2.0 0 
