44
31Hillegass 37OtherCoop 40Oaktown 45HearstMemorial 33Wada 38RajProperties 44HearstGreekTheatre 47SatherTower 52California 58NorthGate 61Unit1 51HearstGymnasium 54Wellman 59SouthHall 65Foothill 68SodaHall 73Wada 79SanFransisco 66ClarkKerr 72DeltaPhiEpsilon 75ChanningBowdwitch 5HearstMemorial 32DeltaPhiEpsilon 34Martinez 35ChanningBowdwitch 39SanFransisco 41FoundersRock 42UniversityHouse 46DoeLibrary 48Esplanade 49SatherGate 53Durant 55Hilgard 56Giannini 60Ehrman 62Unit2 63Unit3 67InternationalHouse 69VarsityBerkeley 70Stonefire 74Martinez 76CasaZimbabwe 6DoeLibrary 1FoundersRock
0 416.0 568.0 573.0 561.0 566.0 423.0 575.0 580.0 437.0 589.0 430.0 582.0 587.0 444.0 596.0 601.0 458.0 594.0 451.0 603.0 384.0 560.0 562.0 563.0 567.0 569.0 570.0 574.0 576.0 577.0 581.0 583.0 584.0 588.0 590.0 591.0 595.0 597.0 598.0 602.0 604.0 534.0 529.0 
416.0 0 425.0 579.0 567.0 572.0 578.0 432.0 586.0 592.0 446.0 585.0 439.0 593.0 599.0 453.0 607.0 613.0 600.0 606.0 460.0 539.0 566.0 568.0 569.0 573.0 575.0 576.0 580.0 582.0 583.0 587.0 589.0 590.0 594.0 596.0 597.0 601.0 603.0 604.0 608.0 610.0 540.0 535.0 
568.0 425.0 0 433.0 570.0 575.0 581.0 584.0 440.0 595.0 598.0 588.0 591.0 447.0 602.0 605.0 461.0 616.0 454.0 609.0 612.0 542.0 569.0 571.0 572.0 576.0 578.0 579.0 583.0 585.0 586.0 590.0 592.0 593.0 597.0 599.0 600.0 604.0 606.0 607.0 611.0 613.0 543.0 538.0 
573.0 579.0 433.0 0 426.0 580.0 586.0 589.0 594.0 451.0 603.0 444.0 596.0 601.0 458.0 610.0 615.0 472.0 608.0 465.0 617.0 398.0 574.0 576.0 577.0 581.0 583.0 584.0 588.0 590.0 591.0 595.0 597.0 598.0 602.0 604.0 605.0 609.0 611.0 612.0 616.0 618.0 548.0 543.0 
561.0 567.0 570.0 426.0 0 419.0 574.0 577.0 433.0 588.0 591.0 581.0 584.0 440.0 595.0 598.0 454.0 609.0 447.0 602.0 605.0 535.0 562.0 564.0 565.0 569.0 571.0 572.0 576.0 578.0 579.0 583.0 585.0 586.0 590.0 592.0 593.0 597.0 599.0 600.0 604.0 606.0 536.0 531.0 
566.0 572.0 575.0 580.0 419.0 0 430.0 582.0 587.0 444.0 596.0 437.0 589.0 594.0 451.0 603.0 608.0 465.0 601.0 458.0 610.0 391.0 567.0 569.0 570.0 574.0 576.0 577.0 581.0 583.0 584.0 588.0 590.0 591.0 595.0 597.0 598.0 602.0 604.0 605.0 609.0 611.0 541.0 536.0 
423.0 578.0 581.0 586.0 574.0 430.0 0 439.0 593.0 599.0 453.0 592.0 446.0 600.0 606.0 460.0 614.0 620.0 607.0 613.0 467.0 546.0 573.0 575.0 576.0 580.0 582.0 583.0 587.0 589.0 590.0 594.0 596.0 597.0 601.0 603.0 604.0 608.0 610.0 611.0 615.0 617.0 547.0 542.0 
575.0 432.0 584.0 589.0 577.0 582.0 439.0 0 447.0 602.0 605.0 595.0 598.0 454.0 609.0 612.0 468.0 623.0 461.0 616.0 619.0 549.0 576.0 578.0 579.0 583.0 585.0 586.0 590.0 592.0 593.0 597.0 599.0 600.0 604.0 606.0 607.0 611.0 613.0 614.0 618.0 620.0 550.0 545.0 
580.0 586.0 440.0 594.0 433.0 587.0 593.0 447.0 0 458.0 610.0 600.0 603.0 608.0 465.0 617.0 622.0 479.0 615.0 472.0 624.0 405.0 581.0 583.0 584.0 588.0 590.0 591.0 595.0 597.0 598.0 602.0 604.0 605.0 609.0 611.0 612.0 616.0 618.0 619.0 623.0 625.0 555.0 550.0 
437.0 592.0 595.0 451.0 588.0 444.0 599.0 602.0 458.0 0 467.0 606.0 609.0 614.0 620.0 474.0 628.0 634.0 621.0 627.0 481.0 560.0 587.0 589.0 590.0 594.0 596.0 597.0 601.0 603.0 604.0 608.0 610.0 611.0 615.0 617.0 618.0 622.0 624.0 625.0 629.0 631.0 561.0 556.0 
589.0 446.0 598.0 603.0 591.0 596.0 453.0 605.0 610.0 467.0 0 460.0 612.0 617.0 623.0 626.0 482.0 637.0 475.0 630.0 633.0 563.0 590.0 592.0 593.0 597.0 599.0 600.0 604.0 606.0 607.0 611.0 613.0 614.0 618.0 620.0 621.0 625.0 627.0 628.0 632.0 634.0 564.0 559.0 
430.0 585.0 588.0 444.0 581.0 437.0 592.0 595.0 600.0 606.0 460.0 0 453.0 607.0 613.0 467.0 621.0 627.0 614.0 620.0 474.0 553.0 580.0 582.0 583.0 587.0 589.0 590.0 594.0 596.0 597.0 601.0 603.0 604.0 608.0 610.0 611.0 615.0 617.0 618.0 622.0 624.0 554.0 549.0 
582.0 439.0 591.0 596.0 584.0 589.0 446.0 598.0 603.0 609.0 612.0 453.0 0 461.0 616.0 619.0 475.0 630.0 468.0 623.0 626.0 556.0 583.0 585.0 586.0 590.0 592.0 593.0 597.0 599.0 600.0 604.0 606.0 607.0 611.0 613.0 614.0 618.0 620.0 621.0 625.0 627.0 557.0 552.0 
587.0 593.0 447.0 601.0 440.0 594.0 600.0 454.0 608.0 614.0 617.0 607.0 461.0 0 472.0 624.0 629.0 486.0 622.0 479.0 631.0 412.0 588.0 590.0 591.0 595.0 597.0 598.0 602.0 604.0 605.0 609.0 611.0 612.0 616.0 618.0 619.0 623.0 625.0 626.0 630.0 632.0 562.0 557.0 
444.0 599.0 602.0 458.0 595.0 451.0 606.0 609.0 465.0 620.0 623.0 613.0 616.0 472.0 0 481.0 635.0 641.0 628.0 634.0 488.0 567.0 594.0 596.0 597.0 601.0 603.0 604.0 608.0 610.0 611.0 615.0 617.0 618.0 622.0 624.0 625.0 629.0 631.0 632.0 636.0 638.0 568.0 563.0 
596.0 453.0 605.0 610.0 598.0 603.0 460.0 612.0 617.0 474.0 626.0 467.0 619.0 624.0 481.0 0 489.0 644.0 631.0 637.0 640.0 570.0 597.0 599.0 600.0 604.0 606.0 607.0 611.0 613.0 614.0 618.0 620.0 621.0 625.0 627.0 628.0 632.0 634.0 635.0 639.0 641.0 571.0 566.0 
601.0 607.0 461.0 615.0 454.0 608.0 614.0 468.0 622.0 628.0 482.0 621.0 475.0 629.0 635.0 489.0 0 500.0 636.0 642.0 645.0 426.0 602.0 604.0 605.0 609.0 611.0 612.0 616.0 618.0 619.0 623.0 625.0 626.0 630.0 632.0 633.0 637.0 639.0 640.0 644.0 646.0 576.0 571.0 
458.0 613.0 616.0 472.0 609.0 465.0 620.0 623.0 479.0 634.0 637.0 627.0 630.0 486.0 641.0 644.0 500.0 0 493.0 648.0 651.0 581.0 608.0 610.0 611.0 615.0 617.0 618.0 622.0 624.0 625.0 629.0 631.0 632.0 636.0 638.0 639.0 643.0 645.0 646.0 650.0 652.0 582.0 577.0 
594.0 600.0 454.0 608.0 447.0 601.0 607.0 461.0 615.0 621.0 475.0 614.0 468.0 622.0 628.0 631.0 636.0 493.0 0 486.0 638.0 419.0 595.0 597.0 598.0 602.0 604.0 605.0 609.0 611.0 612.0 616.0 618.0 619.0 623.0 625.0 626.0 630.0 632.0 633.0 637.0 639.0 569.0 564.0 
451.0 606.0 609.0 465.0 602.0 458.0 613.0 616.0 472.0 627.0 630.0 620.0 623.0 479.0 634.0 637.0 642.0 648.0 486.0 0 495.0 574.0 601.0 603.0 604.0 608.0 610.0 611.0 615.0 617.0 618.0 622.0 624.0 625.0 629.0 631.0 632.0 636.0 638.0 639.0 643.0 645.0 575.0 570.0 
603.0 460.0 612.0 617.0 605.0 610.0 467.0 619.0 624.0 481.0 633.0 474.0 626.0 631.0 488.0 640.0 645.0 651.0 638.0 495.0 0 577.0 604.0 606.0 607.0 611.0 613.0 614.0 618.0 620.0 621.0 625.0 627.0 628.0 632.0 634.0 635.0 639.0 641.0 642.0 646.0 648.0 578.0 573.0 
384.0 539.0 542.0 398.0 535.0 391.0 546.0 549.0 405.0 560.0 563.0 553.0 556.0 412.0 567.0 570.0 426.0 581.0 419.0 574.0 577.0 0 534.0 536.0 537.0 541.0 543.0 544.0 548.0 550.0 551.0 555.0 557.0 558.0 562.0 564.0 565.0 569.0 571.0 572.0 576.0 578.0 508.0 503.0 
560.0 566.0 569.0 574.0 562.0 567.0 573.0 576.0 581.0 587.0 590.0 580.0 583.0 588.0 594.0 597.0 602.0 608.0 595.0 601.0 604.0 534.0 0 414.0 564.0 568.0 421.0 571.0 575.0 428.0 578.0 582.0 435.0 585.0 589.0 442.0 592.0 596.0 449.0 599.0 603.0 456.0 535.0 530.0 
562.0 568.0 571.0 576.0 564.0 569.0 575.0 578.0 583.0 589.0 592.0 582.0 585.0 590.0 596.0 599.0 604.0 610.0 597.0 603.0 606.0 536.0 414.0 0 417.0 570.0 572.0 424.0 577.0 579.0 431.0 584.0 586.0 438.0 591.0 593.0 445.0 598.0 600.0 452.0 605.0 607.0 537.0 532.0 
563.0 569.0 572.0 577.0 565.0 570.0 576.0 579.0 584.0 590.0 593.0 583.0 586.0 591.0 597.0 600.0 605.0 611.0 598.0 604.0 607.0 537.0 564.0 417.0 0 422.0 573.0 574.0 429.0 580.0 581.0 436.0 587.0 588.0 443.0 594.0 595.0 450.0 601.0 602.0 457.0 608.0 389.0 533.0 
567.0 573.0 576.0 581.0 569.0 574.0 580.0 583.0 588.0 594.0 597.0 587.0 590.0 595.0 601.0 604.0 609.0 615.0 602.0 608.0 611.0 541.0 568.0 570.0 422.0 0 428.0 578.0 582.0 435.0 585.0 589.0 442.0 592.0 596.0 449.0 599.0 603.0 456.0 606.0 610.0 463.0 542.0 537.0 
569.0 575.0 578.0 583.0 571.0 576.0 582.0 585.0 590.0 596.0 599.0 589.0 592.0 597.0 603.0 606.0 611.0 617.0 604.0 610.0 613.0 543.0 421.0 572.0 573.0 428.0 0 431.0 584.0 586.0 438.0 591.0 593.0 445.0 598.0 600.0 452.0 605.0 607.0 459.0 612.0 614.0 544.0 539.0 
570.0 576.0 579.0 584.0 572.0 577.0 583.0 586.0 591.0 597.0 600.0 590.0 593.0 598.0 604.0 607.0 612.0 618.0 605.0 611.0 614.0 544.0 571.0 424.0 574.0 578.0 431.0 0 436.0 587.0 588.0 443.0 594.0 595.0 450.0 601.0 602.0 457.0 608.0 609.0 464.0 615.0 396.0 540.0 
574.0 580.0 583.0 588.0 576.0 581.0 587.0 590.0 595.0 601.0 604.0 594.0 597.0 602.0 608.0 611.0 616.0 622.0 609.0 615.0 618.0 548.0 575.0 577.0 429.0 582.0 584.0 436.0 0 442.0 592.0 596.0 449.0 599.0 603.0 456.0 606.0 610.0 463.0 613.0 617.0 470.0 549.0 544.0 
576.0 582.0 585.0 590.0 578.0 583.0 589.0 592.0 597.0 603.0 606.0 596.0 599.0 604.0 610.0 613.0 618.0 624.0 611.0 617.0 620.0 550.0 428.0 579.0 580.0 435.0 586.0 587.0 442.0 0 445.0 598.0 600.0 452.0 605.0 607.0 459.0 612.0 614.0 466.0 619.0 621.0 551.0 546.0 
577.0 583.0 586.0 591.0 579.0 584.0 590.0 593.0 598.0 604.0 607.0 597.0 600.0 605.0 611.0 614.0 619.0 625.0 612.0 618.0 621.0 551.0 578.0 431.0 581.0 585.0 438.0 588.0 592.0 445.0 0 450.0 601.0 602.0 457.0 608.0 609.0 464.0 615.0 616.0 471.0 622.0 403.0 547.0 
581.0 587.0 590.0 595.0 583.0 588.0 594.0 597.0 602.0 608.0 611.0 601.0 604.0 609.0 615.0 618.0 623.0 629.0 616.0 622.0 625.0 555.0 582.0 584.0 436.0 589.0 591.0 443.0 596.0 598.0 450.0 0 456.0 606.0 610.0 463.0 613.0 617.0 470.0 620.0 624.0 477.0 556.0 551.0 
583.0 589.0 592.0 597.0 585.0 590.0 596.0 599.0 604.0 610.0 613.0 603.0 606.0 611.0 617.0 620.0 625.0 631.0 618.0 624.0 627.0 557.0 435.0 586.0 587.0 442.0 593.0 594.0 449.0 600.0 601.0 456.0 0 459.0 612.0 614.0 466.0 619.0 621.0 473.0 626.0 628.0 558.0 553.0 
584.0 590.0 593.0 598.0 586.0 591.0 597.0 600.0 605.0 611.0 614.0 604.0 607.0 612.0 618.0 621.0 626.0 632.0 619.0 625.0 628.0 558.0 585.0 438.0 588.0 592.0 445.0 595.0 599.0 452.0 602.0 606.0 459.0 0 464.0 615.0 616.0 471.0 622.0 623.0 478.0 629.0 410.0 554.0 
588.0 594.0 597.0 602.0 590.0 595.0 601.0 604.0 609.0 615.0 618.0 608.0 611.0 616.0 622.0 625.0 630.0 636.0 623.0 629.0 632.0 562.0 589.0 591.0 443.0 596.0 598.0 450.0 603.0 605.0 457.0 610.0 612.0 464.0 0 470.0 620.0 624.0 477.0 627.0 631.0 484.0 563.0 558.0 
590.0 596.0 599.0 604.0 592.0 597.0 603.0 606.0 611.0 617.0 620.0 610.0 613.0 618.0 624.0 627.0 632.0 638.0 625.0 631.0 634.0 564.0 442.0 593.0 594.0 449.0 600.0 601.0 456.0 607.0 608.0 463.0 614.0 615.0 470.0 0 473.0 626.0 628.0 480.0 633.0 635.0 565.0 560.0 
591.0 597.0 600.0 605.0 593.0 598.0 604.0 607.0 612.0 618.0 621.0 611.0 614.0 619.0 625.0 628.0 633.0 639.0 626.0 632.0 635.0 565.0 592.0 445.0 595.0 599.0 452.0 602.0 606.0 459.0 609.0 613.0 466.0 616.0 620.0 473.0 0 478.0 629.0 630.0 485.0 636.0 417.0 561.0 
595.0 601.0 604.0 609.0 597.0 602.0 608.0 611.0 616.0 622.0 625.0 615.0 618.0 623.0 629.0 632.0 637.0 643.0 630.0 636.0 639.0 569.0 596.0 598.0 450.0 603.0 605.0 457.0 610.0 612.0 464.0 617.0 619.0 471.0 624.0 626.0 478.0 0 484.0 634.0 638.0 491.0 570.0 565.0 
597.0 603.0 606.0 611.0 599.0 604.0 610.0 613.0 618.0 624.0 627.0 617.0 620.0 625.0 631.0 634.0 639.0 645.0 632.0 638.0 641.0 571.0 449.0 600.0 601.0 456.0 607.0 608.0 463.0 614.0 615.0 470.0 621.0 622.0 477.0 628.0 629.0 484.0 0 487.0 640.0 642.0 572.0 567.0 
598.0 604.0 607.0 612.0 600.0 605.0 611.0 614.0 619.0 625.0 628.0 618.0 621.0 626.0 632.0 635.0 640.0 646.0 633.0 639.0 642.0 572.0 599.0 452.0 602.0 606.0 459.0 609.0 613.0 466.0 616.0 620.0 473.0 623.0 627.0 480.0 630.0 634.0 487.0 0 492.0 643.0 424.0 568.0 
602.0 608.0 611.0 616.0 604.0 609.0 615.0 618.0 623.0 629.0 632.0 622.0 625.0 630.0 636.0 639.0 644.0 650.0 637.0 643.0 646.0 576.0 603.0 605.0 457.0 610.0 612.0 464.0 617.0 619.0 471.0 624.0 626.0 478.0 631.0 633.0 485.0 638.0 640.0 492.0 0 498.0 577.0 572.0 
604.0 610.0 613.0 618.0 606.0 611.0 617.0 620.0 625.0 631.0 634.0 624.0 627.0 632.0 638.0 641.0 646.0 652.0 639.0 645.0 648.0 578.0 456.0 607.0 608.0 463.0 614.0 615.0 470.0 621.0 622.0 477.0 628.0 629.0 484.0 635.0 636.0 491.0 642.0 643.0 498.0 0 579.0 574.0 
534.0 540.0 543.0 548.0 536.0 541.0 547.0 550.0 555.0 561.0 564.0 554.0 557.0 562.0 568.0 571.0 576.0 582.0 569.0 575.0 578.0 508.0 535.0 537.0 389.0 542.0 544.0 396.0 549.0 551.0 403.0 556.0 558.0 410.0 563.0 565.0 417.0 570.0 572.0 424.0 577.0 579.0 0 504.0 
529.0 535.0 538.0 543.0 531.0 536.0 542.0 545.0 550.0 556.0 559.0 549.0 552.0 557.0 563.0 566.0 571.0 577.0 564.0 570.0 573.0 503.0 530.0 532.0 533.0 537.0 539.0 540.0 544.0 546.0 547.0 551.0 553.0 554.0 558.0 560.0 561.0 565.0 567.0 568.0 572.0 574.0 504.0 0 
