38
72 34 71 63 67 66 37 53 19 11 20 28 29 23 30 27 24 41 42 40 38 68 62 59 36 61 56 50 51 45 46 22 21 2 3 4 64 73
0 1.52349 2.53687 3.29864 3.26927 3.4725 3.17441 3.81029 3.2824400000000002 3.51044 4.3745899999999995 4.53528 5.2665299999999995 4.41211 5.26255 5.32193 4.6336200000000005 3.21684 4.22781 2.6677 2.56259 3.0040500000000003 3.06271 4.25989 4.5633 5.6147 4.399220000000001 5.2289200000000005 5.246320000000001 5.67798 4.21157 4.65833 2.9437100000000003 4.96218 5.50464 5.16997 2.58562 1.01554 
1.52349 0 1.01338 1.77515 1.74578 1.94901 1.65092 2.2868 1.75895 1.98695 2.8510999999999997 3.01179 3.7430399999999997 2.88862 3.7390600000000003 3.7984400000000003 3.11013 1.69335 2.70432 1.14421 1.0391 1.48056 1.53922 2.7363999999999997 3.03981 4.09121 2.87573 3.7054300000000002 3.72283 4.15449 2.6880800000000002 3.13484 1.42022 3.4386900000000002 3.98115 3.64648 1.06213 1.7794 
2.53687 1.01338 0 1.02247 1.73735 1.41026 2.45441 2.8719 2.77233 3.00033 3.6545900000000002 4.02517 4.75642 3.902 4.75244 4.81182 4.12351 2.70673 3.27789 2.15759 1.40646 1.23065 2.2799 3.53989 3.8433 4.8947 3.82348 4.50892 4.73621 5.063230000000001 3.4915700000000003 4.14822 2.4336 4.45207 4.99453 4.65986 2.07551 2.79278 
3.29864 1.77515 1.02247 0 1.39112 1.40543 1.91069 1.84943 2.89152 2.4864100000000002 3.1108700000000002 3.5112500000000004 4.2425 4.46218 4.23852 4.2979 3.6095900000000003 3.4684999999999997 3.2210599999999996 2.91936 1.88479 1.68339 1.58497 2.99617 3.2995799999999997 4.35098 3.27976 3.9652 4.41163 4.51951 2.94785 3.6767400000000006 3.19537 3.9381500000000003 4.48061 4.14594 2.83728 3.55455 
3.26927 1.74578 1.73735 1.39112 0 1.10995 2.1540999999999997 3.1568999999999994 3.5047300000000003 3.0977300000000003 3.3542799999999997 4.1225700000000005 4.853820000000001 4.01734 4.84984 4.90922 4.22091 3.43913 2.98505 2.88999 1.11362 1.25747 2.2486699999999997 3.2395799999999997 3.5429899999999996 4.59439 3.5231699999999995 4.20861 4.65504 4.762919999999999 3.1912599999999998 4.26356 2.54894 4.54947 5.0919300000000005 4.7572600000000005 2.80791 3.52518 
3.4725 1.94901 1.41026 1.40543 1.10995 0 1.04415 2.04695 3.01482 2.40517 2.2443299999999997 3.4300100000000002 4.16126 3.9486999999999997 4.15728 4.21666 3.52835 3.54786 2.91641 3.0932199999999996 1.04498 1.40523 1.13872 2.1296299999999997 2.43304 3.48444 2.41322 3.09866 3.54509 3.6529700000000003 2.08131 3.5955000000000004 2.4802999999999997 3.85691 4.39937 4.0647 3.01114 3.7284100000000002 
3.17441 1.65092 2.45441 1.91069 2.1540999999999997 1.04415 0 1.0028 1.97067 1.36102 1.20018 2.38586 3.11711 3.3367899999999997 3.11313 3.17251 2.4842 2.50371 2.37443 2.14539 1.24009 1.50828 1.1338 1.08548 1.38889 2.44029 1.36907 2.05451 2.50094 2.60882 1.03716 2.5513500000000002 2.4576599999999997 2.81276 3.35522 3.02055 2.71305 3.43032 
3.81029 2.2868 2.8719 1.84943 3.1569 2.04695 1.0028 0 1.04209 2.1103899999999998 2.20298 3.13523 3.8664799999999997 3.6102000000000003 3.8625 3.92188 3.23357 1.86909 1.37163 1.14259 2.24289 2.49229 1.44304 2.08828 2.3916899999999996 3.4430899999999998 2.1588700000000003 3.0573099999999998 3.3681300000000003 3.61162 2.0399599999999998 3.30072 2.58662 3.56213 4.10459 3.76992 3.34893 4.0662 
3.2824400000000002 1.75895 2.77233 2.89152 3.5047300000000003 3.01482 1.97067 1.04209 0 1.0683 1.497 2.09314 2.82439 2.56811 2.82041 2.87979 2.1914800000000003 1.22299 1.93882 1.8985 2.79805 3.23951 2.48513 2.88392 2.5095 2.5621600000000004 1.11678 2.53573 2.32604 2.7577 2.6424700000000003 2.25863 1.8669 2.52004 3.0625 2.72783 2.8210800000000003 3.5383500000000003 
3.51044 1.98695 3.00033 2.4864100000000002 3.0977300000000003 2.40517 1.36102 2.1103899999999998 1.0683 0 1.00359 1.02484 1.75609 1.97577 1.75211 1.81149 1.12318 1.14269 1.19893 1.83364 1.98411 2.8693 2.49482 2.39051 1.4412 2.4926 2.18508 2.87212 2.66243 3.09409 2.14906 1.19033 1.09664 1.45174 1.9942 1.65953 3.04908 3.76635 
4.3745899999999995 2.8510999999999997 3.65459 3.1108700000000002 3.3542799999999997 2.2443299999999997 1.20018 2.20298 1.497 1.00359 0 2.02843 2.75968 2.97936 2.7557 2.81508 2.12677 2.14628 2.20252 2.83723 2.44027 2.70846 2.33398 1.38692 1.26139 2.3127899999999997 2.5692500000000003 2.16282 2.6092500000000003 2.71713 1.14547 2.1939200000000003 1.86823 2.45533 2.99779 2.66312 3.9132299999999995 4.6305 
4.53528 3.01179 4.02517 3.5112499999999995 4.12257 3.4300100000000002 2.38586 3.13523 2.09314 1.02484 2.02843 0 1.20607 1.99221 1.9396 1.80515 2.14802 2.16753 2.22377 2.85848 3.00895 3.89414 3.51966 3.41535 2.46604 3.5174399999999997 3.2099200000000003 3.89696 3.6872700000000003 4.118930000000001 3.1739 2.21517 2.12148 2.4765800000000002 3.01904 2.68437 4.07392 4.79119 
5.2665299999999995 3.7430399999999997 4.756419999999999 4.2425 4.85382 4.1612599999999995 3.11711 3.86648 2.82439 1.75609 2.75968 1.20607 0 1.14759 1.44995 1.8075 2.87927 2.89878 2.95502 3.58973 3.7401999999999997 4.6253899999999994 4.250909999999999 4.146599999999999 3.1972899999999997 4.24869 3.9411700000000005 3.6041100000000004 3.39442 3.82608 3.90515 2.94642 2.61599 3.20783 3.7502899999999997 3.4156199999999997 4.8051699999999995 5.52244 
4.41211 2.88862 3.902 4.46218 4.01734 3.9486999999999997 3.3367899999999997 3.6102 2.56811 1.97577 2.97936 1.99221 1.14759 0 1.2934 1.6166 2.65283 2.89644 3.17266 3.32576 2.90372 3.94428 4.2851099999999995 4.36628 3.41697 4.46837 3.68489 2.4565200000000003 2.24683 2.67849 2.94604 3.1661 1.4684 3.42751 3.96997 3.6353 3.95075 4.66802 
5.26255 3.7390600000000003 4.75244 4.23852 4.84984 4.15728 3.11313 3.8625 2.82041 1.75211 2.7557 1.9396 1.44995 1.2934 0 1.94411 2.87529 2.8948 2.95104 3.58575 3.7362200000000003 4.62141 4.24693 4.14262 3.1933100000000003 4.24471 3.93719 3.7499200000000004 3.54023 3.97189 3.90117 2.9424400000000004 2.7618 3.20385 3.7463100000000003 3.4116400000000002 4.80119 5.51846 
5.32193 3.7984400000000003 4.81182 4.2979 4.90922 4.21666 3.17251 3.92188 2.87979 1.81149 2.81508 1.80515 1.8075 1.6166 1.94411 0 2.93467 2.95418 3.01042 3.64513 3.7956000000000003 4.68079 4.30631 4.202 3.2526900000000003 4.30409 3.99657 4.07312 3.86343 4.29509 3.96055 3.0018200000000004 2.90813 3.26323 3.8056900000000002 3.47102 4.86057 5.57784 
4.63362 3.11013 4.12351 3.60959 4.22091 3.5283499999999997 2.4842 3.2335700000000003 2.1914800000000003 1.12318 2.12677 2.14802 2.87927 2.65283 2.87529 2.93467 0 2.26587 2.3221100000000003 2.95682 3.10729 3.99248 3.618 3.51369 2.56438 3.61578 3.3082600000000006 2.62045 2.41076 2.8424199999999997 3.1099699999999997 2.31351 1.97641 2.57492 3.11738 2.78271 4.17226 4.88953 
3.21684 1.69335 2.70673 3.4684999999999997 3.43913 3.54786 2.50371 1.86909 1.22299 1.14269 2.14628 2.16753 2.89878 2.89644 2.8948 2.95418 2.26587 0 1.62288 1.90887 2.73245 3.1739100000000002 3.23257 3.5332 2.5838900000000002 3.6352900000000004 2.33977 3.7587200000000003 3.54903 3.98069 3.29175 2.3330200000000003 1.42804 2.59443 3.13689 2.80222 2.75548 3.47275 
4.22781 2.70432 3.27789 3.2210599999999996 2.98505 2.91641 2.37443 1.37163 1.93882 1.19893 2.20252 2.22377 2.95502 3.17266 2.95104 3.01042 2.3221100000000003 1.62288 0 1.56011 1.87143 2.91199 2.81467 3.45991 2.64013 3.69153 3.0556 4.07105 3.86136 4.29302 3.34799 2.38926 1.70426 2.65067 3.19313 2.85846 3.76645 4.48372 
2.6677 1.14421 2.15759 2.91936 2.88999 3.0932199999999996 2.14539 1.14259 1.8985 1.83364 2.83723 2.85848 3.58973 3.32576 3.58575 3.64513 2.95682 1.90887 1.56011 0 2.1833099999999996 2.62477 2.58563 3.23087 3.27484 4.32624 3.01528 4.1998999999999995 4.1599699999999995 4.59163 3.18255 3.0239700000000003 1.85736 3.28538 3.82784 3.49317 2.20634 2.92361 
2.56259 1.0391 1.40646 1.88479 1.11362 1.04498 1.24009 2.24289 2.79805 1.98411 2.44027 3.00895 3.7401999999999997 2.90372 3.7362200000000003 3.7956000000000003 3.10729 2.73245 1.87143 2.1833099999999996 0 1.04056 1.38139 2.32557 2.62898 3.6803799999999995 2.60916 3.2946 3.73793 3.84891 2.27725 3.14994 1.43532 3.4358500000000003 3.97831 3.64364 2.10123 2.8185000000000002 
3.0040500000000003 1.48056 1.23065 1.68339 1.25747 1.40523 1.50828 2.49229 3.23951 2.8693 2.70846 3.89414 4.6253899999999994 3.94428 4.62141 4.68079 3.99248 3.1739100000000002 2.91199 2.62477 1.04056 0 1.04925 2.59376 2.89717 3.94857 2.87735 3.56279 4.00922 4.117100000000001 2.54544 4.05963 2.47588 4.32104 4.8635 4.52883 2.5426900000000003 3.2599600000000004 
3.06271 1.53922 2.2799 1.58497 2.2486699999999997 1.13872 1.1338 1.44304 2.48513 2.49482 2.33398 3.51966 4.250909999999999 4.2851099999999995 4.24693 4.30631 3.618 3.23257 2.81467 2.58563 1.38139 1.04925 0 2.21928 2.52269 3.57409 2.5028699999999997 3.18831 3.63474 3.74262 2.17096 3.68515 2.8167099999999996 3.94656 4.48902 4.15435 2.60135 3.31862 
4.2598899999999995 2.7363999999999997 3.5398899999999998 2.99617 3.2395799999999997 2.1296299999999997 1.08548 2.08828 2.88392 2.39051 1.38692 3.41535 4.146599999999999 4.36628 4.14262 4.202 3.51369 3.5332 3.45991 3.2308700000000004 2.32557 2.59376 2.21928 0 1.00974 2.06114 2.4545500000000002 3.13999 3.5864200000000004 3.6943 2.12264 3.5808400000000002 3.25515 3.84225 4.38471 4.05004 3.7985299999999995 4.5158 
4.5633 3.03981 3.8433 3.2995799999999997 3.54299 2.43304 1.38889 2.3916899999999996 2.5095 1.4412 1.26139 2.46604 3.1972899999999997 3.41697 3.1933100000000003 3.2526900000000003 2.56438 2.5838900000000002 2.64013 3.27484 2.62898 2.89717 2.52269 1.00974 0 1.0514 2.49678 3.42421 3.87064 3.97852 2.40686 2.63153 2.53784 2.8929400000000003 3.4354 3.10073 4.10194 4.81921 
5.6147 4.09121 4.8947 4.35098 4.594390000000001 3.48444 2.44029 3.4430899999999998 2.5621600000000004 2.4926 2.3127899999999997 3.5174399999999997 4.24869 4.46837 4.2447099999999995 4.30409 3.61578 3.63529 3.69153 4.32624 3.68038 3.94857 3.57409 2.06114 1.0514 0 1.44538 4.47561 4.888200000000001 5.02992 3.4582599999999997 3.68293 3.58924 3.94434 4.4868 4.15213 5.15334 5.87061 
4.39922 2.87573 3.82348 3.27976 3.52317 2.41322 1.36907 2.1588700000000003 1.11678 2.18508 2.5692500000000003 3.2099200000000003 3.94117 3.68489 3.93719 3.99657 3.30826 2.33977 3.0556 3.01528 2.60916 2.87735 2.5028699999999997 2.4545500000000002 2.49678 1.44538 0 3.42358 3.44282 3.87448 2.40623 3.3754100000000005 2.98368 3.63682 4.17928 3.8446100000000003 3.9378599999999997 4.65513 
5.22892 3.70543 4.50892 3.9652000000000003 4.20861 3.0986599999999997 2.05451 3.05731 2.53573 2.87212 2.16282 3.89696 3.6041100000000004 2.4565200000000003 3.7499200000000004 4.07312 2.62045 3.7587200000000003 4.07105 4.1999 3.2946 3.56279 3.18831 3.13999 3.42421 4.47561 3.4235800000000003 0 1.56567 1.66214 1.01735 4.06245 2.5122999999999998 4.32386 4.86632 4.53165 4.76756 5.48483 
5.24632 3.72283 4.73621 4.41163 4.65504 3.54509 2.50094 3.36813 2.32604 2.66243 2.6092500000000003 3.68727 3.39442 2.24683 3.54023 3.86343 2.41076 3.54903 3.8613600000000003 4.1599699999999995 3.73793 4.00922 3.63474 3.58642 3.8706400000000003 4.8882 3.44282 1.56567 0 1.36182 1.46378 3.85276 2.30261 4.11417 4.65663 4.32196 4.78496 5.50223 
5.67798 4.15449 5.06323 4.51951 4.762919999999999 3.65297 2.60882 3.6116200000000003 2.7577 3.09409 2.71713 4.11893 3.82608 2.67849 3.97189 4.29509 2.8424199999999997 3.98069 4.29302 4.59163 3.84891 4.117100000000001 3.74262 3.6943 3.97852 5.02992 3.87448 1.66214 1.36182 0 1.57166 4.28442 2.73427 4.5458300000000005 5.08829 4.75362 5.21662 5.93389 
4.21157 2.6880800000000002 3.4915700000000003 2.94785 3.19126 2.08131 1.03716 2.0399599999999998 2.6424700000000003 2.14906 1.14547 3.1738999999999997 3.90515 2.94604 3.90117 3.96055 3.1099699999999997 3.29175 3.3479900000000002 3.18255 2.27725 2.54544 2.17096 2.12264 2.40686 3.45826 2.40623 1.01735 1.46378 1.57166 0 3.33939 3.00182 3.6008 4.14326 3.8085899999999997 3.75021 4.46748 
4.65833 3.13484 4.14822 3.6767399999999997 4.26356 3.5955000000000004 2.5513500000000002 3.30072 2.25863 1.19033 2.1939200000000003 2.21517 2.94642 3.1661 2.9424400000000004 3.0018200000000004 2.31351 2.3330200000000003 2.38926 3.0239700000000003 3.14994 4.05963 3.68515 3.5808400000000002 2.63153 3.68293 3.3754100000000005 4.06245 3.8527600000000004 4.284420000000001 3.3393900000000003 0 1.71462 2.6420700000000004 3.18453 2.84986 4.19697 4.91424 
2.9437100000000003 1.42022 2.4336 3.19537 2.54894 2.4802999999999997 2.4576599999999997 2.58662 1.8669 1.09664 1.86823 2.12148 2.61599 1.4684 2.7618 2.90813 1.97641 1.42804 1.70426 1.85736 1.43532 2.47588 2.8167099999999996 3.25515 2.53784 3.58924 2.98368 2.5122999999999998 2.30261 2.73427 3.00182 1.71462 0 2.54838 3.09084 2.75617 2.4823500000000003 3.1996200000000004 
4.96218 3.4386900000000002 4.45207 3.9381500000000003 4.54947 3.85691 2.81276 3.56213 2.52004 1.45174 2.45533 2.4765800000000002 3.20783 3.42751 3.20385 3.26323 2.57492 2.59443 2.65067 3.28538 3.4358500000000003 4.32104 3.94656 3.84225 2.8929400000000003 3.9443400000000004 3.63682 4.32386 4.11417 4.5458300000000005 3.6008 2.6420700000000004 2.54838 0 1.20853 1.99566 4.50082 5.21809 
5.50464 3.98115 4.99453 4.4806099999999995 5.09193 4.39937 3.35522 4.10459 3.0625 1.9942 2.99779 3.01904 3.7502899999999997 3.96997 3.7463100000000003 3.8056900000000002 3.11738 3.13689 3.19313 3.82784 3.97831 4.8635 4.48902 4.38471 3.4354 4.4868 4.17928 4.86632 4.65663 5.088290000000001 4.14326 3.18453 3.09084 1.20853 0 1.27465 5.04328 5.76055 
5.16997 3.64648 4.65986 4.1459399999999995 4.7572600000000005 4.0647 3.02055 3.76992 2.72783 1.65953 2.66312 2.68437 3.4156199999999997 3.6353 3.4116400000000002 3.47102 2.78271 2.80222 2.85846 3.49317 3.64364 4.52883 4.15435 4.05004 3.10073 4.15213 3.8446100000000003 4.53165 4.321960000000001 4.75362 3.80859 2.84986 2.75617 1.99566 1.27465 0 4.70861 5.42588 
2.58562 1.06213 2.07551 2.83728 2.80791 3.01114 2.71305 3.34893 2.8210800000000003 3.04908 3.91323 4.07392 4.80517 3.95075 4.80119 4.86057 4.17226 2.75548 3.76645 2.20634 2.10123 2.5426900000000003 2.60135 3.79853 4.10194 5.15334 3.9378600000000006 4.76756 4.78496 5.216620000000001 3.75021 4.19697 2.4823500000000003 4.50082 5.04328 4.70861 0 2.84153 
1.01554 1.7794 2.79278 3.55455 3.52518 3.7284100000000002 3.43032 4.0662 3.5383500000000003 3.76635 4.6305 4.79119 5.52244 4.66802 5.51846 5.57784 4.889530000000001 3.47275 4.48372 2.92361 2.8185000000000002 3.2599600000000004 3.31862 4.5158000000000005 4.81921 5.87061 4.655130000000001 5.4848300000000005 5.502230000000001 5.93389 4.46748 4.91424 3.1996200000000004 5.21809 5.76055 5.42588 2.84153 0 
