25
XAUNPSJR UEMUXMRIZ MXPVTEZCH UUBADXD PQHUEQ PEHTVQXDW HJANXPSU ZRBGORXP XVEIIY LFAYEWG MXOUMOMJ DYDBSTHU KQUKCKTD CQLIWA SPKBX EIPVED XYVFHKPGH QMQDBY WTGBMM PRANHUZWO RZCLRJW KUTCUN NDFUIQRA ZJITEK NENJIT
0 0.01024 0.01083 0.0124 0.01351 0.01134 0.01217 0.0151 0.0133 0.0128 0.02032 0.01025 0.01296 0.02427 0.01347 0.02152 0.01476 0.01594 0.0237 0.01851 0.02213 0.02168 0.021769999999999998 0.01983 0.01016 
0.01024 0 0.01072 0.02127 0.023129999999999998 0.021580000000000002 0.02132 0.02534 0.01831 0.02304 0.02282 0.02049 0.01111 0.01562 0.01228 0.0161 0.01348 0.02099 0.01634 0.02268 0.01789 0.02587 0.02359 0.01879 0.0204 
0.01083 0.01072 0 0.01055 0.01796 0.01858 0.0145 0.02286 0.01165 0.01315 0.02181 0.01837 0.021830000000000002 0.02577 0.01242 0.01455 0.0164 0.02128 0.02205 0.024579999999999998 0.02472 0.01742 0.02427 0.01916 0.01971 
0.0124 0.02127 0.01055 0 0.0101 0.020319999999999998 0.02229 0.02571 0.0145 0.01415 0.01877 0.01622 0.01204 0.0184 0.02095 0.021519999999999997 0.01182 0.0115 0.01519 0.02321 0.02394 0.02085 0.02452 0.02504 0.02256 
0.01351 0.023129999999999998 0.01796 0.0101 0 0.01022 0.01798 0.02292 0.01655 0.02425 0.021179999999999997 0.02123 0.0185 0.02355 0.01085 0.01142 0.021920000000000002 0.02123 0.023620000000000002 0.01311 0.01736 0.01075 0.02271 0.01513 0.01855 
0.01134 0.021580000000000002 0.01858 0.020319999999999998 0.01022 0 0.01043 0.02064 0.01747 0.023719999999999998 0.02266 0.021589999999999998 0.01486 0.023989999999999997 0.02107 0.01587 0.024480000000000002 0.012 0.01628 0.02333 0.01679 0.01097 0.02222 0.01925 0.0215 
0.01217 0.02132 0.0145 0.02229 0.01798 0.01043 0 0.01021 0.02142 0.01482 0.02246 0.01648 0.01025 0.01427 0.02564 0.02069 0.024370000000000003 0.02243 0.01756 0.02182 0.02519 0.021400000000000002 0.01775 0.01615 0.022330000000000003 
0.0151 0.02534 0.02286 0.02571 0.02292 0.02064 0.01021 0 0.01121 0.01928 0.0228 0.022850000000000002 0.02046 0.01506 0.01907 0.01452 0.01914 0.02627 0.01821 0.01744 0.02432 0.02601 0.01422 0.023030000000000002 0.01449 
0.0133 0.01831 0.01165 0.0145 0.01655 0.01747 0.02142 0.01121 0 0.01016 0.02026 0.01851 0.023059999999999997 0.01721 0.02407 0.01828 0.022629999999999997 0.02323 0.0104 0.020909999999999998 0.02366 0.025439999999999997 0.01709 0.01182 0.02327 
0.0128 0.02304 0.01315 0.01415 0.02425 0.023719999999999998 0.01482 0.01928 0.01016 0 0.0101 0.02017 0.02401 0.02737 0.02216 0.01432 0.02343 0.02412 0.020560000000000002 0.01419 0.02147 0.022269999999999998 0.0251 0.02198 0.02296 
0.02032 0.02282 0.02181 0.01877 0.021179999999999997 0.02266 0.02246 0.0228 0.02026 0.0101 0 0.01007 0.02084 0.02429 0.01585 0.01021 0.01696 0.01748 0.01205 0.01895 0.01137 0.01665 0.01554 0.02321 0.01803 
0.01025 0.02049 0.01837 0.01622 0.02123 0.021589999999999998 0.01648 0.022850000000000002 0.01851 0.02017 0.01007 0 0.01077 0.022080000000000002 0.02273 0.018 0.0224 0.0168 0.02188 0.01137 0.01423 0.026459999999999997 0.01976 0.01719 0.02041 
0.01296 0.01111 0.021830000000000002 0.01204 0.0185 0.01486 0.01025 0.02046 0.023059999999999997 0.02401 0.02084 0.01077 0 0.01131 0.02339 0.01793 0.01412 0.02354 0.022080000000000002 0.01157 0.02398 0.023530000000000002 0.01248 0.02221 0.01943 
0.02427 0.01562 0.02577 0.0184 0.02355 0.023989999999999997 0.01427 0.01506 0.01721 0.02737 0.02429 0.022080000000000002 0.01131 0 0.01335 0.01641 0.01497 0.01386 0.01398 0.02288 0.02722 0.01646 0.01774 0.026139999999999997 0.01521 
0.01347 0.01228 0.01242 0.02095 0.01085 0.02107 0.02564 0.01907 0.02407 0.02216 0.01585 0.02273 0.02339 0.01335 0 0.01202 0.022969999999999997 0.01918 0.02189 0.02375 0.01698 0.0192 0.022690000000000002 0.01311 0.01485 
0.02152 0.0161 0.01455 0.021519999999999997 0.01142 0.01587 0.02069 0.01452 0.01828 0.01432 0.01021 0.018 0.01793 0.01641 0.01202 0 0.01095 0.01175 0.02113 0.02453 0.02129 0.02084 0.02364 0.02106 0.02278 
0.01476 0.01348 0.0164 0.01182 0.021920000000000002 0.024480000000000002 0.024370000000000003 0.01914 0.022629999999999997 0.02343 0.01696 0.0224 0.01412 0.01497 0.022969999999999997 0.01095 0 0.01275 0.01328 0.01752 0.02611 0.026709999999999998 0.01893 0.01683 0.022510000000000002 
0.01594 0.02099 0.02128 0.0115 0.02123 0.012 0.02243 0.02627 0.02323 0.02412 0.01748 0.0168 0.02354 0.01386 0.01918 0.01175 0.01275 0 0.01283 0.01959 0.01336 0.01478 0.02345 0.0235 0.01398 
0.0237 0.01634 0.02205 0.01519 0.023620000000000002 0.01628 0.01756 0.01821 0.0104 0.020560000000000002 0.01205 0.02188 0.022080000000000002 0.01398 0.02189 0.02113 0.01328 0.01283 0 0.01051 0.01738 0.01504 0.0124 0.01587 0.02651 
0.01851 0.02268 0.024579999999999998 0.02321 0.01311 0.02333 0.02182 0.01744 0.020909999999999998 0.01419 0.01895 0.01137 0.01157 0.02288 0.02375 0.02453 0.01752 0.01959 0.01051 0 0.01251 0.01509 0.01651 0.01064 0.016 
0.02213 0.01789 0.02472 0.02394 0.01736 0.01679 0.02519 0.02432 0.02366 0.02147 0.01137 0.01423 0.02398 0.02722 0.01698 0.02129 0.02611 0.01336 0.01738 0.01251 0 0.01535 0.02691 0.01184 0.0183 
0.02168 0.02587 0.01742 0.02085 0.01075 0.01097 0.021400000000000002 0.02601 0.025439999999999997 0.022269999999999998 0.01665 0.026459999999999997 0.023530000000000002 0.01646 0.0192 0.02084 0.026709999999999998 0.01478 0.01504 0.01509 0.01535 0 0.026709999999999998 0.02324 0.02876 
0.021769999999999998 0.02359 0.02427 0.02452 0.02271 0.02222 0.01775 0.01422 0.01709 0.0251 0.01554 0.01976 0.01248 0.01774 0.022690000000000002 0.02364 0.01893 0.02345 0.0124 0.01651 0.02691 0.026709999999999998 0 0.01516 0.01492 
0.01983 0.01879 0.01916 0.02504 0.01513 0.01925 0.01615 0.023030000000000002 0.01182 0.02198 0.02321 0.01719 0.02221 0.026139999999999997 0.01311 0.02106 0.01683 0.0235 0.01587 0.01064 0.01184 0.02324 0.01516 0 0.01145 
0.01016 0.0204 0.01971 0.02256 0.01855 0.0215 0.022330000000000003 0.01449 0.02327 0.02296 0.01803 0.02041 0.01943 0.01521 0.01485 0.02278 0.022510000000000002 0.01398 0.02651 0.016 0.0183 0.02876 0.01492 0.01145 0 
