36
ABB ABC ABD ACD ADD ADB BBB BBC BBD BCD BDD BDB CBB CBC CBD CCD CDD CDB DBB DBC DBD DCD DDD DDB EBB EBC EBD ECD EDD EDB FBB FBC FBD FCD FCB AAA
0 1.0 2.0 3.0 4.0 2.0 6.0 7.0 8.0 9.0 10.0 8.0 10.0 11.0 12.0 13.0 14.0 12.0 14.0 15.0 16.0 17.0 18.0 16.0 18.0 19.0 20.0 21.0 22.0 20.0 22.0 23.0 24.0 25.0 23.0 2.0 
1.0 0 1.0 2.0 3.0 3.0 7.0 8.0 9.0 10.0 11.0 9.0 11.0 12.0 13.0 14.0 15.0 13.0 15.0 16.0 17.0 18.0 19.0 17.0 19.0 20.0 21.0 22.0 23.0 21.0 23.0 24.0 25.0 26.0 24.0 3.0 
2.0 1.0 0 1.0 2.0 4.0 8.0 9.0 10.0 11.0 12.0 10.0 12.0 13.0 14.0 15.0 16.0 14.0 16.0 17.0 18.0 19.0 20.0 18.0 20.0 21.0 22.0 23.0 24.0 22.0 24.0 25.0 26.0 27.0 25.0 4.0 
3.0 2.0 1.0 0 1.0 3.0 7.0 8.0 9.0 10.0 11.0 9.0 11.0 12.0 13.0 14.0 15.0 13.0 15.0 16.0 17.0 18.0 19.0 17.0 19.0 20.0 21.0 22.0 23.0 21.0 23.0 24.0 25.0 26.0 24.0 5.0 
4.0 3.0 2.0 1.0 0 2.0 6.0 7.0 8.0 9.0 10.0 8.0 10.0 11.0 12.0 13.0 14.0 12.0 14.0 15.0 16.0 17.0 18.0 16.0 18.0 19.0 20.0 21.0 22.0 20.0 22.0 23.0 24.0 25.0 23.0 6.0 
2.0 3.0 4.0 3.0 2.0 0 4.0 5.0 6.0 7.0 8.0 6.0 8.0 9.0 10.0 11.0 12.0 10.0 12.0 13.0 14.0 15.0 16.0 14.0 16.0 17.0 18.0 19.0 20.0 18.0 20.0 21.0 22.0 23.0 21.0 4.0 
6.0 7.0 8.0 7.0 6.0 4.0 0 1.0 2.0 3.0 4.0 2.0 6.0 7.0 8.0 9.0 10.0 8.0 10.0 11.0 12.0 13.0 14.0 12.0 14.0 15.0 16.0 17.0 18.0 16.0 18.0 19.0 20.0 21.0 19.0 6.0 
7.0 8.0 9.0 8.0 7.0 5.0 1.0 0 1.0 2.0 3.0 3.0 7.0 8.0 9.0 10.0 11.0 9.0 11.0 12.0 13.0 14.0 15.0 13.0 15.0 16.0 17.0 18.0 19.0 17.0 19.0 20.0 21.0 22.0 20.0 7.0 
8.0 9.0 10.0 9.0 8.0 6.0 2.0 1.0 0 1.0 2.0 4.0 8.0 9.0 10.0 11.0 12.0 10.0 12.0 13.0 14.0 15.0 16.0 14.0 16.0 17.0 18.0 19.0 20.0 18.0 20.0 21.0 22.0 23.0 21.0 8.0 
9.0 10.0 11.0 10.0 9.0 7.0 3.0 2.0 1.0 0 1.0 3.0 7.0 8.0 9.0 10.0 11.0 9.0 11.0 12.0 13.0 14.0 15.0 13.0 15.0 16.0 17.0 18.0 19.0 17.0 19.0 20.0 21.0 22.0 20.0 9.0 
10.0 11.0 12.0 11.0 10.0 8.0 4.0 3.0 2.0 1.0 0 2.0 6.0 7.0 8.0 9.0 10.0 8.0 10.0 11.0 12.0 13.0 14.0 12.0 14.0 15.0 16.0 17.0 18.0 16.0 18.0 19.0 20.0 21.0 19.0 10.0 
8.0 9.0 10.0 9.0 8.0 6.0 2.0 3.0 4.0 3.0 2.0 0 4.0 5.0 6.0 7.0 8.0 6.0 8.0 9.0 10.0 11.0 12.0 10.0 12.0 13.0 14.0 15.0 16.0 14.0 16.0 17.0 18.0 19.0 17.0 8.0 
10.0 11.0 12.0 11.0 10.0 8.0 6.0 7.0 8.0 7.0 6.0 4.0 0 1.0 2.0 3.0 4.0 2.0 6.0 7.0 8.0 9.0 10.0 8.0 10.0 11.0 12.0 13.0 14.0 12.0 14.0 15.0 16.0 17.0 15.0 10.0 
11.0 12.0 13.0 12.0 11.0 9.0 7.0 8.0 9.0 8.0 7.0 5.0 1.0 0 1.0 2.0 3.0 3.0 7.0 8.0 9.0 10.0 11.0 9.0 11.0 12.0 13.0 14.0 15.0 13.0 15.0 16.0 17.0 18.0 16.0 11.0 
12.0 13.0 14.0 13.0 12.0 10.0 8.0 9.0 10.0 9.0 8.0 6.0 2.0 1.0 0 1.0 2.0 4.0 8.0 9.0 10.0 11.0 12.0 10.0 12.0 13.0 14.0 15.0 16.0 14.0 16.0 17.0 18.0 19.0 17.0 12.0 
13.0 14.0 15.0 14.0 13.0 11.0 9.0 10.0 11.0 10.0 9.0 7.0 3.0 2.0 1.0 0 1.0 3.0 7.0 8.0 9.0 10.0 11.0 9.0 11.0 12.0 13.0 14.0 15.0 13.0 15.0 16.0 17.0 18.0 16.0 13.0 
14.0 15.0 16.0 15.0 14.0 12.0 10.0 11.0 12.0 11.0 10.0 8.0 4.0 3.0 2.0 1.0 0 2.0 6.0 7.0 8.0 9.0 10.0 8.0 10.0 11.0 12.0 13.0 14.0 12.0 14.0 15.0 16.0 17.0 15.0 14.0 
12.0 13.0 14.0 13.0 12.0 10.0 8.0 9.0 10.0 9.0 8.0 6.0 2.0 3.0 4.0 3.0 2.0 0 4.0 5.0 6.0 7.0 8.0 6.0 8.0 9.0 10.0 11.0 12.0 10.0 12.0 13.0 14.0 15.0 13.0 12.0 
14.0 15.0 16.0 15.0 14.0 12.0 10.0 11.0 12.0 11.0 10.0 8.0 6.0 7.0 8.0 7.0 6.0 4.0 0 1.0 2.0 3.0 4.0 2.0 6.0 7.0 8.0 9.0 10.0 8.0 10.0 11.0 12.0 13.0 11.0 14.0 
15.0 16.0 17.0 16.0 15.0 13.0 11.0 12.0 13.0 12.0 11.0 9.0 7.0 8.0 9.0 8.0 7.0 5.0 1.0 0 1.0 2.0 3.0 3.0 7.0 8.0 9.0 10.0 11.0 9.0 11.0 12.0 13.0 14.0 12.0 15.0 
16.0 17.0 18.0 17.0 16.0 14.0 12.0 13.0 14.0 13.0 12.0 10.0 8.0 9.0 10.0 9.0 8.0 6.0 2.0 1.0 0 1.0 2.0 4.0 8.0 9.0 10.0 11.0 12.0 10.0 12.0 13.0 14.0 15.0 13.0 16.0 
17.0 18.0 19.0 18.0 17.0 15.0 13.0 14.0 15.0 14.0 13.0 11.0 9.0 10.0 11.0 10.0 9.0 7.0 3.0 2.0 1.0 0 1.0 3.0 7.0 8.0 9.0 10.0 11.0 9.0 11.0 12.0 13.0 14.0 12.0 17.0 
18.0 19.0 20.0 19.0 18.0 16.0 14.0 15.0 16.0 15.0 14.0 12.0 10.0 11.0 12.0 11.0 10.0 8.0 4.0 3.0 2.0 1.0 0 2.0 6.0 7.0 8.0 9.0 10.0 8.0 10.0 11.0 12.0 13.0 11.0 18.0 
16.0 17.0 18.0 17.0 16.0 14.0 12.0 13.0 14.0 13.0 12.0 10.0 8.0 9.0 10.0 9.0 8.0 6.0 2.0 3.0 4.0 3.0 2.0 0 4.0 5.0 6.0 7.0 8.0 6.0 8.0 9.0 10.0 11.0 9.0 16.0 
18.0 19.0 20.0 19.0 18.0 16.0 14.0 15.0 16.0 15.0 14.0 12.0 10.0 11.0 12.0 11.0 10.0 8.0 6.0 7.0 8.0 7.0 6.0 4.0 0 1.0 2.0 3.0 4.0 2.0 6.0 7.0 8.0 9.0 7.0 18.0 
19.0 20.0 21.0 20.0 19.0 17.0 15.0 16.0 17.0 16.0 15.0 13.0 11.0 12.0 13.0 12.0 11.0 9.0 7.0 8.0 9.0 8.0 7.0 5.0 1.0 0 1.0 2.0 3.0 3.0 7.0 8.0 9.0 10.0 8.0 19.0 
20.0 21.0 22.0 21.0 20.0 18.0 16.0 17.0 18.0 17.0 16.0 14.0 12.0 13.0 14.0 13.0 12.0 10.0 8.0 9.0 10.0 9.0 8.0 6.0 2.0 1.0 0 1.0 2.0 4.0 8.0 9.0 10.0 11.0 9.0 20.0 
21.0 22.0 23.0 22.0 21.0 19.0 17.0 18.0 19.0 18.0 17.0 15.0 13.0 14.0 15.0 14.0 13.0 11.0 9.0 10.0 11.0 10.0 9.0 7.0 3.0 2.0 1.0 0 1.0 3.0 7.0 8.0 9.0 10.0 8.0 21.0 
22.0 23.0 24.0 23.0 22.0 20.0 18.0 19.0 20.0 19.0 18.0 16.0 14.0 15.0 16.0 15.0 14.0 12.0 10.0 11.0 12.0 11.0 10.0 8.0 4.0 3.0 2.0 1.0 0 2.0 6.0 7.0 8.0 9.0 7.0 22.0 
20.0 21.0 22.0 21.0 20.0 18.0 16.0 17.0 18.0 17.0 16.0 14.0 12.0 13.0 14.0 13.0 12.0 10.0 8.0 9.0 10.0 9.0 8.0 6.0 2.0 3.0 4.0 3.0 2.0 0 4.0 5.0 6.0 7.0 5.0 20.0 
22.0 23.0 24.0 23.0 22.0 20.0 18.0 19.0 20.0 19.0 18.0 16.0 14.0 15.0 16.0 15.0 14.0 12.0 10.0 11.0 12.0 11.0 10.0 8.0 6.0 7.0 8.0 7.0 6.0 4.0 0 1.0 2.0 3.0 1.0 22.0 
23.0 24.0 25.0 24.0 23.0 21.0 19.0 20.0 21.0 20.0 19.0 17.0 15.0 16.0 17.0 16.0 15.0 13.0 11.0 12.0 13.0 12.0 11.0 9.0 7.0 8.0 9.0 8.0 7.0 5.0 1.0 0 1.0 2.0 2.0 23.0 
24.0 25.0 26.0 25.0 24.0 22.0 20.0 21.0 22.0 21.0 20.0 18.0 16.0 17.0 18.0 17.0 16.0 14.0 12.0 13.0 14.0 13.0 12.0 10.0 8.0 9.0 10.0 9.0 8.0 6.0 2.0 1.0 0 1.0 3.0 24.0 
25.0 26.0 27.0 26.0 25.0 23.0 21.0 22.0 23.0 22.0 21.0 19.0 17.0 18.0 19.0 18.0 17.0 15.0 13.0 14.0 15.0 14.0 13.0 11.0 9.0 10.0 11.0 10.0 9.0 7.0 3.0 2.0 1.0 0 2.0 25.0 
23.0 24.0 25.0 24.0 23.0 21.0 19.0 20.0 21.0 20.0 19.0 17.0 15.0 16.0 17.0 16.0 15.0 13.0 11.0 12.0 13.0 12.0 11.0 9.0 7.0 8.0 9.0 8.0 7.0 5.0 1.0 2.0 3.0 2.0 0 23.0 
2.0 3.0 4.0 5.0 6.0 4.0 6.0 7.0 8.0 9.0 10.0 8.0 10.0 11.0 12.0 13.0 14.0 12.0 14.0 15.0 16.0 17.0 18.0 16.0 18.0 19.0 20.0 21.0 22.0 20.0 22.0 23.0 24.0 25.0 23.0 0 
