79
Location50 Location190 Location0 Location27 Location19 Location25 Location112 Location41 Location102 Location119 Location39 Location89 Location11 Location10 Location74 Location26 Location125 Location16 Location48 Location179 Location163 Location36 Location145 Location29 Location180 Location12 Location60 Location88 Location57 Location105 Location30 Location34 Location32 Location120 Location42 Location70 Location49 Location75 Location184 Location99 Location56 Location113 Location1 Location132 Location151 Location28 Location43 Location182 Location187 Location115 Location143 Location33 Location188 Location168 Location64 Location144 Location62 Location181 Location191 Location104 Location149 Location72 Location40 Location162 Location129 Location135 Location9 Location158 Location154 Location189 Location123 Location118 Location127 Location173 Location134 Location101 Location96 Location176 Soda
0 1.0 2.0 3.0 4.0 5.0 4.0 5.0 4.0 3.0 3.0 4.0 3.0 4.0 4.0 3.0 2.0 3.0 4.0 4.0 3.0 4.0 3.0 5.0 4.0 4.0 3.0 4.0 5.0 4.0 3.0 4.0 4.0 5.0 4.0 4.0 4.0 4.0 4.0 3.0 2.0 3.0 2.0 3.0 4.0 4.0 4.0 4.0 3.0 4.0 5.0 5.0 4.0 4.0 3.0 4.0 6.0 5.0 4.0 4.0 5.0 4.0 5.0 4.0 4.0 4.0 5.0 4.0 3.0 4.0 5.0 4.0 4.0 4.0 2.0 3.0 3.0 2.0 1.0 
1.0 0 1.0 2.0 3.0 4.0 4.0 5.0 4.0 3.0 2.0 3.0 4.0 5.0 5.0 4.0 3.0 3.0 3.0 3.0 2.0 3.0 2.0 4.0 3.0 4.0 3.0 3.0 4.0 4.0 4.0 3.0 3.0 4.0 4.0 4.0 3.0 4.0 3.0 2.0 1.0 2.0 3.0 4.0 4.0 3.0 3.0 4.0 3.0 3.0 4.0 5.0 4.0 3.0 3.0 4.0 6.0 5.0 4.0 4.0 4.0 3.0 4.0 3.0 3.0 4.0 4.0 3.0 4.0 3.0 4.0 3.0 3.0 4.0 1.0 2.0 2.0 1.0 2.0 
2.0 1.0 0 1.0 2.0 3.0 3.0 4.0 3.0 3.0 3.0 4.0 4.0 4.0 5.0 5.0 4.0 3.0 2.0 3.0 3.0 2.0 1.0 3.0 3.0 3.0 2.0 3.0 4.0 3.0 4.0 3.0 4.0 3.0 4.0 4.0 4.0 4.0 4.0 3.0 2.0 3.0 4.0 4.0 3.0 4.0 2.0 3.0 4.0 2.0 3.0 4.0 3.0 2.0 3.0 3.0 5.0 4.0 3.0 3.0 4.0 4.0 4.0 4.0 4.0 3.0 4.0 4.0 5.0 4.0 4.0 4.0 3.0 3.0 2.0 3.0 3.0 2.0 3.0 
3.0 2.0 1.0 0 1.0 2.0 2.0 3.0 2.0 2.0 3.0 3.0 4.0 4.0 4.0 4.0 4.0 4.0 3.0 3.0 2.0 3.0 2.0 3.0 2.0 2.0 1.0 2.0 3.0 3.0 3.0 2.0 3.0 2.0 3.0 3.0 4.0 3.0 3.0 2.0 3.0 4.0 3.0 4.0 4.0 3.0 3.0 3.0 3.0 1.0 2.0 3.0 2.0 1.0 2.0 2.0 4.0 3.0 4.0 3.0 4.0 3.0 3.0 4.0 3.0 3.0 4.0 4.0 5.0 4.0 3.0 4.0 2.0 3.0 3.0 3.0 4.0 3.0 4.0 
4.0 3.0 2.0 1.0 0 1.0 2.0 3.0 3.0 3.0 4.0 4.0 4.0 4.0 3.0 4.0 4.0 4.0 3.0 2.0 1.0 2.0 3.0 4.0 3.0 3.0 2.0 2.0 3.0 4.0 3.0 3.0 4.0 3.0 3.0 3.0 4.0 3.0 2.0 1.0 2.0 3.0 4.0 5.0 4.0 3.0 4.0 4.0 2.0 1.0 2.0 3.0 3.0 2.0 3.0 2.0 4.0 4.0 4.0 4.0 5.0 4.0 2.0 3.0 2.0 3.0 4.0 5.0 4.0 3.0 4.0 4.0 3.0 3.0 4.0 4.0 3.0 2.0 5.0 
5.0 4.0 3.0 2.0 1.0 0 1.0 2.0 3.0 4.0 5.0 4.0 3.0 4.0 2.0 3.0 4.0 5.0 4.0 3.0 2.0 3.0 3.0 4.0 3.0 4.0 3.0 3.0 2.0 3.0 3.0 2.0 4.0 4.0 4.0 4.0 3.0 3.0 3.0 2.0 3.0 4.0 5.0 6.0 5.0 4.0 5.0 5.0 3.0 2.0 3.0 4.0 4.0 3.0 4.0 3.0 5.0 5.0 4.0 3.0 4.0 4.0 3.0 4.0 3.0 3.0 4.0 5.0 4.0 4.0 3.0 4.0 3.0 4.0 5.0 5.0 4.0 3.0 4.0 
4.0 4.0 3.0 2.0 2.0 1.0 0 1.0 2.0 3.0 4.0 3.0 4.0 5.0 3.0 2.0 3.0 4.0 4.0 4.0 3.0 3.0 3.0 4.0 3.0 4.0 3.0 4.0 3.0 3.0 3.0 2.0 4.0 4.0 4.0 3.0 2.0 2.0 3.0 3.0 4.0 5.0 4.0 5.0 4.0 4.0 4.0 4.0 3.0 3.0 4.0 5.0 4.0 3.0 3.0 3.0 5.0 5.0 4.0 3.0 3.0 4.0 2.0 3.0 4.0 3.0 4.0 4.0 4.0 3.0 2.0 3.0 2.0 3.0 4.0 5.0 4.0 4.0 4.0 
5.0 5.0 4.0 3.0 3.0 2.0 1.0 0 1.0 2.0 3.0 3.0 4.0 5.0 4.0 3.0 4.0 4.0 5.0 5.0 4.0 4.0 4.0 5.0 4.0 5.0 4.0 5.0 4.0 4.0 4.0 3.0 4.0 4.0 3.0 4.0 3.0 3.0 3.0 4.0 4.0 5.0 5.0 5.0 4.0 3.0 5.0 4.0 4.0 4.0 4.0 5.0 4.0 3.0 4.0 4.0 6.0 4.0 4.0 4.0 4.0 5.0 3.0 4.0 4.0 4.0 5.0 5.0 4.0 2.0 1.0 2.0 2.0 2.0 4.0 5.0 4.0 5.0 5.0 
4.0 4.0 3.0 2.0 3.0 3.0 2.0 1.0 0 1.0 2.0 3.0 4.0 5.0 5.0 4.0 4.0 4.0 4.0 4.0 4.0 5.0 4.0 4.0 3.0 4.0 3.0 4.0 5.0 4.0 3.0 4.0 4.0 3.0 2.0 3.0 4.0 3.0 4.0 4.0 5.0 5.0 4.0 4.0 3.0 2.0 4.0 3.0 3.0 3.0 4.0 4.0 3.0 2.0 3.0 4.0 6.0 3.0 4.0 4.0 5.0 4.0 4.0 5.0 5.0 5.0 6.0 5.0 5.0 3.0 2.0 3.0 3.0 3.0 5.0 4.0 3.0 4.0 5.0 
3.0 3.0 3.0 2.0 3.0 4.0 3.0 2.0 1.0 0 1.0 2.0 3.0 4.0 4.0 4.0 3.0 4.0 3.0 4.0 3.0 4.0 4.0 3.0 2.0 3.0 3.0 4.0 4.0 3.0 2.0 3.0 3.0 2.0 1.0 3.0 3.0 3.0 4.0 4.0 4.0 4.0 3.0 4.0 4.0 3.0 4.0 3.0 2.0 3.0 4.0 3.0 2.0 1.0 3.0 4.0 6.0 3.0 4.0 3.0 4.0 3.0 5.0 4.0 4.0 4.0 5.0 4.0 4.0 4.0 3.0 4.0 3.0 3.0 4.0 5.0 4.0 4.0 4.0 
3.0 2.0 3.0 3.0 4.0 5.0 4.0 3.0 2.0 1.0 0 1.0 2.0 3.0 3.0 4.0 3.0 3.0 2.0 3.0 4.0 4.0 3.0 4.0 3.0 4.0 4.0 4.0 3.0 2.0 3.0 4.0 4.0 3.0 2.0 3.0 2.0 4.0 4.0 4.0 3.0 4.0 4.0 5.0 4.0 4.0 3.0 4.0 3.0 4.0 5.0 4.0 3.0 2.0 4.0 3.0 5.0 4.0 3.0 4.0 4.0 3.0 4.0 3.0 3.0 3.0 4.0 3.0 4.0 3.0 3.0 4.0 2.0 2.0 3.0 4.0 4.0 3.0 3.0 
4.0 3.0 4.0 3.0 4.0 4.0 3.0 3.0 3.0 2.0 1.0 0 1.0 2.0 2.0 3.0 2.0 3.0 3.0 4.0 4.0 5.0 4.0 3.0 4.0 5.0 4.0 4.0 4.0 3.0 4.0 3.0 3.0 4.0 3.0 3.0 3.0 3.0 4.0 3.0 2.0 3.0 4.0 5.0 5.0 5.0 4.0 3.0 3.0 4.0 4.0 5.0 4.0 3.0 3.0 4.0 6.0 3.0 2.0 3.0 3.0 4.0 5.0 4.0 3.0 4.0 5.0 4.0 5.0 3.0 2.0 3.0 1.0 3.0 4.0 3.0 4.0 4.0 4.0 
3.0 4.0 4.0 4.0 4.0 3.0 4.0 4.0 4.0 3.0 2.0 1.0 0 1.0 1.0 2.0 1.0 2.0 3.0 3.0 4.0 4.0 3.0 2.0 3.0 4.0 4.0 4.0 3.0 3.0 4.0 3.0 3.0 4.0 4.0 4.0 4.0 4.0 5.0 4.0 3.0 3.0 3.0 4.0 4.0 4.0 4.0 4.0 4.0 4.0 5.0 6.0 5.0 4.0 4.0 3.0 5.0 2.0 1.0 2.0 2.0 4.0 4.0 3.0 3.0 3.0 4.0 5.0 4.0 4.0 3.0 3.0 2.0 3.0 4.0 4.0 3.0 4.0 4.0 
4.0 5.0 4.0 4.0 4.0 4.0 5.0 5.0 5.0 4.0 3.0 2.0 1.0 0 2.0 3.0 2.0 3.0 4.0 4.0 5.0 5.0 4.0 3.0 4.0 5.0 5.0 5.0 4.0 3.0 4.0 4.0 3.0 4.0 5.0 5.0 5.0 5.0 5.0 5.0 4.0 4.0 4.0 5.0 5.0 5.0 4.0 5.0 5.0 3.0 4.0 5.0 6.0 5.0 3.0 2.0 4.0 3.0 2.0 3.0 3.0 4.0 5.0 4.0 4.0 4.0 5.0 6.0 5.0 4.0 4.0 4.0 3.0 3.0 5.0 5.0 4.0 5.0 5.0 
4.0 5.0 5.0 4.0 3.0 2.0 3.0 4.0 5.0 4.0 3.0 2.0 1.0 2.0 0 1.0 2.0 3.0 4.0 4.0 4.0 5.0 4.0 3.0 4.0 5.0 4.0 3.0 2.0 4.0 4.0 4.0 4.0 5.0 5.0 5.0 5.0 5.0 4.0 4.0 4.0 4.0 4.0 4.0 3.0 4.0 4.0 5.0 5.0 4.0 5.0 6.0 6.0 5.0 5.0 4.0 6.0 3.0 2.0 3.0 3.0 4.0 3.0 4.0 4.0 4.0 5.0 4.0 3.0 3.0 4.0 4.0 3.0 4.0 5.0 4.0 3.0 4.0 5.0 
3.0 4.0 5.0 4.0 4.0 3.0 2.0 3.0 4.0 4.0 4.0 3.0 2.0 3.0 1.0 0 1.0 2.0 3.0 4.0 4.0 5.0 5.0 4.0 4.0 5.0 4.0 3.0 2.0 4.0 4.0 3.0 3.0 4.0 5.0 4.0 4.0 4.0 3.0 4.0 3.0 4.0 3.0 4.0 4.0 5.0 5.0 6.0 4.0 4.0 5.0 6.0 5.0 5.0 4.0 3.0 5.0 4.0 3.0 4.0 4.0 5.0 2.0 3.0 3.0 3.0 4.0 3.0 2.0 2.0 3.0 3.0 3.0 3.0 4.0 4.0 4.0 5.0 4.0 
2.0 3.0 4.0 4.0 4.0 4.0 3.0 4.0 4.0 3.0 3.0 2.0 1.0 2.0 2.0 1.0 0 1.0 2.0 3.0 3.0 4.0 4.0 3.0 3.0 4.0 3.0 3.0 3.0 4.0 3.0 2.0 2.0 3.0 4.0 4.0 3.0 4.0 4.0 3.0 2.0 3.0 2.0 3.0 4.0 4.0 4.0 5.0 3.0 4.0 4.0 5.0 5.0 4.0 3.0 3.0 5.0 3.0 2.0 3.0 3.0 4.0 3.0 2.0 2.0 2.0 3.0 4.0 3.0 3.0 3.0 2.0 2.0 4.0 3.0 3.0 4.0 4.0 3.0 
3.0 3.0 3.0 4.0 4.0 5.0 4.0 4.0 4.0 4.0 3.0 3.0 2.0 3.0 3.0 2.0 1.0 0 1.0 2.0 3.0 4.0 4.0 3.0 2.0 3.0 4.0 4.0 3.0 3.0 4.0 3.0 3.0 4.0 5.0 3.0 4.0 3.0 3.0 4.0 3.0 4.0 3.0 4.0 4.0 4.0 3.0 4.0 4.0 3.0 4.0 5.0 4.0 3.0 3.0 2.0 4.0 3.0 3.0 4.0 4.0 4.0 4.0 3.0 3.0 3.0 4.0 5.0 4.0 2.0 3.0 3.0 3.0 3.0 2.0 3.0 4.0 4.0 4.0 
4.0 3.0 2.0 3.0 3.0 4.0 4.0 5.0 4.0 3.0 2.0 3.0 3.0 4.0 4.0 3.0 2.0 1.0 0 1.0 2.0 3.0 3.0 3.0 3.0 4.0 4.0 3.0 2.0 2.0 3.0 4.0 4.0 4.0 4.0 4.0 3.0 2.0 3.0 4.0 4.0 4.0 4.0 4.0 3.0 3.0 2.0 3.0 3.0 3.0 4.0 4.0 3.0 4.0 3.0 3.0 5.0 4.0 3.0 3.0 4.0 3.0 5.0 4.0 3.0 4.0 5.0 5.0 4.0 3.0 4.0 4.0 3.0 3.0 3.0 4.0 4.0 3.0 4.0 
4.0 3.0 3.0 3.0 2.0 3.0 4.0 5.0 4.0 4.0 3.0 4.0 3.0 4.0 4.0 4.0 3.0 2.0 1.0 0 1.0 2.0 2.0 2.0 3.0 4.0 3.0 2.0 3.0 3.0 3.0 4.0 4.0 4.0 3.0 3.0 2.0 3.0 3.0 3.0 4.0 4.0 3.0 4.0 3.0 2.0 3.0 4.0 2.0 2.0 3.0 3.0 2.0 3.0 3.0 3.0 5.0 3.0 2.0 3.0 3.0 4.0 4.0 4.0 2.0 3.0 4.0 4.0 5.0 3.0 4.0 4.0 4.0 3.0 3.0 3.0 3.0 2.0 3.0 
3.0 2.0 3.0 2.0 1.0 2.0 3.0 4.0 4.0 3.0 4.0 4.0 4.0 5.0 4.0 4.0 3.0 3.0 2.0 1.0 0 1.0 2.0 3.0 3.0 3.0 2.0 1.0 2.0 3.0 2.0 3.0 4.0 3.0 2.0 2.0 3.0 2.0 3.0 2.0 3.0 4.0 4.0 5.0 4.0 3.0 3.0 3.0 1.0 2.0 3.0 4.0 3.0 3.0 3.0 3.0 5.0 4.0 3.0 3.0 4.0 4.0 3.0 3.0 1.0 2.0 3.0 4.0 4.0 2.0 3.0 4.0 4.0 2.0 3.0 3.0 2.0 1.0 4.0 
4.0 3.0 2.0 3.0 2.0 3.0 3.0 4.0 5.0 4.0 4.0 5.0 4.0 5.0 5.0 5.0 4.0 4.0 3.0 2.0 1.0 0 1.0 3.0 2.0 3.0 3.0 2.0 3.0 2.0 3.0 3.0 5.0 4.0 3.0 3.0 4.0 3.0 4.0 3.0 4.0 5.0 5.0 6.0 5.0 4.0 4.0 4.0 2.0 3.0 4.0 5.0 4.0 3.0 4.0 4.0 6.0 4.0 3.0 2.0 3.0 3.0 4.0 4.0 2.0 2.0 3.0 4.0 5.0 3.0 4.0 5.0 5.0 3.0 4.0 4.0 3.0 2.0 5.0 
3.0 2.0 1.0 2.0 3.0 3.0 3.0 4.0 4.0 4.0 3.0 4.0 3.0 4.0 4.0 5.0 4.0 4.0 3.0 2.0 2.0 1.0 0 2.0 2.0 3.0 3.0 3.0 4.0 2.0 3.0 3.0 5.0 4.0 4.0 4.0 4.0 4.0 5.0 4.0 3.0 4.0 5.0 5.0 4.0 4.0 3.0 4.0 3.0 3.0 4.0 5.0 4.0 3.0 4.0 4.0 6.0 3.0 2.0 2.0 3.0 3.0 5.0 4.0 3.0 2.0 3.0 4.0 5.0 4.0 4.0 4.0 4.0 3.0 3.0 4.0 4.0 3.0 4.0 
5.0 4.0 3.0 3.0 4.0 4.0 4.0 5.0 4.0 3.0 4.0 3.0 2.0 3.0 3.0 4.0 3.0 3.0 3.0 2.0 3.0 3.0 2.0 0 1.0 2.0 3.0 4.0 5.0 3.0 4.0 4.0 4.0 3.0 4.0 3.0 4.0 5.0 4.0 5.0 5.0 5.0 5.0 6.0 5.0 4.0 5.0 5.0 4.0 4.0 5.0 4.0 3.0 2.0 3.0 4.0 4.0 1.0 1.0 2.0 2.0 4.0 5.0 5.0 4.0 3.0 4.0 5.0 5.0 3.0 4.0 3.0 4.0 4.0 3.0 4.0 3.0 4.0 5.0 
4.0 3.0 3.0 2.0 3.0 3.0 3.0 4.0 3.0 2.0 3.0 4.0 3.0 4.0 4.0 4.0 3.0 2.0 3.0 3.0 3.0 2.0 2.0 1.0 0 1.0 2.0 3.0 4.0 2.0 3.0 3.0 3.0 2.0 3.0 3.0 4.0 4.0 3.0 4.0 4.0 5.0 4.0 5.0 5.0 5.0 4.0 5.0 4.0 3.0 4.0 3.0 2.0 1.0 3.0 4.0 5.0 2.0 2.0 2.0 3.0 3.0 5.0 4.0 3.0 2.0 3.0 4.0 4.0 2.0 3.0 4.0 4.0 3.0 2.0 3.0 4.0 4.0 5.0 
4.0 4.0 3.0 2.0 3.0 4.0 4.0 5.0 4.0 3.0 4.0 5.0 4.0 5.0 5.0 5.0 4.0 3.0 4.0 4.0 3.0 3.0 3.0 2.0 1.0 0 1.0 2.0 3.0 3.0 3.0 4.0 2.0 1.0 2.0 4.0 5.0 4.0 4.0 4.0 4.0 4.0 3.0 4.0 5.0 4.0 4.0 4.0 4.0 3.0 4.0 4.0 3.0 2.0 3.0 4.0 6.0 3.0 3.0 3.0 4.0 2.0 5.0 5.0 4.0 3.0 4.0 5.0 5.0 3.0 4.0 4.0 4.0 3.0 3.0 3.0 4.0 4.0 5.0 
3.0 3.0 2.0 1.0 2.0 3.0 3.0 4.0 3.0 3.0 4.0 4.0 4.0 5.0 4.0 4.0 3.0 4.0 4.0 3.0 2.0 3.0 3.0 3.0 2.0 1.0 0 1.0 2.0 4.0 3.0 3.0 3.0 2.0 2.0 4.0 4.0 4.0 4.0 3.0 3.0 3.0 2.0 3.0 4.0 3.0 3.0 4.0 3.0 2.0 3.0 4.0 3.0 2.0 3.0 3.0 5.0 4.0 4.0 4.0 4.0 3.0 4.0 5.0 3.0 4.0 5.0 5.0 4.0 3.0 3.0 3.0 3.0 2.0 3.0 2.0 3.0 3.0 4.0 
4.0 3.0 3.0 2.0 2.0 3.0 4.0 5.0 4.0 4.0 4.0 4.0 4.0 5.0 3.0 3.0 3.0 4.0 3.0 2.0 1.0 2.0 3.0 4.0 3.0 2.0 1.0 0 1.0 3.0 3.0 3.0 3.0 3.0 3.0 3.0 4.0 3.0 4.0 3.0 3.0 4.0 3.0 4.0 4.0 4.0 3.0 4.0 2.0 3.0 4.0 5.0 4.0 3.0 3.0 4.0 6.0 5.0 4.0 4.0 5.0 4.0 4.0 4.0 2.0 3.0 4.0 4.0 3.0 3.0 4.0 3.0 3.0 3.0 4.0 3.0 3.0 2.0 5.0 
5.0 4.0 4.0 3.0 3.0 2.0 3.0 4.0 5.0 4.0 3.0 4.0 3.0 4.0 2.0 2.0 3.0 3.0 2.0 3.0 2.0 3.0 4.0 5.0 4.0 3.0 2.0 1.0 0 2.0 3.0 4.0 4.0 4.0 4.0 4.0 5.0 4.0 3.0 4.0 4.0 5.0 4.0 5.0 5.0 5.0 4.0 5.0 3.0 4.0 5.0 6.0 5.0 4.0 3.0 4.0 6.0 5.0 4.0 3.0 4.0 3.0 4.0 5.0 3.0 4.0 4.0 3.0 2.0 2.0 3.0 4.0 4.0 3.0 4.0 4.0 4.0 3.0 4.0 
4.0 4.0 3.0 3.0 4.0 3.0 3.0 4.0 4.0 3.0 2.0 3.0 3.0 3.0 4.0 4.0 4.0 3.0 2.0 3.0 3.0 2.0 2.0 3.0 2.0 3.0 4.0 3.0 2.0 0 1.0 2.0 3.0 2.0 2.0 4.0 4.0 3.0 4.0 4.0 3.0 4.0 4.0 5.0 4.0 5.0 3.0 4.0 2.0 3.0 3.0 4.0 4.0 3.0 3.0 3.0 5.0 4.0 3.0 2.0 3.0 1.0 4.0 4.0 3.0 2.0 3.0 4.0 4.0 3.0 3.0 4.0 4.0 2.0 4.0 5.0 4.0 4.0 5.0 
3.0 4.0 4.0 3.0 3.0 3.0 3.0 4.0 3.0 2.0 3.0 4.0 4.0 4.0 4.0 4.0 3.0 4.0 3.0 3.0 2.0 3.0 3.0 4.0 3.0 3.0 3.0 3.0 3.0 1.0 0 1.0 3.0 2.0 1.0 3.0 3.0 2.0 3.0 4.0 3.0 3.0 4.0 4.0 3.0 4.0 3.0 3.0 1.0 2.0 2.0 3.0 3.0 3.0 3.0 3.0 5.0 5.0 4.0 3.0 4.0 2.0 3.0 4.0 3.0 3.0 4.0 5.0 5.0 4.0 4.0 3.0 3.0 3.0 3.0 4.0 3.0 3.0 4.0 
4.0 3.0 3.0 2.0 3.0 2.0 2.0 3.0 4.0 3.0 4.0 3.0 3.0 4.0 4.0 3.0 2.0 3.0 4.0 4.0 3.0 3.0 3.0 4.0 3.0 4.0 3.0 3.0 4.0 2.0 1.0 0 2.0 3.0 2.0 4.0 4.0 3.0 4.0 3.0 2.0 3.0 3.0 4.0 4.0 4.0 4.0 4.0 2.0 3.0 3.0 4.0 4.0 3.0 4.0 4.0 6.0 5.0 4.0 3.0 4.0 3.0 4.0 4.0 4.0 3.0 4.0 5.0 5.0 4.0 3.0 2.0 2.0 4.0 4.0 3.0 4.0 4.0 4.0 
4.0 3.0 4.0 3.0 4.0 4.0 4.0 4.0 4.0 3.0 4.0 3.0 3.0 3.0 4.0 3.0 2.0 3.0 4.0 4.0 4.0 5.0 5.0 4.0 3.0 2.0 3.0 3.0 4.0 3.0 3.0 2.0 0 1.0 2.0 4.0 5.0 4.0 4.0 3.0 2.0 3.0 3.0 4.0 4.0 4.0 4.0 4.0 4.0 4.0 5.0 6.0 5.0 4.0 3.0 4.0 6.0 5.0 4.0 5.0 5.0 2.0 4.0 4.0 4.0 4.0 5.0 6.0 5.0 4.0 3.0 2.0 2.0 4.0 4.0 3.0 4.0 4.0 4.0 
5.0 4.0 3.0 2.0 3.0 4.0 4.0 4.0 3.0 2.0 3.0 4.0 4.0 4.0 5.0 4.0 3.0 4.0 4.0 4.0 3.0 4.0 4.0 3.0 2.0 1.0 2.0 3.0 4.0 2.0 2.0 3.0 1.0 0 1.0 3.0 4.0 3.0 4.0 4.0 3.0 4.0 4.0 5.0 4.0 5.0 4.0 3.0 3.0 3.0 4.0 5.0 4.0 3.0 2.0 3.0 5.0 4.0 4.0 4.0 4.0 1.0 4.0 5.0 4.0 4.0 5.0 5.0 6.0 4.0 4.0 3.0 3.0 3.0 4.0 4.0 4.0 4.0 5.0 
4.0 4.0 4.0 3.0 3.0 4.0 4.0 3.0 2.0 1.0 2.0 3.0 4.0 5.0 5.0 5.0 4.0 5.0 4.0 3.0 2.0 3.0 4.0 4.0 3.0 2.0 2.0 3.0 4.0 2.0 1.0 2.0 2.0 1.0 0 2.0 3.0 2.0 3.0 4.0 4.0 4.0 4.0 5.0 4.0 4.0 3.0 2.0 2.0 3.0 3.0 4.0 3.0 2.0 3.0 4.0 6.0 4.0 5.0 4.0 5.0 2.0 4.0 5.0 3.0 4.0 5.0 5.0 5.0 3.0 3.0 4.0 4.0 2.0 4.0 4.0 4.0 3.0 5.0 
4.0 4.0 4.0 3.0 3.0 4.0 3.0 4.0 3.0 3.0 3.0 3.0 4.0 5.0 5.0 4.0 4.0 3.0 4.0 3.0 2.0 3.0 4.0 3.0 3.0 4.0 4.0 3.0 4.0 4.0 3.0 4.0 4.0 3.0 2.0 0 1.0 2.0 3.0 4.0 4.0 5.0 4.0 5.0 4.0 5.0 3.0 2.0 3.0 4.0 4.0 4.0 3.0 2.0 2.0 3.0 5.0 2.0 3.0 4.0 4.0 4.0 5.0 4.0 3.0 4.0 4.0 3.0 4.0 2.0 3.0 4.0 4.0 3.0 3.0 4.0 4.0 3.0 4.0 
4.0 3.0 4.0 4.0 4.0 3.0 2.0 3.0 4.0 3.0 2.0 3.0 4.0 5.0 5.0 4.0 3.0 4.0 3.0 2.0 3.0 4.0 4.0 4.0 4.0 5.0 4.0 4.0 5.0 4.0 3.0 4.0 5.0 4.0 3.0 1.0 0 2.0 3.0 4.0 4.0 5.0 4.0 5.0 4.0 4.0 3.0 3.0 2.0 4.0 4.0 3.0 2.0 3.0 3.0 4.0 6.0 3.0 4.0 4.0 3.0 5.0 4.0 3.0 3.0 3.0 3.0 2.0 3.0 3.0 4.0 5.0 4.0 4.0 3.0 4.0 5.0 4.0 3.0 
4.0 4.0 4.0 3.0 3.0 3.0 2.0 3.0 3.0 3.0 4.0 3.0 4.0 5.0 5.0 4.0 4.0 3.0 2.0 3.0 2.0 3.0 4.0 5.0 4.0 4.0 4.0 3.0 4.0 3.0 2.0 3.0 4.0 3.0 2.0 2.0 2.0 0 1.0 2.0 3.0 4.0 4.0 5.0 4.0 5.0 3.0 2.0 1.0 3.0 3.0 4.0 3.0 4.0 3.0 4.0 6.0 4.0 4.0 4.0 3.0 4.0 4.0 5.0 3.0 4.0 5.0 4.0 4.0 2.0 3.0 4.0 4.0 3.0 4.0 4.0 4.0 3.0 4.0 
4.0 3.0 4.0 3.0 2.0 3.0 3.0 3.0 4.0 4.0 4.0 4.0 5.0 5.0 4.0 3.0 4.0 3.0 3.0 3.0 3.0 4.0 5.0 4.0 3.0 4.0 4.0 4.0 3.0 4.0 3.0 4.0 4.0 4.0 3.0 3.0 3.0 1.0 0 1.0 2.0 3.0 4.0 5.0 5.0 5.0 4.0 3.0 2.0 3.0 4.0 5.0 4.0 4.0 4.0 4.0 6.0 5.0 5.0 5.0 4.0 4.0 4.0 5.0 4.0 4.0 5.0 4.0 3.0 1.0 2.0 3.0 3.0 2.0 3.0 4.0 5.0 4.0 5.0 
3.0 2.0 3.0 2.0 1.0 2.0 3.0 4.0 4.0 4.0 4.0 3.0 4.0 5.0 4.0 4.0 3.0 4.0 4.0 3.0 2.0 3.0 4.0 5.0 4.0 4.0 3.0 3.0 4.0 4.0 4.0 3.0 3.0 4.0 4.0 4.0 4.0 2.0 1.0 0 1.0 2.0 3.0 4.0 4.0 4.0 5.0 4.0 3.0 2.0 3.0 4.0 4.0 3.0 4.0 3.0 5.0 5.0 5.0 5.0 4.0 3.0 3.0 4.0 3.0 4.0 5.0 5.0 4.0 2.0 3.0 3.0 3.0 3.0 3.0 4.0 4.0 3.0 4.0 
2.0 1.0 2.0 3.0 2.0 3.0 4.0 4.0 5.0 4.0 3.0 2.0 3.0 4.0 4.0 3.0 2.0 3.0 4.0 4.0 3.0 4.0 3.0 5.0 4.0 4.0 3.0 3.0 4.0 3.0 3.0 2.0 2.0 3.0 4.0 4.0 4.0 3.0 2.0 1.0 0 1.0 2.0 3.0 3.0 4.0 4.0 3.0 3.0 3.0 4.0 5.0 5.0 4.0 4.0 4.0 6.0 5.0 4.0 4.0 3.0 2.0 3.0 4.0 3.0 4.0 5.0 4.0 5.0 3.0 3.0 2.0 2.0 4.0 2.0 3.0 3.0 2.0 3.0 
3.0 2.0 3.0 4.0 3.0 4.0 5.0 5.0 5.0 4.0 4.0 3.0 3.0 4.0 4.0 4.0 3.0 4.0 4.0 4.0 4.0 5.0 4.0 5.0 5.0 4.0 3.0 4.0 5.0 4.0 3.0 3.0 3.0 4.0 4.0 5.0 5.0 4.0 3.0 2.0 1.0 0 1.0 2.0 3.0 4.0 4.0 4.0 4.0 4.0 5.0 6.0 5.0 5.0 4.0 5.0 7.0 5.0 4.0 4.0 4.0 3.0 4.0 4.0 4.0 4.0 5.0 5.0 4.0 4.0 4.0 3.0 3.0 4.0 3.0 3.0 4.0 3.0 3.0 
2.0 3.0 4.0 3.0 4.0 5.0 4.0 5.0 4.0 3.0 4.0 4.0 3.0 4.0 4.0 3.0 2.0 3.0 4.0 3.0 4.0 5.0 5.0 5.0 4.0 3.0 2.0 3.0 4.0 4.0 4.0 3.0 3.0 4.0 4.0 4.0 4.0 4.0 4.0 3.0 2.0 1.0 0 1.0 2.0 3.0 3.0 4.0 3.0 3.0 4.0 5.0 4.0 4.0 3.0 4.0 6.0 5.0 4.0 4.0 4.0 4.0 4.0 4.0 3.0 4.0 5.0 4.0 3.0 4.0 4.0 3.0 3.0 4.0 3.0 2.0 3.0 4.0 3.0 
3.0 4.0 4.0 4.0 5.0 6.0 5.0 5.0 4.0 4.0 5.0 5.0 4.0 5.0 4.0 4.0 3.0 4.0 4.0 4.0 5.0 6.0 5.0 6.0 5.0 4.0 3.0 4.0 5.0 5.0 4.0 4.0 4.0 5.0 5.0 5.0 5.0 5.0 5.0 4.0 3.0 2.0 1.0 0 1.0 2.0 2.0 3.0 4.0 4.0 5.0 6.0 5.0 5.0 4.0 5.0 7.0 6.0 5.0 5.0 5.0 4.0 3.0 4.0 4.0 5.0 6.0 5.0 4.0 5.0 5.0 4.0 4.0 5.0 4.0 3.0 3.0 4.0 4.0 
4.0 4.0 3.0 4.0 4.0 5.0 4.0 4.0 3.0 4.0 4.0 5.0 4.0 5.0 3.0 4.0 4.0 4.0 3.0 3.0 4.0 5.0 4.0 5.0 5.0 5.0 4.0 4.0 5.0 4.0 3.0 4.0 4.0 4.0 4.0 4.0 4.0 4.0 5.0 4.0 3.0 3.0 2.0 1.0 0 1.0 1.0 2.0 4.0 3.0 4.0 5.0 4.0 5.0 3.0 4.0 6.0 5.0 4.0 5.0 4.0 3.0 2.0 3.0 3.0 4.0 5.0 5.0 4.0 4.0 5.0 4.0 4.0 4.0 3.0 3.0 2.0 3.0 4.0 
4.0 3.0 4.0 3.0 3.0 4.0 4.0 3.0 2.0 3.0 4.0 5.0 4.0 5.0 4.0 5.0 4.0 4.0 3.0 2.0 3.0 4.0 4.0 4.0 5.0 4.0 3.0 4.0 5.0 5.0 4.0 4.0 4.0 5.0 4.0 5.0 4.0 5.0 5.0 4.0 4.0 4.0 3.0 2.0 1.0 0 2.0 3.0 4.0 2.0 3.0 4.0 4.0 4.0 4.0 3.0 5.0 4.0 3.0 4.0 4.0 4.0 3.0 4.0 4.0 5.0 6.0 6.0 5.0 5.0 4.0 3.0 4.0 5.0 3.0 2.0 1.0 2.0 5.0 
4.0 3.0 2.0 3.0 4.0 5.0 4.0 5.0 4.0 4.0 3.0 4.0 4.0 4.0 4.0 5.0 4.0 3.0 2.0 3.0 3.0 4.0 3.0 5.0 4.0 4.0 3.0 3.0 4.0 3.0 3.0 4.0 4.0 4.0 3.0 3.0 3.0 3.0 4.0 5.0 4.0 4.0 3.0 2.0 1.0 2.0 0 1.0 3.0 4.0 4.0 4.0 3.0 4.0 2.0 3.0 5.0 4.0 4.0 4.0 3.0 4.0 3.0 4.0 2.0 3.0 4.0 4.0 5.0 3.0 4.0 4.0 3.0 3.0 2.0 3.0 3.0 4.0 4.0 
4.0 4.0 3.0 3.0 4.0 5.0 4.0 4.0 3.0 3.0 4.0 3.0 4.0 5.0 5.0 6.0 5.0 4.0 3.0 4.0 3.0 4.0 4.0 5.0 5.0 4.0 4.0 4.0 5.0 4.0 3.0 4.0 4.0 3.0 2.0 2.0 3.0 2.0 3.0 4.0 3.0 4.0 4.0 3.0 2.0 3.0 1.0 0 2.0 4.0 4.0 5.0 4.0 4.0 3.0 4.0 6.0 4.0 5.0 5.0 4.0 4.0 4.0 5.0 3.0 4.0 4.0 3.0 4.0 4.0 5.0 5.0 4.0 4.0 3.0 4.0 4.0 4.0 5.0 
3.0 3.0 4.0 3.0 2.0 3.0 3.0 4.0 3.0 2.0 3.0 3.0 4.0 5.0 5.0 4.0 3.0 4.0 3.0 2.0 1.0 2.0 3.0 4.0 4.0 4.0 3.0 2.0 3.0 2.0 1.0 2.0 4.0 3.0 2.0 3.0 2.0 1.0 2.0 3.0 3.0 4.0 3.0 4.0 4.0 4.0 3.0 2.0 0 2.0 2.0 3.0 2.0 3.0 3.0 3.0 5.0 5.0 4.0 3.0 4.0 3.0 4.0 4.0 2.0 3.0 4.0 4.0 4.0 3.0 4.0 4.0 4.0 3.0 3.0 4.0 3.0 2.0 3.0 
4.0 3.0 2.0 1.0 1.0 2.0 3.0 4.0 3.0 3.0 4.0 4.0 4.0 3.0 4.0 4.0 4.0 3.0 3.0 2.0 2.0 3.0 3.0 4.0 3.0 3.0 2.0 3.0 4.0 3.0 2.0 3.0 4.0 3.0 3.0 4.0 4.0 3.0 3.0 2.0 3.0 4.0 3.0 4.0 3.0 2.0 4.0 4.0 2.0 0 1.0 2.0 3.0 2.0 2.0 1.0 3.0 4.0 4.0 4.0 4.0 4.0 3.0 4.0 3.0 3.0 4.0 5.0 5.0 4.0 4.0 4.0 3.0 4.0 4.0 3.0 3.0 3.0 5.0 
5.0 4.0 3.0 2.0 2.0 3.0 4.0 4.0 4.0 4.0 5.0 4.0 5.0 4.0 5.0 5.0 4.0 4.0 4.0 3.0 3.0 4.0 4.0 5.0 4.0 4.0 3.0 4.0 5.0 3.0 2.0 3.0 5.0 4.0 3.0 4.0 4.0 3.0 4.0 3.0 4.0 5.0 4.0 5.0 4.0 3.0 4.0 4.0 2.0 1.0 0 1.0 2.0 3.0 3.0 2.0 4.0 5.0 5.0 4.0 5.0 4.0 4.0 4.0 2.0 2.0 3.0 4.0 5.0 3.0 3.0 4.0 4.0 4.0 4.0 4.0 4.0 4.0 4.0 
5.0 5.0 4.0 3.0 3.0 4.0 5.0 5.0 4.0 3.0 4.0 5.0 6.0 5.0 6.0 6.0 5.0 5.0 4.0 3.0 4.0 5.0 5.0 4.0 3.0 4.0 4.0 5.0 6.0 4.0 3.0 4.0 6.0 5.0 4.0 4.0 3.0 4.0 5.0 4.0 5.0 6.0 5.0 6.0 5.0 4.0 4.0 5.0 3.0 2.0 1.0 0 1.0 2.0 4.0 3.0 5.0 4.0 5.0 5.0 5.0 5.0 5.0 5.0 3.0 3.0 4.0 5.0 6.0 4.0 4.0 5.0 5.0 5.0 4.0 5.0 5.0 5.0 4.0 
4.0 4.0 3.0 2.0 3.0 4.0 4.0 4.0 3.0 2.0 3.0 4.0 5.0 6.0 6.0 5.0 5.0 4.0 3.0 2.0 3.0 4.0 4.0 3.0 2.0 3.0 3.0 4.0 5.0 4.0 3.0 4.0 5.0 4.0 3.0 3.0 2.0 3.0 4.0 4.0 5.0 5.0 4.0 5.0 4.0 4.0 3.0 4.0 2.0 3.0 2.0 1.0 0 1.0 3.0 4.0 6.0 3.0 4.0 4.0 4.0 5.0 5.0 5.0 3.0 4.0 5.0 4.0 5.0 4.0 5.0 5.0 4.0 5.0 3.0 4.0 5.0 4.0 3.0 
4.0 3.0 2.0 1.0 2.0 3.0 3.0 3.0 2.0 1.0 2.0 3.0 4.0 5.0 5.0 5.0 4.0 3.0 4.0 3.0 3.0 3.0 3.0 2.0 1.0 2.0 2.0 3.0 4.0 3.0 3.0 3.0 4.0 3.0 2.0 2.0 3.0 4.0 4.0 3.0 4.0 5.0 4.0 5.0 5.0 4.0 4.0 4.0 3.0 2.0 3.0 2.0 1.0 0 2.0 3.0 5.0 2.0 3.0 3.0 4.0 4.0 4.0 5.0 4.0 3.0 4.0 5.0 5.0 3.0 4.0 5.0 3.0 4.0 3.0 4.0 5.0 4.0 4.0 
3.0 3.0 3.0 2.0 3.0 4.0 3.0 4.0 3.0 3.0 4.0 3.0 4.0 3.0 5.0 4.0 3.0 3.0 3.0 3.0 3.0 4.0 4.0 3.0 3.0 3.0 3.0 3.0 3.0 3.0 3.0 4.0 3.0 2.0 3.0 2.0 3.0 3.0 4.0 4.0 4.0 4.0 3.0 4.0 3.0 4.0 2.0 3.0 3.0 2.0 3.0 4.0 3.0 2.0 0 1.0 3.0 2.0 3.0 3.0 2.0 3.0 4.0 4.0 2.0 3.0 4.0 3.0 4.0 3.0 3.0 4.0 2.0 4.0 2.0 3.0 4.0 4.0 4.0 
4.0 4.0 3.0 2.0 2.0 3.0 3.0 4.0 4.0 4.0 3.0 4.0 3.0 2.0 4.0 3.0 3.0 2.0 3.0 3.0 3.0 4.0 4.0 4.0 4.0 4.0 3.0 4.0 4.0 3.0 3.0 4.0 4.0 3.0 4.0 3.0 4.0 4.0 4.0 3.0 4.0 5.0 4.0 5.0 4.0 3.0 3.0 4.0 3.0 1.0 2.0 3.0 4.0 3.0 1.0 0 2.0 3.0 4.0 4.0 3.0 4.0 3.0 4.0 3.0 4.0 5.0 4.0 5.0 4.0 4.0 5.0 3.0 3.0 3.0 4.0 4.0 4.0 5.0 
6.0 6.0 5.0 4.0 4.0 5.0 5.0 6.0 6.0 6.0 5.0 6.0 5.0 4.0 6.0 5.0 5.0 4.0 5.0 5.0 5.0 6.0 6.0 4.0 5.0 6.0 5.0 6.0 6.0 5.0 5.0 6.0 6.0 5.0 6.0 5.0 6.0 6.0 6.0 5.0 6.0 7.0 6.0 7.0 6.0 5.0 5.0 6.0 5.0 3.0 4.0 5.0 6.0 5.0 3.0 2.0 0 3.0 4.0 5.0 5.0 6.0 5.0 6.0 5.0 6.0 7.0 6.0 7.0 6.0 6.0 6.0 5.0 5.0 5.0 6.0 6.0 6.0 7.0 
5.0 5.0 4.0 3.0 4.0 5.0 5.0 4.0 3.0 3.0 4.0 3.0 2.0 3.0 3.0 4.0 3.0 3.0 4.0 3.0 4.0 4.0 3.0 1.0 2.0 3.0 4.0 5.0 5.0 4.0 5.0 5.0 5.0 4.0 4.0 2.0 3.0 4.0 5.0 5.0 5.0 5.0 5.0 6.0 5.0 4.0 4.0 4.0 5.0 4.0 5.0 4.0 3.0 2.0 2.0 3.0 3.0 0 1.0 2.0 2.0 5.0 5.0 5.0 4.0 4.0 5.0 5.0 6.0 4.0 4.0 3.0 4.0 5.0 4.0 4.0 3.0 4.0 6.0 
4.0 4.0 3.0 4.0 4.0 4.0 4.0 4.0 4.0 4.0 3.0 2.0 1.0 2.0 2.0 3.0 2.0 3.0 3.0 2.0 3.0 3.0 2.0 1.0 2.0 3.0 4.0 4.0 4.0 3.0 4.0 4.0 4.0 4.0 5.0 3.0 4.0 4.0 5.0 5.0 4.0 4.0 4.0 5.0 4.0 3.0 4.0 5.0 4.0 4.0 5.0 5.0 4.0 3.0 3.0 4.0 4.0 1.0 0 1.0 1.0 4.0 4.0 4.0 4.0 3.0 4.0 5.0 5.0 4.0 3.0 2.0 3.0 4.0 4.0 3.0 2.0 3.0 5.0 
4.0 4.0 3.0 3.0 4.0 3.0 3.0 4.0 4.0 3.0 4.0 3.0 2.0 3.0 3.0 4.0 3.0 4.0 3.0 3.0 3.0 2.0 2.0 2.0 2.0 3.0 4.0 4.0 3.0 2.0 3.0 3.0 5.0 4.0 4.0 4.0 4.0 4.0 5.0 5.0 4.0 4.0 4.0 5.0 5.0 4.0 4.0 5.0 3.0 4.0 4.0 5.0 4.0 3.0 3.0 4.0 5.0 2.0 1.0 0 1.0 3.0 4.0 4.0 3.0 2.0 3.0 4.0 4.0 4.0 4.0 3.0 4.0 4.0 4.0 4.0 3.0 4.0 4.0 
5.0 4.0 4.0 4.0 5.0 4.0 3.0 4.0 5.0 4.0 4.0 3.0 2.0 3.0 3.0 4.0 3.0 4.0 4.0 3.0 4.0 3.0 3.0 2.0 3.0 4.0 4.0 5.0 4.0 3.0 4.0 4.0 5.0 4.0 5.0 4.0 3.0 3.0 4.0 4.0 3.0 4.0 4.0 5.0 4.0 4.0 3.0 4.0 4.0 4.0 5.0 5.0 4.0 4.0 2.0 3.0 5.0 2.0 1.0 1.0 0 3.0 4.0 5.0 3.0 3.0 4.0 5.0 5.0 4.0 4.0 3.0 4.0 5.0 3.0 4.0 3.0 4.0 5.0 
4.0 3.0 4.0 3.0 4.0 4.0 4.0 5.0 4.0 3.0 3.0 4.0 4.0 4.0 4.0 5.0 4.0 4.0 3.0 4.0 4.0 3.0 3.0 4.0 3.0 2.0 3.0 4.0 3.0 1.0 2.0 3.0 2.0 1.0 2.0 4.0 5.0 4.0 4.0 3.0 2.0 3.0 4.0 4.0 3.0 4.0 4.0 4.0 3.0 4.0 4.0 5.0 5.0 4.0 3.0 4.0 6.0 5.0 4.0 3.0 3.0 0 3.0 4.0 4.0 3.0 4.0 5.0 5.0 4.0 4.0 4.0 4.0 3.0 4.0 4.0 3.0 4.0 4.0 
5.0 4.0 4.0 3.0 2.0 3.0 2.0 3.0 4.0 5.0 4.0 5.0 4.0 5.0 3.0 2.0 3.0 4.0 5.0 4.0 3.0 4.0 5.0 5.0 5.0 5.0 4.0 4.0 4.0 4.0 3.0 4.0 4.0 4.0 4.0 5.0 4.0 4.0 4.0 3.0 3.0 4.0 4.0 3.0 2.0 3.0 3.0 4.0 4.0 3.0 4.0 5.0 5.0 4.0 4.0 3.0 5.0 5.0 4.0 4.0 4.0 3.0 0 1.0 3.0 3.0 4.0 3.0 2.0 4.0 4.0 4.0 4.0 5.0 4.0 3.0 2.0 3.0 4.0 
4.0 3.0 4.0 4.0 3.0 4.0 3.0 4.0 5.0 4.0 3.0 4.0 3.0 4.0 4.0 3.0 2.0 3.0 4.0 4.0 3.0 4.0 4.0 5.0 4.0 5.0 5.0 4.0 5.0 4.0 4.0 4.0 4.0 5.0 5.0 4.0 3.0 5.0 5.0 4.0 4.0 4.0 4.0 4.0 3.0 4.0 4.0 5.0 4.0 4.0 4.0 5.0 5.0 5.0 4.0 4.0 6.0 5.0 4.0 4.0 5.0 4.0 1.0 0 2.0 2.0 3.0 2.0 3.0 5.0 5.0 4.0 4.0 5.0 4.0 4.0 3.0 4.0 4.0 
4.0 3.0 4.0 3.0 2.0 3.0 4.0 4.0 5.0 4.0 3.0 3.0 3.0 4.0 4.0 3.0 2.0 3.0 3.0 2.0 1.0 2.0 3.0 4.0 3.0 4.0 3.0 2.0 3.0 3.0 3.0 4.0 4.0 4.0 3.0 3.0 3.0 3.0 4.0 3.0 3.0 4.0 3.0 4.0 3.0 4.0 2.0 3.0 2.0 3.0 2.0 3.0 3.0 4.0 2.0 3.0 5.0 4.0 4.0 3.0 3.0 4.0 3.0 2.0 0 1.0 2.0 3.0 4.0 3.0 3.0 4.0 4.0 3.0 2.0 3.0 3.0 2.0 4.0 
4.0 4.0 3.0 3.0 3.0 3.0 3.0 4.0 5.0 4.0 3.0 4.0 3.0 4.0 4.0 3.0 2.0 3.0 4.0 3.0 2.0 2.0 2.0 3.0 2.0 3.0 4.0 3.0 4.0 2.0 3.0 3.0 4.0 4.0 4.0 4.0 3.0 4.0 4.0 4.0 4.0 4.0 4.0 5.0 4.0 5.0 3.0 4.0 3.0 3.0 2.0 3.0 4.0 3.0 3.0 4.0 6.0 4.0 3.0 2.0 3.0 3.0 3.0 2.0 1.0 0 1.0 2.0 3.0 3.0 3.0 4.0 4.0 4.0 3.0 4.0 4.0 3.0 5.0 
5.0 4.0 4.0 4.0 4.0 4.0 4.0 5.0 6.0 5.0 4.0 5.0 4.0 5.0 5.0 4.0 3.0 4.0 5.0 4.0 3.0 3.0 3.0 4.0 3.0 4.0 5.0 4.0 4.0 3.0 4.0 4.0 5.0 5.0 5.0 4.0 3.0 5.0 5.0 5.0 5.0 5.0 5.0 6.0 5.0 6.0 4.0 4.0 4.0 4.0 3.0 4.0 5.0 4.0 4.0 5.0 7.0 5.0 4.0 3.0 4.0 4.0 4.0 3.0 2.0 1.0 0 1.0 2.0 4.0 4.0 5.0 5.0 5.0 4.0 5.0 5.0 4.0 5.0 
4.0 3.0 4.0 4.0 5.0 5.0 4.0 5.0 5.0 4.0 3.0 4.0 5.0 6.0 4.0 3.0 4.0 5.0 5.0 4.0 4.0 4.0 4.0 5.0 4.0 5.0 5.0 4.0 3.0 4.0 5.0 5.0 6.0 5.0 5.0 3.0 2.0 4.0 4.0 5.0 4.0 5.0 4.0 5.0 5.0 6.0 4.0 3.0 4.0 5.0 4.0 5.0 4.0 5.0 3.0 4.0 6.0 5.0 5.0 4.0 5.0 5.0 3.0 2.0 3.0 2.0 1.0 0 1.0 3.0 4.0 5.0 4.0 4.0 4.0 5.0 5.0 4.0 4.0 
3.0 4.0 5.0 5.0 4.0 4.0 4.0 4.0 5.0 4.0 4.0 5.0 4.0 5.0 3.0 2.0 3.0 4.0 4.0 5.0 4.0 5.0 5.0 5.0 4.0 5.0 4.0 3.0 2.0 4.0 5.0 5.0 5.0 6.0 5.0 4.0 3.0 4.0 3.0 4.0 5.0 4.0 3.0 4.0 4.0 5.0 5.0 4.0 4.0 5.0 5.0 6.0 5.0 5.0 4.0 5.0 7.0 6.0 5.0 4.0 5.0 5.0 2.0 3.0 4.0 3.0 2.0 1.0 0 2.0 3.0 4.0 4.0 3.0 4.0 5.0 4.0 5.0 4.0 
4.0 3.0 4.0 4.0 3.0 4.0 3.0 2.0 3.0 4.0 3.0 3.0 4.0 4.0 3.0 2.0 3.0 2.0 3.0 3.0 2.0 3.0 4.0 3.0 2.0 3.0 3.0 3.0 2.0 3.0 4.0 4.0 4.0 4.0 3.0 2.0 3.0 2.0 1.0 2.0 3.0 4.0 4.0 5.0 4.0 5.0 3.0 4.0 3.0 4.0 3.0 4.0 4.0 3.0 3.0 4.0 6.0 4.0 4.0 4.0 4.0 4.0 4.0 5.0 3.0 3.0 4.0 3.0 2.0 0 1.0 2.0 2.0 1.0 2.0 3.0 4.0 3.0 4.0 
5.0 4.0 4.0 3.0 4.0 3.0 2.0 1.0 2.0 3.0 3.0 2.0 3.0 4.0 4.0 3.0 3.0 3.0 4.0 4.0 3.0 4.0 4.0 4.0 3.0 4.0 3.0 4.0 3.0 3.0 4.0 3.0 3.0 4.0 3.0 3.0 4.0 3.0 2.0 3.0 3.0 4.0 4.0 5.0 5.0 4.0 4.0 5.0 4.0 4.0 3.0 4.0 5.0 4.0 3.0 4.0 6.0 4.0 3.0 4.0 4.0 4.0 4.0 5.0 3.0 3.0 4.0 4.0 3.0 1.0 0 1.0 1.0 1.0 3.0 4.0 3.0 4.0 5.0 
4.0 3.0 4.0 4.0 4.0 4.0 3.0 2.0 3.0 4.0 4.0 3.0 3.0 4.0 4.0 3.0 2.0 3.0 4.0 4.0 4.0 5.0 4.0 3.0 4.0 4.0 3.0 3.0 4.0 4.0 3.0 2.0 2.0 3.0 4.0 4.0 5.0 4.0 3.0 3.0 2.0 3.0 3.0 4.0 4.0 3.0 4.0 5.0 4.0 4.0 4.0 5.0 5.0 5.0 4.0 5.0 6.0 3.0 2.0 3.0 3.0 4.0 4.0 4.0 4.0 4.0 5.0 5.0 4.0 2.0 1.0 0 2.0 2.0 4.0 3.0 2.0 3.0 4.0 
4.0 3.0 3.0 2.0 3.0 3.0 2.0 2.0 3.0 3.0 2.0 1.0 2.0 3.0 3.0 3.0 2.0 3.0 3.0 4.0 4.0 5.0 4.0 4.0 4.0 4.0 3.0 3.0 4.0 4.0 3.0 2.0 2.0 3.0 4.0 4.0 4.0 4.0 3.0 3.0 2.0 3.0 3.0 4.0 4.0 4.0 3.0 4.0 4.0 3.0 4.0 5.0 4.0 3.0 2.0 3.0 5.0 4.0 3.0 4.0 4.0 4.0 4.0 4.0 4.0 4.0 5.0 4.0 4.0 2.0 1.0 2.0 0 2.0 4.0 3.0 4.0 4.0 4.0 
4.0 4.0 3.0 3.0 3.0 4.0 3.0 2.0 3.0 3.0 2.0 3.0 3.0 3.0 4.0 3.0 4.0 3.0 3.0 3.0 2.0 3.0 3.0 4.0 3.0 3.0 2.0 3.0 3.0 2.0 3.0 4.0 4.0 3.0 2.0 3.0 4.0 3.0 2.0 3.0 4.0 4.0 4.0 5.0 4.0 5.0 3.0 4.0 3.0 4.0 4.0 5.0 5.0 4.0 4.0 3.0 5.0 5.0 4.0 4.0 5.0 3.0 5.0 5.0 3.0 4.0 5.0 4.0 3.0 1.0 1.0 2.0 2.0 0 3.0 4.0 4.0 3.0 5.0 
2.0 1.0 2.0 3.0 4.0 5.0 4.0 4.0 5.0 4.0 3.0 4.0 4.0 5.0 5.0 4.0 3.0 2.0 3.0 3.0 3.0 4.0 3.0 3.0 2.0 3.0 3.0 4.0 4.0 4.0 3.0 4.0 4.0 4.0 4.0 3.0 3.0 4.0 3.0 3.0 2.0 3.0 3.0 4.0 3.0 3.0 2.0 3.0 3.0 4.0 4.0 4.0 3.0 3.0 2.0 3.0 5.0 4.0 4.0 4.0 3.0 4.0 4.0 4.0 2.0 3.0 4.0 4.0 4.0 2.0 3.0 4.0 4.0 3.0 0 1.0 2.0 2.0 3.0 
3.0 2.0 3.0 3.0 4.0 5.0 5.0 5.0 4.0 5.0 4.0 3.0 4.0 5.0 4.0 4.0 3.0 3.0 4.0 3.0 3.0 4.0 4.0 4.0 3.0 3.0 2.0 3.0 4.0 5.0 4.0 3.0 3.0 4.0 4.0 4.0 4.0 4.0 4.0 4.0 3.0 3.0 2.0 3.0 3.0 2.0 3.0 4.0 4.0 3.0 4.0 5.0 4.0 4.0 3.0 4.0 6.0 4.0 3.0 4.0 4.0 4.0 3.0 4.0 3.0 4.0 5.0 5.0 5.0 3.0 4.0 3.0 3.0 4.0 1.0 0 1.0 2.0 4.0 
3.0 2.0 3.0 4.0 3.0 4.0 4.0 4.0 3.0 4.0 4.0 4.0 3.0 4.0 3.0 4.0 4.0 4.0 4.0 3.0 2.0 3.0 4.0 3.0 4.0 4.0 3.0 3.0 4.0 4.0 3.0 4.0 4.0 4.0 4.0 4.0 5.0 4.0 5.0 4.0 3.0 4.0 3.0 3.0 2.0 1.0 3.0 4.0 3.0 3.0 4.0 5.0 5.0 5.0 4.0 4.0 6.0 3.0 2.0 3.0 3.0 3.0 2.0 3.0 3.0 4.0 5.0 5.0 4.0 4.0 3.0 2.0 4.0 4.0 2.0 1.0 0 1.0 4.0 
2.0 1.0 2.0 3.0 2.0 3.0 4.0 5.0 4.0 4.0 3.0 4.0 4.0 5.0 4.0 5.0 4.0 4.0 3.0 2.0 1.0 2.0 3.0 4.0 4.0 4.0 3.0 2.0 3.0 4.0 3.0 4.0 4.0 4.0 3.0 3.0 4.0 3.0 4.0 3.0 2.0 3.0 4.0 4.0 3.0 2.0 4.0 4.0 2.0 3.0 4.0 5.0 4.0 4.0 4.0 4.0 6.0 4.0 3.0 4.0 4.0 4.0 3.0 4.0 2.0 3.0 4.0 4.0 5.0 3.0 4.0 3.0 4.0 3.0 2.0 2.0 1.0 0 3.0 
1.0 2.0 3.0 4.0 5.0 4.0 4.0 5.0 5.0 4.0 3.0 4.0 4.0 5.0 5.0 4.0 3.0 4.0 4.0 3.0 4.0 5.0 4.0 5.0 5.0 5.0 4.0 5.0 4.0 5.0 4.0 4.0 4.0 5.0 5.0 4.0 3.0 4.0 5.0 4.0 3.0 3.0 3.0 4.0 4.0 5.0 4.0 5.0 3.0 5.0 4.0 4.0 3.0 4.0 4.0 5.0 7.0 6.0 5.0 4.0 5.0 4.0 4.0 4.0 4.0 5.0 5.0 4.0 4.0 4.0 5.0 4.0 4.0 5.0 3.0 4.0 4.0 3.0 0 
