99
BMH MMI MWN DEW VZI ENU PSZ OUR RHL KBZ NYW WXC GAZ KDH CDW EKW GJW KDF YEC YGM WDN HDY XWZ VSQ HPL MQG XNM GVH RWN PKG MWC YWR EVY WPB XNH EFO VTA JTH AFO QUS KNQ XFP NDM HSN QOE VNH HTV HGZ FBZ ZES BVP IKT GJK XPB WYK KDO HTU KQK COR OBR BUN VIF LCB PWL XXL BWL YFA UAO NLD FZZ WZI ZUA SZK CEA URI MBM KAL DZY DGD GEV CSI IYC WVO RDP BTR WDE KVT YET ZCR LRF IEN TFL YQU ACK EXX NSY HON XYT KMZ
0 2.0 4.0 4.0 2.0 4.0 3.0 4.0 4.0 4.0 4.0 2.0 4.0 4.0 4.0 4.0 4.0 2.0 4.0 4.0 2.0 4.0 4.0 3.0 4.0 2.0 3.0 4.0 4.0 2.0 2.0 4.0 3.0 2.0 2.0 4.0 4.0 2.0 4.0 4.0 4.0 4.0 2.0 2.0 2.0 4.0 4.0 4.0 4.0 3.0 4.0 4.0 3.0 4.0 4.0 4.0 4.0 4.0 4.0 4.0 3.0 4.0 4.0 4.0 3.0 4.0 4.0 4.0 4.0 4.0 2.0 4.0 4.0 3.0 3.0 4.0 4.0 2.0 4.0 3.0 2.0 4.0 4.0 2.0 2.0 2.0 4.0 3.0 2.0 3.0 4.0 3.0 3.0 4.0 4.0 4.0 2.0 2.0 2.0 
2.0 0 2.0 4.0 4.0 4.0 3.0 4.0 4.0 4.0 4.0 4.0 2.0 4.0 4.0 2.0 4.0 4.0 4.0 4.0 4.0 4.0 4.0 4.0 4.0 4.0 3.0 4.0 4.0 3.0 4.0 4.0 3.0 4.0 4.0 4.0 2.0 4.0 4.0 4.0 4.0 4.0 4.0 3.0 4.0 2.0 4.0 4.0 3.0 4.0 4.0 3.0 2.0 4.0 2.0 4.0 4.0 2.0 4.0 4.0 3.0 4.0 4.0 4.0 4.0 3.0 2.0 4.0 4.0 3.0 4.0 4.0 2.0 2.0 3.0 3.0 4.0 4.0 4.0 4.0 3.0 4.0 4.0 3.0 3.0 4.0 3.0 4.0 2.0 4.0 3.0 2.0 4.0 4.0 4.0 4.0 2.0 3.0 2.0 
4.0 2.0 0 2.0 2.0 3.0 4.0 4.0 4.0 3.0 4.0 4.0 4.0 2.0 2.0 2.0 3.0 3.0 4.0 2.0 4.0 2.0 3.0 4.0 4.0 4.0 4.0 3.0 4.0 2.0 3.0 4.0 4.0 2.0 4.0 4.0 4.0 2.0 4.0 2.0 4.0 3.0 2.0 4.0 4.0 2.0 4.0 4.0 3.0 4.0 4.0 4.0 4.0 4.0 2.0 3.0 2.0 4.0 4.0 2.0 4.0 4.0 4.0 2.0 3.0 2.0 4.0 4.0 2.0 2.0 4.0 3.0 4.0 4.0 4.0 4.0 4.0 4.0 2.0 4.0 4.0 4.0 4.0 4.0 4.0 4.0 4.0 2.0 2.0 2.0 4.0 2.0 4.0 4.0 3.0 3.0 2.0 4.0 2.0 
4.0 4.0 2.0 0 2.0 3.0 4.0 4.0 3.0 4.0 4.0 4.0 4.0 3.0 4.0 3.0 4.0 4.0 4.0 2.0 4.0 2.0 4.0 4.0 4.0 3.0 3.0 2.0 4.0 4.0 2.0 4.0 3.0 4.0 2.0 4.0 2.0 2.0 4.0 4.0 4.0 4.0 4.0 4.0 4.0 4.0 3.0 4.0 4.0 3.0 3.0 3.0 2.0 2.0 3.0 4.0 4.0 2.0 3.0 4.0 2.0 4.0 3.0 3.0 3.0 2.0 3.0 3.0 3.0 3.0 4.0 4.0 4.0 2.0 4.0 2.0 4.0 2.0 4.0 4.0 2.0 4.0 2.0 4.0 4.0 4.0 4.0 2.0 4.0 3.0 2.0 4.0 2.0 4.0 4.0 4.0 4.0 3.0 4.0 
2.0 4.0 2.0 2.0 0 2.0 4.0 4.0 4.0 4.0 4.0 4.0 4.0 4.0 3.0 4.0 4.0 4.0 4.0 3.0 3.0 3.0 3.0 4.0 4.0 4.0 4.0 4.0 2.0 4.0 4.0 2.0 2.0 4.0 4.0 4.0 4.0 4.0 3.0 4.0 4.0 4.0 4.0 4.0 2.0 4.0 4.0 2.0 4.0 2.0 3.0 2.0 4.0 2.0 4.0 4.0 3.0 4.0 4.0 4.0 4.0 4.0 3.0 3.0 3.0 4.0 4.0 4.0 3.0 3.0 3.0 4.0 2.0 4.0 3.0 4.0 4.0 4.0 4.0 2.0 2.0 4.0 4.0 2.0 2.0 4.0 4.0 3.0 3.0 2.0 2.0 4.0 4.0 4.0 4.0 4.0 3.0 4.0 4.0 
4.0 4.0 3.0 3.0 2.0 0 2.0 4.0 2.0 2.0 3.0 4.0 4.0 4.0 3.0 4.0 3.0 4.0 3.0 3.0 4.0 4.0 3.0 4.0 4.0 4.0 2.0 3.0 3.0 4.0 4.0 2.0 4.0 3.0 4.0 3.0 4.0 4.0 4.0 2.0 4.0 4.0 4.0 3.0 4.0 2.0 4.0 4.0 4.0 4.0 4.0 4.0 3.0 4.0 4.0 4.0 2.0 4.0 4.0 4.0 2.0 2.0 4.0 4.0 3.0 4.0 2.0 2.0 3.0 3.0 4.0 4.0 4.0 4.0 2.0 4.0 4.0 3.0 4.0 3.0 2.0 4.0 4.0 3.0 4.0 4.0 3.0 4.0 4.0 3.0 4.0 4.0 3.0 3.0 4.0 3.0 3.0 4.0 4.0 
3.0 3.0 4.0 4.0 4.0 2.0 0 2.0 4.0 2.0 4.0 4.0 4.0 2.0 4.0 2.0 2.0 2.0 3.0 4.0 4.0 2.0 4.0 4.0 4.0 4.0 2.0 2.0 4.0 4.0 4.0 2.0 2.0 4.0 4.0 3.0 4.0 2.0 4.0 4.0 3.0 4.0 3.0 4.0 4.0 3.0 3.0 4.0 4.0 2.0 4.0 4.0 3.0 4.0 4.0 2.0 4.0 3.0 4.0 4.0 4.0 2.0 4.0 2.0 4.0 3.0 3.0 4.0 2.0 2.0 4.0 2.0 4.0 3.0 3.0 4.0 4.0 4.0 3.0 2.0 2.0 3.0 3.0 4.0 4.0 3.0 2.0 4.0 3.0 4.0 4.0 2.0 4.0 3.0 3.0 2.0 4.0 4.0 4.0 
4.0 4.0 4.0 4.0 4.0 4.0 2.0 0 2.0 4.0 4.0 4.0 2.0 4.0 3.0 2.0 4.0 4.0 2.0 4.0 4.0 3.0 3.0 2.0 4.0 3.0 3.0 4.0 4.0 4.0 4.0 4.0 4.0 4.0 2.0 4.0 2.0 3.0 3.0 4.0 2.0 4.0 3.0 4.0 4.0 4.0 2.0 4.0 3.0 4.0 4.0 4.0 3.0 4.0 2.0 4.0 4.0 4.0 2.0 4.0 3.0 4.0 3.0 4.0 4.0 2.0 4.0 2.0 3.0 4.0 4.0 4.0 3.0 3.0 4.0 4.0 4.0 4.0 4.0 4.0 4.0 4.0 4.0 2.0 4.0 3.0 2.0 2.0 4.0 4.0 4.0 3.0 4.0 4.0 3.0 3.0 3.0 3.0 4.0 
4.0 4.0 4.0 3.0 4.0 2.0 4.0 2.0 0 2.0 4.0 2.0 4.0 4.0 4.0 4.0 4.0 4.0 2.0 3.0 3.0 4.0 4.0 4.0 4.0 2.0 4.0 4.0 4.0 4.0 4.0 2.0 2.0 2.0 3.0 4.0 3.0 4.0 4.0 4.0 4.0 2.0 4.0 4.0 4.0 4.0 3.0 4.0 2.0 4.0 2.0 3.0 4.0 2.0 4.0 4.0 4.0 4.0 3.0 4.0 3.0 2.0 4.0 2.0 4.0 4.0 2.0 4.0 4.0 2.0 2.0 4.0 4.0 2.0 4.0 2.0 3.0 4.0 4.0 4.0 2.0 4.0 4.0 2.0 3.0 2.0 4.0 2.0 2.0 4.0 4.0 4.0 2.0 4.0 4.0 3.0 2.0 4.0 4.0 
4.0 4.0 3.0 4.0 4.0 2.0 2.0 4.0 2.0 0 2.0 3.0 4.0 4.0 4.0 3.0 4.0 4.0 4.0 4.0 4.0 3.0 4.0 2.0 2.0 4.0 4.0 4.0 2.0 3.0 3.0 4.0 3.0 2.0 2.0 4.0 4.0 4.0 3.0 4.0 4.0 3.0 4.0 4.0 4.0 3.0 3.0 2.0 2.0 2.0 4.0 4.0 2.0 3.0 4.0 2.0 4.0 4.0 4.0 3.0 3.0 3.0 2.0 4.0 4.0 2.0 4.0 3.0 4.0 4.0 4.0 4.0 4.0 4.0 4.0 4.0 4.0 3.0 3.0 4.0 3.0 2.0 4.0 4.0 4.0 3.0 3.0 4.0 4.0 2.0 3.0 4.0 3.0 4.0 4.0 4.0 4.0 3.0 4.0 
4.0 4.0 4.0 4.0 4.0 3.0 4.0 4.0 4.0 2.0 0 2.0 3.0 4.0 4.0 4.0 4.0 4.0 4.0 4.0 3.0 4.0 2.0 4.0 3.0 2.0 4.0 4.0 3.0 4.0 4.0 4.0 4.0 2.0 3.0 4.0 4.0 4.0 4.0 3.0 2.0 3.0 3.0 4.0 4.0 4.0 2.0 3.0 3.0 4.0 2.0 4.0 2.0 3.0 3.0 2.0 3.0 4.0 4.0 2.0 2.0 2.0 2.0 4.0 4.0 2.0 4.0 2.0 4.0 4.0 2.0 4.0 4.0 3.0 4.0 4.0 4.0 4.0 4.0 4.0 4.0 4.0 4.0 4.0 3.0 4.0 4.0 4.0 2.0 3.0 2.0 4.0 4.0 4.0 4.0 4.0 4.0 4.0 2.0 
2.0 4.0 4.0 4.0 4.0 4.0 4.0 4.0 2.0 3.0 2.0 0 2.0 4.0 4.0 4.0 4.0 2.0 4.0 4.0 2.0 4.0 2.0 4.0 4.0 3.0 3.0 2.0 2.0 3.0 4.0 2.0 2.0 3.0 4.0 3.0 2.0 3.0 2.0 4.0 3.0 3.0 2.0 2.0 4.0 2.0 4.0 3.0 4.0 4.0 4.0 4.0 2.0 4.0 4.0 3.0 3.0 2.0 4.0 4.0 4.0 2.0 4.0 2.0 4.0 2.0 4.0 3.0 3.0 3.0 4.0 4.0 4.0 4.0 4.0 3.0 3.0 3.0 4.0 4.0 3.0 2.0 2.0 3.0 4.0 4.0 4.0 4.0 2.0 3.0 3.0 2.0 4.0 4.0 3.0 4.0 4.0 2.0 3.0 
4.0 2.0 4.0 4.0 4.0 4.0 4.0 2.0 4.0 4.0 3.0 2.0 0 2.0 2.0 4.0 4.0 4.0 4.0 2.0 3.0 3.0 4.0 3.0 4.0 2.0 4.0 3.0 4.0 4.0 4.0 4.0 4.0 2.0 4.0 4.0 2.0 4.0 2.0 3.0 4.0 4.0 4.0 4.0 4.0 4.0 2.0 4.0 4.0 3.0 4.0 4.0 4.0 4.0 4.0 3.0 4.0 4.0 3.0 4.0 4.0 4.0 4.0 4.0 4.0 4.0 2.0 3.0 3.0 3.0 2.0 4.0 2.0 3.0 4.0 2.0 2.0 4.0 3.0 3.0 3.0 4.0 4.0 4.0 4.0 4.0 4.0 3.0 4.0 4.0 4.0 4.0 4.0 4.0 4.0 4.0 4.0 4.0 2.0 
4.0 4.0 2.0 3.0 4.0 4.0 2.0 4.0 4.0 4.0 4.0 4.0 2.0 0 2.0 3.0 3.0 4.0 2.0 3.0 4.0 4.0 2.0 4.0 2.0 4.0 4.0 4.0 4.0 4.0 3.0 4.0 2.0 4.0 3.0 3.0 4.0 3.0 4.0 4.0 4.0 4.0 4.0 3.0 4.0 3.0 2.0 4.0 4.0 4.0 3.0 3.0 3.0 4.0 3.0 2.0 4.0 4.0 2.0 4.0 4.0 4.0 2.0 3.0 3.0 4.0 2.0 4.0 2.0 2.0 3.0 4.0 4.0 4.0 4.0 3.0 4.0 4.0 2.0 4.0 4.0 2.0 4.0 4.0 4.0 4.0 2.0 4.0 2.0 4.0 2.0 4.0 3.0 3.0 3.0 2.0 2.0 2.0 4.0 
4.0 4.0 2.0 4.0 3.0 3.0 4.0 3.0 4.0 4.0 4.0 4.0 2.0 2.0 0 2.0 4.0 4.0 4.0 2.0 4.0 4.0 4.0 2.0 2.0 4.0 4.0 4.0 2.0 2.0 3.0 4.0 3.0 4.0 2.0 3.0 4.0 2.0 3.0 4.0 4.0 4.0 3.0 4.0 4.0 2.0 2.0 4.0 2.0 3.0 4.0 2.0 4.0 2.0 2.0 3.0 4.0 4.0 2.0 4.0 4.0 2.0 4.0 3.0 2.0 4.0 2.0 4.0 3.0 4.0 4.0 4.0 2.0 4.0 4.0 4.0 3.0 2.0 2.0 3.0 4.0 4.0 4.0 4.0 2.0 3.0 4.0 4.0 4.0 4.0 2.0 3.0 3.0 4.0 2.0 3.0 4.0 4.0 4.0 
4.0 2.0 2.0 3.0 4.0 4.0 2.0 2.0 4.0 3.0 4.0 4.0 4.0 3.0 2.0 0 2.0 4.0 4.0 2.0 4.0 4.0 3.0 4.0 4.0 4.0 2.0 4.0 2.0 4.0 3.0 4.0 4.0 3.0 2.0 3.0 4.0 4.0 4.0 4.0 4.0 4.0 4.0 3.0 4.0 4.0 4.0 3.0 4.0 4.0 4.0 4.0 4.0 3.0 3.0 4.0 4.0 3.0 4.0 4.0 2.0 4.0 4.0 4.0 4.0 2.0 4.0 3.0 4.0 2.0 4.0 4.0 2.0 4.0 4.0 4.0 3.0 3.0 4.0 2.0 4.0 4.0 4.0 4.0 2.0 4.0 4.0 4.0 4.0 3.0 4.0 3.0 4.0 3.0 2.0 4.0 4.0 4.0 2.0 
4.0 4.0 3.0 4.0 4.0 3.0 2.0 4.0 4.0 4.0 4.0 4.0 4.0 3.0 4.0 2.0 0 2.0 2.0 4.0 3.0 4.0 4.0 3.0 3.0 4.0 3.0 3.0 2.0 4.0 3.0 3.0 2.0 2.0 4.0 4.0 4.0 4.0 2.0 2.0 2.0 4.0 2.0 4.0 4.0 4.0 4.0 4.0 3.0 4.0 3.0 4.0 4.0 4.0 4.0 2.0 4.0 2.0 3.0 4.0 4.0 4.0 4.0 4.0 2.0 2.0 4.0 4.0 4.0 3.0 3.0 4.0 3.0 2.0 4.0 4.0 3.0 4.0 2.0 4.0 4.0 4.0 4.0 2.0 3.0 4.0 3.0 4.0 2.0 4.0 4.0 4.0 4.0 4.0 2.0 4.0 4.0 4.0 3.0 
2.0 4.0 3.0 4.0 4.0 4.0 2.0 4.0 4.0 4.0 4.0 2.0 4.0 4.0 4.0 4.0 2.0 0 2.0 4.0 3.0 4.0 4.0 4.0 4.0 2.0 3.0 2.0 4.0 3.0 3.0 4.0 4.0 2.0 4.0 4.0 2.0 4.0 3.0 2.0 2.0 4.0 4.0 2.0 4.0 3.0 4.0 2.0 4.0 4.0 4.0 4.0 4.0 2.0 4.0 3.0 2.0 4.0 4.0 3.0 3.0 4.0 4.0 4.0 4.0 4.0 4.0 4.0 2.0 3.0 4.0 4.0 4.0 4.0 4.0 3.0 4.0 3.0 4.0 4.0 4.0 4.0 4.0 4.0 4.0 2.0 4.0 4.0 3.0 3.0 4.0 2.0 4.0 4.0 3.0 4.0 2.0 4.0 4.0 
4.0 4.0 4.0 4.0 4.0 3.0 3.0 2.0 2.0 4.0 4.0 4.0 4.0 2.0 4.0 4.0 2.0 2.0 0 2.0 4.0 4.0 3.0 4.0 4.0 4.0 4.0 4.0 3.0 2.0 4.0 4.0 4.0 4.0 2.0 4.0 4.0 4.0 4.0 4.0 4.0 3.0 3.0 3.0 4.0 4.0 4.0 4.0 4.0 2.0 4.0 4.0 3.0 4.0 4.0 4.0 4.0 2.0 2.0 4.0 2.0 2.0 4.0 3.0 3.0 4.0 3.0 2.0 4.0 3.0 3.0 2.0 4.0 3.0 4.0 4.0 4.0 4.0 4.0 4.0 4.0 4.0 4.0 4.0 4.0 4.0 4.0 2.0 4.0 4.0 4.0 4.0 4.0 3.0 2.0 3.0 4.0 2.0 2.0 
4.0 4.0 2.0 2.0 3.0 3.0 4.0 4.0 3.0 4.0 4.0 4.0 2.0 3.0 2.0 2.0 4.0 4.0 2.0 0 2.0 4.0 4.0 4.0 3.0 3.0 4.0 3.0 4.0 4.0 3.0 2.0 4.0 2.0 4.0 3.0 3.0 4.0 4.0 3.0 4.0 2.0 4.0 4.0 4.0 3.0 4.0 3.0 2.0 4.0 4.0 4.0 4.0 2.0 2.0 3.0 4.0 3.0 4.0 3.0 4.0 2.0 4.0 4.0 4.0 4.0 4.0 3.0 4.0 4.0 4.0 2.0 4.0 3.0 2.0 4.0 2.0 4.0 4.0 2.0 4.0 2.0 2.0 4.0 4.0 3.0 4.0 4.0 2.0 2.0 4.0 3.0 2.0 4.0 3.0 3.0 2.0 4.0 2.0 
2.0 4.0 4.0 4.0 3.0 4.0 4.0 4.0 3.0 4.0 3.0 2.0 3.0 4.0 4.0 4.0 3.0 3.0 4.0 2.0 0 2.0 3.0 4.0 4.0 4.0 4.0 4.0 4.0 4.0 4.0 4.0 2.0 2.0 4.0 2.0 3.0 3.0 2.0 4.0 4.0 2.0 2.0 4.0 3.0 4.0 3.0 4.0 4.0 2.0 4.0 3.0 4.0 3.0 3.0 2.0 3.0 3.0 3.0 4.0 3.0 4.0 2.0 3.0 4.0 4.0 4.0 4.0 4.0 4.0 4.0 3.0 2.0 4.0 3.0 4.0 4.0 4.0 4.0 3.0 4.0 4.0 3.0 4.0 4.0 2.0 4.0 3.0 4.0 4.0 3.0 4.0 4.0 4.0 4.0 4.0 4.0 2.0 4.0 
4.0 4.0 2.0 2.0 3.0 4.0 2.0 3.0 4.0 3.0 4.0 4.0 3.0 4.0 4.0 4.0 4.0 4.0 4.0 4.0 2.0 0 2.0 4.0 4.0 4.0 4.0 3.0 4.0 4.0 4.0 4.0 2.0 4.0 4.0 4.0 4.0 2.0 4.0 2.0 4.0 2.0 3.0 4.0 2.0 2.0 4.0 2.0 4.0 4.0 4.0 4.0 4.0 2.0 4.0 2.0 4.0 2.0 3.0 3.0 2.0 2.0 4.0 4.0 4.0 4.0 4.0 3.0 3.0 4.0 2.0 2.0 4.0 4.0 2.0 2.0 4.0 4.0 4.0 4.0 3.0 2.0 2.0 2.0 2.0 2.0 4.0 4.0 3.0 4.0 3.0 4.0 4.0 4.0 4.0 4.0 4.0 2.0 4.0 
4.0 4.0 3.0 4.0 3.0 3.0 4.0 3.0 4.0 4.0 2.0 2.0 4.0 2.0 4.0 3.0 4.0 4.0 3.0 4.0 3.0 2.0 0 2.0 4.0 4.0 2.0 4.0 2.0 4.0 4.0 2.0 4.0 4.0 4.0 2.0 4.0 2.0 3.0 4.0 3.0 3.0 4.0 4.0 4.0 3.0 4.0 4.0 4.0 4.0 2.0 2.0 4.0 2.0 2.0 4.0 3.0 3.0 4.0 4.0 4.0 4.0 4.0 3.0 3.0 2.0 4.0 4.0 4.0 4.0 4.0 4.0 4.0 4.0 3.0 4.0 4.0 3.0 4.0 2.0 4.0 4.0 4.0 4.0 2.0 2.0 4.0 3.0 2.0 4.0 2.0 4.0 4.0 2.0 4.0 4.0 2.0 4.0 4.0 
3.0 4.0 4.0 4.0 4.0 4.0 4.0 2.0 4.0 2.0 4.0 4.0 3.0 4.0 2.0 4.0 3.0 4.0 4.0 4.0 4.0 4.0 2.0 0 2.0 2.0 3.0 3.0 4.0 3.0 3.0 3.0 4.0 4.0 4.0 2.0 4.0 2.0 3.0 4.0 4.0 4.0 4.0 3.0 4.0 3.0 4.0 2.0 4.0 4.0 4.0 2.0 4.0 4.0 2.0 3.0 4.0 2.0 3.0 3.0 4.0 4.0 3.0 4.0 4.0 2.0 4.0 4.0 4.0 2.0 3.0 3.0 2.0 4.0 4.0 3.0 3.0 4.0 4.0 2.0 2.0 4.0 2.0 4.0 4.0 4.0 3.0 4.0 3.0 4.0 4.0 3.0 2.0 3.0 3.0 4.0 3.0 2.0 4.0 
4.0 4.0 4.0 4.0 4.0 4.0 4.0 4.0 4.0 2.0 3.0 4.0 4.0 2.0 2.0 4.0 3.0 4.0 4.0 3.0 4.0 4.0 4.0 2.0 0 2.0 4.0 3.0 3.0 4.0 4.0 4.0 2.0 4.0 3.0 3.0 4.0 2.0 4.0 2.0 2.0 4.0 4.0 4.0 4.0 4.0 3.0 4.0 4.0 3.0 4.0 3.0 3.0 4.0 4.0 4.0 4.0 3.0 4.0 3.0 3.0 4.0 4.0 3.0 2.0 2.0 4.0 4.0 4.0 3.0 2.0 2.0 2.0 4.0 4.0 4.0 4.0 2.0 4.0 4.0 4.0 4.0 2.0 4.0 3.0 3.0 3.0 2.0 3.0 4.0 4.0 3.0 4.0 4.0 4.0 3.0 4.0 2.0 4.0 
2.0 4.0 4.0 3.0 4.0 4.0 4.0 3.0 2.0 4.0 2.0 3.0 2.0 4.0 4.0 4.0 4.0 2.0 4.0 3.0 4.0 4.0 4.0 2.0 2.0 0 2.0 3.0 4.0 2.0 4.0 4.0 2.0 2.0 4.0 4.0 4.0 4.0 3.0 4.0 4.0 2.0 4.0 4.0 4.0 4.0 4.0 2.0 3.0 4.0 4.0 4.0 4.0 4.0 3.0 4.0 4.0 3.0 4.0 2.0 3.0 4.0 2.0 4.0 4.0 3.0 4.0 4.0 4.0 2.0 3.0 3.0 4.0 2.0 2.0 3.0 3.0 4.0 4.0 2.0 2.0 4.0 4.0 4.0 3.0 4.0 4.0 4.0 4.0 4.0 4.0 2.0 2.0 3.0 3.0 4.0 4.0 3.0 4.0 
3.0 3.0 4.0 3.0 4.0 2.0 2.0 3.0 4.0 4.0 4.0 3.0 4.0 4.0 4.0 2.0 3.0 3.0 4.0 4.0 4.0 4.0 2.0 3.0 4.0 2.0 0 2.0 4.0 4.0 3.0 4.0 2.0 3.0 3.0 3.0 3.0 3.0 3.0 4.0 4.0 4.0 2.0 4.0 2.0 2.0 2.0 3.0 2.0 4.0 3.0 3.0 4.0 2.0 3.0 3.0 3.0 4.0 3.0 4.0 4.0 4.0 3.0 2.0 3.0 4.0 2.0 4.0 4.0 2.0 4.0 4.0 4.0 3.0 3.0 4.0 2.0 4.0 4.0 3.0 3.0 4.0 4.0 4.0 2.0 4.0 3.0 4.0 4.0 4.0 3.0 3.0 4.0 4.0 4.0 4.0 4.0 2.0 4.0 
4.0 4.0 3.0 2.0 4.0 3.0 2.0 4.0 4.0 4.0 4.0 2.0 3.0 4.0 4.0 4.0 3.0 2.0 4.0 3.0 4.0 3.0 4.0 3.0 3.0 3.0 2.0 0 2.0 2.0 2.0 4.0 4.0 2.0 3.0 3.0 4.0 2.0 3.0 4.0 4.0 4.0 4.0 4.0 4.0 4.0 2.0 2.0 2.0 4.0 4.0 4.0 4.0 3.0 3.0 3.0 2.0 2.0 4.0 3.0 3.0 4.0 4.0 2.0 4.0 4.0 2.0 3.0 2.0 4.0 4.0 4.0 2.0 4.0 4.0 4.0 2.0 4.0 4.0 4.0 4.0 4.0 3.0 4.0 3.0 4.0 4.0 2.0 3.0 4.0 4.0 3.0 4.0 4.0 2.0 4.0 4.0 3.0 2.0 
4.0 4.0 4.0 4.0 2.0 3.0 4.0 4.0 4.0 2.0 3.0 2.0 4.0 4.0 2.0 2.0 2.0 4.0 3.0 4.0 4.0 4.0 2.0 4.0 3.0 4.0 4.0 2.0 0 2.0 4.0 3.0 4.0 4.0 4.0 4.0 4.0 3.0 2.0 4.0 3.0 4.0 4.0 4.0 4.0 3.0 4.0 2.0 4.0 3.0 4.0 3.0 4.0 3.0 2.0 4.0 3.0 4.0 4.0 3.0 3.0 2.0 4.0 2.0 2.0 4.0 3.0 4.0 2.0 4.0 3.0 4.0 4.0 4.0 3.0 4.0 3.0 4.0 4.0 4.0 4.0 3.0 2.0 4.0 4.0 3.0 4.0 3.0 4.0 4.0 3.0 3.0 3.0 3.0 2.0 4.0 4.0 4.0 4.0 
2.0 3.0 2.0 4.0 4.0 4.0 4.0 4.0 4.0 3.0 4.0 3.0 4.0 4.0 2.0 4.0 4.0 3.0 2.0 4.0 4.0 4.0 4.0 3.0 4.0 2.0 4.0 2.0 2.0 0 2.0 3.0 3.0 3.0 4.0 4.0 4.0 4.0 4.0 4.0 4.0 3.0 3.0 4.0 4.0 4.0 4.0 2.0 3.0 4.0 4.0 3.0 4.0 4.0 3.0 4.0 2.0 2.0 4.0 2.0 2.0 4.0 2.0 4.0 4.0 4.0 3.0 4.0 4.0 4.0 4.0 3.0 4.0 3.0 3.0 4.0 4.0 4.0 4.0 4.0 2.0 4.0 4.0 4.0 4.0 4.0 3.0 4.0 4.0 4.0 2.0 3.0 4.0 4.0 4.0 4.0 2.0 4.0 2.0 
2.0 4.0 3.0 2.0 4.0 4.0 4.0 4.0 4.0 3.0 4.0 4.0 4.0 3.0 3.0 3.0 3.0 3.0 4.0 3.0 4.0 4.0 4.0 3.0 4.0 4.0 3.0 2.0 4.0 2.0 0 2.0 4.0 2.0 2.0 3.0 3.0 4.0 4.0 4.0 4.0 3.0 2.0 4.0 2.0 4.0 4.0 4.0 4.0 4.0 2.0 4.0 4.0 3.0 3.0 4.0 2.0 2.0 2.0 4.0 4.0 4.0 3.0 2.0 3.0 2.0 4.0 4.0 4.0 3.0 4.0 3.0 4.0 4.0 3.0 3.0 4.0 2.0 2.0 3.0 4.0 2.0 4.0 2.0 2.0 2.0 4.0 2.0 2.0 4.0 4.0 4.0 4.0 4.0 4.0 3.0 4.0 3.0 4.0 
4.0 4.0 4.0 4.0 2.0 2.0 2.0 4.0 2.0 4.0 4.0 2.0 4.0 4.0 4.0 4.0 3.0 4.0 4.0 2.0 4.0 4.0 2.0 3.0 4.0 4.0 4.0 4.0 3.0 3.0 2.0 0 2.0 4.0 4.0 4.0 4.0 4.0 4.0 3.0 3.0 2.0 4.0 4.0 4.0 4.0 4.0 4.0 3.0 4.0 4.0 4.0 4.0 4.0 4.0 2.0 4.0 2.0 4.0 4.0 3.0 4.0 2.0 3.0 4.0 3.0 4.0 4.0 4.0 2.0 2.0 3.0 3.0 3.0 4.0 2.0 3.0 3.0 2.0 4.0 2.0 2.0 4.0 3.0 4.0 4.0 4.0 4.0 4.0 4.0 3.0 2.0 4.0 4.0 3.0 4.0 4.0 4.0 4.0 
3.0 3.0 4.0 3.0 2.0 4.0 2.0 4.0 2.0 3.0 4.0 2.0 4.0 2.0 3.0 4.0 2.0 4.0 4.0 4.0 2.0 2.0 4.0 4.0 2.0 2.0 2.0 4.0 4.0 3.0 4.0 2.0 0 2.0 2.0 4.0 4.0 2.0 4.0 2.0 3.0 3.0 4.0 3.0 4.0 2.0 3.0 4.0 4.0 4.0 3.0 4.0 4.0 4.0 3.0 4.0 4.0 4.0 4.0 3.0 4.0 4.0 4.0 2.0 4.0 3.0 3.0 4.0 4.0 2.0 4.0 2.0 3.0 2.0 2.0 4.0 4.0 4.0 3.0 3.0 2.0 4.0 3.0 2.0 2.0 2.0 3.0 4.0 3.0 3.0 4.0 2.0 4.0 4.0 4.0 3.0 4.0 2.0 2.0 
2.0 4.0 2.0 4.0 4.0 3.0 4.0 4.0 2.0 2.0 2.0 3.0 2.0 4.0 4.0 3.0 2.0 2.0 4.0 2.0 2.0 4.0 4.0 4.0 4.0 2.0 3.0 2.0 4.0 3.0 2.0 4.0 2.0 0 2.0 3.0 3.0 4.0 4.0 4.0 3.0 2.0 4.0 4.0 2.0 2.0 2.0 2.0 2.0 4.0 3.0 4.0 2.0 3.0 4.0 4.0 2.0 4.0 4.0 4.0 4.0 4.0 4.0 3.0 4.0 3.0 4.0 2.0 4.0 3.0 3.0 4.0 4.0 3.0 4.0 4.0 4.0 4.0 2.0 3.0 2.0 4.0 4.0 3.0 2.0 2.0 4.0 4.0 4.0 4.0 4.0 4.0 2.0 2.0 3.0 2.0 3.0 3.0 3.0 
2.0 4.0 4.0 2.0 4.0 4.0 4.0 2.0 3.0 2.0 3.0 4.0 4.0 3.0 2.0 2.0 4.0 4.0 2.0 4.0 4.0 4.0 4.0 4.0 3.0 4.0 3.0 3.0 4.0 4.0 2.0 4.0 2.0 2.0 0 2.0 4.0 3.0 3.0 4.0 4.0 3.0 4.0 4.0 4.0 4.0 3.0 2.0 3.0 3.0 4.0 2.0 4.0 4.0 4.0 4.0 2.0 4.0 2.0 2.0 2.0 4.0 4.0 4.0 3.0 2.0 4.0 4.0 4.0 4.0 4.0 4.0 3.0 4.0 3.0 4.0 3.0 4.0 3.0 3.0 3.0 4.0 4.0 4.0 2.0 4.0 4.0 4.0 4.0 4.0 4.0 4.0 4.0 4.0 3.0 4.0 3.0 4.0 4.0 
4.0 4.0 4.0 4.0 4.0 3.0 3.0 4.0 4.0 4.0 4.0 3.0 4.0 3.0 3.0 3.0 4.0 4.0 4.0 3.0 2.0 4.0 2.0 2.0 3.0 4.0 3.0 3.0 4.0 4.0 3.0 4.0 4.0 3.0 2.0 0 2.0 4.0 4.0 4.0 4.0 2.0 4.0 4.0 2.0 3.0 2.0 4.0 4.0 4.0 2.0 3.0 4.0 3.0 4.0 3.0 4.0 3.0 4.0 4.0 3.0 4.0 4.0 4.0 4.0 3.0 4.0 2.0 4.0 4.0 4.0 3.0 2.0 4.0 2.0 4.0 4.0 4.0 4.0 4.0 2.0 4.0 4.0 4.0 2.0 4.0 3.0 2.0 4.0 4.0 4.0 3.0 4.0 4.0 4.0 2.0 3.0 2.0 3.0 
4.0 2.0 4.0 2.0 4.0 4.0 4.0 2.0 3.0 4.0 4.0 2.0 2.0 4.0 4.0 4.0 4.0 2.0 4.0 3.0 3.0 4.0 4.0 4.0 4.0 4.0 3.0 4.0 4.0 4.0 3.0 4.0 4.0 3.0 4.0 2.0 0 2.0 4.0 4.0 4.0 3.0 4.0 3.0 2.0 4.0 4.0 2.0 4.0 3.0 2.0 3.0 4.0 2.0 2.0 4.0 2.0 2.0 4.0 4.0 2.0 4.0 4.0 4.0 2.0 2.0 4.0 2.0 4.0 4.0 4.0 4.0 2.0 4.0 4.0 4.0 3.0 4.0 4.0 4.0 4.0 3.0 2.0 4.0 4.0 4.0 4.0 2.0 2.0 4.0 2.0 2.0 4.0 4.0 2.0 4.0 4.0 4.0 4.0 
2.0 4.0 2.0 2.0 4.0 4.0 2.0 3.0 4.0 4.0 4.0 3.0 4.0 3.0 2.0 4.0 4.0 4.0 4.0 4.0 3.0 2.0 2.0 2.0 2.0 4.0 3.0 2.0 3.0 4.0 4.0 4.0 2.0 4.0 3.0 4.0 2.0 0 2.0 4.0 4.0 3.0 4.0 3.0 4.0 4.0 3.0 3.0 4.0 2.0 2.0 2.0 3.0 4.0 4.0 4.0 4.0 2.0 3.0 4.0 3.0 3.0 4.0 4.0 4.0 4.0 2.0 4.0 3.0 4.0 4.0 4.0 4.0 4.0 2.0 4.0 2.0 2.0 3.0 3.0 3.0 4.0 3.0 4.0 4.0 4.0 2.0 4.0 2.0 2.0 4.0 2.0 4.0 2.0 3.0 3.0 3.0 4.0 2.0 
4.0 4.0 4.0 4.0 3.0 4.0 4.0 3.0 4.0 3.0 4.0 2.0 2.0 4.0 3.0 4.0 2.0 3.0 4.0 4.0 2.0 4.0 3.0 3.0 4.0 3.0 3.0 3.0 2.0 4.0 4.0 4.0 4.0 4.0 3.0 4.0 4.0 2.0 0 2.0 2.0 3.0 4.0 4.0 2.0 4.0 4.0 4.0 4.0 3.0 2.0 4.0 4.0 2.0 4.0 2.0 2.0 3.0 2.0 4.0 3.0 4.0 4.0 2.0 2.0 3.0 4.0 4.0 3.0 4.0 3.0 3.0 3.0 4.0 4.0 2.0 3.0 4.0 2.0 2.0 3.0 4.0 3.0 3.0 4.0 2.0 4.0 2.0 2.0 3.0 4.0 4.0 4.0 4.0 4.0 2.0 4.0 2.0 2.0 
4.0 4.0 2.0 4.0 4.0 2.0 4.0 4.0 4.0 4.0 3.0 4.0 3.0 4.0 4.0 4.0 2.0 2.0 4.0 3.0 4.0 2.0 4.0 4.0 2.0 4.0 4.0 4.0 4.0 4.0 4.0 3.0 2.0 4.0 4.0 4.0 4.0 4.0 2.0 0 2.0 4.0 4.0 4.0 4.0 4.0 3.0 4.0 4.0 4.0 4.0 4.0 4.0 3.0 3.0 3.0 2.0 4.0 3.0 4.0 4.0 4.0 4.0 4.0 4.0 2.0 4.0 3.0 4.0 4.0 4.0 4.0 3.0 4.0 4.0 4.0 4.0 2.0 4.0 3.0 4.0 2.0 4.0 4.0 4.0 2.0 3.0 4.0 4.0 4.0 4.0 2.0 2.0 3.0 4.0 4.0 4.0 2.0 4.0 
4.0 4.0 4.0 4.0 4.0 4.0 3.0 2.0 4.0 4.0 2.0 3.0 4.0 4.0 4.0 4.0 2.0 2.0 4.0 4.0 4.0 4.0 3.0 4.0 2.0 4.0 4.0 4.0 3.0 4.0 4.0 3.0 3.0 3.0 4.0 4.0 4.0 4.0 2.0 2.0 0 2.0 4.0 4.0 4.0 4.0 4.0 4.0 4.0 4.0 4.0 4.0 4.0 3.0 4.0 4.0 3.0 3.0 2.0 3.0 4.0 2.0 2.0 2.0 4.0 2.0 3.0 4.0 4.0 4.0 4.0 4.0 4.0 4.0 4.0 4.0 2.0 2.0 4.0 4.0 4.0 2.0 4.0 4.0 4.0 2.0 4.0 2.0 4.0 4.0 2.0 2.0 4.0 4.0 4.0 4.0 4.0 2.0 3.0 
4.0 4.0 3.0 4.0 4.0 4.0 4.0 4.0 2.0 3.0 3.0 3.0 4.0 4.0 4.0 4.0 4.0 4.0 3.0 2.0 2.0 2.0 3.0 4.0 4.0 2.0 4.0 4.0 4.0 3.0 3.0 2.0 3.0 2.0 3.0 2.0 3.0 3.0 3.0 4.0 2.0 0 2.0 4.0 2.0 4.0 4.0 4.0 2.0 2.0 3.0 4.0 4.0 2.0 4.0 4.0 3.0 2.0 4.0 4.0 4.0 4.0 2.0 4.0 3.0 4.0 4.0 2.0 4.0 4.0 4.0 3.0 3.0 4.0 4.0 3.0 4.0 4.0 4.0 2.0 4.0 4.0 4.0 2.0 4.0 4.0 4.0 4.0 4.0 4.0 4.0 3.0 4.0 3.0 4.0 4.0 4.0 4.0 4.0 
2.0 4.0 2.0 4.0 4.0 4.0 3.0 3.0 4.0 4.0 3.0 2.0 4.0 4.0 3.0 4.0 2.0 4.0 3.0 4.0 2.0 3.0 4.0 4.0 4.0 4.0 2.0 4.0 4.0 3.0 2.0 4.0 4.0 4.0 4.0 4.0 4.0 4.0 4.0 4.0 4.0 2.0 0 2.0 2.0 4.0 2.0 4.0 4.0 2.0 4.0 4.0 4.0 2.0 3.0 4.0 2.0 4.0 2.0 4.0 3.0 4.0 4.0 2.0 3.0 4.0 4.0 4.0 4.0 4.0 4.0 3.0 2.0 2.0 4.0 4.0 3.0 4.0 2.0 2.0 2.0 4.0 4.0 2.0 4.0 4.0 4.0 3.0 4.0 4.0 3.0 2.0 4.0 4.0 4.0 4.0 4.0 3.0 2.0 
2.0 3.0 4.0 4.0 4.0 3.0 4.0 4.0 4.0 4.0 4.0 2.0 4.0 3.0 4.0 3.0 4.0 2.0 3.0 4.0 4.0 4.0 4.0 3.0 4.0 4.0 4.0 4.0 4.0 4.0 4.0 4.0 3.0 4.0 4.0 4.0 3.0 3.0 4.0 4.0 4.0 4.0 2.0 0 2.0 4.0 2.0 4.0 4.0 4.0 2.0 4.0 4.0 4.0 4.0 4.0 4.0 3.0 4.0 2.0 4.0 4.0 4.0 4.0 3.0 4.0 4.0 2.0 4.0 3.0 4.0 2.0 3.0 2.0 4.0 4.0 4.0 4.0 2.0 4.0 4.0 4.0 3.0 3.0 4.0 4.0 4.0 3.0 4.0 3.0 2.0 4.0 2.0 4.0 2.0 4.0 4.0 4.0 3.0 
2.0 4.0 4.0 4.0 2.0 4.0 4.0 4.0 4.0 4.0 4.0 4.0 4.0 4.0 4.0 4.0 4.0 4.0 4.0 4.0 3.0 2.0 4.0 4.0 4.0 4.0 2.0 4.0 4.0 4.0 2.0 4.0 4.0 2.0 4.0 2.0 2.0 4.0 2.0 4.0 4.0 2.0 2.0 2.0 0 2.0 4.0 4.0 3.0 2.0 4.0 4.0 2.0 4.0 4.0 4.0 3.0 4.0 4.0 2.0 4.0 4.0 3.0 4.0 4.0 3.0 4.0 4.0 4.0 2.0 3.0 4.0 2.0 4.0 3.0 3.0 3.0 4.0 4.0 4.0 2.0 4.0 4.0 4.0 4.0 2.0 3.0 4.0 4.0 2.0 2.0 2.0 4.0 3.0 2.0 4.0 2.0 2.0 3.0 
4.0 2.0 2.0 4.0 4.0 2.0 3.0 4.0 4.0 3.0 4.0 2.0 4.0 3.0 2.0 4.0 4.0 3.0 4.0 3.0 4.0 2.0 3.0 3.0 4.0 4.0 2.0 4.0 3.0 4.0 4.0 4.0 2.0 2.0 4.0 3.0 4.0 4.0 4.0 4.0 4.0 4.0 4.0 4.0 2.0 0 2.0 3.0 3.0 2.0 3.0 4.0 4.0 3.0 4.0 2.0 4.0 4.0 4.0 4.0 3.0 4.0 4.0 4.0 4.0 4.0 4.0 4.0 4.0 2.0 4.0 2.0 3.0 4.0 4.0 4.0 2.0 4.0 4.0 2.0 3.0 4.0 2.0 4.0 2.0 4.0 2.0 4.0 2.0 4.0 3.0 3.0 4.0 4.0 4.0 4.0 3.0 4.0 4.0 
4.0 4.0 4.0 3.0 4.0 4.0 3.0 2.0 3.0 3.0 2.0 4.0 2.0 2.0 2.0 4.0 4.0 4.0 4.0 4.0 3.0 4.0 4.0 4.0 3.0 4.0 2.0 2.0 4.0 4.0 4.0 4.0 3.0 2.0 3.0 2.0 4.0 3.0 4.0 3.0 4.0 4.0 2.0 2.0 4.0 2.0 0 2.0 4.0 3.0 2.0 3.0 4.0 4.0 4.0 2.0 2.0 4.0 4.0 3.0 4.0 4.0 4.0 4.0 4.0 2.0 4.0 3.0 4.0 2.0 4.0 3.0 4.0 4.0 2.0 3.0 2.0 2.0 4.0 4.0 4.0 2.0 3.0 3.0 4.0 2.0 3.0 2.0 4.0 4.0 4.0 3.0 2.0 4.0 4.0 3.0 3.0 3.0 2.0 
4.0 4.0 4.0 4.0 2.0 4.0 4.0 4.0 4.0 2.0 3.0 3.0 4.0 4.0 4.0 3.0 4.0 2.0 4.0 3.0 4.0 2.0 4.0 2.0 4.0 2.0 3.0 2.0 2.0 2.0 4.0 4.0 4.0 2.0 2.0 4.0 2.0 3.0 4.0 4.0 4.0 4.0 4.0 4.0 4.0 3.0 2.0 0 2.0 4.0 4.0 4.0 3.0 2.0 4.0 4.0 2.0 2.0 3.0 2.0 2.0 4.0 4.0 2.0 4.0 4.0 4.0 4.0 2.0 4.0 2.0 4.0 4.0 4.0 4.0 3.0 4.0 4.0 3.0 3.0 2.0 3.0 2.0 4.0 4.0 3.0 4.0 4.0 4.0 4.0 4.0 4.0 4.0 4.0 4.0 4.0 3.0 3.0 4.0 
4.0 3.0 3.0 4.0 4.0 4.0 4.0 3.0 2.0 2.0 3.0 4.0 4.0 4.0 2.0 4.0 3.0 4.0 4.0 2.0 4.0 4.0 4.0 4.0 4.0 3.0 2.0 2.0 4.0 3.0 4.0 3.0 4.0 2.0 3.0 4.0 4.0 4.0 4.0 4.0 4.0 2.0 4.0 4.0 3.0 3.0 4.0 2.0 0 2.0 4.0 4.0 4.0 4.0 2.0 2.0 3.0 3.0 4.0 2.0 4.0 3.0 4.0 3.0 4.0 4.0 4.0 4.0 2.0 4.0 4.0 4.0 3.0 4.0 3.0 4.0 4.0 3.0 2.0 2.0 2.0 4.0 4.0 3.0 4.0 4.0 2.0 2.0 4.0 4.0 4.0 4.0 4.0 4.0 3.0 3.0 2.0 2.0 2.0 
3.0 4.0 4.0 3.0 2.0 4.0 2.0 4.0 4.0 2.0 4.0 4.0 3.0 4.0 3.0 4.0 4.0 4.0 2.0 4.0 2.0 4.0 4.0 4.0 3.0 4.0 4.0 4.0 3.0 4.0 4.0 4.0 4.0 4.0 3.0 4.0 3.0 2.0 3.0 4.0 4.0 2.0 2.0 4.0 2.0 2.0 3.0 4.0 2.0 0 2.0 3.0 4.0 4.0 3.0 4.0 4.0 3.0 3.0 4.0 4.0 2.0 4.0 2.0 4.0 4.0 2.0 4.0 4.0 4.0 4.0 4.0 4.0 2.0 4.0 3.0 4.0 4.0 3.0 4.0 4.0 4.0 4.0 2.0 4.0 4.0 2.0 2.0 4.0 2.0 4.0 3.0 4.0 4.0 4.0 4.0 4.0 4.0 4.0 
4.0 4.0 4.0 3.0 3.0 4.0 4.0 4.0 2.0 4.0 2.0 4.0 4.0 3.0 4.0 4.0 3.0 4.0 4.0 4.0 4.0 4.0 2.0 4.0 4.0 4.0 3.0 4.0 4.0 4.0 2.0 4.0 3.0 3.0 4.0 2.0 2.0 2.0 2.0 4.0 4.0 3.0 4.0 2.0 4.0 3.0 2.0 4.0 4.0 2.0 0 2.0 4.0 4.0 3.0 2.0 3.0 2.0 3.0 2.0 4.0 2.0 4.0 2.0 4.0 3.0 4.0 4.0 3.0 4.0 4.0 3.0 3.0 3.0 2.0 3.0 2.0 4.0 4.0 2.0 3.0 3.0 3.0 4.0 4.0 2.0 4.0 4.0 4.0 2.0 2.0 4.0 4.0 4.0 4.0 4.0 4.0 2.0 3.0 
4.0 3.0 4.0 3.0 2.0 4.0 4.0 4.0 3.0 4.0 4.0 4.0 4.0 3.0 2.0 4.0 4.0 4.0 4.0 4.0 3.0 4.0 2.0 2.0 3.0 4.0 3.0 4.0 3.0 3.0 4.0 4.0 4.0 4.0 2.0 3.0 3.0 2.0 4.0 4.0 4.0 4.0 4.0 4.0 4.0 4.0 3.0 4.0 4.0 3.0 2.0 0 2.0 4.0 4.0 2.0 3.0 4.0 4.0 2.0 4.0 2.0 4.0 4.0 3.0 3.0 3.0 4.0 4.0 2.0 2.0 2.0 4.0 3.0 4.0 4.0 4.0 3.0 4.0 4.0 3.0 4.0 4.0 4.0 4.0 4.0 3.0 4.0 2.0 3.0 4.0 4.0 3.0 4.0 4.0 2.0 4.0 4.0 3.0 
3.0 2.0 4.0 2.0 4.0 3.0 3.0 3.0 4.0 2.0 2.0 2.0 4.0 3.0 4.0 4.0 4.0 4.0 3.0 4.0 4.0 4.0 4.0 4.0 3.0 4.0 4.0 4.0 4.0 4.0 4.0 4.0 4.0 2.0 4.0 4.0 4.0 3.0 4.0 4.0 4.0 4.0 4.0 4.0 2.0 4.0 4.0 3.0 4.0 4.0 4.0 2.0 0 2.0 4.0 4.0 2.0 4.0 4.0 2.0 4.0 4.0 4.0 3.0 2.0 4.0 2.0 3.0 3.0 4.0 4.0 4.0 4.0 3.0 2.0 3.0 4.0 2.0 4.0 3.0 2.0 4.0 4.0 2.0 4.0 4.0 4.0 2.0 2.0 3.0 4.0 3.0 2.0 2.0 2.0 2.0 4.0 4.0 4.0 
4.0 4.0 4.0 2.0 2.0 4.0 4.0 4.0 2.0 3.0 3.0 4.0 4.0 4.0 2.0 3.0 4.0 2.0 4.0 2.0 3.0 2.0 2.0 4.0 4.0 4.0 2.0 3.0 3.0 4.0 3.0 4.0 4.0 3.0 4.0 3.0 2.0 4.0 2.0 3.0 3.0 2.0 2.0 4.0 4.0 3.0 4.0 2.0 4.0 4.0 4.0 4.0 2.0 0 2.0 4.0 4.0 3.0 3.0 4.0 4.0 4.0 4.0 4.0 4.0 4.0 4.0 4.0 4.0 3.0 3.0 4.0 4.0 3.0 4.0 4.0 4.0 3.0 3.0 4.0 4.0 4.0 3.0 2.0 3.0 3.0 2.0 4.0 2.0 4.0 2.0 4.0 2.0 3.0 4.0 3.0 3.0 2.0 4.0 
4.0 2.0 2.0 3.0 4.0 4.0 4.0 2.0 4.0 4.0 3.0 4.0 4.0 3.0 2.0 3.0 4.0 4.0 4.0 2.0 3.0 4.0 2.0 2.0 4.0 3.0 3.0 3.0 2.0 3.0 3.0 4.0 3.0 4.0 4.0 4.0 2.0 4.0 4.0 3.0 4.0 4.0 3.0 4.0 4.0 4.0 4.0 4.0 2.0 3.0 3.0 4.0 4.0 2.0 0 2.0 3.0 3.0 4.0 4.0 4.0 4.0 4.0 4.0 4.0 3.0 4.0 4.0 4.0 4.0 3.0 3.0 4.0 3.0 2.0 4.0 3.0 4.0 4.0 4.0 3.0 4.0 4.0 2.0 2.0 4.0 3.0 4.0 2.0 4.0 3.0 4.0 4.0 2.0 2.0 4.0 2.0 4.0 3.0 
4.0 4.0 3.0 4.0 4.0 4.0 2.0 4.0 4.0 2.0 2.0 3.0 3.0 2.0 3.0 4.0 2.0 3.0 4.0 3.0 2.0 2.0 4.0 3.0 4.0 4.0 3.0 3.0 4.0 4.0 4.0 2.0 4.0 4.0 4.0 3.0 4.0 4.0 2.0 3.0 4.0 4.0 4.0 4.0 4.0 2.0 2.0 4.0 2.0 4.0 2.0 2.0 4.0 4.0 2.0 0 2.0 4.0 4.0 2.0 4.0 4.0 4.0 4.0 2.0 4.0 4.0 4.0 2.0 3.0 4.0 2.0 4.0 4.0 4.0 2.0 3.0 4.0 2.0 4.0 3.0 4.0 4.0 3.0 2.0 4.0 4.0 3.0 4.0 4.0 4.0 4.0 2.0 4.0 2.0 3.0 2.0 4.0 2.0 
4.0 4.0 2.0 4.0 3.0 2.0 4.0 4.0 4.0 4.0 3.0 3.0 4.0 4.0 4.0 4.0 4.0 2.0 4.0 4.0 3.0 4.0 3.0 4.0 4.0 4.0 3.0 2.0 3.0 2.0 2.0 4.0 4.0 2.0 2.0 4.0 2.0 4.0 2.0 2.0 3.0 3.0 2.0 4.0 3.0 4.0 2.0 2.0 3.0 4.0 3.0 3.0 2.0 4.0 3.0 2.0 0 2.0 2.0 4.0 3.0 3.0 3.0 3.0 4.0 4.0 2.0 4.0 4.0 3.0 4.0 4.0 4.0 4.0 4.0 4.0 4.0 4.0 2.0 4.0 3.0 4.0 2.0 4.0 2.0 4.0 2.0 4.0 4.0 4.0 3.0 4.0 4.0 2.0 4.0 4.0 3.0 4.0 3.0 
4.0 2.0 4.0 2.0 4.0 4.0 3.0 4.0 4.0 4.0 4.0 2.0 4.0 4.0 4.0 3.0 2.0 4.0 2.0 3.0 3.0 2.0 3.0 2.0 3.0 3.0 4.0 2.0 4.0 2.0 2.0 2.0 4.0 4.0 4.0 3.0 2.0 2.0 3.0 4.0 3.0 2.0 4.0 3.0 4.0 4.0 4.0 2.0 3.0 3.0 2.0 4.0 4.0 3.0 3.0 4.0 2.0 0 2.0 4.0 3.0 4.0 4.0 4.0 3.0 4.0 2.0 3.0 4.0 3.0 4.0 3.0 3.0 4.0 4.0 4.0 2.0 4.0 4.0 2.0 4.0 3.0 3.0 4.0 3.0 2.0 4.0 4.0 2.0 4.0 3.0 2.0 4.0 4.0 4.0 4.0 2.0 4.0 2.0 
4.0 4.0 4.0 3.0 4.0 4.0 4.0 2.0 3.0 4.0 4.0 4.0 3.0 2.0 2.0 4.0 3.0 4.0 2.0 4.0 3.0 3.0 4.0 3.0 4.0 4.0 3.0 4.0 4.0 4.0 2.0 4.0 4.0 4.0 2.0 4.0 4.0 3.0 2.0 3.0 2.0 4.0 2.0 4.0 4.0 4.0 4.0 3.0 4.0 3.0 3.0 4.0 4.0 3.0 4.0 4.0 2.0 2.0 0 2.0 3.0 4.0 4.0 4.0 3.0 4.0 2.0 4.0 4.0 4.0 4.0 2.0 4.0 3.0 2.0 4.0 4.0 4.0 3.0 2.0 2.0 4.0 3.0 4.0 4.0 2.0 3.0 4.0 4.0 3.0 4.0 2.0 4.0 2.0 4.0 3.0 4.0 4.0 4.0 
4.0 4.0 2.0 4.0 4.0 4.0 4.0 4.0 4.0 3.0 2.0 4.0 4.0 4.0 4.0 4.0 4.0 3.0 4.0 3.0 4.0 3.0 4.0 3.0 3.0 2.0 4.0 3.0 3.0 2.0 4.0 4.0 3.0 4.0 2.0 4.0 4.0 4.0 4.0 4.0 3.0 4.0 4.0 2.0 2.0 4.0 3.0 2.0 2.0 4.0 2.0 2.0 2.0 4.0 4.0 2.0 4.0 4.0 2.0 0 2.0 4.0 4.0 3.0 3.0 4.0 4.0 4.0 4.0 4.0 4.0 4.0 2.0 4.0 2.0 4.0 3.0 2.0 3.0 2.0 4.0 2.0 4.0 4.0 3.0 3.0 4.0 4.0 3.0 2.0 4.0 4.0 3.0 3.0 2.0 4.0 4.0 4.0 4.0 
3.0 3.0 4.0 2.0 4.0 2.0 4.0 3.0 3.0 3.0 2.0 4.0 4.0 4.0 4.0 2.0 4.0 3.0 2.0 4.0 3.0 2.0 4.0 4.0 3.0 3.0 4.0 3.0 3.0 2.0 4.0 3.0 4.0 4.0 2.0 3.0 2.0 3.0 3.0 4.0 4.0 4.0 3.0 4.0 4.0 3.0 4.0 2.0 4.0 4.0 4.0 4.0 4.0 4.0 4.0 4.0 3.0 3.0 3.0 2.0 0 2.0 3.0 4.0 4.0 3.0 4.0 4.0 4.0 4.0 3.0 2.0 4.0 3.0 4.0 2.0 4.0 4.0 4.0 4.0 2.0 4.0 2.0 3.0 4.0 3.0 2.0 4.0 2.0 3.0 2.0 2.0 3.0 4.0 3.0 4.0 2.0 4.0 4.0 
4.0 4.0 4.0 4.0 4.0 2.0 2.0 4.0 2.0 3.0 2.0 2.0 4.0 4.0 2.0 4.0 4.0 4.0 2.0 2.0 4.0 2.0 4.0 4.0 4.0 4.0 4.0 4.0 2.0 4.0 4.0 4.0 4.0 4.0 4.0 4.0 4.0 3.0 4.0 4.0 2.0 4.0 4.0 4.0 4.0 4.0 4.0 4.0 3.0 2.0 2.0 2.0 4.0 4.0 4.0 4.0 3.0 4.0 4.0 4.0 2.0 0 2.0 4.0 4.0 4.0 4.0 3.0 3.0 4.0 4.0 4.0 2.0 4.0 4.0 4.0 4.0 4.0 3.0 2.0 3.0 3.0 4.0 4.0 3.0 2.0 3.0 3.0 4.0 4.0 4.0 3.0 4.0 4.0 4.0 4.0 4.0 3.0 4.0 
4.0 4.0 4.0 3.0 3.0 4.0 4.0 3.0 4.0 2.0 2.0 4.0 4.0 2.0 4.0 4.0 4.0 4.0 4.0 4.0 2.0 4.0 4.0 3.0 4.0 2.0 3.0 4.0 4.0 2.0 3.0 2.0 4.0 4.0 4.0 4.0 4.0 4.0 4.0 4.0 2.0 2.0 4.0 4.0 3.0 4.0 4.0 4.0 4.0 4.0 4.0 4.0 4.0 4.0 4.0 4.0 3.0 4.0 4.0 4.0 3.0 2.0 0 2.0 4.0 2.0 4.0 4.0 4.0 3.0 2.0 4.0 4.0 4.0 3.0 4.0 4.0 3.0 2.0 2.0 3.0 4.0 3.0 3.0 4.0 2.0 2.0 3.0 4.0 3.0 2.0 4.0 4.0 4.0 3.0 4.0 4.0 4.0 4.0 
4.0 4.0 2.0 3.0 3.0 4.0 2.0 4.0 2.0 4.0 4.0 2.0 4.0 3.0 3.0 4.0 4.0 4.0 3.0 4.0 3.0 4.0 3.0 4.0 3.0 4.0 2.0 2.0 2.0 4.0 2.0 3.0 2.0 3.0 4.0 4.0 4.0 4.0 2.0 4.0 2.0 4.0 2.0 4.0 4.0 4.0 4.0 2.0 3.0 2.0 2.0 4.0 3.0 4.0 4.0 4.0 3.0 4.0 4.0 3.0 4.0 4.0 2.0 0 2.0 2.0 2.0 4.0 3.0 3.0 3.0 3.0 3.0 2.0 4.0 3.0 4.0 4.0 4.0 4.0 2.0 2.0 2.0 4.0 4.0 3.0 4.0 2.0 2.0 4.0 3.0 4.0 4.0 4.0 4.0 3.0 4.0 4.0 2.0 
3.0 4.0 3.0 3.0 3.0 3.0 4.0 4.0 4.0 4.0 4.0 4.0 4.0 3.0 2.0 4.0 2.0 4.0 3.0 4.0 4.0 4.0 3.0 4.0 2.0 4.0 3.0 4.0 2.0 4.0 3.0 4.0 4.0 4.0 3.0 4.0 2.0 4.0 2.0 4.0 4.0 3.0 3.0 3.0 4.0 4.0 4.0 4.0 4.0 4.0 4.0 3.0 2.0 4.0 4.0 2.0 4.0 3.0 3.0 3.0 4.0 4.0 4.0 2.0 0 2.0 4.0 4.0 3.0 4.0 4.0 4.0 4.0 4.0 3.0 2.0 4.0 2.0 2.0 3.0 2.0 3.0 2.0 2.0 4.0 2.0 4.0 4.0 4.0 3.0 4.0 2.0 4.0 4.0 4.0 3.0 2.0 4.0 4.0 
4.0 3.0 2.0 2.0 4.0 4.0 3.0 2.0 4.0 2.0 2.0 2.0 4.0 4.0 4.0 2.0 2.0 4.0 4.0 4.0 4.0 4.0 2.0 2.0 2.0 3.0 4.0 4.0 4.0 4.0 2.0 3.0 3.0 3.0 2.0 3.0 2.0 4.0 3.0 2.0 2.0 4.0 4.0 4.0 3.0 4.0 2.0 4.0 4.0 4.0 3.0 3.0 4.0 4.0 3.0 4.0 4.0 4.0 4.0 4.0 3.0 4.0 2.0 2.0 2.0 0 2.0 4.0 3.0 4.0 4.0 4.0 4.0 4.0 3.0 4.0 3.0 4.0 4.0 4.0 4.0 4.0 4.0 2.0 4.0 2.0 2.0 4.0 3.0 4.0 3.0 2.0 2.0 4.0 4.0 4.0 2.0 2.0 2.0 
4.0 2.0 4.0 3.0 4.0 2.0 3.0 4.0 2.0 4.0 4.0 4.0 2.0 2.0 2.0 4.0 4.0 4.0 3.0 4.0 4.0 4.0 4.0 4.0 4.0 4.0 2.0 2.0 3.0 3.0 4.0 4.0 3.0 4.0 4.0 4.0 4.0 2.0 4.0 4.0 3.0 4.0 4.0 4.0 4.0 4.0 4.0 4.0 4.0 2.0 4.0 3.0 2.0 4.0 4.0 4.0 2.0 2.0 2.0 4.0 4.0 4.0 4.0 2.0 4.0 2.0 0 2.0 4.0 3.0 4.0 2.0 4.0 4.0 4.0 2.0 2.0 4.0 3.0 3.0 2.0 4.0 3.0 4.0 4.0 4.0 4.0 4.0 4.0 4.0 4.0 2.0 4.0 4.0 4.0 4.0 4.0 2.0 2.0 
4.0 4.0 4.0 3.0 4.0 2.0 4.0 2.0 4.0 3.0 2.0 3.0 3.0 4.0 4.0 3.0 4.0 4.0 2.0 3.0 4.0 3.0 4.0 4.0 4.0 4.0 4.0 3.0 4.0 4.0 4.0 4.0 4.0 2.0 4.0 2.0 2.0 4.0 4.0 3.0 4.0 2.0 4.0 2.0 4.0 4.0 3.0 4.0 4.0 4.0 4.0 4.0 3.0 4.0 4.0 4.0 4.0 3.0 4.0 4.0 4.0 3.0 4.0 4.0 4.0 4.0 2.0 0 2.0 3.0 4.0 4.0 2.0 4.0 4.0 4.0 4.0 4.0 2.0 4.0 2.0 3.0 4.0 2.0 4.0 3.0 3.0 2.0 2.0 4.0 3.0 4.0 3.0 2.0 4.0 2.0 4.0 4.0 2.0 
4.0 4.0 2.0 3.0 3.0 3.0 2.0 3.0 4.0 4.0 4.0 3.0 3.0 2.0 3.0 4.0 4.0 2.0 4.0 4.0 4.0 3.0 4.0 4.0 4.0 4.0 4.0 2.0 2.0 4.0 4.0 4.0 4.0 4.0 4.0 4.0 4.0 3.0 3.0 4.0 4.0 4.0 4.0 4.0 4.0 4.0 4.0 2.0 2.0 4.0 3.0 4.0 3.0 4.0 4.0 2.0 4.0 4.0 4.0 4.0 4.0 3.0 4.0 3.0 3.0 3.0 4.0 2.0 0 2.0 4.0 4.0 2.0 4.0 4.0 2.0 4.0 4.0 4.0 4.0 4.0 3.0 4.0 4.0 3.0 4.0 2.0 4.0 4.0 4.0 4.0 4.0 4.0 2.0 4.0 2.0 3.0 2.0 4.0 
4.0 3.0 2.0 3.0 3.0 3.0 2.0 4.0 2.0 4.0 4.0 3.0 3.0 2.0 4.0 2.0 3.0 3.0 3.0 4.0 4.0 4.0 4.0 2.0 3.0 2.0 2.0 4.0 4.0 4.0 3.0 2.0 2.0 3.0 4.0 4.0 4.0 4.0 4.0 4.0 4.0 4.0 4.0 3.0 2.0 2.0 2.0 4.0 4.0 4.0 4.0 2.0 4.0 3.0 4.0 3.0 3.0 3.0 4.0 4.0 4.0 4.0 3.0 3.0 4.0 4.0 3.0 3.0 2.0 0 2.0 4.0 3.0 2.0 2.0 3.0 4.0 3.0 2.0 4.0 4.0 3.0 2.0 2.0 4.0 4.0 4.0 2.0 4.0 4.0 3.0 4.0 4.0 4.0 4.0 2.0 2.0 4.0 3.0 
2.0 4.0 4.0 4.0 3.0 4.0 4.0 4.0 2.0 4.0 2.0 4.0 2.0 3.0 4.0 4.0 3.0 4.0 3.0 4.0 4.0 2.0 4.0 3.0 2.0 3.0 4.0 4.0 3.0 4.0 4.0 2.0 4.0 3.0 4.0 4.0 4.0 4.0 3.0 4.0 4.0 4.0 4.0 4.0 3.0 4.0 4.0 2.0 4.0 4.0 4.0 2.0 4.0 3.0 3.0 4.0 4.0 4.0 4.0 4.0 3.0 4.0 2.0 3.0 4.0 4.0 4.0 4.0 4.0 2.0 0 2.0 4.0 4.0 4.0 2.0 3.0 4.0 4.0 4.0 4.0 4.0 4.0 4.0 4.0 3.0 2.0 2.0 4.0 4.0 4.0 2.0 3.0 4.0 3.0 4.0 4.0 4.0 2.0 
4.0 4.0 3.0 4.0 4.0 4.0 2.0 4.0 4.0 4.0 4.0 4.0 4.0 4.0 4.0 4.0 4.0 4.0 2.0 2.0 3.0 2.0 4.0 3.0 2.0 3.0 4.0 4.0 4.0 3.0 3.0 3.0 2.0 4.0 4.0 3.0 4.0 4.0 3.0 4.0 4.0 3.0 3.0 2.0 4.0 2.0 3.0 4.0 4.0 4.0 3.0 2.0 4.0 4.0 3.0 2.0 4.0 3.0 2.0 4.0 2.0 4.0 4.0 3.0 4.0 4.0 2.0 4.0 4.0 4.0 2.0 0 2.0 4.0 4.0 4.0 4.0 4.0 3.0 3.0 4.0 4.0 4.0 3.0 4.0 4.0 4.0 3.0 4.0 4.0 4.0 4.0 3.0 3.0 4.0 4.0 3.0 3.0 4.0 
4.0 2.0 4.0 4.0 2.0 4.0 4.0 3.0 4.0 4.0 4.0 4.0 2.0 4.0 2.0 2.0 3.0 4.0 4.0 4.0 2.0 4.0 4.0 2.0 2.0 4.0 4.0 2.0 4.0 4.0 4.0 3.0 3.0 4.0 3.0 2.0 2.0 4.0 3.0 3.0 4.0 3.0 2.0 3.0 2.0 3.0 4.0 4.0 3.0 4.0 3.0 4.0 4.0 4.0 4.0 4.0 4.0 3.0 4.0 2.0 4.0 2.0 4.0 3.0 4.0 4.0 4.0 2.0 2.0 3.0 4.0 2.0 0 2.0 3.0 4.0 3.0 2.0 4.0 4.0 2.0 3.0 4.0 4.0 4.0 3.0 4.0 2.0 4.0 2.0 4.0 2.0 4.0 4.0 3.0 2.0 3.0 2.0 2.0 
3.0 2.0 4.0 2.0 4.0 4.0 3.0 3.0 2.0 4.0 3.0 4.0 3.0 4.0 4.0 4.0 2.0 4.0 3.0 3.0 4.0 4.0 4.0 4.0 4.0 2.0 3.0 4.0 4.0 3.0 4.0 3.0 2.0 3.0 4.0 4.0 4.0 4.0 4.0 4.0 4.0 4.0 2.0 2.0 4.0 4.0 4.0 4.0 4.0 2.0 3.0 3.0 3.0 3.0 3.0 4.0 4.0 4.0 3.0 4.0 3.0 4.0 4.0 2.0 4.0 4.0 4.0 4.0 4.0 2.0 4.0 4.0 2.0 0 2.0 4.0 4.0 4.0 4.0 4.0 4.0 4.0 2.0 2.0 4.0 4.0 4.0 4.0 4.0 2.0 4.0 2.0 4.0 4.0 3.0 2.0 4.0 4.0 4.0 
3.0 3.0 4.0 4.0 3.0 2.0 3.0 4.0 4.0 4.0 4.0 4.0 4.0 4.0 4.0 4.0 4.0 4.0 4.0 2.0 3.0 2.0 3.0 4.0 4.0 2.0 3.0 4.0 3.0 3.0 3.0 4.0 2.0 4.0 3.0 2.0 4.0 2.0 4.0 4.0 4.0 4.0 4.0 4.0 3.0 4.0 2.0 4.0 3.0 4.0 2.0 4.0 2.0 4.0 2.0 4.0 4.0 4.0 2.0 2.0 4.0 4.0 3.0 4.0 3.0 3.0 4.0 4.0 4.0 2.0 4.0 4.0 3.0 2.0 0 2.0 4.0 2.0 4.0 4.0 3.0 4.0 4.0 4.0 4.0 4.0 4.0 4.0 3.0 4.0 4.0 3.0 2.0 3.0 3.0 2.0 3.0 2.0 4.0 
4.0 3.0 4.0 2.0 4.0 4.0 4.0 4.0 2.0 4.0 4.0 3.0 2.0 3.0 4.0 4.0 4.0 3.0 4.0 4.0 4.0 2.0 4.0 3.0 4.0 3.0 4.0 4.0 4.0 4.0 3.0 2.0 4.0 4.0 4.0 4.0 4.0 4.0 2.0 4.0 4.0 3.0 4.0 4.0 3.0 4.0 3.0 3.0 4.0 3.0 3.0 4.0 3.0 4.0 4.0 2.0 4.0 4.0 4.0 4.0 2.0 4.0 4.0 3.0 2.0 4.0 2.0 4.0 2.0 3.0 2.0 4.0 4.0 4.0 2.0 0 2.0 4.0 2.0 3.0 4.0 4.0 4.0 3.0 4.0 4.0 4.0 3.0 4.0 4.0 4.0 3.0 4.0 4.0 4.0 4.0 4.0 4.0 3.0 
4.0 4.0 4.0 4.0 4.0 4.0 4.0 4.0 3.0 4.0 4.0 3.0 2.0 4.0 3.0 3.0 3.0 4.0 4.0 2.0 4.0 4.0 4.0 3.0 4.0 3.0 2.0 2.0 3.0 4.0 4.0 3.0 4.0 4.0 3.0 4.0 3.0 2.0 3.0 4.0 2.0 4.0 3.0 4.0 3.0 2.0 2.0 4.0 4.0 4.0 2.0 4.0 4.0 4.0 3.0 3.0 4.0 2.0 4.0 3.0 4.0 4.0 4.0 4.0 4.0 3.0 2.0 4.0 4.0 4.0 3.0 4.0 3.0 4.0 4.0 2.0 0 2.0 4.0 3.0 4.0 4.0 4.0 3.0 4.0 3.0 3.0 3.0 2.0 2.0 3.0 4.0 2.0 4.0 4.0 4.0 4.0 4.0 3.0 
2.0 4.0 4.0 2.0 4.0 3.0 4.0 4.0 4.0 3.0 4.0 3.0 4.0 4.0 2.0 3.0 4.0 3.0 4.0 4.0 4.0 4.0 3.0 4.0 2.0 4.0 4.0 4.0 4.0 4.0 2.0 3.0 4.0 4.0 4.0 4.0 4.0 2.0 4.0 2.0 2.0 4.0 4.0 4.0 4.0 4.0 2.0 4.0 3.0 4.0 4.0 3.0 2.0 3.0 4.0 4.0 4.0 4.0 4.0 2.0 4.0 4.0 3.0 4.0 2.0 4.0 4.0 4.0 4.0 3.0 4.0 4.0 2.0 4.0 2.0 4.0 2.0 0 2.0 4.0 2.0 4.0 4.0 4.0 4.0 2.0 4.0 4.0 3.0 2.0 2.0 4.0 4.0 4.0 2.0 3.0 4.0 4.0 4.0 
4.0 4.0 2.0 4.0 4.0 4.0 3.0 4.0 4.0 3.0 4.0 4.0 3.0 2.0 2.0 4.0 2.0 4.0 4.0 4.0 4.0 4.0 4.0 4.0 4.0 4.0 4.0 4.0 4.0 4.0 2.0 2.0 3.0 2.0 3.0 4.0 4.0 3.0 2.0 4.0 4.0 4.0 2.0 2.0 4.0 4.0 4.0 3.0 2.0 3.0 4.0 4.0 4.0 3.0 4.0 2.0 2.0 4.0 3.0 3.0 4.0 3.0 2.0 4.0 2.0 4.0 3.0 2.0 4.0 2.0 4.0 3.0 4.0 4.0 4.0 2.0 4.0 2.0 0 2.0 2.0 4.0 3.0 4.0 3.0 4.0 4.0 4.0 2.0 4.0 4.0 4.0 4.0 2.0 4.0 4.0 2.0 4.0 3.0 
3.0 4.0 4.0 4.0 2.0 3.0 2.0 4.0 4.0 4.0 4.0 4.0 3.0 4.0 3.0 2.0 4.0 4.0 4.0 2.0 3.0 4.0 2.0 2.0 4.0 2.0 3.0 4.0 4.0 4.0 3.0 4.0 3.0 3.0 3.0 4.0 4.0 3.0 2.0 3.0 4.0 2.0 2.0 4.0 4.0 2.0 4.0 3.0 2.0 4.0 2.0 4.0 3.0 4.0 4.0 4.0 4.0 2.0 2.0 2.0 4.0 2.0 2.0 4.0 3.0 4.0 3.0 4.0 4.0 4.0 4.0 3.0 4.0 4.0 4.0 3.0 3.0 4.0 2.0 0 2.0 4.0 2.0 4.0 2.0 4.0 4.0 4.0 4.0 4.0 3.0 2.0 4.0 2.0 4.0 4.0 3.0 2.0 3.0 
2.0 3.0 4.0 2.0 2.0 2.0 2.0 4.0 2.0 3.0 4.0 3.0 3.0 4.0 4.0 4.0 4.0 4.0 4.0 4.0 4.0 3.0 4.0 2.0 4.0 2.0 3.0 4.0 4.0 2.0 4.0 2.0 2.0 2.0 3.0 2.0 4.0 3.0 3.0 4.0 4.0 4.0 2.0 4.0 2.0 3.0 4.0 2.0 2.0 4.0 3.0 3.0 2.0 4.0 3.0 3.0 3.0 4.0 2.0 4.0 2.0 3.0 3.0 2.0 2.0 4.0 2.0 2.0 4.0 4.0 4.0 4.0 2.0 4.0 3.0 4.0 4.0 2.0 2.0 2.0 0 2.0 4.0 4.0 4.0 4.0 4.0 2.0 3.0 4.0 2.0 2.0 4.0 2.0 4.0 3.0 2.0 2.0 4.0 
4.0 4.0 4.0 4.0 4.0 4.0 3.0 4.0 4.0 2.0 4.0 2.0 4.0 2.0 4.0 4.0 4.0 4.0 4.0 2.0 4.0 2.0 4.0 4.0 4.0 4.0 4.0 4.0 3.0 4.0 2.0 2.0 4.0 4.0 4.0 4.0 3.0 4.0 4.0 2.0 2.0 4.0 4.0 4.0 4.0 4.0 2.0 3.0 4.0 4.0 3.0 4.0 4.0 4.0 4.0 4.0 4.0 3.0 4.0 2.0 4.0 3.0 4.0 2.0 3.0 4.0 4.0 3.0 3.0 3.0 4.0 4.0 3.0 4.0 4.0 4.0 4.0 4.0 4.0 4.0 2.0 0 2.0 4.0 2.0 4.0 3.0 4.0 4.0 2.0 4.0 4.0 4.0 4.0 4.0 2.0 4.0 4.0 4.0 
4.0 4.0 4.0 2.0 4.0 4.0 3.0 4.0 4.0 4.0 4.0 2.0 4.0 4.0 4.0 4.0 4.0 4.0 4.0 2.0 3.0 2.0 4.0 2.0 2.0 4.0 4.0 3.0 2.0 4.0 4.0 4.0 3.0 4.0 4.0 4.0 2.0 3.0 3.0 4.0 4.0 4.0 4.0 3.0 4.0 2.0 3.0 2.0 4.0 4.0 3.0 4.0 4.0 3.0 4.0 4.0 2.0 3.0 3.0 4.0 2.0 4.0 3.0 2.0 2.0 4.0 3.0 4.0 4.0 2.0 4.0 4.0 4.0 2.0 4.0 4.0 4.0 4.0 3.0 2.0 4.0 2.0 0 2.0 2.0 4.0 2.0 4.0 4.0 2.0 4.0 4.0 4.0 2.0 4.0 4.0 2.0 2.0 4.0 
2.0 3.0 4.0 4.0 2.0 3.0 4.0 2.0 2.0 4.0 4.0 3.0 4.0 4.0 4.0 4.0 2.0 4.0 4.0 4.0 4.0 2.0 4.0 4.0 4.0 4.0 4.0 4.0 4.0 4.0 2.0 3.0 2.0 3.0 4.0 4.0 4.0 4.0 3.0 4.0 4.0 2.0 2.0 3.0 4.0 4.0 3.0 4.0 3.0 2.0 4.0 4.0 2.0 2.0 2.0 3.0 4.0 4.0 4.0 4.0 3.0 4.0 3.0 4.0 2.0 2.0 4.0 2.0 4.0 2.0 4.0 3.0 4.0 2.0 4.0 3.0 3.0 4.0 4.0 4.0 4.0 4.0 2.0 0 2.0 4.0 4.0 4.0 3.0 4.0 4.0 4.0 4.0 4.0 2.0 4.0 3.0 3.0 3.0 
2.0 3.0 4.0 4.0 2.0 4.0 4.0 4.0 3.0 4.0 3.0 4.0 4.0 4.0 2.0 2.0 3.0 4.0 4.0 4.0 4.0 2.0 2.0 4.0 3.0 3.0 2.0 3.0 4.0 4.0 2.0 4.0 2.0 2.0 2.0 2.0 4.0 4.0 4.0 4.0 4.0 4.0 4.0 4.0 4.0 2.0 4.0 4.0 4.0 4.0 4.0 4.0 4.0 3.0 2.0 2.0 2.0 3.0 4.0 3.0 4.0 3.0 4.0 4.0 4.0 4.0 4.0 4.0 3.0 4.0 4.0 4.0 4.0 4.0 4.0 4.0 4.0 4.0 3.0 2.0 4.0 2.0 2.0 2.0 0 2.0 4.0 4.0 3.0 4.0 4.0 4.0 2.0 4.0 3.0 4.0 4.0 4.0 3.0 
2.0 4.0 4.0 4.0 4.0 4.0 3.0 3.0 2.0 3.0 4.0 4.0 4.0 4.0 3.0 4.0 4.0 2.0 4.0 3.0 2.0 2.0 2.0 4.0 3.0 4.0 4.0 4.0 3.0 4.0 2.0 4.0 2.0 2.0 4.0 4.0 4.0 4.0 2.0 2.0 2.0 4.0 4.0 4.0 2.0 4.0 2.0 3.0 4.0 4.0 2.0 4.0 4.0 3.0 4.0 4.0 4.0 2.0 2.0 3.0 3.0 2.0 2.0 3.0 2.0 2.0 4.0 3.0 4.0 4.0 3.0 4.0 3.0 4.0 4.0 4.0 3.0 2.0 4.0 4.0 4.0 4.0 4.0 4.0 2.0 0 2.0 4.0 4.0 4.0 4.0 3.0 2.0 4.0 4.0 4.0 2.0 4.0 4.0 
4.0 3.0 4.0 4.0 4.0 3.0 2.0 2.0 4.0 3.0 4.0 4.0 4.0 2.0 4.0 4.0 3.0 4.0 4.0 4.0 4.0 4.0 4.0 3.0 3.0 4.0 3.0 4.0 4.0 3.0 4.0 4.0 3.0 4.0 4.0 3.0 4.0 2.0 4.0 3.0 4.0 4.0 4.0 4.0 3.0 2.0 3.0 4.0 2.0 2.0 4.0 3.0 4.0 2.0 3.0 4.0 2.0 4.0 3.0 4.0 2.0 3.0 2.0 4.0 4.0 2.0 4.0 3.0 2.0 4.0 2.0 4.0 4.0 4.0 4.0 4.0 3.0 4.0 4.0 4.0 4.0 3.0 2.0 4.0 4.0 2.0 0 2.0 3.0 4.0 2.0 4.0 3.0 4.0 4.0 2.0 2.0 2.0 4.0 
3.0 4.0 2.0 2.0 3.0 4.0 4.0 2.0 2.0 4.0 4.0 4.0 3.0 4.0 4.0 4.0 4.0 4.0 2.0 4.0 3.0 4.0 3.0 4.0 2.0 4.0 4.0 2.0 3.0 4.0 2.0 4.0 4.0 4.0 4.0 2.0 2.0 4.0 2.0 4.0 2.0 4.0 3.0 3.0 4.0 4.0 2.0 4.0 2.0 2.0 4.0 4.0 2.0 4.0 4.0 3.0 4.0 4.0 4.0 4.0 4.0 3.0 3.0 2.0 4.0 4.0 4.0 2.0 4.0 2.0 2.0 3.0 2.0 4.0 4.0 3.0 3.0 4.0 4.0 4.0 2.0 4.0 4.0 4.0 4.0 4.0 2.0 0 2.0 4.0 4.0 3.0 3.0 3.0 4.0 2.0 4.0 3.0 4.0 
2.0 2.0 2.0 4.0 3.0 4.0 3.0 4.0 2.0 4.0 2.0 2.0 4.0 2.0 4.0 4.0 2.0 3.0 4.0 2.0 4.0 3.0 2.0 3.0 3.0 4.0 4.0 3.0 4.0 4.0 2.0 4.0 3.0 4.0 4.0 4.0 2.0 2.0 2.0 4.0 4.0 4.0 4.0 4.0 4.0 2.0 4.0 4.0 4.0 4.0 4.0 2.0 2.0 2.0 2.0 4.0 4.0 2.0 4.0 3.0 2.0 4.0 4.0 2.0 4.0 3.0 4.0 2.0 4.0 4.0 4.0 4.0 4.0 4.0 3.0 4.0 2.0 3.0 2.0 4.0 3.0 4.0 4.0 3.0 3.0 4.0 3.0 2.0 0 2.0 4.0 3.0 4.0 4.0 4.0 3.0 4.0 3.0 3.0 
3.0 4.0 2.0 3.0 2.0 3.0 4.0 4.0 4.0 2.0 3.0 3.0 4.0 4.0 4.0 3.0 4.0 3.0 4.0 2.0 4.0 4.0 4.0 4.0 4.0 4.0 4.0 4.0 4.0 4.0 4.0 4.0 3.0 4.0 4.0 4.0 4.0 2.0 3.0 4.0 4.0 4.0 4.0 3.0 2.0 4.0 4.0 4.0 4.0 2.0 2.0 3.0 3.0 4.0 4.0 4.0 4.0 4.0 3.0 2.0 3.0 4.0 3.0 4.0 3.0 4.0 4.0 4.0 4.0 4.0 4.0 4.0 2.0 2.0 4.0 4.0 2.0 2.0 4.0 4.0 4.0 2.0 2.0 4.0 4.0 4.0 4.0 4.0 2.0 0 2.0 4.0 3.0 3.0 4.0 4.0 3.0 2.0 3.0 
4.0 3.0 4.0 2.0 2.0 4.0 4.0 4.0 4.0 3.0 2.0 3.0 4.0 2.0 2.0 4.0 4.0 4.0 4.0 4.0 3.0 3.0 2.0 4.0 4.0 4.0 3.0 4.0 3.0 2.0 4.0 3.0 4.0 4.0 4.0 4.0 2.0 4.0 4.0 4.0 2.0 4.0 3.0 2.0 2.0 3.0 4.0 4.0 4.0 4.0 2.0 4.0 4.0 2.0 3.0 4.0 3.0 3.0 4.0 4.0 2.0 4.0 2.0 3.0 4.0 3.0 4.0 3.0 4.0 3.0 4.0 4.0 4.0 4.0 4.0 4.0 3.0 2.0 4.0 3.0 2.0 4.0 4.0 4.0 4.0 4.0 2.0 4.0 4.0 2.0 0 3.0 4.0 4.0 4.0 4.0 4.0 4.0 2.0 
3.0 2.0 2.0 4.0 4.0 4.0 2.0 3.0 4.0 4.0 4.0 2.0 4.0 4.0 3.0 3.0 4.0 2.0 4.0 3.0 4.0 4.0 4.0 3.0 3.0 2.0 3.0 3.0 3.0 3.0 4.0 2.0 2.0 4.0 4.0 3.0 2.0 2.0 4.0 2.0 2.0 3.0 2.0 4.0 2.0 3.0 3.0 4.0 4.0 3.0 4.0 4.0 3.0 4.0 4.0 4.0 4.0 2.0 2.0 4.0 2.0 3.0 4.0 4.0 2.0 2.0 2.0 4.0 4.0 4.0 2.0 4.0 2.0 2.0 3.0 3.0 4.0 4.0 4.0 2.0 2.0 4.0 4.0 4.0 4.0 3.0 4.0 3.0 3.0 4.0 3.0 0 2.0 4.0 4.0 2.0 2.0 4.0 4.0 
3.0 4.0 4.0 2.0 4.0 3.0 4.0 4.0 2.0 3.0 4.0 4.0 4.0 3.0 3.0 4.0 4.0 4.0 4.0 2.0 4.0 4.0 4.0 2.0 4.0 2.0 4.0 4.0 3.0 4.0 4.0 4.0 4.0 2.0 4.0 4.0 4.0 4.0 4.0 2.0 4.0 4.0 4.0 2.0 4.0 4.0 2.0 4.0 4.0 4.0 4.0 3.0 2.0 2.0 4.0 2.0 4.0 4.0 4.0 3.0 3.0 4.0 4.0 4.0 4.0 2.0 4.0 3.0 4.0 4.0 3.0 3.0 4.0 4.0 2.0 4.0 2.0 4.0 4.0 4.0 4.0 4.0 4.0 4.0 2.0 2.0 3.0 3.0 4.0 3.0 4.0 2.0 0 2.0 3.0 4.0 4.0 2.0 4.0 
4.0 4.0 4.0 4.0 4.0 3.0 3.0 4.0 4.0 4.0 4.0 4.0 4.0 3.0 4.0 3.0 4.0 4.0 3.0 4.0 4.0 4.0 2.0 3.0 4.0 3.0 4.0 4.0 3.0 4.0 4.0 4.0 4.0 2.0 4.0 4.0 4.0 2.0 4.0 3.0 4.0 3.0 4.0 4.0 3.0 4.0 4.0 4.0 4.0 4.0 4.0 4.0 2.0 3.0 2.0 4.0 2.0 4.0 2.0 3.0 4.0 4.0 4.0 4.0 4.0 4.0 4.0 2.0 2.0 4.0 4.0 3.0 4.0 4.0 3.0 4.0 4.0 4.0 2.0 2.0 2.0 4.0 2.0 4.0 4.0 4.0 4.0 3.0 4.0 3.0 4.0 4.0 2.0 0 2.0 4.0 3.0 4.0 2.0 
4.0 4.0 3.0 4.0 4.0 4.0 3.0 3.0 4.0 4.0 4.0 3.0 4.0 3.0 2.0 2.0 2.0 3.0 2.0 3.0 4.0 4.0 4.0 3.0 4.0 3.0 4.0 2.0 2.0 4.0 4.0 3.0 4.0 3.0 3.0 4.0 2.0 3.0 4.0 4.0 4.0 4.0 4.0 2.0 2.0 4.0 4.0 4.0 3.0 4.0 4.0 4.0 2.0 4.0 2.0 2.0 4.0 4.0 4.0 2.0 3.0 4.0 3.0 4.0 4.0 4.0 4.0 4.0 4.0 4.0 3.0 4.0 3.0 3.0 3.0 4.0 4.0 2.0 4.0 4.0 4.0 4.0 4.0 2.0 3.0 4.0 4.0 4.0 4.0 4.0 4.0 4.0 3.0 2.0 0 2.0 2.0 4.0 4.0 
4.0 4.0 3.0 4.0 4.0 3.0 2.0 3.0 3.0 4.0 4.0 4.0 4.0 2.0 3.0 4.0 4.0 4.0 3.0 3.0 4.0 4.0 4.0 4.0 3.0 4.0 4.0 4.0 4.0 4.0 3.0 4.0 3.0 2.0 4.0 2.0 4.0 3.0 2.0 4.0 4.0 4.0 4.0 4.0 4.0 4.0 3.0 4.0 3.0 4.0 4.0 2.0 2.0 3.0 4.0 3.0 4.0 4.0 3.0 4.0 4.0 4.0 4.0 3.0 3.0 4.0 4.0 2.0 2.0 2.0 4.0 4.0 2.0 2.0 2.0 4.0 4.0 3.0 4.0 4.0 3.0 2.0 4.0 4.0 4.0 4.0 2.0 2.0 3.0 4.0 4.0 2.0 4.0 4.0 2.0 0 2.0 3.0 2.0 
2.0 2.0 2.0 4.0 3.0 3.0 4.0 3.0 2.0 4.0 4.0 4.0 4.0 2.0 4.0 4.0 4.0 2.0 4.0 2.0 4.0 4.0 2.0 3.0 4.0 4.0 4.0 4.0 4.0 2.0 4.0 4.0 4.0 3.0 3.0 3.0 4.0 3.0 4.0 4.0 4.0 4.0 4.0 4.0 2.0 3.0 3.0 3.0 2.0 4.0 4.0 4.0 4.0 3.0 2.0 2.0 3.0 2.0 4.0 4.0 2.0 4.0 4.0 4.0 2.0 2.0 4.0 4.0 3.0 2.0 4.0 3.0 3.0 4.0 3.0 4.0 4.0 4.0 2.0 3.0 2.0 4.0 2.0 3.0 4.0 2.0 2.0 4.0 4.0 3.0 4.0 2.0 4.0 3.0 2.0 2.0 0 2.0 4.0 
2.0 3.0 4.0 3.0 4.0 4.0 4.0 3.0 4.0 3.0 4.0 2.0 4.0 2.0 4.0 4.0 4.0 4.0 2.0 4.0 2.0 2.0 4.0 2.0 2.0 3.0 2.0 3.0 4.0 4.0 3.0 4.0 2.0 3.0 4.0 2.0 4.0 4.0 2.0 2.0 2.0 4.0 3.0 4.0 2.0 4.0 3.0 3.0 2.0 4.0 2.0 4.0 4.0 2.0 4.0 4.0 4.0 4.0 4.0 4.0 4.0 3.0 4.0 4.0 4.0 2.0 2.0 4.0 2.0 4.0 4.0 3.0 2.0 4.0 2.0 4.0 4.0 4.0 4.0 2.0 2.0 4.0 2.0 3.0 4.0 4.0 2.0 3.0 3.0 2.0 4.0 4.0 2.0 4.0 4.0 3.0 2.0 0 4.0 
2.0 2.0 2.0 4.0 4.0 4.0 4.0 4.0 4.0 4.0 2.0 3.0 2.0 4.0 4.0 2.0 3.0 4.0 2.0 2.0 4.0 4.0 4.0 4.0 4.0 4.0 4.0 2.0 4.0 2.0 4.0 4.0 2.0 3.0 4.0 3.0 4.0 2.0 2.0 4.0 3.0 4.0 2.0 3.0 3.0 4.0 2.0 4.0 2.0 4.0 3.0 3.0 4.0 4.0 3.0 2.0 3.0 2.0 4.0 4.0 4.0 4.0 4.0 2.0 4.0 2.0 2.0 2.0 4.0 3.0 2.0 4.0 2.0 4.0 4.0 3.0 3.0 4.0 3.0 3.0 4.0 4.0 4.0 3.0 3.0 4.0 4.0 4.0 3.0 3.0 2.0 4.0 4.0 2.0 4.0 2.0 4.0 4.0 0 
