68
47 11 28 158 19 120 49 127 64 136 93 128 7 99 95 75 8 79 152 92 122 3 66 165 90 169 107 104 24 108 43 157 74 124 170 67 174 83 53 70 159 147 76 131 42 87 183 45 25 18 141 119 48 188 13 22 16 132 88 114 44 78 21 126 173 172 156 144
0 0.07498 0.07917 0.09561 0.16329 0.21724 0.27048 0.2517 0.32606 0.43405 0.41952 0.47504 0.40823 0.46304 0.5307 0.6523 0.64057 0.65431 0.58832 0.58441 0.75017 0.77187 0.73814 0.77099 0.82655 0.84537 0.83922 0.94423 0.95531 0.93617 0.96954 0.77161 0.67275 0.74613 0.7953699999999999 0.82015 0.72885 0.71142 0.62044 0.61382 0.60985 0.6873 0.7305600000000001 0.71298 0.78459 0.89371 0.51645 0.46253 0.2266 0.27032 0.30396 0.42898 0.65636 0.7655 0.90107 0.81813 0.8201799999999999 0.92896 0.9877 1.04077 1.01997 1.08237 1.07066 1.14954 1.15369 0.96523 1.06941 0.05714 
0.07498 0 0.0189 0.02067 0.11355 0.14247 0.19569 0.18084 0.25221 0.35969 0.34641 0.40316 0.34051 0.40301 0.47159 0.59174 0.57614 0.5894 0.52153 0.51324 0.67668 0.69895 0.6637 0.6962 0.75184 0.7705 0.76464 0.87067 0.88389 0.86706 0.90144 0.70385 0.60336 0.67687 0.72283 0.748 0.65536 0.63728 0.54785 0.54691 0.54502 0.62415 0.67398 0.66022 0.73711 0.83657 0.4494 0.40303 0.22025 0.26361 0.27383 0.39472 0.59676 0.70829 0.83894 0.75165 0.75326 0.85765 0.91693 0.9706 0.94858 1.0084 0.99619 1.07502 1.07873 0.89038 0.99645 0.09377 
0.07917 0.0189 0 0.02737 0.09465 0.14348 0.19606 0.18774000000000002 0.24689 0.35563 0.34961 0.40773 0.34807 0.41387 0.48262 0.60251 0.58488 0.5984900000000001 0.52918 0.51804 0.67895 0.70197 0.66439 0.69656 0.74896 0.76804 0.76098 0.86524 0.87629 0.85788 0.89169 0.69396 0.59431 0.66784 0.7162 0.74101 0.64981 0.6327 0.54129 0.5366299999999999 0.53361 0.61177 0.65972 0.64515 0.72102 0.82211 0.43888 0.38768 0.22494 0.26699 0.28266 0.40361 0.60741 0.71964 0.84842 0.75921 0.76058 0.86214 0.92173 0.9758 0.95287 1.0095399999999999 0.99668 1.0754 1.07676 0.88765 0.99027 0.10763 
0.09561 0.02067 0.02737 0 0.10337 0.12183 0.17502 0.16149 0.23241 0.33945 0.32614 0.3832 0.32286000000000004 0.38662 0.45535 0.57561 0.5584899999999999 0.57172 0.5038 0.49345 0.65627 0.67865 0.64309 0.67555 0.73117 0.74996 0.74424 0.85049 0.86474 0.84873 0.88342 0.68691 0.58501 0.65853 0.70349 0.7286 0.63546 0.61711 0.52794 0.52948 0.52833 0.60722 0.66009 0.64739 0.72583 0.82116 0.43173 0.39081 0.20416 0.24793 0.25737 0.37737 0.58041 0.69233 0.8215399999999999 0.7337 0.73454 0.8378 0.89717 0.95096 0.92866 0.98773 0.97557 1.05443 1.05812 0.86989 0.97672 0.11444000000000001 
0.16329 0.11355 0.09465 0.10337 0 0.13708 0.1761 0.19785 0.25707 0.30204 0.33135 0.39299 0.35241 0.43415 0.50221 0.61544 0.58959 0.60042 0.52887 0.50291 0.64875 0.67631 0.62675 0.65373 0.69506 0.71411 0.70312 0.80024 0.80238 0.7786 0.81052 0.61256 0.5165 0.58934 0.64656 0.66991 0.58486 0.57192 0.47441 0.45429 0.44842 0.52503 0.56727 0.55145 0.62644 0.73058 0.36175 0.29924 0.30292 0.34176 0.34391 0.45422 0.62408 0.73778 0.85454 0.7554700000000001 0.7555 0.84138 0.90211 0.9589300000000001 0.93049 0.972 0.95577 1.03358 1.02452 0.83245 0.92164 0.20163 
0.21724 0.14247 0.14348 0.12183 0.13708 0 0.05326 0.06208 0.12427 0.2233 0.20688 0.26612 0.21643 0.29727 0.36518 0.47869 0.45451 0.46593 0.39523 0.37737000000000004 0.5355 0.55879 0.52135 0.55375 0.61106 0.62975 0.62639 0.73463 0.75545 0.74555 0.7825 0.58751 0.48331 0.55631 0.59152 0.61781 0.52093 0.50102 0.41618 0.43554 0.44007 0.52018 0.58988 0.58492 0.67267 0.74427 0.33944 0.34144 0.22749 0.25541 0.23371 0.33052 0.48810000000000003 0.60075 0.71954 0.62382 0.6245 0.72028 0.78011 0.83479 0.81064 0.86622 0.8538 0.93261 0.93715 0.74978 0.8629199999999999 0.22075 
0.27048 0.19569 0.19606 0.17502 0.1761 0.05326 0 0.06171 0.08624 0.17357 0.16776 0.21797 0.17948 0.26918 0.33483 0.44299 0.41439 0.42478 0.35299 0.32858 0.48394 0.50748 0.47819 0.50182 0.55826 0.57691 0.57313 0.6836 0.70746 0.70044 0.73859 0.54626 0.43998 0.51237 0.54262 0.56935 0.47079 0.44909 0.36809000000000003 0.3969 0.40487999999999996 0.48490999999999995 0.56195 0.56083 0.65223 0.71198 0.30365 0.32704 0.25834 0.27982 0.24563 0.32577 0.45114 0.56676 0.67906 0.57937 0.57956 0.67028 0.73053 0.78566 0.76037 0.81348 0.80077 0.87954 0.88405 0.69694 0.81268 0.2739 
0.2517 0.18084 0.18774000000000002 0.16149 0.19785 0.06208 0.06171 0 0.14749 0.22385 0.16971 0.22408 0.16137 0.2365 0.30535 0.42037 0.39928 0.41153 0.34231 0.3328 0.50006 0.52055 0.49178 0.52745 0.59408 0.61232 0.61192 0.72661 0.7580800000000001 0.75372 0.79273 0.60152 0.49595 0.56731 0.59094 0.61975 0.52061 0.49345999999999995 0.41837 0.45575 0.46456 0.54424 0.62351 0.62253 0.71375 0.77273 0.36329 0.38694 0.25612999999999997 0.21873 0.21565 0.27229000000000003 0.42693 0.5413 0.66383 0.57221 0.57349 0.67726 0.73633 0.78981 0.76843 0.83353 0.82364 0.9027200000000001 0.91533 0.7320599999999999 0.85875 0.2416 
0.32606 0.25221 0.24689 0.23241 0.25707 0.12427 0.08624 0.14749 0 0.11014 0.16566 0.22568 0.22146 0.32048 0.37899 0.47428 0.4366 0.44417 0.37254 0.32835 0.45939 0.48782 0.43469 0.4609 0.50456 0.52356 0.5149600000000001 0.61846 0.63354 0.62158 0.65832 0.46324 0.35904 0.43216 0.4711 0.4967 0.40318 0.3859 0.29564 0.31224 0.31864 0.39866999999999997 0.47850000000000004 0.47607 0.56887 0.62578 0.21741 0.25096 0.34458 0.36602 0.32962 0.39964 0.4843 0.5992299999999999 0.69588 0.58662 0.5853 0.65651 0.7175100000000001 0.77426 0.74386 0.77947 0.76292 0.84071 0.83364 0.64273 0.74446 0.34145000000000003 
0.43405 0.35969 0.35563 0.33945 0.30204 0.2233 0.17357 0.22385 0.11014 0 0.13584 0.17631 0.21699 0.31197 0.35735 0.43024999999999997 0.38282 0.39032999999999995 0.31776 0.25592 0.36026 0.39128 0.33016 0.35346 0.39762 0.41628 0.40538 0.51161 0.53423 0.52999 0.56938 0.38071 0.27444 0.34464 0.36908 0.3959 0.29765 0.27772 0.19452 0.24507 0.2617 0.33763 0.43544 0.44636 0.54525 0.56918 0.16745 0.27168 0.42149 0.43485 0.38547 0.42576 0.44189999999999996 0.55199 0.62838 0.51132 0.51049 0.56154 0.62273 0.6805 0.64665 0.67299 0.65499 0.73235 0.72351 0.53631 0.63962 0.44371000000000005 
0.41952 0.34641 0.34961 0.32614 0.33135 0.20688 0.16776 0.16971 0.16566 0.13584 0 0.06206 0.0833 0.17614 0.22408 0.30973 0.27096 0.27875 0.20892 0.24604 0.33076 0.35255000000000003 0.32257 0.35948 0.43323 0.45105999999999996 0.45491 0.57748 0.62041 0.63039 0.67276 0.49659 0.39127 0.45553 0.45448 0.48345 0.37654 0.34625 0.29443 0.37452 0.39437 0.46704 0.57128 0.58186 0.68108 0.6982299999999999 0.30299 0.39632 0.33758 0.33941 0.28001 0.29652 0.32029 0.43448 0.53146 0.42585 0.42537 0.5134 0.57351 0.62852 0.60376 0.66389 0.65402 0.7331000000000001 0.74884 0.56936 0.70889 0.41123 
0.47504 0.40316 0.40773 0.3832 0.39299 0.26612 0.21797 0.22408 0.22568 0.17631 0.06206 0 0.09019 0.15344 0.18501 0.2551 0.21223 0.21943 0.14686 0.18398 0.28054 0.29753 0.30418 0.31852 0.40278 0.41914 0.42828 0.55269 0.60859 0.6263 0.67007 0.50344 0.40681999999999996 0.46124 0.44506 0.47403 0.36634 0.33247 0.2995 0.39736 0.42094 0.48861 0.59839 0.61442 0.71482 0.71678 0.33712 0.44597 0.37195 0.36685 0.30167 0.29262 0.26658 0.37878 0.47032 0.3638 0.36333 0.45464 0.51426 0.56867 0.54547 0.61306 0.60558 0.68456 0.70823 0.53533 0.68692 0.46278 
0.40823 0.34051 0.34807 0.32286000000000004 0.35241 0.21643 0.17948 0.16137 0.22146 0.21699 0.0833 0.09019 0 0.09902 0.1582 0.26362 0.23831 0.25175 0.18113 0.18329 0.36176 0.37642 0.36607 0.40753 0.49281 0.50932 0.51844 0.64203 0.69441 0.70855 0.75329 0.57758 0.47396000000000005 0.53688 0.52976 0.55865 0.45118 0.41864 0.37601 0.45775 0.47723 0.55027 0.65226 0.66293 0.76152 0.78149 0.38444 0.46653 0.28354 0.28007 0.21148 0.21372 0.27167 0.3873 0.50325 0.41121 0.41275 0.52466 0.5827 0.63355 0.61538 0.6949 0.68967 0.76835 0.79661 0.62501 0.77625 0.39280000000000004 
0.46304 0.40301 0.41387 0.38662 0.43415 0.29727 0.26918 0.2365 0.32048 0.31197 0.17614 0.15344 0.09902 0 0.06885 0.18929 0.18365 0.20075 0.14788 0.19459 0.37184 0.3771 0.39106 0.43602 0.53354 0.55011 0.56481 0.69106 0.7547299999999999 0.77706 0.82128 0.65687 0.55593 0.61461 0.59417 0.62308 0.51574 0.48017 0.45293 0.54709 0.56869 0.63913 0.74519 0.7579 0.85722 0.86872 0.47912999999999994 0.56554 0.29452 0.27209 0.20318 0.14775 0.19379 0.30604 0.43827 0.36443 0.3682 0.50197 0.55507 0.60216 0.59208 0.69345 0.69408 0.7717700000000001 0.81538 0.65732 0.82414 0.43501 
0.5307 0.47159 0.48262 0.45535 0.50221 0.36518 0.33483 0.30535 0.37899 0.35735 0.22408 0.18501 0.1582 0.06885 0 0.12231 0.12777 0.14466 0.17845 0.18488 0.34697 0.34581 0.37678 0.42146 0.52537 0.53848 0.55824 0.6854 0.75866 0.78811 0.8331 0.67924 0.58231 0.63586 0.60358 0.63211 0.52654 0.48919 0.47665 0.58165 0.6058 0.67229 0.78331 0.79931 0.8996 0.8985 0.52213 0.61984 0.35194 0.32819 0.259 0.17456 0.18952000000000002 0.2372 0.37184 0.30586 0.31065 0.4544 0.5039199999999999 0.54811 0.54223 0.65485 0.65904 0.73427 0.78834 0.64111 0.81771 0.5031 
0.6523 0.59174 0.60251 0.57561 0.61544 0.47869 0.44299 0.42037 0.47428 0.43024999999999997 0.30973 0.2551 0.26362 0.18929 0.12231 0 0.05913 0.06885 0.12464 0.1948 0.2992 0.28561 0.34303 0.38733 0.49741 0.50681 0.53414 0.65817 0.7456 0.78695 0.8325 0.7006 0.61342 0.6564099999999999 0.60402 0.631 0.53225 0.49345 0.50706 0.62724 0.65531 0.71313 0.83125 0.8532 0.95415 0.92945 0.58276 0.70092 0.47234 0.44788000000000006 0.37869 0.27999 0.08762 0.12497 0.24953 0.19352 0.20377 0.35629 0.39995 0.43891 0.43974 0.56929 0.57945 0.65066 0.72035 0.59489 0.78503 0.62152 
0.64057 0.57614 0.58488 0.5584899999999999 0.58959 0.45451 0.41439 0.39928 0.4366 0.38282 0.27096 0.21223 0.23831 0.18365 0.12777 0.05913 0 0.0171 0.06551 0.13842 0.24494 0.2349 0.28859 0.33095 0.44054 0.45054 0.47684 0.60162 0.68745 0.72803 0.77358 0.6419199999999999 0.5557 0.59762 0.54496 0.572 0.47316 0.43433 0.44959 0.5727 0.60025 0.65643 0.77543 0.79845 0.89935 0.87126 0.53074 0.65449 0.47628 0.45256 0.3846 0.30105000000000004 0.09046 0.16989 0.26506 0.18079 0.18466 0.32684 0.37625 0.42066 0.41459 0.53205 0.53897 0.61247 0.67494 0.54204 0.7299499999999999 0.61436 
0.65431 0.5894 0.5984900000000001 0.57172 0.60042 0.46593 0.42478 0.41153 0.44417 0.39032999999999995 0.27875 0.21943 0.25175 0.20075 0.14466 0.06885 0.0171 0 0.07257 0.13732 0.23131 0.21993000000000001 0.27423 0.31865 0.42863 0.43823999999999996 0.46531 0.58948 0.67685 0.71886 0.76442 0.636 0.55154 0.59267 0.53854 0.56316 0.46559 0.42676 0.44586 0.57059 0.59879 0.6534 0.7732 0.79711 0.89792 0.86627 0.5322100000000001 0.65822 0.4923 0.469 0.4009 0.31772 0.08539 0.16912 0.2543 0.17915 0.1689 0.30974 0.36417 0.40763 0.40116 0.51563 0.52459 0.59564 0.65898 0.52794 0.71676 0.6289 
0.58832 0.52153 0.52918 0.5038 0.52887 0.39523 0.35299 0.34231 0.37254 0.31776 0.20892 0.14686 0.18113 0.14788 0.17845 0.12464 0.06551 0.07257 0 0.08375 0.233 0.23302 0.2634 0.30886 0.41466 0.42682 0.44874 0.5755399999999999 0.65374 0.6885 0.73389 0.5922 0.50186 0.5481 0.50404 0.5321 0.42928 0.39088 0.3952 0.5134799999999999 0.54081 0.59981 0.7174799999999999 0.73855 0.83951 0.8187 0.47171 0.58938 0.43853 0.41956000000000004 0.35043 0.28863 0.14872000000000002 0.2343 0.32648 0.23013 0.23188 0.35495 0.40939 0.45845 0.44558 0.54643 0.54846 0.62475 0.67517 0.52758 0.70678 0.56569 
0.58441 0.51324 0.51804 0.49345 0.50291 0.37737000000000004 0.32858 0.3328 0.32835 0.25592 0.24604 0.18398 0.18329 0.19459 0.18488 0.1948 0.13842 0.13732 0.08375 0 0.1811 0.19328 0.19647 0.24159 0.3418 0.35552 0.37382 0.50102 0.57552 0.60643 0.65171 0.5085 0.41897 0.46435 0.42178 0.44993 0.34692999999999996 0.30809 0.31245 0.43431 0.4619 0.51839 0.63705 0.66016 0.76105 0.73552 0.39973 0.52565 0.46393 0.45218 0.38374 0.34234 0.20865 0.30643 0.37263 0.25858 0.257 0.34599 0.40374 0.45789 0.43645 0.51218 0.50834 0.58669 0.62273 0.46288 0.63387 0.56961 
0.75017 0.67668 0.67895 0.65627 0.64875 0.5355 0.48394 0.50006 0.45939 0.36026 0.33076 0.28054 0.36176 0.37184 0.34697 0.2992 0.24494 0.23131 0.233 0.1811 0 0.03684 0.05805 0.0928 0.20245 0.20959 0.24079 0.36108 0.45564 0.50751 0.55218 0.45693 0.39699 0.41465 0.33429 0.35744 0.27782 0.24213 0.30724 0.4408 0.47427 0.50624 0.63016 0.66387 0.76039 0.69003 0.44241 0.59812 0.6443800000000001 0.63326 0.56482 0.51612 0.31518 0.36198 0.34648 0.22182 0.21368 0.20374 0.2644 0.32246 0.28649 0.33422 0.32793 0.40663 0.44362 0.29929 0.48597 0.74099 
0.77187 0.69895 0.70197 0.67865 0.67631 0.55879 0.50748 0.52055 0.48782 0.39128 0.35255000000000003 0.29753 0.37642 0.3771 0.34581 0.28561 0.2349 0.21993000000000001 0.23302 0.19328 0.03684 0 0.09344 0.12963999999999998 0.22794 0.23279 0.26681 0.38264 0.48164 0.53632 0.58132 0.49189 0.4335 0.44981 0.36668 0.38893 0.31277 0.27769 0.34407 0.47763 0.5111 0.54278 0.66667 0.7007099999999999 0.79694 0.72449 0.47836 0.63327 0.65673 0.64337 0.57445 0.51791 0.29799 0.34507000000000004 0.31233999999999995 0.189 0.18039 0.17046 0.23156 0.28942 0.26188 0.31911 0.31719 0.39478 0.44268 0.30978 0.50381 0.76025 
0.73814 0.6637 0.66439 0.64309 0.62675 0.52135 0.47819 0.49178 0.43469 0.33016 0.32257 0.30418 0.36607 0.39106 0.37678 0.34303 0.28859 0.27423 0.2634 0.19647 0.05805 0.09344 0 0.04597 0.15447 0.16486 0.19119 0.31557 0.40434 0.45246 0.49771 0.39889 0.34057 0.35667 0.27717 0.30097 0.22314 0.1843 0.25438 0.38715 0.42085 0.44988 0.57368 0.60819 0.70402 0.63199 0.39634 0.55386 0.6494 0.64216 0.57497 0.53799 0.35666 0.4151 0.40452 0.27974 0.27168 0.24902 0.30773 0.36586 0.32488 0.34571 0.33253 0.41144 0.43054 0.26662 0.44479 0.73332 
0.77099 0.6962 0.69656 0.67555 0.65373 0.55375 0.50182 0.52745 0.4609 0.35346 0.35948 0.31852 0.40753 0.43602 0.42146 0.38733 0.33095 0.31865 0.30886 0.24159 0.0928 0.12963999999999998 0.04597 0 0.11049 0.11959 0.14834 0.27084 0.36295 0.41486 0.45974 0.3744 0.32678 0.33386 0.24547 0.26747 0.1973 0.16603 0.25138 0.38037 0.41425 0.43536 0.55933 0.59501 0.68848 0.60565 0.40001 0.56077 0.69024 0.68425 0.61755 0.58323 0.40082 0.45478 0.43295 0.31086 0.30596 0.25444 0.31021 0.36621 0.32113 0.31953 0.30207 0.38015 0.39 0.22132 0.39963000000000004 0.76849 
0.82655 0.75184 0.74896 0.73117 0.69506 0.61106 0.55826 0.59408 0.50456 0.39762 0.43323 0.40278 0.49281 0.53354 0.52537 0.49741 0.44054 0.42863 0.41466 0.3418 0.20245 0.22794 0.15447 0.11049 0 0.01908 0.03896 0.16128 0.25375 0.31076 0.35488 0.29939 0.28091 0.26498 0.15973 0.17932 0.14502 0.13422 0.24021 0.34814 0.3806 0.38172 0.49849 0.53996 0.62651 0.5215099999999999 0.39409 0.5542 0.7703 0.7691 0.7042900000000001 0.68127 0.51098 0.56415 0.53204 0.41415 0.40486 0.32716 0.37227 0.42391 0.37279 0.31688 0.28958 0.35706 0.3295 0.13872 0.29235 0.83076 
0.84537 0.7705 0.76804 0.74996 0.71411 0.62975 0.57691 0.61232 0.52356 0.41628 0.45105999999999996 0.41914 0.50932 0.55011 0.53848 0.50681 0.45054 0.43823999999999996 0.42682 0.35552 0.20959 0.23279 0.16486 0.11959 0.01908 0 0.0408 0.15149 0.24987 0.31083 0.35403 0.30946 0.29599 0.27662 0.16897 0.18101 0.1611 0.15242 0.25853 0.36433 0.39651 0.39514 0.51051 0.55261 0.6378 0.52808 0.41229000000000005 0.57262 0.78761 0.7856 0.72079 0.69587 0.52024 0.57157 0.53266 0.41747999999999996 0.40723 0.32165 0.37243000000000004 0.41541 0.36361 0.30454 0.2705 0.33955 0.31044 0.12003 0.28007 0.84933 
0.83922 0.76464 0.76098 0.74424 0.70312 0.62639 0.57313 0.61192 0.5149600000000001 0.40538 0.45491 0.42828 0.51844 0.56481 0.55824 0.53414 0.47684 0.46531 0.44874 0.37382 0.24079 0.26681 0.19119 0.14834 0.03896 0.0408 0 0.12722 0.215 0.27213 0.31592 0.2701 0.26425 0.23871 0.16933 0.14036 0.13258 0.1326 0.23881 0.334 0.36532 0.36023 0.47265999999999997 0.51536 0.59913 0.48733 0.38953000000000004 0.54636 0.79248 0.79271 0.72927 0.71109 0.5478 0.60268 0.57067 0.45308 0.4438 0.36228 0.40577 0.45599 0.40402 0.33492 0.30223 0.36738 0.32527 0.1313 0.26153000000000004 0.8459 
0.94423 0.87067 0.86524 0.85049 0.80024 0.73463 0.6836 0.72661 0.61846 0.51161 0.57748 0.55269 0.64203 0.69106 0.6854 0.65817 0.60162 0.58948 0.5755399999999999 0.50102 0.36108 0.38264 0.31557 0.27084 0.16128 0.15149 0.12722 0 0.11612 0.19911 0.23025 0.27124 0.31237000000000004 0.2584 0.1603 0.14585 0.21567 0.23457 0.32583 0.38661 0.4124 0.38106 0.47441 0.52106 0.58979 0.445 0.46382 0.60819 0.9123 0.91456 0.85234 0.8377 0.67166 0.72011 0.67298 0.5622 0.5525899999999999 0.44633 0.47841 0.52059 0.46678 0.35469 0.31332 0.35697 0.27114 0.11793 0.13431 0.95525 
0.95531 0.88389 0.87629 0.86474 0.80238 0.75545 0.70746 0.75808 0.63354 0.53423 0.62041 0.60859 0.69441 0.7547299999999999 0.75866 0.7456 0.68745 0.67685 0.65374 0.57552 0.45564 0.48164 0.40434 0.36295 0.25375 0.24987 0.215 0.11612 0 0.08299 0.11435 0.21257 0.28806 0.21886 0.16757 0.1386 0.24388 0.28205 0.33971 0.35851 0.37722 0.32648 0.39685 0.4444 0.50165 0.34037 0.44793 0.57598 0.95061 0.95794 0.89973 0.89973 0.7594799999999999 0.81762 0.78131 0.66656 0.65705 0.5598 0.59377 0.63657 0.58284 0.46614 0.42885 0.46224 0.36531 0.23404999999999998 0.13608 0.97297 
0.93617 0.86706 0.85788 0.84873 0.7786 0.74555 0.70044 0.75372 0.62158 0.52999 0.63039 0.6263 0.70855 0.77706 0.78811 0.78695 0.72803 0.71886 0.6885 0.60643 0.50751 0.53632 0.45246 0.41486 0.31076 0.31083 0.27213 0.19911 0.08299 0 0.04556 0.1678 0.26372 0.1902 0.18469 0.15658 0.26184 0.29894 0.33831 0.32526 0.33729 0.27432 0.32705 0.3743 0.42309 0.25779 0.42076 0.53229 0.9514799999999999 0.96225 0.90752 0.91884 0.8011 0.86748 0.84277 0.72426 0.71525 0.62911 0.66655 0.7122299999999999 0.6584300000000001 0.5488000000000001 0.50743 0.54511 0.44194 0.3125 0.20722 0.95838 
0.96954 0.90144 0.89169 0.88342 0.81052 0.7825 0.73859 0.79273 0.65832 0.56938 0.67276 0.67007 0.75329 0.82128 0.8331 0.8325 0.77358 0.76442 0.73389 0.65171 0.55218 0.58132 0.49771 0.45974 0.35488 0.35403 0.31592 0.23025 0.11435 0.04556 0 0.19801 0.29933 0.22622 0.22994 0.202 0.30663 0.34442 0.3795 0.36356 0.36488 0.29688000000000003 0.33296 0.37914 0.41763 0.24097 0.45315 0.5560700000000001 0.9908699999999999 1.00282 0.94903 0.96247 0.8466600000000001 0.91278 0.88649 0.76863 0.75943 0.67074 0.70633 0.75011 0.69638 0.5799 0.53915 0.57277 0.46343 0.34769 0.21866 0.99349 
0.77161 0.70385 0.69396 0.68691 0.61256 0.58751 0.54626 0.60152 0.46324 0.38071 0.49659 0.50344 0.57758 0.65687 0.67924 0.7006 0.6419199999999999 0.636 0.5922 0.5085 0.45693 0.49189 0.39889 0.3744 0.29939 0.30946 0.2701 0.27124 0.21257 0.1678 0.19801 0 0.10628 0.15056 0.14062 0.13507 0.17912 0.21583 0.20395 0.1687 0.16949 0.114 0.23797000000000001 0.27391 0.32962 0.23356 0.25518 0.36744 0.8009599999999999 0.8155 0.76529 0.79116 0.71472 0.79766 0.80338 0.67818 0.67035 0.62258 0.67104 0.7231 0.67217 0.59954 0.5636099999999999 0.6198 0.54237 0.36996 0.34744 0.7961 
0.67275 0.60336 0.59431 0.58501 0.5165 0.48331 0.43998 0.49595 0.35904 0.27444 0.39127 0.40681999999999996 0.47396000000000005 0.55593 0.58231 0.61342 0.5557 0.55154 0.50186 0.41897 0.39699 0.4335 0.34057 0.32678 0.28091 0.29599 0.26425 0.31237000000000004 0.28806 0.26372 0.29933 0.10628 0 0.07353 0.15207 0.16659 0.13678 0.16112 0.16766 0.07524 0.1032 0.10932 0.23318 0.26833 0.36347 0.31714 0.15998 0.29688 0.69473 0.70924 0.65917 0.68749 0.62744 0.71735 0.73918 0.6129899999999999 0.60581 0.58115 0.63505 0.69068 0.64289 0.59697 0.56534 0.63011 0.57433 0.38568 0.41483 0.69471 
0.74613 0.67687 0.66784 0.65853 0.58934 0.55631 0.51237 0.56731 0.43216 0.34464 0.45553 0.46124 0.53688 0.61461 0.63586 0.6564099999999999 0.59762 0.59267 0.5481 0.46435 0.41465 0.44981 0.35667 0.33386 0.26498 0.27662 0.23871 0.2584 0.21886 0.1902 0.22622 0.15056 0.07353 0 0.11112 0.114 0.13713 0.17285 0.17999 0.13975 0.15899 0.12436 0.23395 0.27682 0.36153 0.27729000000000004 0.23213 0.35823 0.76589 0.77926 0.72757 0.7506 0.67045 0.75355 0.76097 0.63547 0.62777 0.58373 0.6337700000000001 0.68715 0.63692 0.5721 0.53749 0.59662 0.52761 0.34778 0.34977 0.76824 
0.7953699999999999 0.72283 0.7162 0.70349 0.64656 0.59152 0.54262 0.59094 0.4711 0.36908 0.45448 0.44506 0.52976 0.59417 0.60358 0.60402 0.54496 0.53854 0.50404 0.42178 0.33429 0.36668 0.27717 0.24547 0.15973 0.16897 0.16933 0.1603 0.16757 0.18469 0.22994 0.14062 0.15207 0.11112 0 0.02897 0.07873 0.11448 0.17555 0.22721 0.25527 0.23548 0.34402 0.38765 0.47024 0.363 0.31086 0.4483 0.78411 0.79148 0.73364 0.73752 0.61815 0.68929 0.67837 0.55558 0.54707 0.48512 0.532 0.58358 0.53223 0.46116 0.42638 0.48658 0.42226 0.23781 0.28086 0.81044 
0.82015 0.748 0.74101 0.7286 0.66991 0.61781 0.56935 0.61975 0.4967 0.3959 0.48345 0.47403 0.55865 0.62308 0.63211 0.631 0.572 0.56316 0.5321 0.44993 0.35744 0.38893 0.30097 0.26747 0.17932 0.18101 0.14036 0.14585 0.1386 0.15658 0.202 0.13507 0.16659 0.114 0.02897 0 0.10769999999999999 0.14345 0.20295 0.24158 0.26725 0.23814 0.3411 0.38609 0.46407 0.34719999999999995 0.32153 0.46335 0.8121 0.81982 0.7624200000000001 0.76649 0.64511 0.71454 0.69975 0.57792 0.56922 0.50108 0.54591 0.59633 0.54433 0.4647 0.42854 0.48473 0.4137 0.23542 0.25189 0.83619 
0.72885 0.65536 0.64981 0.63546 0.58486 0.52093 0.47079 0.52061 0.40318 0.29765 0.37654 0.36634 0.45118 0.51574 0.52654 0.53225 0.47316 0.46559 0.42928 0.34692999999999996 0.27782 0.31277 0.22314 0.1973 0.14502 0.1611 0.13258 0.21567 0.24388 0.26184 0.30663 0.17912 0.13678 0.13713 0.07873 0.10769999999999999 0 0.03884 0.11084 0.20445 0.23559 0.24159 0.36256 0.40138 0.49299 0.41243 0.25695 0.41382 0.70811 0.71442 0.65585 0.65883 0.54642 0.62298 0.62429 0.49912 0.49126 0.44944 0.50145 0.55625 0.50756 0.46186 0.4316 0.49911 0.45518 0.26388 0.34998 0.74107 
0.71142 0.63728 0.6327 0.61711 0.57192 0.50102 0.44909 0.49345999999999995 0.3859 0.27772 0.34625 0.33247 0.41864 0.48017 0.48919 0.49345 0.43433 0.42676 0.39088 0.30809 0.24213 0.27769 0.1843 0.16603 0.13422 0.15242 0.1326 0.23457 0.28205 0.29894 0.34442 0.21583 0.16112 0.17285 0.11448 0.14345 0.03884 0 0.10621 0.21994 0.25344 0.27044 0.3943 0.42909 0.52255 0.44938 0.25988 0.42118999999999995 0.68065 0.68531 0.62625 0.62429 0.50761 0.58441 0.58823 0.46395 0.45497 0.42018 0.47396 0.52972 0.48251999999999995 0.44837 0.42053 0.49123 0.45771 0.26378 0.3653 0.72102 
0.62044 0.54785 0.54129 0.52794 0.47441 0.41618 0.36809000000000003 0.41837 0.29564 0.19452 0.29443 0.2995 0.37601 0.45293 0.47665 0.50706 0.44959 0.44586 0.3952 0.31245 0.30724 0.34407 0.25438 0.25138 0.24021 0.25853 0.23881 0.32583 0.33971 0.33831 0.3795 0.20395 0.16766 0.17999 0.17555 0.20295 0.11084 0.10621 0 0.13375 0.16706 0.22258 0.33081 0.36017 0.45915 0.4238 0.17531 0.31588 0.61367 0.62394 0.56953 0.58825 0.52099 0.61261 0.64195 0.5156000000000001 0.50934 0.50235 0.55956 0.61682 0.5725100000000001 0.55183 0.52532 0.59695 0.56269 0.36876 0.44898 0.63491 
0.61382 0.54691 0.5366299999999999 0.52948 0.45429 0.43554 0.3969 0.45575 0.31224 0.24507 0.37452 0.39736 0.45775 0.54709 0.58165 0.62724 0.5727 0.57059 0.5134799999999999 0.43431 0.4408 0.47763 0.38715 0.38037 0.34814 0.36433 0.334 0.38661 0.35851 0.32526 0.36356 0.1687 0.07524 0.13975 0.22721 0.24158 0.20445 0.21994 0.13375 0 0.03388 0.09256 0.20403 0.2505 0.32887 0.32445999999999997 0.09775 0.23304000000000002 0.65493 0.67331 0.62831 0.66957 0.64088 0.7381599999999999 0.77462 0.64844 0.64238 0.63371 0.68984 0.74656 0.70065 0.66501 0.63474 0.70137 0.64947 0.46018000000000003 0.48794 0.63968 
0.60985 0.54502 0.53361 0.52833 0.44842 0.44007 0.40487999999999996 0.46456 0.31864 0.2617 0.39437 0.42094 0.47723 0.56869 0.6058 0.65531 0.60025 0.59879 0.54081 0.4619 0.47427 0.5111 0.42085 0.41425 0.3806 0.39651 0.36532 0.4124 0.37722 0.33729 0.36488 0.16949 0.1032 0.15899 0.25527 0.26725 0.23559 0.25344 0.16706 0.03388 0 0.08013 0.17756 0.22512 0.29915 0.30933 0.10132 0.1993 0.66279 0.68306 0.64072 0.68735 0.66877 0.76761 0.80685 0.68082 0.67488 0.66756 0.72372 0.78043 0.73447 0.69743 0.66672 0.73257 0.67658 0.48888000000000004 0.50876 0.63842 
0.6873 0.62415 0.61177 0.60722 0.52503 0.52018 0.48490999999999995 0.54424 0.39866999999999997 0.33763 0.46704 0.48861 0.55027 0.63913 0.67229 0.71313 0.65643 0.6534 0.59981 0.51839 0.50624 0.54278 0.44988 0.43536 0.38172 0.39514 0.36023 0.38106 0.32648 0.27432 0.29688000000000003 0.114 0.10932 0.12436 0.23548 0.23814 0.24159 0.27044 0.22258 0.09256 0.08013 0 0.12397 0.15991 0.25417 0.2319 0.18126 0.2595 0.74269 0.7629699999999999 0.71947 0.7621 0.7269 0.8208599999999999 0.8476199999999999 0.7211 0.71436 0.68947 0.74261 0.79772 0.74914 0.69388 0.66162 0.72054 0.65131 0.47198 0.46138 0.71792 
0.7305600000000001 0.67398 0.65972 0.66009 0.56727 0.58988 0.56195 0.62351 0.47850000000000004 0.43544 0.57128 0.59839 0.65226 0.74519 0.78331 0.83125 0.77543 0.7732 0.7174799999999999 0.63705 0.63016 0.66667 0.57368 0.55933 0.49849 0.51051 0.47265999999999997 0.47441 0.39685 0.32705 0.33296 0.23797000000000001 0.23318 0.23395 0.34402 0.3411 0.36256 0.3943 0.33081 0.20403 0.17756 0.12397 0 0.04756 0.13043 0.24234 0.26865 0.2757 0.8173699999999999 0.84153 0.8048299999999999 0.85993 0.84484 0.94141 0.97135 0.84491 0.83819 0.81175 0.86401 0.91846 0.86908 0.80518 0.76964 0.8258300000000001 0.7449 0.57606 0.53146 0.76732 
0.71298 0.66022 0.64515 0.64739 0.55145 0.58492 0.56083 0.62253 0.47607 0.44636 0.58186 0.61442 0.66293 0.7579 0.79931 0.8532 0.79845 0.79711 0.73855 0.66016 0.66387 0.7007099999999999 0.60819 0.59501 0.53996 0.55261 0.51536 0.52106 0.4444 0.3743 0.37914 0.27391 0.26833 0.27682 0.38765 0.38609 0.40138 0.42909 0.36017 0.2505 0.22512 0.15991 0.04756 0 0.10097 0.19478 0.27891 0.25768 0.81241 0.83893 0.80568 0.86708 0.86657 0.96595 1.0021200000000001 0.87572 0.86938 0.84926 0.90251 0.95758 0.90886 0.84879 0.81376 0.87072 0.79179 0.62151 0.57898 0.75273 
0.78459 0.73711 0.72102 0.72583 0.62644 0.67267 0.65223 0.71375 0.56887 0.54525 0.68108 0.71482 0.76152 0.85722 0.8996 0.95415 0.89935 0.89792 0.83951 0.76105 0.76039 0.79694 0.70402 0.68848 0.62651 0.6378 0.59913 0.58979 0.50165 0.42309 0.41763 0.32962 0.36347 0.36153 0.47024 0.46407 0.49299 0.52255 0.45915 0.32887 0.29915 0.25417 0.13043 0.10097 0 0.19013 0.37849 0.33593 0.8995500000000001 0.92788 0.89781 0.96355 0.96754 1.06669 1.1007 0.97423 0.96769 0.94189 0.99372 1.04807 0.99814 0.92874 0.89222 0.9449 0.85716 0.69669 0.63025 0.82788 
0.89371 0.83657 0.82211 0.82116 0.73058 0.74427 0.71198 0.77273 0.62578 0.56918 0.6982299999999999 0.71678 0.78149 0.86872 0.8985 0.92945 0.87126 0.86627 0.8187 0.73552 0.69003 0.72449 0.63199 0.60565 0.5215099999999999 0.52808 0.48733 0.445 0.34037 0.25779 0.24097 0.23356 0.31714 0.27729000000000004 0.363 0.34719999999999995 0.41243 0.44938 0.4238 0.32445999999999997 0.30933 0.2319 0.24234 0.19478 0.19013 0 0.41064999999999996 0.44067 0.96966 0.99146 0.94998 0.9938 0.94349 1.02976 1.03646 0.91153 0.90362 0.84786 0.89305 0.94303 0.8906 0.7976700000000001 0.75763 0.80072 0.6997 0.56034 0.45938 0.9294399999999999 
0.51645 0.4494 0.43888 0.43173 0.36175 0.33944 0.30365 0.36329 0.21741 0.16745 0.30299 0.33712 0.38444 0.47912999999999994 0.52213 0.58276 0.53074 0.5322100000000001 0.47171 0.39973 0.44241 0.47836 0.39634 0.40001 0.39409 0.41229000000000005 0.38953000000000004 0.46382 0.44793 0.42076 0.45315 0.25518 0.15998 0.23213 0.31086 0.32153 0.25695 0.25988 0.17531 0.09775 0.10132 0.18126 0.26865 0.27891 0.37849 0.41064999999999996 0 0.16158 0.56147 0.58185 0.54029 0.5913 0.59563 0.70039 0.75607 0.63233 0.62759 0.64405 0.70349 0.76144 0.71923 0.70603 0.6797 0.7511000000000001 0.7121299999999999 0.51892 0.57274 0.54194 
0.46253 0.40303 0.38768 0.39081 0.29924 0.34144 0.32704 0.38694 0.25096 0.27168 0.39632 0.44597 0.46653 0.56554 0.61984 0.70092 0.65449 0.65822 0.58938 0.52565 0.59812 0.63327 0.55386 0.56077 0.5542 0.57262 0.54636 0.60819 0.57598 0.53229 0.5560700000000001 0.36744 0.29688 0.35823 0.4483 0.46335 0.41382 0.42118999999999995 0.31588 0.23304000000000002 0.1993 0.2595 0.2757 0.25768 0.33593 0.44067 0.16158 0 0.56517 0.59549 0.57089 0.65007 0.71251 0.82352 0.89631 0.77589 0.77212 0.80124 0.86103 0.91909 0.87855 0.86741 0.84062 0.91119 0.86681 0.67519 0.70798 0.4952 
0.2266 0.22025 0.22494 0.20416 0.30292 0.22749 0.25834 0.25612999999999997 0.34458 0.42149 0.33758 0.37195 0.28354 0.29452 0.35194 0.47234 0.47628 0.4923 0.43853 0.46393 0.6443800000000001 0.65673 0.6494 0.69024 0.7703 0.78761 0.79248 0.9123 0.95061 0.9514799999999999 0.9908699999999999 0.8009599999999999 0.69473 0.76589 0.78411 0.8121 0.70811 0.68065 0.61367 0.65493 0.66279 0.74269 0.8173699999999999 0.81241 0.8995500000000001 0.96966 0.56147 0.56517 0 0.04377 0.09399 0.21347 0.47299 0.57191 0.71985 0.65674 0.66094 0.79348 0.84767 0.89535 0.88411 0.97583 0.97213 1.05059 1.07986 0.90526 1.04522 0.17618 
0.27032 0.26361 0.26699 0.24793 0.34176 0.25541 0.27982 0.21873 0.36602 0.43485 0.33941 0.36685 0.28007 0.27209 0.32819 0.44788000000000006 0.45256 0.469 0.41956000000000004 0.45218 0.63326 0.64337 0.64216 0.68425 0.7691 0.7856 0.79271 0.91456 0.95794 0.96225 1.00282 0.8155 0.70924 0.77926 0.79148 0.81982 0.71442 0.68531 0.62394 0.67331 0.68306 0.7629699999999999 0.84153 0.83893 0.92788 0.99146 0.58185 0.59549 0.04377 0 0.06919 0.17676 0.44377 0.53885 0.68944 0.63192 0.63722 0.77406 0.82688 0.87304 0.8641 0.9620299999999999 0.9601200000000001 1.0381200000000002 1.07252 0.90211 1.04821 0.21934 
0.30396 0.27383 0.28266 0.25737 0.34391 0.23371 0.24563 0.21565 0.32962 0.38547 0.28001 0.30167 0.21148 0.20318 0.259 0.37869 0.3846 0.4009 0.35043 0.38374 0.56482 0.57445 0.57497 0.61755 0.7042900000000001 0.72079 0.72927 0.85234 0.89973 0.90752 0.94903 0.76529 0.65917 0.72757 0.73364 0.7624200000000001 0.65585 0.62625 0.56953 0.62831 0.64072 0.71947 0.8048299999999999 0.80568 0.89781 0.94998 0.54029 0.57089 0.09399 0.06919 0 0.12513 0.38361 0.47821 0.6259 0.56453 0.56898 0.70507 0.75818 0.80475 0.79524 0.89297 0.89132 0.9692 1.00501 0.83617 0.98634 0.25996 
0.42898 0.39471999999999996 0.40361 0.37737 0.45422 0.33052 0.32577 0.27229000000000003 0.39964 0.42576 0.29652 0.29262 0.21372 0.14775 0.17456 0.27999 0.30105000000000004 0.31772 0.28863 0.34234 0.51612 0.51791 0.53799 0.58323 0.68127 0.69587 0.71109 0.8377 0.89973 0.91884 0.96247 0.79116 0.68749 0.7506 0.73752 0.76649 0.65883 0.62429 0.58825 0.66957 0.68735 0.7621 0.85993 0.86708 0.96355 0.9938 0.5913 0.65007 0.21347 0.17676 0.12513 0 0.27718 0.36466 0.51834 0.47308 0.47872 0.62744 0.6758 0.71768 0.71473 0.82929 0.8328899999999999 0.90851 0.95923 0.8045 0.97167 0.38509000000000004 
0.65636 0.59676 0.60741 0.58041 0.62408 0.48810000000000003 0.45114 0.42693 0.4843 0.44189999999999996 0.32029 0.26658 0.27167 0.19379 0.18952000000000002 0.08762 0.09046 0.08539 0.14872000000000002 0.20865 0.31518 0.29799 0.35666 0.40082 0.51098 0.52024 0.5478 0.67166 0.7594799999999999 0.8011 0.8466600000000001 0.71472 0.62744 0.67045 0.61815 0.64511 0.54642 0.50761 0.52099 0.64088 0.66877 0.7269 0.84484 0.86657 0.96754 0.94349 0.59563 0.71251 0.47299 0.44377 0.38361 0.27718 0 0.11601 0.24728 0.19861 0.20565 0.36401 0.40618 0.44388 0.44628 0.57837 0.58926 0.6598 0.73121 0.60753 0.79821 0.62455 
0.7655 0.70829 0.71964 0.69233 0.73778 0.60075 0.56676 0.5413 0.5992299999999999 0.55199 0.43448 0.37878 0.3873 0.30604 0.2372 0.12497 0.16989 0.16912 0.2343 0.30643 0.36198 0.34507000000000004 0.4151 0.45478 0.56415 0.57157 0.60268 0.72011 0.81762 0.86748 0.91278 0.79766 0.71735 0.75355 0.68929 0.71454 0.62298 0.58441 0.61261 0.7381599999999999 0.76761 0.8208599999999999 0.94141 0.96595 1.06669 1.02976 0.70039 0.82352 0.57191 0.53885 0.47821 0.36466 0.11601 0 0.15908 0.1752 0.18522 0.34843 0.3735 0.39804 0.41402 0.56704 0.58562 0.64933 0.73752 0.64064 0.8391299999999999 0.73087 
0.90107 0.83894 0.84842 0.8215399999999999 0.85454 0.71954 0.67906 0.66383 0.69588 0.62838 0.53146 0.47032 0.50325 0.43827 0.37184 0.24953 0.26506 0.2543 0.32648 0.37263 0.34648 0.31233999999999995 0.40452 0.43295 0.53204 0.53266 0.57067 0.67298 0.78131 0.84277 0.88649 0.80338 0.73918 0.76097 0.67837 0.69975 0.62429 0.58823 0.64195 0.77462 0.80685 0.8476199999999999 0.97135 1.0021200000000001 1.1007 1.03646 0.75607 0.89631 0.71985 0.68944 0.6259 0.51834 0.24728 0.15908 0 0.12652 0.13348 0.24289 0.26385 0.25706 0.28541 0.45558 0.47811 0.52993 0.63555 0.57578 0.77722 0.87102 
0.81813 0.75165 0.75921 0.7337 0.7554700000000001 0.62382 0.57937 0.57221 0.58662 0.51132 0.42585 0.3638 0.41121 0.36443 0.30586 0.19352 0.18079 0.17915 0.23013 0.25858 0.22182 0.189 0.27974 0.31086 0.41415 0.41747999999999996 0.45308 0.5622 0.66656 0.72426 0.76863 0.67818 0.6129899999999999 0.63547 0.55558 0.57792 0.49912 0.46395 0.5156000000000001 0.64844 0.68082 0.7211 0.84491 0.87572 0.97423 0.91153 0.63233 0.77589 0.65674 0.63192 0.56453 0.47308 0.19861 0.1752 0.12652 0 0.01025 0.17323 0.20871 0.24542 0.24922 0.39342 0.41073 0.47503 0.56236 0.4737 0.67447 0.7940400000000001 
0.8201799999999999 0.75326 0.76058 0.73454 0.7555 0.6245 0.57956 0.57349 0.5853 0.51049 0.42537 0.36333 0.41275 0.3682 0.31065 0.20377 0.18466 0.1689 0.23188 0.257 0.21368 0.18039 0.27168 0.30596 0.40486 0.40723 0.4438 0.5525899999999999 0.65705 0.71525 0.75943 0.67035 0.60581 0.62777 0.54707 0.56922 0.49126 0.45497 0.50934 0.64238 0.67488 0.71436 0.83819 0.86938 0.96769 0.90362 0.62759 0.77212 0.66094 0.63722 0.56898 0.47872 0.20565 0.18522 0.13348 0.01025 0 0.16393 0.20087 0.24588 0.2429 0.38443 0.40089 0.46577 0.55231 0.46357 0.66439 0.79658 
0.92896 0.85765 0.86214 0.8378 0.84138 0.72028 0.67028 0.67726 0.65651 0.56154 0.5134 0.45464 0.52466 0.50197 0.4544 0.35629 0.32684 0.30974 0.35495 0.34599 0.20374 0.17046 0.24902 0.25444 0.32716 0.32165 0.36228 0.44633 0.5598 0.62911 0.67074 0.62258 0.58115 0.58373 0.48512 0.50108 0.44944 0.42018 0.50235 0.63371 0.66756 0.68947 0.81175 0.84926 0.94189 0.84786 0.64405 0.80124 0.79348 0.77406 0.70507 0.62744 0.36401 0.34843 0.24289 0.17323 0.16393 0 0.06123 0.11896 0.09142 0.2205 0.24031 0.30193 0.39565 0.34059 0.54004 0.91267 
0.9877 0.91693 0.92173 0.89717 0.90211 0.78011 0.73053 0.73633 0.7175100000000001 0.62273 0.57351 0.51426 0.5827 0.55507 0.5039199999999999 0.39995 0.37625 0.36417 0.40939 0.40374 0.2644 0.23156 0.30773 0.31021 0.37227 0.37243000000000004 0.40577 0.47841 0.59377 0.66655 0.70633 0.67104 0.63505 0.6337700000000001 0.532 0.54591 0.50145 0.47396 0.55956 0.68984 0.72372 0.74261 0.86401 0.90251 0.99372 0.89305 0.70349 0.86103 0.84767 0.82688 0.75818 0.6758 0.40618 0.3735 0.26385 0.20871 0.20087 0.06123 0 0.05813 0.11194 0.20451 0.23326 0.2821 0.39116 0.36649 0.56107 0.97046 
1.04077 0.9706 0.9758 0.95096 0.9589300000000001 0.83479 0.78566 0.78981 0.77426 0.6805 0.62852 0.56867 0.63355 0.60216 0.54811 0.43891 0.42066 0.40763 0.45845 0.45789 0.32246 0.28942 0.36586 0.36621 0.42391 0.41541 0.45599 0.52059 0.63657 0.7122299999999999 0.75011 0.7231 0.69068 0.68715 0.58358 0.59633 0.55625 0.52972 0.61682 0.74656 0.78043 0.79772 0.91846 0.95758 1.04807 0.94303 0.76144 0.91909 0.89535 0.87304 0.80475 0.71768 0.44388 0.39804 0.25706 0.24542 0.24588 0.11896 0.05813 0 0.05381 0.21492 0.25017 0.2888 0.40495 0.40563 0.59426 1.02214 
1.01997 0.94858 0.95287 0.92866 0.93049 0.81064 0.76037 0.76843 0.74386 0.64665 0.60376 0.54547 0.61538 0.59208 0.54223 0.43974 0.41459 0.40116 0.44558 0.43645 0.28649 0.26188 0.32488 0.32113 0.37279 0.36361 0.40402 0.46678 0.58284 0.6584300000000001 0.69638 0.67217 0.64289 0.63692 0.53223 0.54433 0.50756 0.48251999999999995 0.5725100000000001 0.70065 0.73447 0.74914 0.86908 0.90886 0.99814 0.8906 0.71923 0.87855 0.88411 0.8641 0.79524 0.71473 0.44628 0.41402 0.28541 0.24922 0.2429 0.09142 0.11194 0.05381 0 0.17017 0.21153999999999998 0.2452 0.35935 0.35187 0.54143 1.00404 
1.08237 1.0084 1.0095399999999999 0.98773 0.972 0.86622 0.81348 0.83353 0.77947 0.67299 0.66389 0.61306 0.6949 0.69345 0.65485 0.56929 0.53205 0.51563 0.54643 0.51218 0.33422 0.31911 0.34571 0.31953 0.31688 0.30454 0.33492 0.35469 0.46614 0.5488 0.5799 0.59954 0.59697 0.5721 0.46116 0.4647 0.46186 0.44837 0.55183 0.66501 0.69743 0.69388 0.80518 0.84879 0.92874 0.7976700000000001 0.70603 0.86741 0.97583 0.9620299999999999 0.89297 0.82929 0.57837 0.56704 0.45558 0.39342 0.38443 0.2205 0.20451 0.21492 0.17017 0 0.04137 0.12045 0.19005 0.23887999999999998 0.39763000000000004 1.07482 
1.07066 0.99619 0.99668 0.97557 0.95577 0.8538 0.80077 0.82364 0.76292 0.65499 0.65402 0.60558 0.68967 0.69408 0.65904 0.57945 0.53897 0.52459 0.54846 0.50834 0.32793 0.31719 0.33253 0.30207 0.28958 0.2705 0.30223 0.31332 0.42885 0.50743 0.53915 0.5636099999999999 0.56534 0.53749 0.42638 0.42854 0.4316 0.42053 0.52532 0.63474 0.66672 0.66162 0.76964 0.81376 0.89222 0.75763 0.6797 0.84062 0.97213 0.9601200000000001 0.89132 0.8328899999999999 0.58926 0.58562 0.47811 0.41073 0.40089 0.24031 0.23326 0.25017 0.21153999999999998 0.04137 0 0.07908 0.15794 0.19751 0.35626 1.06524 
1.14954 1.07502 1.0754 1.05443 1.03358 0.93261 0.87954 0.9027200000000001 0.84071 0.73235 0.7331000000000001 0.68456 0.76835 0.7717700000000001 0.73427 0.65066 0.61247 0.59564 0.62475 0.58669 0.40663 0.39478 0.41144 0.38015 0.35706 0.33955 0.36738 0.35697 0.46224 0.54511 0.57277 0.6198 0.63011 0.59662 0.48658 0.48473 0.49911 0.49123 0.59695 0.70137 0.73257 0.72054 0.8258300000000001 0.87072 0.9449 0.80072 0.7511000000000001 0.91119 1.05059 1.0381200000000002 0.9692 0.90851 0.6598 0.64933 0.52993 0.47503 0.46577 0.30193 0.2821 0.2888 0.2452 0.12045 0.07908 0 0.13367 0.25442 0.37253 1.14427 
1.15369 1.07873 1.07676 1.05812 1.02452 0.93715 0.88405 0.91533 0.83364 0.72351 0.74884 0.70823 0.79661 0.81538 0.78834 0.72035 0.67494 0.65898 0.67517 0.62273 0.44362 0.44268 0.43054 0.39 0.3295 0.31044 0.32527 0.27114 0.36531 0.44194 0.46343 0.54237 0.57433 0.52761 0.42226 0.4137 0.45518 0.45771 0.56269 0.64947 0.67658 0.65131 0.7449 0.79179 0.85716 0.6997 0.7121299999999999 0.86681 1.07986 1.07252 1.00501 0.95923 0.73121 0.73752 0.63555 0.56236 0.55231 0.39565 0.39116 0.40495 0.35935 0.19005 0.15794 0.13367 0 0.19398 0.25131 1.15505 
0.96523 0.89038 0.88765 0.86989 0.83245 0.74978 0.69694 0.7320599999999999 0.64273 0.53631 0.56936 0.53533 0.62501 0.65732 0.64111 0.59489 0.54204 0.52794 0.52758 0.46288 0.29929 0.30978 0.26662 0.22132 0.13872 0.12003 0.1313 0.11793 0.23404999999999998 0.3125 0.34769 0.36996 0.38568 0.34778 0.23781 0.23542 0.26388 0.26378 0.36876 0.46018000000000003 0.48888000000000004 0.47198 0.57606 0.62151 0.69669 0.56034 0.51892 0.67519 0.90526 0.90211 0.83617 0.8045 0.60753 0.64064 0.57578 0.4737 0.46357 0.34059 0.36649 0.40563 0.35187 0.23887999999999998 0.19751 0.25442 0.19398 0 0.20156 0.96934 
1.06941 0.99645 0.99027 0.97672 0.92164 0.8629199999999999 0.81268 0.85875 0.74446 0.63962 0.70889 0.68692 0.77625 0.82414 0.81771 0.78503 0.7299499999999999 0.71676 0.70678 0.63387 0.48597 0.50381 0.44479 0.39963000000000004 0.29235 0.28007 0.26153000000000004 0.13431 0.13608 0.20722 0.21866 0.34744 0.41483 0.34977 0.28086 0.25189 0.34998 0.3653 0.44898 0.48794 0.50876 0.46138 0.53146 0.57898 0.63025 0.45938 0.57274 0.70798 1.04522 1.04821 0.98634 0.97167 0.79821 0.8391299999999999 0.77722 0.67447 0.66439 0.54004 0.56107 0.59426 0.54143 0.39763000000000004 0.35626 0.37253 0.25131 0.20156 0 1.0829 
0.05714 0.09377 0.10763 0.11444000000000001 0.20163 0.22075 0.2739 0.2416 0.34145000000000003 0.44371000000000005 0.41123 0.46278 0.39280000000000004 0.43501 0.5031 0.62152 0.61436 0.6289 0.56569 0.56961 0.74099 0.76025 0.73332 0.76849 0.83076 0.84933 0.8459 0.95525 0.97297 0.95838 0.99349 0.7961 0.69471 0.76824 0.81044 0.83619 0.74107 0.72102 0.63491 0.63968 0.63842 0.71792 0.76732 0.75273 0.82788 0.9294399999999999 0.54194 0.4952 0.17618 0.21934 0.25996 0.38509000000000004 0.62455 0.73087 0.87102 0.7940400000000001 0.79658 0.91267 0.97046 1.02214 1.00404 1.07482 1.06524 1.14427 1.15505 0.96934 1.0829 0 
