91
21 63 24 5 51 38 27 2 34 10 31 52 44 42 1 47 45 22 73 39 46 131 28 11 82 93 23 26 14 30 12 78 76 49 97 56 50 77 13 130 64 108 62 71 133 59 94 68 79 72 104 85 146 103 99 87 118 66 140 132 168 101 67 115 127 121 120 179 139 110 105 126 35 100 91 143 155 177 175 141 152 136 170 149 194 150 70 189 172 182 0
0 1.0 2.0 3.0 2.0 2.0 3.0 3.0 3.0 3.0 3.0 3.0 3.0 3.0 3.0 3.0 2.0 3.0 2.0 3.0 3.0 3.0 3.0 3.0 2.0 3.0 3.0 2.0 2.0 2.0 3.0 3.0 2.0 3.0 2.0 2.0 2.0 3.0 3.0 2.0 1.0 2.0 2.0 3.0 3.0 2.0 3.0 2.0 2.0 3.0 3.0 3.0 3.0 2.0 3.0 3.0 3.0 2.0 3.0 3.0 2.0 2.0 3.0 3.0 2.0 3.0 2.0 3.0 3.0 2.0 3.0 2.0 2.0 2.0 2.0 3.0 3.0 3.0 3.0 1.0 2.0 2.0 3.0 3.0 2.0 2.0 3.0 2.0 3.0 2.0 1.0 
1.0 0 1.0 2.0 2.0 1.0 2.0 2.0 2.0 2.0 2.0 2.0 2.0 2.0 2.0 3.0 2.0 3.0 2.0 2.0 3.0 2.0 3.0 2.0 1.0 2.0 2.0 3.0 3.0 2.0 2.0 2.0 2.0 2.0 3.0 3.0 2.0 3.0 3.0 2.0 2.0 3.0 2.0 2.0 2.0 2.0 3.0 2.0 3.0 2.0 3.0 2.0 2.0 2.0 3.0 2.0 2.0 2.0 3.0 3.0 2.0 2.0 2.0 2.0 2.0 2.0 1.0 2.0 3.0 2.0 3.0 3.0 2.0 2.0 2.0 2.0 3.0 2.0 2.0 2.0 2.0 1.0 2.0 2.0 1.0 2.0 2.0 2.0 2.0 1.0 2.0 
2.0 1.0 0 1.0 2.0 2.0 2.0 2.0 3.0 3.0 3.0 3.0 3.0 3.0 2.0 2.0 2.0 2.0 3.0 2.0 3.0 3.0 3.0 2.0 1.0 2.0 1.0 2.0 2.0 1.0 2.0 3.0 2.0 1.0 2.0 2.0 2.0 3.0 3.0 2.0 2.0 3.0 3.0 2.0 3.0 2.0 3.0 3.0 3.0 3.0 2.0 3.0 3.0 3.0 2.0 3.0 2.0 2.0 3.0 3.0 3.0 3.0 2.0 1.0 2.0 3.0 2.0 2.0 2.0 3.0 3.0 3.0 2.0 2.0 2.0 2.0 2.0 2.0 3.0 2.0 2.0 2.0 3.0 2.0 2.0 3.0 2.0 3.0 2.0 2.0 3.0 
3.0 2.0 1.0 0 1.0 2.0 2.0 2.0 3.0 2.0 3.0 2.0 2.0 2.0 2.0 3.0 2.0 2.0 2.0 2.0 3.0 3.0 2.0 3.0 2.0 1.0 2.0 3.0 2.0 2.0 2.0 3.0 3.0 2.0 2.0 2.0 2.0 2.0 2.0 2.0 3.0 3.0 2.0 2.0 3.0 2.0 3.0 2.0 3.0 3.0 2.0 3.0 3.0 3.0 2.0 2.0 3.0 2.0 2.0 3.0 3.0 3.0 2.0 2.0 2.0 3.0 2.0 2.0 2.0 3.0 2.0 3.0 2.0 2.0 3.0 3.0 3.0 2.0 3.0 3.0 2.0 2.0 3.0 3.0 2.0 2.0 3.0 2.0 3.0 2.0 2.0 
2.0 2.0 2.0 1.0 0 1.0 2.0 2.0 2.0 3.0 2.0 2.0 2.0 2.0 2.0 2.0 1.0 2.0 1.0 2.0 3.0 2.0 2.0 2.0 3.0 2.0 2.0 3.0 3.0 2.0 3.0 3.0 2.0 2.0 2.0 2.0 2.0 1.0 2.0 1.0 2.0 2.0 2.0 2.0 3.0 2.0 2.0 2.0 2.0 2.0 2.0 2.0 2.0 2.0 2.0 1.0 2.0 2.0 3.0 2.0 2.0 2.0 2.0 1.0 2.0 2.0 2.0 2.0 2.0 2.0 1.0 3.0 2.0 2.0 3.0 2.0 2.0 3.0 2.0 3.0 2.0 1.0 2.0 2.0 2.0 2.0 3.0 2.0 2.0 3.0 1.0 
2.0 1.0 2.0 2.0 1.0 0 1.0 2.0 1.0 2.0 1.0 2.0 1.0 1.0 2.0 3.0 2.0 2.0 2.0 2.0 3.0 3.0 2.0 2.0 2.0 1.0 2.0 3.0 2.0 1.0 2.0 3.0 2.0 2.0 2.0 3.0 3.0 2.0 3.0 2.0 2.0 3.0 2.0 2.0 2.0 2.0 2.0 2.0 3.0 2.0 2.0 1.0 1.0 2.0 2.0 2.0 1.0 2.0 2.0 2.0 1.0 2.0 2.0 2.0 2.0 3.0 2.0 2.0 3.0 2.0 2.0 3.0 2.0 2.0 2.0 3.0 2.0 2.0 2.0 3.0 3.0 2.0 2.0 1.0 2.0 2.0 2.0 2.0 2.0 2.0 2.0 
3.0 2.0 2.0 2.0 2.0 1.0 0 1.0 2.0 2.0 2.0 2.0 2.0 2.0 2.0 2.0 2.0 2.0 2.0 2.0 2.0 2.0 2.0 2.0 2.0 1.0 2.0 3.0 2.0 2.0 3.0 3.0 2.0 2.0 2.0 2.0 2.0 3.0 3.0 2.0 2.0 3.0 3.0 2.0 2.0 2.0 3.0 3.0 3.0 3.0 3.0 2.0 1.0 2.0 2.0 2.0 2.0 2.0 2.0 2.0 2.0 3.0 2.0 2.0 3.0 2.0 2.0 2.0 3.0 2.0 3.0 2.0 2.0 2.0 2.0 2.0 2.0 3.0 3.0 2.0 2.0 3.0 3.0 2.0 3.0 2.0 1.0 2.0 1.0 2.0 2.0 
3.0 2.0 2.0 2.0 2.0 2.0 1.0 0 1.0 2.0 2.0 2.0 2.0 2.0 3.0 2.0 2.0 2.0 1.0 2.0 2.0 3.0 2.0 2.0 2.0 1.0 2.0 3.0 3.0 2.0 2.0 2.0 3.0 2.0 1.0 2.0 3.0 2.0 3.0 2.0 3.0 2.0 2.0 2.0 1.0 1.0 2.0 2.0 2.0 2.0 3.0 3.0 2.0 2.0 2.0 2.0 2.0 3.0 2.0 3.0 3.0 2.0 2.0 2.0 3.0 2.0 1.0 2.0 2.0 3.0 3.0 1.0 2.0 2.0 3.0 2.0 1.0 2.0 2.0 2.0 2.0 2.0 2.0 2.0 2.0 2.0 2.0 2.0 2.0 3.0 2.0 
3.0 2.0 3.0 3.0 2.0 1.0 2.0 1.0 0 1.0 1.0 2.0 2.0 2.0 2.0 3.0 3.0 3.0 2.0 3.0 3.0 2.0 3.0 3.0 2.0 2.0 2.0 3.0 3.0 2.0 2.0 3.0 3.0 2.0 2.0 3.0 2.0 2.0 3.0 3.0 3.0 2.0 1.0 2.0 2.0 2.0 3.0 3.0 2.0 3.0 2.0 2.0 2.0 1.0 1.0 2.0 2.0 2.0 1.0 2.0 2.0 2.0 2.0 3.0 3.0 2.0 2.0 2.0 3.0 2.0 2.0 2.0 3.0 2.0 3.0 3.0 2.0 3.0 3.0 2.0 2.0 3.0 2.0 2.0 2.0 2.0 3.0 2.0 2.0 2.0 2.0 
3.0 2.0 3.0 2.0 3.0 2.0 2.0 2.0 1.0 0 1.0 2.0 3.0 3.0 2.0 3.0 2.0 2.0 2.0 3.0 2.0 1.0 2.0 3.0 2.0 3.0 3.0 3.0 3.0 3.0 2.0 3.0 3.0 2.0 2.0 3.0 3.0 2.0 3.0 2.0 2.0 1.0 2.0 2.0 2.0 2.0 3.0 2.0 3.0 3.0 2.0 3.0 2.0 2.0 2.0 2.0 3.0 2.0 2.0 2.0 2.0 1.0 2.0 2.0 3.0 2.0 3.0 3.0 2.0 2.0 3.0 3.0 2.0 3.0 3.0 2.0 3.0 3.0 2.0 2.0 3.0 3.0 3.0 2.0 1.0 2.0 3.0 2.0 1.0 2.0 3.0 
3.0 2.0 3.0 3.0 2.0 1.0 2.0 2.0 1.0 1.0 0 1.0 2.0 2.0 3.0 2.0 2.0 2.0 3.0 3.0 3.0 2.0 2.0 3.0 3.0 2.0 3.0 2.0 2.0 2.0 2.0 3.0 3.0 3.0 3.0 3.0 2.0 1.0 2.0 3.0 3.0 2.0 2.0 2.0 3.0 2.0 2.0 2.0 2.0 3.0 3.0 2.0 2.0 2.0 2.0 2.0 2.0 3.0 2.0 3.0 2.0 2.0 3.0 3.0 3.0 3.0 3.0 2.0 3.0 2.0 2.0 3.0 3.0 3.0 3.0 3.0 2.0 2.0 3.0 2.0 3.0 3.0 2.0 2.0 2.0 3.0 2.0 1.0 2.0 2.0 3.0 
3.0 2.0 3.0 2.0 2.0 2.0 2.0 2.0 2.0 2.0 1.0 0 1.0 2.0 3.0 3.0 2.0 2.0 3.0 3.0 3.0 3.0 2.0 2.0 3.0 3.0 2.0 3.0 2.0 2.0 3.0 3.0 3.0 2.0 2.0 3.0 3.0 2.0 2.0 2.0 3.0 2.0 3.0 2.0 3.0 3.0 3.0 3.0 3.0 3.0 3.0 2.0 1.0 2.0 3.0 3.0 2.0 3.0 3.0 3.0 3.0 3.0 2.0 3.0 2.0 3.0 3.0 2.0 2.0 2.0 3.0 3.0 2.0 2.0 3.0 3.0 2.0 1.0 2.0 2.0 2.0 2.0 2.0 2.0 3.0 3.0 3.0 2.0 2.0 3.0 2.0 
3.0 2.0 3.0 2.0 2.0 1.0 2.0 2.0 2.0 3.0 2.0 1.0 0 1.0 2.0 2.0 2.0 2.0 2.0 2.0 3.0 2.0 3.0 3.0 3.0 2.0 3.0 3.0 3.0 2.0 3.0 3.0 2.0 2.0 2.0 2.0 3.0 3.0 2.0 2.0 2.0 3.0 2.0 2.0 2.0 2.0 3.0 2.0 2.0 3.0 3.0 2.0 2.0 3.0 3.0 3.0 2.0 2.0 3.0 3.0 2.0 3.0 2.0 2.0 1.0 2.0 3.0 2.0 2.0 2.0 2.0 3.0 3.0 2.0 3.0 3.0 3.0 2.0 2.0 2.0 2.0 2.0 2.0 1.0 2.0 2.0 3.0 2.0 3.0 2.0 2.0 
3.0 2.0 3.0 2.0 2.0 1.0 2.0 2.0 2.0 3.0 2.0 2.0 1.0 0 1.0 2.0 1.0 1.0 1.0 2.0 3.0 2.0 2.0 2.0 2.0 2.0 2.0 3.0 2.0 2.0 2.0 2.0 3.0 2.0 2.0 2.0 2.0 2.0 3.0 2.0 2.0 2.0 3.0 2.0 1.0 3.0 2.0 2.0 2.0 2.0 3.0 2.0 2.0 2.0 3.0 2.0 2.0 2.0 2.0 2.0 2.0 2.0 1.0 2.0 2.0 2.0 2.0 2.0 3.0 2.0 1.0 2.0 2.0 2.0 2.0 3.0 2.0 2.0 1.0 2.0 2.0 2.0 3.0 2.0 2.0 2.0 3.0 2.0 2.0 2.0 2.0 
3.0 2.0 2.0 2.0 2.0 2.0 2.0 3.0 2.0 2.0 3.0 3.0 2.0 1.0 0 1.0 2.0 2.0 2.0 2.0 2.0 1.0 2.0 3.0 2.0 2.0 2.0 3.0 3.0 2.0 2.0 1.0 2.0 2.0 3.0 2.0 2.0 2.0 3.0 3.0 2.0 3.0 2.0 1.0 2.0 2.0 2.0 2.0 2.0 2.0 2.0 2.0 2.0 3.0 2.0 2.0 2.0 2.0 3.0 2.0 3.0 2.0 2.0 3.0 2.0 2.0 2.0 3.0 2.0 3.0 2.0 3.0 2.0 2.0 3.0 3.0 3.0 3.0 2.0 3.0 2.0 2.0 2.0 2.0 2.0 2.0 2.0 2.0 2.0 2.0 3.0 
3.0 3.0 2.0 3.0 2.0 3.0 2.0 2.0 3.0 3.0 2.0 3.0 2.0 2.0 1.0 0 1.0 2.0 2.0 2.0 3.0 2.0 2.0 3.0 3.0 2.0 3.0 3.0 3.0 2.0 3.0 2.0 3.0 3.0 3.0 2.0 2.0 1.0 2.0 2.0 3.0 2.0 2.0 2.0 2.0 2.0 3.0 2.0 2.0 2.0 2.0 3.0 3.0 2.0 2.0 3.0 2.0 3.0 3.0 2.0 3.0 2.0 3.0 2.0 2.0 3.0 3.0 2.0 3.0 3.0 2.0 3.0 2.0 3.0 3.0 2.0 3.0 2.0 1.0 2.0 2.0 3.0 2.0 2.0 2.0 3.0 3.0 2.0 3.0 2.0 3.0 
2.0 2.0 2.0 2.0 1.0 2.0 2.0 2.0 3.0 2.0 2.0 2.0 2.0 1.0 2.0 1.0 0 1.0 2.0 2.0 3.0 3.0 2.0 3.0 3.0 2.0 2.0 2.0 3.0 3.0 2.0 3.0 2.0 2.0 2.0 2.0 3.0 2.0 3.0 2.0 2.0 2.0 2.0 3.0 2.0 2.0 2.0 2.0 3.0 3.0 3.0 3.0 3.0 2.0 2.0 2.0 2.0 2.0 2.0 2.0 2.0 2.0 2.0 2.0 3.0 3.0 3.0 2.0 2.0 2.0 2.0 2.0 1.0 3.0 2.0 3.0 2.0 2.0 2.0 2.0 2.0 2.0 2.0 2.0 1.0 3.0 2.0 1.0 2.0 2.0 2.0 
3.0 3.0 2.0 2.0 2.0 2.0 2.0 2.0 3.0 2.0 2.0 2.0 2.0 1.0 2.0 2.0 1.0 0 1.0 2.0 3.0 3.0 2.0 3.0 2.0 2.0 3.0 3.0 3.0 2.0 2.0 3.0 2.0 2.0 3.0 2.0 2.0 3.0 3.0 3.0 3.0 2.0 2.0 3.0 2.0 2.0 2.0 2.0 2.0 3.0 2.0 2.0 2.0 2.0 2.0 2.0 2.0 3.0 3.0 2.0 1.0 2.0 2.0 2.0 3.0 2.0 2.0 2.0 2.0 3.0 2.0 3.0 2.0 2.0 3.0 2.0 1.0 2.0 2.0 2.0 2.0 2.0 3.0 2.0 2.0 2.0 2.0 2.0 2.0 2.0 3.0 
2.0 2.0 3.0 2.0 1.0 2.0 2.0 1.0 2.0 2.0 3.0 3.0 2.0 1.0 2.0 2.0 2.0 1.0 0 1.0 2.0 2.0 3.0 3.0 2.0 2.0 3.0 2.0 2.0 3.0 2.0 2.0 2.0 2.0 2.0 3.0 3.0 2.0 2.0 2.0 3.0 2.0 2.0 2.0 2.0 2.0 1.0 2.0 1.0 2.0 2.0 3.0 2.0 3.0 2.0 2.0 2.0 3.0 2.0 2.0 2.0 1.0 2.0 2.0 3.0 2.0 1.0 2.0 2.0 2.0 2.0 2.0 2.0 2.0 2.0 2.0 2.0 2.0 2.0 2.0 1.0 2.0 3.0 2.0 3.0 2.0 2.0 2.0 3.0 2.0 2.0 
3.0 2.0 2.0 2.0 2.0 2.0 2.0 2.0 3.0 3.0 3.0 3.0 2.0 2.0 2.0 2.0 2.0 2.0 1.0 0 1.0 2.0 3.0 3.0 2.0 2.0 2.0 3.0 3.0 3.0 2.0 2.0 2.0 1.0 2.0 2.0 3.0 2.0 2.0 2.0 2.0 2.0 3.0 2.0 3.0 2.0 2.0 2.0 2.0 3.0 2.0 2.0 2.0 2.0 3.0 3.0 1.0 2.0 2.0 2.0 2.0 2.0 2.0 2.0 2.0 2.0 2.0 2.0 3.0 2.0 3.0 1.0 2.0 2.0 2.0 2.0 3.0 3.0 2.0 2.0 2.0 3.0 2.0 2.0 2.0 2.0 2.0 3.0 2.0 2.0 2.0 
3.0 3.0 3.0 3.0 3.0 3.0 2.0 2.0 3.0 2.0 3.0 3.0 3.0 3.0 2.0 3.0 3.0 3.0 2.0 1.0 0 1.0 2.0 2.0 3.0 2.0 3.0 3.0 3.0 3.0 3.0 2.0 3.0 2.0 2.0 3.0 3.0 2.0 3.0 3.0 3.0 3.0 3.0 2.0 2.0 3.0 2.0 3.0 2.0 3.0 3.0 3.0 3.0 3.0 2.0 3.0 2.0 3.0 2.0 1.0 2.0 3.0 2.0 2.0 3.0 3.0 2.0 1.0 2.0 2.0 3.0 2.0 3.0 3.0 3.0 3.0 3.0 2.0 2.0 3.0 3.0 3.0 2.0 3.0 3.0 2.0 3.0 2.0 2.0 3.0 3.0 
3.0 2.0 3.0 3.0 2.0 3.0 2.0 3.0 2.0 1.0 2.0 3.0 2.0 2.0 1.0 2.0 3.0 3.0 2.0 2.0 1.0 0 1.0 2.0 2.0 2.0 2.0 3.0 3.0 2.0 3.0 2.0 2.0 3.0 2.0 3.0 3.0 3.0 3.0 2.0 3.0 2.0 2.0 1.0 2.0 2.0 2.0 3.0 2.0 3.0 2.0 3.0 2.0 2.0 1.0 2.0 2.0 2.0 3.0 2.0 2.0 2.0 2.0 2.0 2.0 2.0 3.0 2.0 3.0 2.0 3.0 3.0 2.0 2.0 2.0 3.0 2.0 3.0 3.0 2.0 2.0 2.0 2.0 3.0 2.0 1.0 2.0 2.0 2.0 2.0 2.0 
3.0 3.0 3.0 2.0 2.0 2.0 2.0 2.0 3.0 2.0 2.0 2.0 3.0 2.0 2.0 2.0 2.0 2.0 3.0 3.0 2.0 1.0 0 1.0 2.0 2.0 2.0 2.0 3.0 2.0 2.0 3.0 2.0 2.0 3.0 3.0 2.0 2.0 3.0 3.0 2.0 2.0 3.0 2.0 3.0 3.0 2.0 3.0 3.0 3.0 2.0 2.0 1.0 2.0 2.0 2.0 2.0 2.0 2.0 3.0 3.0 2.0 3.0 3.0 3.0 3.0 2.0 2.0 3.0 1.0 2.0 3.0 3.0 3.0 2.0 2.0 1.0 2.0 2.0 2.0 3.0 2.0 2.0 2.0 3.0 2.0 2.0 1.0 2.0 3.0 3.0 
3.0 2.0 2.0 3.0 2.0 2.0 2.0 2.0 3.0 3.0 3.0 2.0 3.0 2.0 3.0 3.0 3.0 3.0 3.0 3.0 2.0 2.0 1.0 0 1.0 2.0 2.0 3.0 2.0 2.0 2.0 3.0 3.0 2.0 2.0 3.0 2.0 2.0 2.0 2.0 3.0 3.0 3.0 2.0 2.0 2.0 2.0 2.0 3.0 3.0 3.0 3.0 2.0 2.0 2.0 3.0 2.0 2.0 3.0 2.0 3.0 3.0 2.0 2.0 3.0 3.0 2.0 2.0 2.0 2.0 3.0 2.0 3.0 2.0 2.0 1.0 2.0 3.0 3.0 2.0 2.0 2.0 3.0 3.0 2.0 3.0 3.0 2.0 2.0 2.0 2.0 
2.0 1.0 1.0 2.0 3.0 2.0 2.0 2.0 2.0 2.0 3.0 3.0 3.0 2.0 2.0 3.0 3.0 2.0 2.0 2.0 3.0 2.0 2.0 1.0 0 1.0 2.0 3.0 2.0 2.0 2.0 2.0 3.0 2.0 3.0 2.0 3.0 3.0 3.0 2.0 3.0 2.0 2.0 3.0 3.0 3.0 2.0 2.0 2.0 3.0 2.0 2.0 2.0 2.0 3.0 2.0 3.0 3.0 3.0 2.0 3.0 2.0 2.0 2.0 3.0 3.0 2.0 3.0 3.0 3.0 2.0 2.0 2.0 1.0 2.0 2.0 2.0 3.0 2.0 2.0 2.0 2.0 3.0 3.0 2.0 2.0 2.0 2.0 3.0 2.0 2.0 
3.0 2.0 2.0 1.0 2.0 1.0 1.0 1.0 2.0 3.0 2.0 3.0 2.0 2.0 2.0 2.0 2.0 2.0 2.0 2.0 2.0 2.0 2.0 2.0 1.0 0 1.0 2.0 2.0 2.0 2.0 3.0 2.0 1.0 2.0 3.0 2.0 3.0 2.0 1.0 2.0 2.0 3.0 3.0 2.0 2.0 2.0 2.0 3.0 2.0 2.0 2.0 2.0 2.0 2.0 2.0 2.0 3.0 3.0 2.0 2.0 2.0 2.0 2.0 3.0 2.0 2.0 2.0 3.0 2.0 2.0 2.0 1.0 2.0 2.0 2.0 2.0 2.0 3.0 2.0 3.0 2.0 3.0 2.0 3.0 3.0 2.0 1.0 2.0 2.0 2.0 
3.0 2.0 1.0 2.0 2.0 2.0 2.0 2.0 2.0 3.0 3.0 2.0 3.0 2.0 2.0 3.0 2.0 3.0 3.0 2.0 3.0 2.0 2.0 2.0 2.0 1.0 0 1.0 2.0 2.0 2.0 2.0 2.0 2.0 3.0 2.0 2.0 2.0 2.0 2.0 2.0 2.0 2.0 3.0 3.0 3.0 3.0 2.0 2.0 2.0 1.0 2.0 3.0 2.0 3.0 2.0 2.0 2.0 2.0 3.0 3.0 2.0 2.0 2.0 2.0 3.0 2.0 3.0 3.0 2.0 2.0 2.0 2.0 3.0 1.0 2.0 3.0 3.0 2.0 2.0 2.0 1.0 2.0 2.0 2.0 2.0 2.0 2.0 2.0 2.0 2.0 
2.0 3.0 2.0 3.0 3.0 3.0 3.0 3.0 3.0 3.0 2.0 3.0 3.0 3.0 3.0 3.0 2.0 3.0 2.0 3.0 3.0 3.0 2.0 3.0 3.0 2.0 1.0 0 1.0 2.0 2.0 3.0 2.0 3.0 2.0 1.0 3.0 3.0 3.0 3.0 3.0 3.0 2.0 3.0 2.0 3.0 2.0 2.0 3.0 2.0 1.0 2.0 3.0 3.0 3.0 3.0 3.0 3.0 3.0 3.0 3.0 2.0 3.0 3.0 3.0 3.0 3.0 2.0 3.0 2.0 3.0 3.0 3.0 3.0 2.0 3.0 3.0 3.0 3.0 2.0 3.0 2.0 3.0 3.0 2.0 2.0 2.0 1.0 2.0 3.0 2.0 
2.0 3.0 2.0 2.0 3.0 2.0 2.0 3.0 3.0 3.0 2.0 2.0 3.0 2.0 3.0 3.0 3.0 3.0 2.0 3.0 3.0 3.0 3.0 2.0 2.0 2.0 2.0 1.0 0 1.0 2.0 3.0 2.0 2.0 2.0 2.0 2.0 3.0 3.0 2.0 2.0 3.0 2.0 3.0 2.0 3.0 3.0 2.0 2.0 3.0 2.0 2.0 2.0 2.0 2.0 2.0 2.0 2.0 2.0 3.0 3.0 3.0 3.0 2.0 2.0 3.0 3.0 2.0 2.0 2.0 2.0 2.0 3.0 3.0 2.0 3.0 2.0 3.0 3.0 1.0 2.0 3.0 3.0 2.0 2.0 3.0 2.0 2.0 3.0 2.0 2.0 
2.0 2.0 1.0 2.0 2.0 1.0 2.0 2.0 2.0 3.0 2.0 2.0 2.0 2.0 2.0 2.0 3.0 2.0 3.0 3.0 3.0 2.0 2.0 2.0 2.0 2.0 2.0 2.0 1.0 0 1.0 2.0 3.0 2.0 1.0 2.0 2.0 3.0 2.0 1.0 1.0 2.0 2.0 2.0 2.0 2.0 2.0 2.0 2.0 2.0 2.0 2.0 2.0 2.0 1.0 2.0 2.0 3.0 3.0 3.0 2.0 2.0 3.0 2.0 3.0 3.0 3.0 3.0 2.0 2.0 3.0 3.0 3.0 2.0 3.0 2.0 1.0 2.0 3.0 2.0 3.0 2.0 2.0 2.0 2.0 3.0 2.0 2.0 2.0 2.0 2.0 
3.0 2.0 2.0 2.0 3.0 2.0 3.0 2.0 2.0 2.0 2.0 3.0 3.0 2.0 2.0 3.0 2.0 2.0 2.0 2.0 3.0 3.0 2.0 2.0 2.0 2.0 2.0 2.0 2.0 1.0 0 1.0 2.0 2.0 2.0 3.0 2.0 2.0 3.0 2.0 2.0 3.0 2.0 2.0 3.0 2.0 2.0 2.0 1.0 2.0 1.0 2.0 2.0 2.0 2.0 2.0 3.0 2.0 2.0 3.0 2.0 2.0 2.0 2.0 2.0 2.0 2.0 2.0 3.0 2.0 2.0 2.0 3.0 2.0 2.0 2.0 2.0 2.0 3.0 2.0 3.0 2.0 3.0 2.0 2.0 2.0 2.0 1.0 2.0 2.0 2.0 
3.0 2.0 3.0 3.0 3.0 3.0 3.0 2.0 3.0 3.0 3.0 3.0 3.0 2.0 1.0 2.0 3.0 3.0 2.0 2.0 2.0 2.0 3.0 3.0 2.0 3.0 2.0 3.0 3.0 2.0 1.0 0 1.0 2.0 3.0 2.0 2.0 3.0 3.0 2.0 2.0 2.0 3.0 2.0 2.0 3.0 2.0 2.0 2.0 3.0 2.0 2.0 2.0 2.0 3.0 2.0 2.0 3.0 2.0 3.0 3.0 2.0 3.0 3.0 2.0 1.0 1.0 2.0 3.0 3.0 3.0 2.0 3.0 2.0 3.0 3.0 3.0 2.0 3.0 2.0 2.0 3.0 2.0 3.0 2.0 2.0 3.0 2.0 3.0 2.0 3.0 
2.0 2.0 2.0 3.0 2.0 2.0 2.0 3.0 3.0 3.0 3.0 3.0 2.0 3.0 2.0 3.0 2.0 2.0 2.0 2.0 3.0 2.0 2.0 3.0 3.0 2.0 2.0 2.0 2.0 3.0 2.0 1.0 0 1.0 2.0 1.0 2.0 3.0 3.0 3.0 3.0 2.0 2.0 3.0 2.0 2.0 3.0 3.0 2.0 2.0 2.0 1.0 2.0 2.0 2.0 3.0 2.0 2.0 2.0 2.0 2.0 2.0 2.0 2.0 2.0 2.0 2.0 3.0 2.0 2.0 3.0 2.0 3.0 3.0 2.0 2.0 3.0 3.0 2.0 1.0 2.0 2.0 2.0 2.0 2.0 1.0 2.0 2.0 3.0 2.0 2.0 
3.0 2.0 1.0 2.0 2.0 2.0 2.0 2.0 2.0 2.0 3.0 2.0 2.0 2.0 2.0 3.0 2.0 2.0 2.0 1.0 2.0 3.0 2.0 2.0 2.0 1.0 2.0 3.0 2.0 2.0 2.0 2.0 1.0 0 1.0 2.0 2.0 2.0 2.0 2.0 2.0 3.0 2.0 2.0 2.0 2.0 2.0 3.0 3.0 2.0 2.0 2.0 2.0 2.0 2.0 3.0 2.0 2.0 2.0 2.0 2.0 2.0 2.0 1.0 2.0 2.0 2.0 2.0 2.0 2.0 2.0 2.0 2.0 3.0 2.0 1.0 2.0 3.0 2.0 2.0 2.0 2.0 2.0 1.0 2.0 2.0 1.0 2.0 2.0 2.0 2.0 
2.0 3.0 2.0 2.0 2.0 2.0 2.0 1.0 2.0 2.0 3.0 2.0 2.0 2.0 3.0 3.0 2.0 3.0 2.0 2.0 2.0 2.0 3.0 2.0 3.0 2.0 3.0 2.0 2.0 1.0 2.0 3.0 2.0 1.0 0 1.0 2.0 2.0 2.0 1.0 2.0 2.0 3.0 2.0 1.0 2.0 1.0 2.0 3.0 2.0 3.0 2.0 3.0 2.0 2.0 2.0 2.0 2.0 3.0 3.0 2.0 1.0 2.0 1.0 2.0 2.0 2.0 2.0 2.0 2.0 2.0 2.0 2.0 3.0 2.0 2.0 2.0 2.0 2.0 3.0 2.0 2.0 1.0 2.0 3.0 3.0 2.0 2.0 3.0 3.0 2.0 
2.0 3.0 2.0 2.0 2.0 3.0 2.0 2.0 3.0 3.0 3.0 3.0 2.0 2.0 2.0 2.0 2.0 2.0 3.0 2.0 3.0 3.0 3.0 3.0 2.0 3.0 2.0 1.0 2.0 2.0 3.0 2.0 1.0 2.0 1.0 0 2.0 3.0 3.0 2.0 2.0 3.0 2.0 3.0 2.0 3.0 2.0 2.0 3.0 3.0 2.0 2.0 2.0 2.0 3.0 2.0 2.0 2.0 3.0 3.0 3.0 2.0 2.0 2.0 3.0 3.0 2.0 2.0 3.0 3.0 2.0 3.0 3.0 2.0 2.0 2.0 3.0 3.0 3.0 2.0 2.0 2.0 2.0 2.0 3.0 2.0 3.0 2.0 3.0 3.0 1.0 
2.0 2.0 2.0 2.0 2.0 3.0 2.0 3.0 2.0 3.0 2.0 3.0 3.0 2.0 2.0 2.0 3.0 2.0 3.0 3.0 3.0 3.0 2.0 2.0 3.0 2.0 2.0 3.0 2.0 2.0 2.0 2.0 2.0 2.0 2.0 2.0 0 1.0 2.0 2.0 3.0 3.0 2.0 2.0 2.0 2.0 2.0 2.0 2.0 2.0 2.0 2.0 2.0 2.0 2.0 2.0 2.0 3.0 2.0 3.0 2.0 2.0 2.0 3.0 2.0 1.0 2.0 2.0 2.0 2.0 2.0 2.0 2.0 2.0 2.0 2.0 3.0 2.0 2.0 3.0 2.0 2.0 2.0 2.0 2.0 3.0 1.0 2.0 2.0 2.0 2.0 
3.0 3.0 3.0 2.0 1.0 2.0 3.0 2.0 2.0 2.0 1.0 2.0 3.0 2.0 2.0 1.0 2.0 3.0 2.0 2.0 2.0 3.0 2.0 2.0 3.0 3.0 2.0 3.0 3.0 3.0 2.0 3.0 3.0 2.0 2.0 3.0 1.0 0 1.0 2.0 3.0 2.0 1.0 2.0 3.0 1.0 2.0 2.0 2.0 3.0 3.0 2.0 3.0 3.0 2.0 2.0 2.0 2.0 2.0 3.0 2.0 2.0 3.0 2.0 3.0 2.0 3.0 2.0 2.0 2.0 1.0 3.0 3.0 2.0 3.0 2.0 3.0 3.0 2.0 2.0 3.0 2.0 1.0 2.0 2.0 3.0 2.0 2.0 2.0 2.0 2.0 
3.0 3.0 3.0 2.0 2.0 3.0 3.0 3.0 3.0 3.0 2.0 2.0 2.0 3.0 3.0 2.0 3.0 3.0 2.0 2.0 3.0 3.0 3.0 2.0 3.0 2.0 2.0 3.0 3.0 2.0 3.0 3.0 3.0 2.0 2.0 3.0 2.0 1.0 0 1.0 2.0 2.0 2.0 2.0 3.0 2.0 3.0 3.0 2.0 2.0 2.0 3.0 3.0 3.0 3.0 3.0 3.0 3.0 3.0 3.0 2.0 3.0 3.0 2.0 3.0 3.0 3.0 3.0 2.0 3.0 2.0 3.0 3.0 2.0 3.0 3.0 3.0 3.0 2.0 3.0 2.0 2.0 2.0 2.0 3.0 3.0 3.0 3.0 2.0 3.0 2.0 
2.0 2.0 2.0 2.0 1.0 2.0 2.0 2.0 3.0 2.0 3.0 2.0 2.0 2.0 3.0 2.0 2.0 3.0 2.0 2.0 3.0 2.0 3.0 2.0 2.0 1.0 2.0 3.0 2.0 1.0 2.0 2.0 3.0 2.0 1.0 2.0 2.0 2.0 1.0 0 1.0 1.0 2.0 3.0 2.0 3.0 2.0 3.0 2.0 1.0 2.0 2.0 2.0 2.0 2.0 2.0 2.0 3.0 2.0 3.0 3.0 2.0 3.0 2.0 3.0 2.0 3.0 3.0 3.0 2.0 2.0 2.0 2.0 2.0 2.0 3.0 2.0 2.0 3.0 3.0 2.0 2.0 2.0 3.0 2.0 2.0 3.0 2.0 3.0 2.0 2.0 
1.0 2.0 2.0 3.0 2.0 2.0 2.0 3.0 3.0 2.0 3.0 3.0 2.0 2.0 2.0 3.0 2.0 3.0 3.0 2.0 3.0 3.0 2.0 3.0 3.0 2.0 2.0 3.0 2.0 1.0 2.0 2.0 3.0 2.0 2.0 2.0 3.0 3.0 2.0 1.0 0 1.0 2.0 3.0 2.0 3.0 3.0 3.0 3.0 2.0 3.0 3.0 2.0 3.0 2.0 3.0 2.0 2.0 2.0 3.0 3.0 3.0 3.0 3.0 3.0 2.0 3.0 3.0 2.0 1.0 2.0 2.0 3.0 3.0 2.0 3.0 2.0 3.0 3.0 2.0 3.0 2.0 3.0 3.0 2.0 2.0 3.0 2.0 2.0 2.0 2.0 
2.0 3.0 3.0 3.0 2.0 3.0 3.0 2.0 2.0 1.0 2.0 2.0 3.0 2.0 3.0 2.0 2.0 2.0 2.0 2.0 3.0 2.0 2.0 3.0 2.0 2.0 2.0 3.0 3.0 2.0 3.0 2.0 2.0 3.0 2.0 3.0 3.0 2.0 2.0 1.0 1.0 0 1.0 2.0 1.0 3.0 2.0 3.0 3.0 2.0 2.0 3.0 2.0 2.0 2.0 3.0 2.0 3.0 3.0 2.0 3.0 2.0 2.0 3.0 3.0 3.0 2.0 2.0 2.0 1.0 2.0 3.0 3.0 2.0 3.0 3.0 2.0 3.0 3.0 2.0 2.0 2.0 2.0 2.0 2.0 2.0 3.0 2.0 2.0 2.0 3.0 
2.0 2.0 3.0 2.0 2.0 2.0 3.0 2.0 1.0 2.0 2.0 3.0 2.0 3.0 2.0 2.0 2.0 2.0 2.0 3.0 3.0 2.0 3.0 3.0 2.0 3.0 2.0 2.0 2.0 2.0 2.0 3.0 2.0 2.0 3.0 2.0 2.0 1.0 2.0 2.0 2.0 1.0 0 1.0 2.0 2.0 3.0 2.0 2.0 3.0 2.0 2.0 2.0 2.0 1.0 2.0 2.0 2.0 2.0 3.0 3.0 2.0 3.0 2.0 2.0 2.0 2.0 2.0 3.0 2.0 2.0 2.0 3.0 1.0 2.0 2.0 3.0 3.0 3.0 1.0 2.0 2.0 2.0 2.0 1.0 2.0 2.0 2.0 2.0 1.0 3.0 
3.0 2.0 2.0 2.0 2.0 2.0 2.0 2.0 2.0 2.0 2.0 2.0 2.0 2.0 1.0 2.0 3.0 3.0 2.0 2.0 2.0 1.0 2.0 2.0 3.0 3.0 3.0 3.0 3.0 2.0 2.0 2.0 3.0 2.0 2.0 3.0 2.0 2.0 2.0 3.0 3.0 2.0 1.0 0 1.0 3.0 2.0 2.0 3.0 3.0 3.0 2.0 1.0 2.0 2.0 2.0 1.0 2.0 3.0 2.0 2.0 3.0 3.0 3.0 3.0 3.0 3.0 2.0 2.0 2.0 3.0 3.0 2.0 2.0 3.0 3.0 3.0 3.0 3.0 2.0 2.0 2.0 2.0 3.0 2.0 2.0 1.0 2.0 2.0 2.0 2.0 
3.0 2.0 3.0 3.0 3.0 2.0 2.0 1.0 2.0 2.0 3.0 3.0 2.0 1.0 2.0 2.0 2.0 2.0 2.0 3.0 2.0 2.0 3.0 2.0 3.0 2.0 3.0 2.0 2.0 2.0 3.0 2.0 2.0 2.0 1.0 2.0 2.0 3.0 3.0 2.0 2.0 1.0 2.0 1.0 0 2.0 2.0 3.0 2.0 3.0 3.0 3.0 2.0 3.0 3.0 3.0 2.0 2.0 3.0 3.0 3.0 2.0 2.0 2.0 3.0 3.0 2.0 2.0 2.0 2.0 2.0 2.0 3.0 2.0 3.0 3.0 2.0 2.0 2.0 2.0 2.0 2.0 2.0 3.0 3.0 3.0 2.0 2.0 2.0 2.0 2.0 
2.0 2.0 2.0 2.0 2.0 2.0 2.0 1.0 2.0 2.0 2.0 3.0 2.0 3.0 2.0 2.0 2.0 2.0 2.0 2.0 3.0 2.0 3.0 2.0 3.0 2.0 3.0 3.0 3.0 2.0 2.0 3.0 2.0 2.0 2.0 3.0 2.0 1.0 2.0 3.0 3.0 3.0 2.0 3.0 2.0 0 1.0 2.0 2.0 3.0 3.0 3.0 3.0 2.0 1.0 2.0 3.0 2.0 2.0 2.0 2.0 1.0 2.0 2.0 2.0 2.0 2.0 3.0 2.0 2.0 2.0 2.0 2.0 2.0 2.0 1.0 2.0 3.0 2.0 3.0 3.0 2.0 2.0 1.0 2.0 2.0 3.0 2.0 2.0 3.0 3.0 
3.0 3.0 3.0 3.0 2.0 2.0 3.0 2.0 3.0 3.0 2.0 3.0 3.0 2.0 2.0 3.0 2.0 2.0 1.0 2.0 2.0 2.0 2.0 2.0 2.0 2.0 3.0 2.0 3.0 2.0 2.0 2.0 3.0 2.0 1.0 2.0 2.0 2.0 3.0 2.0 3.0 2.0 3.0 2.0 2.0 1.0 0 1.0 2.0 2.0 2.0 3.0 3.0 3.0 2.0 1.0 2.0 3.0 3.0 2.0 3.0 2.0 2.0 2.0 2.0 1.0 2.0 2.0 3.0 2.0 2.0 2.0 2.0 2.0 3.0 2.0 2.0 3.0 2.0 2.0 2.0 2.0 2.0 2.0 3.0 3.0 2.0 1.0 2.0 2.0 3.0 
2.0 2.0 3.0 2.0 2.0 2.0 3.0 2.0 3.0 2.0 2.0 3.0 2.0 2.0 2.0 2.0 2.0 2.0 2.0 2.0 3.0 3.0 3.0 2.0 2.0 2.0 2.0 2.0 2.0 2.0 2.0 2.0 3.0 3.0 2.0 2.0 2.0 2.0 3.0 3.0 3.0 3.0 2.0 2.0 3.0 2.0 1.0 0 1.0 2.0 3.0 3.0 2.0 2.0 2.0 2.0 2.0 2.0 2.0 3.0 2.0 2.0 2.0 3.0 2.0 1.0 2.0 2.0 3.0 2.0 1.0 1.0 2.0 2.0 2.0 2.0 2.0 2.0 2.0 2.0 3.0 2.0 2.0 3.0 2.0 2.0 2.0 2.0 2.0 2.0 2.0 
2.0 3.0 3.0 3.0 2.0 3.0 3.0 2.0 2.0 3.0 2.0 3.0 2.0 2.0 2.0 2.0 3.0 2.0 1.0 2.0 2.0 2.0 3.0 3.0 2.0 3.0 2.0 3.0 2.0 2.0 1.0 2.0 2.0 3.0 3.0 3.0 2.0 2.0 2.0 2.0 3.0 3.0 2.0 3.0 2.0 2.0 2.0 1.0 0 1.0 2.0 3.0 2.0 2.0 1.0 2.0 3.0 2.0 1.0 2.0 2.0 2.0 3.0 2.0 2.0 2.0 2.0 2.0 2.0 2.0 2.0 2.0 3.0 1.0 1.0 2.0 2.0 2.0 3.0 1.0 2.0 3.0 2.0 2.0 2.0 2.0 3.0 2.0 2.0 2.0 3.0 
3.0 2.0 3.0 3.0 2.0 2.0 3.0 2.0 3.0 3.0 3.0 3.0 3.0 2.0 2.0 2.0 3.0 3.0 2.0 3.0 3.0 3.0 3.0 3.0 3.0 2.0 2.0 2.0 3.0 2.0 2.0 3.0 2.0 2.0 2.0 3.0 2.0 3.0 2.0 1.0 2.0 2.0 3.0 3.0 3.0 3.0 2.0 2.0 1.0 0 1.0 2.0 3.0 2.0 2.0 2.0 2.0 2.0 2.0 3.0 2.0 3.0 3.0 3.0 2.0 3.0 3.0 3.0 3.0 3.0 3.0 3.0 2.0 2.0 2.0 2.0 3.0 2.0 2.0 2.0 3.0 2.0 2.0 2.0 3.0 3.0 2.0 2.0 3.0 2.0 2.0 
3.0 3.0 2.0 2.0 2.0 2.0 3.0 3.0 2.0 2.0 3.0 3.0 3.0 3.0 2.0 2.0 3.0 2.0 2.0 2.0 3.0 2.0 2.0 3.0 2.0 2.0 1.0 1.0 2.0 2.0 1.0 2.0 2.0 2.0 3.0 2.0 2.0 3.0 2.0 2.0 3.0 2.0 2.0 3.0 3.0 3.0 2.0 3.0 2.0 1.0 0 1.0 2.0 3.0 3.0 2.0 2.0 3.0 2.0 3.0 3.0 2.0 3.0 2.0 2.0 2.0 3.0 3.0 2.0 2.0 3.0 2.0 3.0 2.0 2.0 2.0 2.0 3.0 3.0 3.0 3.0 2.0 2.0 2.0 2.0 2.0 2.0 2.0 3.0 2.0 3.0 
3.0 2.0 3.0 3.0 2.0 1.0 2.0 3.0 2.0 3.0 2.0 2.0 2.0 2.0 2.0 3.0 3.0 2.0 3.0 2.0 3.0 3.0 2.0 3.0 2.0 2.0 2.0 2.0 2.0 2.0 2.0 2.0 1.0 2.0 2.0 2.0 2.0 2.0 3.0 2.0 3.0 3.0 2.0 2.0 3.0 3.0 3.0 3.0 3.0 2.0 1.0 0 1.0 2.0 2.0 2.0 1.0 2.0 3.0 3.0 2.0 3.0 3.0 2.0 2.0 2.0 3.0 2.0 3.0 2.0 3.0 3.0 3.0 3.0 2.0 2.0 2.0 2.0 2.0 2.0 2.0 2.0 1.0 2.0 3.0 2.0 2.0 3.0 3.0 1.0 3.0 
3.0 2.0 3.0 3.0 2.0 1.0 1.0 2.0 2.0 2.0 2.0 1.0 2.0 2.0 2.0 3.0 3.0 2.0 2.0 2.0 3.0 2.0 1.0 2.0 2.0 2.0 3.0 3.0 2.0 2.0 2.0 2.0 2.0 2.0 3.0 2.0 2.0 3.0 3.0 2.0 2.0 2.0 2.0 1.0 2.0 3.0 3.0 2.0 2.0 3.0 2.0 1.0 0 1.0 2.0 2.0 1.0 2.0 2.0 3.0 2.0 3.0 2.0 2.0 3.0 2.0 2.0 2.0 2.0 1.0 2.0 3.0 3.0 2.0 3.0 2.0 2.0 2.0 3.0 2.0 3.0 2.0 2.0 2.0 2.0 2.0 2.0 2.0 2.0 2.0 2.0 
2.0 2.0 3.0 3.0 2.0 2.0 2.0 2.0 1.0 2.0 2.0 2.0 3.0 2.0 3.0 2.0 2.0 2.0 3.0 2.0 3.0 2.0 2.0 2.0 2.0 2.0 2.0 3.0 2.0 2.0 2.0 2.0 2.0 2.0 2.0 2.0 2.0 3.0 3.0 2.0 3.0 2.0 2.0 2.0 3.0 2.0 3.0 2.0 2.0 2.0 3.0 2.0 1.0 0 1.0 2.0 2.0 3.0 2.0 2.0 2.0 2.0 3.0 2.0 2.0 3.0 2.0 3.0 3.0 2.0 2.0 2.0 3.0 2.0 2.0 2.0 3.0 3.0 2.0 1.0 2.0 3.0 2.0 2.0 2.0 2.0 2.0 2.0 3.0 2.0 1.0 
3.0 3.0 2.0 2.0 2.0 2.0 2.0 2.0 1.0 2.0 2.0 3.0 3.0 3.0 2.0 2.0 2.0 2.0 2.0 3.0 2.0 1.0 2.0 2.0 3.0 2.0 3.0 3.0 2.0 1.0 2.0 3.0 2.0 2.0 2.0 3.0 2.0 2.0 3.0 2.0 2.0 2.0 1.0 2.0 3.0 1.0 2.0 2.0 1.0 2.0 3.0 2.0 2.0 1.0 0 1.0 2.0 2.0 2.0 2.0 3.0 2.0 2.0 3.0 2.0 2.0 2.0 2.0 3.0 1.0 2.0 2.0 3.0 2.0 2.0 2.0 2.0 3.0 3.0 2.0 3.0 2.0 1.0 2.0 2.0 2.0 3.0 2.0 3.0 2.0 2.0 
3.0 2.0 3.0 2.0 1.0 2.0 2.0 2.0 2.0 2.0 2.0 3.0 3.0 2.0 2.0 3.0 2.0 2.0 2.0 3.0 3.0 2.0 2.0 3.0 2.0 2.0 2.0 3.0 2.0 2.0 2.0 2.0 3.0 3.0 2.0 2.0 2.0 2.0 3.0 2.0 3.0 3.0 2.0 2.0 3.0 2.0 1.0 2.0 2.0 2.0 2.0 2.0 2.0 2.0 1.0 0 2.0 3.0 2.0 3.0 2.0 2.0 2.0 2.0 2.0 2.0 2.0 2.0 3.0 2.0 2.0 2.0 3.0 2.0 3.0 3.0 3.0 2.0 3.0 2.0 3.0 2.0 2.0 2.0 2.0 2.0 2.0 2.0 3.0 2.0 2.0 
3.0 2.0 2.0 3.0 2.0 1.0 2.0 2.0 2.0 3.0 2.0 2.0 2.0 2.0 2.0 2.0 2.0 2.0 2.0 1.0 2.0 2.0 2.0 2.0 3.0 2.0 2.0 3.0 2.0 2.0 3.0 2.0 2.0 2.0 2.0 2.0 2.0 2.0 3.0 2.0 2.0 2.0 2.0 1.0 2.0 3.0 2.0 2.0 3.0 2.0 2.0 1.0 1.0 2.0 2.0 2.0 0 1.0 2.0 2.0 1.0 2.0 2.0 2.0 3.0 2.0 2.0 1.0 2.0 1.0 2.0 2.0 2.0 2.0 2.0 2.0 2.0 2.0 3.0 3.0 2.0 2.0 1.0 2.0 2.0 2.0 2.0 2.0 2.0 2.0 3.0 
2.0 2.0 2.0 2.0 2.0 2.0 2.0 3.0 2.0 2.0 3.0 3.0 2.0 2.0 2.0 3.0 2.0 3.0 3.0 2.0 3.0 2.0 2.0 2.0 3.0 3.0 2.0 3.0 2.0 3.0 2.0 3.0 2.0 2.0 2.0 2.0 3.0 2.0 3.0 3.0 2.0 3.0 2.0 2.0 2.0 2.0 3.0 2.0 2.0 2.0 3.0 2.0 2.0 3.0 2.0 3.0 1.0 0 1.0 2.0 2.0 2.0 3.0 3.0 2.0 2.0 2.0 2.0 2.0 2.0 2.0 2.0 2.0 2.0 2.0 3.0 3.0 3.0 3.0 2.0 2.0 2.0 1.0 2.0 1.0 3.0 2.0 2.0 3.0 2.0 2.0 
3.0 3.0 3.0 2.0 3.0 2.0 2.0 2.0 1.0 2.0 2.0 3.0 3.0 2.0 3.0 3.0 2.0 3.0 2.0 2.0 2.0 3.0 2.0 3.0 3.0 3.0 2.0 3.0 2.0 3.0 2.0 2.0 2.0 2.0 3.0 3.0 2.0 2.0 3.0 2.0 2.0 3.0 2.0 3.0 3.0 2.0 3.0 2.0 1.0 2.0 2.0 3.0 2.0 2.0 2.0 2.0 2.0 1.0 0 1.0 2.0 2.0 3.0 3.0 3.0 2.0 2.0 3.0 2.0 3.0 3.0 2.0 3.0 2.0 2.0 3.0 3.0 3.0 2.0 2.0 3.0 3.0 2.0 2.0 2.0 3.0 2.0 3.0 2.0 2.0 3.0 
3.0 3.0 3.0 3.0 2.0 2.0 2.0 3.0 2.0 2.0 3.0 3.0 3.0 2.0 2.0 2.0 2.0 2.0 2.0 2.0 1.0 2.0 3.0 2.0 2.0 2.0 3.0 3.0 3.0 3.0 3.0 3.0 2.0 2.0 3.0 3.0 3.0 3.0 3.0 3.0 3.0 2.0 3.0 2.0 3.0 2.0 2.0 3.0 2.0 3.0 3.0 3.0 3.0 2.0 2.0 3.0 2.0 2.0 1.0 0 1.0 2.0 3.0 3.0 2.0 2.0 3.0 2.0 3.0 3.0 3.0 2.0 2.0 2.0 3.0 2.0 3.0 2.0 1.0 3.0 2.0 2.0 3.0 2.0 3.0 2.0 2.0 2.0 1.0 3.0 3.0 
2.0 2.0 3.0 3.0 2.0 1.0 2.0 3.0 2.0 2.0 2.0 3.0 2.0 2.0 3.0 3.0 2.0 1.0 2.0 2.0 2.0 2.0 3.0 3.0 3.0 2.0 3.0 3.0 3.0 2.0 2.0 3.0 2.0 2.0 2.0 3.0 2.0 2.0 2.0 3.0 3.0 3.0 3.0 2.0 3.0 2.0 3.0 2.0 2.0 2.0 3.0 2.0 2.0 2.0 3.0 2.0 1.0 2.0 2.0 1.0 0 1.0 2.0 2.0 3.0 3.0 3.0 2.0 2.0 2.0 3.0 2.0 3.0 2.0 2.0 2.0 2.0 3.0 2.0 3.0 2.0 2.0 2.0 2.0 3.0 1.0 1.0 2.0 1.0 2.0 2.0 
2.0 2.0 3.0 3.0 2.0 2.0 3.0 2.0 2.0 1.0 2.0 3.0 3.0 2.0 2.0 2.0 2.0 2.0 1.0 2.0 3.0 2.0 2.0 3.0 2.0 2.0 2.0 2.0 3.0 2.0 2.0 2.0 2.0 2.0 1.0 2.0 2.0 2.0 3.0 2.0 3.0 2.0 2.0 3.0 2.0 1.0 2.0 2.0 2.0 3.0 2.0 3.0 3.0 2.0 2.0 2.0 2.0 2.0 2.0 2.0 1.0 0 1.0 2.0 2.0 3.0 2.0 2.0 1.0 2.0 3.0 2.0 3.0 3.0 2.0 2.0 3.0 2.0 1.0 2.0 2.0 2.0 2.0 2.0 2.0 2.0 2.0 1.0 2.0 2.0 2.0 
3.0 2.0 2.0 2.0 2.0 2.0 2.0 2.0 2.0 2.0 3.0 2.0 2.0 1.0 2.0 3.0 2.0 2.0 2.0 2.0 2.0 2.0 3.0 2.0 2.0 2.0 2.0 3.0 3.0 3.0 2.0 3.0 2.0 2.0 2.0 2.0 2.0 3.0 3.0 3.0 3.0 2.0 3.0 3.0 2.0 2.0 2.0 2.0 3.0 3.0 3.0 3.0 2.0 3.0 2.0 2.0 2.0 3.0 3.0 3.0 2.0 1.0 0 1.0 2.0 3.0 2.0 2.0 2.0 2.0 2.0 2.0 3.0 2.0 3.0 2.0 2.0 2.0 2.0 3.0 2.0 2.0 2.0 2.0 3.0 1.0 3.0 2.0 3.0 3.0 2.0 
3.0 2.0 1.0 2.0 1.0 2.0 2.0 2.0 3.0 2.0 3.0 3.0 2.0 2.0 3.0 2.0 2.0 2.0 2.0 2.0 2.0 2.0 3.0 2.0 2.0 2.0 2.0 3.0 2.0 2.0 2.0 3.0 2.0 1.0 1.0 2.0 3.0 2.0 2.0 2.0 3.0 3.0 2.0 3.0 2.0 2.0 2.0 3.0 2.0 3.0 2.0 2.0 2.0 2.0 3.0 2.0 2.0 3.0 3.0 3.0 2.0 2.0 1.0 0 1.0 2.0 3.0 2.0 2.0 2.0 2.0 3.0 2.0 2.0 2.0 1.0 2.0 2.0 2.0 2.0 2.0 2.0 2.0 2.0 3.0 2.0 2.0 3.0 2.0 2.0 2.0 
2.0 2.0 2.0 2.0 2.0 2.0 3.0 3.0 3.0 3.0 3.0 2.0 1.0 2.0 2.0 2.0 3.0 3.0 3.0 2.0 3.0 2.0 3.0 3.0 3.0 3.0 2.0 3.0 2.0 3.0 2.0 2.0 2.0 2.0 2.0 3.0 2.0 3.0 3.0 3.0 3.0 3.0 2.0 3.0 3.0 2.0 2.0 2.0 2.0 2.0 2.0 2.0 3.0 2.0 2.0 2.0 3.0 2.0 3.0 2.0 3.0 2.0 2.0 1.0 0 1.0 2.0 3.0 3.0 3.0 3.0 2.0 3.0 3.0 2.0 2.0 2.0 2.0 1.0 1.0 2.0 2.0 3.0 2.0 2.0 2.0 2.0 2.0 2.0 1.0 3.0 
3.0 2.0 3.0 3.0 2.0 3.0 2.0 2.0 2.0 2.0 3.0 3.0 2.0 2.0 2.0 3.0 3.0 2.0 2.0 2.0 3.0 2.0 3.0 3.0 3.0 2.0 3.0 3.0 3.0 3.0 2.0 1.0 2.0 2.0 2.0 3.0 1.0 2.0 3.0 2.0 2.0 3.0 2.0 3.0 3.0 2.0 1.0 1.0 2.0 3.0 2.0 2.0 2.0 3.0 2.0 2.0 2.0 2.0 2.0 2.0 3.0 3.0 3.0 2.0 1.0 0 1.0 2.0 3.0 2.0 2.0 1.0 2.0 2.0 2.0 2.0 3.0 3.0 2.0 2.0 2.0 2.0 2.0 3.0 2.0 3.0 2.0 2.0 3.0 1.0 3.0 
2.0 1.0 2.0 2.0 2.0 2.0 2.0 1.0 2.0 3.0 3.0 3.0 3.0 2.0 2.0 3.0 3.0 2.0 1.0 2.0 2.0 3.0 2.0 2.0 2.0 2.0 2.0 3.0 3.0 3.0 2.0 1.0 2.0 2.0 2.0 2.0 2.0 3.0 3.0 3.0 3.0 2.0 2.0 3.0 2.0 2.0 2.0 2.0 2.0 3.0 3.0 3.0 2.0 2.0 2.0 2.0 2.0 2.0 2.0 3.0 3.0 2.0 2.0 3.0 2.0 1.0 0 1.0 2.0 3.0 2.0 2.0 3.0 3.0 2.0 3.0 2.0 3.0 2.0 3.0 2.0 2.0 2.0 2.0 2.0 2.0 2.0 2.0 2.0 2.0 3.0 
3.0 2.0 2.0 2.0 2.0 2.0 2.0 2.0 2.0 3.0 2.0 2.0 2.0 2.0 3.0 2.0 2.0 2.0 2.0 2.0 1.0 2.0 2.0 2.0 3.0 2.0 3.0 2.0 2.0 3.0 2.0 2.0 3.0 2.0 2.0 2.0 2.0 2.0 3.0 3.0 3.0 2.0 2.0 2.0 2.0 3.0 2.0 2.0 2.0 3.0 3.0 2.0 2.0 3.0 2.0 2.0 1.0 2.0 3.0 2.0 2.0 2.0 2.0 2.0 3.0 2.0 1.0 0 1.0 2.0 3.0 2.0 3.0 3.0 3.0 2.0 3.0 2.0 3.0 2.0 2.0 2.0 1.0 2.0 3.0 2.0 2.0 1.0 2.0 3.0 3.0 
3.0 3.0 2.0 2.0 2.0 3.0 3.0 2.0 3.0 2.0 3.0 2.0 2.0 3.0 2.0 3.0 2.0 2.0 2.0 3.0 2.0 3.0 3.0 2.0 3.0 3.0 3.0 3.0 2.0 2.0 3.0 3.0 2.0 2.0 2.0 3.0 2.0 2.0 2.0 3.0 2.0 2.0 3.0 2.0 2.0 2.0 3.0 3.0 2.0 3.0 2.0 3.0 2.0 3.0 3.0 3.0 2.0 2.0 2.0 3.0 2.0 1.0 2.0 2.0 3.0 3.0 2.0 1.0 0 2.0 3.0 2.0 3.0 3.0 3.0 3.0 3.0 3.0 2.0 2.0 2.0 2.0 2.0 2.0 2.0 3.0 3.0 2.0 3.0 2.0 2.0 
2.0 2.0 3.0 3.0 2.0 2.0 2.0 3.0 2.0 2.0 2.0 2.0 2.0 2.0 3.0 3.0 2.0 3.0 2.0 2.0 2.0 2.0 1.0 2.0 3.0 2.0 2.0 2.0 2.0 2.0 2.0 3.0 2.0 2.0 2.0 3.0 2.0 2.0 3.0 2.0 1.0 1.0 2.0 2.0 2.0 2.0 2.0 2.0 2.0 3.0 2.0 2.0 1.0 2.0 1.0 2.0 1.0 2.0 3.0 3.0 2.0 2.0 2.0 2.0 3.0 2.0 3.0 2.0 2.0 0 1.0 2.0 3.0 3.0 3.0 3.0 2.0 3.0 3.0 2.0 2.0 1.0 2.0 3.0 3.0 1.0 2.0 1.0 2.0 2.0 2.0 
3.0 3.0 3.0 2.0 1.0 2.0 3.0 3.0 2.0 3.0 2.0 3.0 2.0 1.0 2.0 2.0 2.0 2.0 2.0 3.0 3.0 3.0 2.0 3.0 2.0 2.0 2.0 3.0 2.0 3.0 2.0 3.0 3.0 2.0 2.0 2.0 2.0 1.0 2.0 2.0 2.0 2.0 2.0 3.0 2.0 2.0 2.0 1.0 2.0 3.0 3.0 3.0 2.0 2.0 2.0 2.0 2.0 2.0 3.0 3.0 3.0 3.0 2.0 2.0 3.0 2.0 2.0 3.0 3.0 1.0 0 2.0 3.0 3.0 3.0 3.0 3.0 3.0 2.0 2.0 3.0 2.0 2.0 2.0 3.0 2.0 3.0 2.0 3.0 2.0 2.0 
2.0 3.0 3.0 3.0 3.0 3.0 2.0 1.0 2.0 3.0 3.0 3.0 3.0 2.0 3.0 3.0 2.0 3.0 2.0 1.0 2.0 3.0 3.0 2.0 2.0 2.0 2.0 3.0 2.0 3.0 2.0 2.0 2.0 2.0 2.0 3.0 2.0 3.0 3.0 2.0 2.0 3.0 2.0 3.0 2.0 2.0 2.0 1.0 2.0 3.0 2.0 3.0 3.0 2.0 2.0 2.0 2.0 2.0 2.0 2.0 2.0 2.0 2.0 3.0 2.0 1.0 2.0 2.0 2.0 2.0 2.0 0 1.0 3.0 2.0 3.0 2.0 3.0 3.0 1.0 2.0 3.0 3.0 2.0 2.0 2.0 3.0 2.0 2.0 2.0 3.0 
2.0 2.0 2.0 2.0 2.0 2.0 2.0 2.0 3.0 2.0 3.0 2.0 3.0 2.0 2.0 2.0 1.0 2.0 2.0 2.0 3.0 2.0 3.0 3.0 2.0 1.0 2.0 3.0 3.0 3.0 3.0 3.0 3.0 2.0 2.0 3.0 2.0 3.0 3.0 2.0 3.0 3.0 3.0 2.0 3.0 2.0 2.0 2.0 3.0 2.0 3.0 3.0 3.0 3.0 3.0 3.0 2.0 2.0 3.0 2.0 3.0 3.0 3.0 2.0 3.0 2.0 3.0 3.0 3.0 3.0 3.0 1.0 0 2.0 3.0 2.0 3.0 2.0 2.0 2.0 3.0 2.0 2.0 3.0 2.0 3.0 2.0 2.0 3.0 3.0 3.0 
2.0 2.0 2.0 2.0 2.0 2.0 2.0 2.0 2.0 3.0 3.0 2.0 2.0 2.0 2.0 3.0 3.0 2.0 2.0 2.0 3.0 2.0 3.0 2.0 1.0 2.0 3.0 3.0 3.0 2.0 2.0 2.0 3.0 3.0 3.0 2.0 2.0 2.0 2.0 2.0 3.0 2.0 1.0 2.0 2.0 2.0 2.0 2.0 1.0 2.0 2.0 3.0 2.0 2.0 2.0 2.0 2.0 2.0 2.0 2.0 2.0 3.0 2.0 2.0 3.0 2.0 3.0 3.0 3.0 3.0 3.0 3.0 2.0 0 2.0 3.0 3.0 3.0 2.0 2.0 3.0 2.0 2.0 3.0 2.0 2.0 2.0 2.0 2.0 2.0 2.0 
2.0 2.0 2.0 3.0 3.0 2.0 2.0 3.0 3.0 3.0 3.0 3.0 3.0 2.0 3.0 3.0 2.0 3.0 2.0 2.0 3.0 2.0 2.0 2.0 2.0 2.0 1.0 2.0 2.0 3.0 2.0 3.0 2.0 2.0 2.0 2.0 2.0 3.0 3.0 2.0 2.0 3.0 2.0 3.0 3.0 2.0 3.0 2.0 1.0 2.0 2.0 2.0 3.0 2.0 2.0 3.0 2.0 2.0 2.0 3.0 2.0 2.0 3.0 2.0 2.0 2.0 2.0 3.0 3.0 3.0 3.0 2.0 3.0 2.0 0 1.0 2.0 3.0 2.0 2.0 2.0 2.0 2.0 2.0 3.0 3.0 2.0 3.0 2.0 1.0 3.0 
3.0 2.0 2.0 3.0 2.0 3.0 2.0 2.0 3.0 2.0 3.0 3.0 3.0 3.0 3.0 2.0 3.0 2.0 2.0 2.0 3.0 3.0 2.0 1.0 2.0 2.0 2.0 3.0 3.0 2.0 2.0 3.0 2.0 1.0 2.0 2.0 2.0 2.0 3.0 3.0 3.0 3.0 2.0 3.0 3.0 1.0 2.0 2.0 2.0 2.0 2.0 2.0 2.0 2.0 2.0 3.0 2.0 3.0 3.0 2.0 2.0 2.0 2.0 1.0 2.0 2.0 3.0 2.0 3.0 3.0 3.0 3.0 2.0 3.0 1.0 0 1.0 2.0 3.0 2.0 2.0 2.0 2.0 2.0 3.0 3.0 2.0 2.0 1.0 2.0 3.0 
3.0 3.0 2.0 3.0 2.0 2.0 2.0 1.0 2.0 3.0 2.0 2.0 3.0 2.0 3.0 3.0 2.0 1.0 2.0 3.0 3.0 2.0 1.0 2.0 2.0 2.0 3.0 3.0 2.0 1.0 2.0 3.0 3.0 2.0 2.0 3.0 3.0 3.0 3.0 2.0 2.0 2.0 3.0 3.0 2.0 2.0 2.0 2.0 2.0 3.0 2.0 2.0 2.0 3.0 2.0 3.0 2.0 3.0 3.0 3.0 2.0 3.0 2.0 2.0 2.0 3.0 2.0 3.0 3.0 2.0 3.0 2.0 3.0 3.0 2.0 1.0 0 1.0 2.0 3.0 3.0 2.0 3.0 3.0 3.0 2.0 3.0 2.0 2.0 2.0 3.0 
3.0 2.0 2.0 2.0 3.0 2.0 3.0 2.0 3.0 3.0 2.0 1.0 2.0 2.0 3.0 2.0 2.0 2.0 2.0 3.0 2.0 3.0 2.0 3.0 3.0 2.0 3.0 3.0 3.0 2.0 2.0 2.0 3.0 3.0 2.0 3.0 2.0 3.0 3.0 2.0 3.0 3.0 3.0 3.0 2.0 3.0 3.0 2.0 2.0 2.0 3.0 2.0 2.0 3.0 3.0 2.0 2.0 3.0 3.0 2.0 3.0 2.0 2.0 2.0 2.0 3.0 3.0 2.0 3.0 3.0 3.0 3.0 2.0 3.0 3.0 2.0 1.0 0 1.0 3.0 3.0 3.0 3.0 3.0 3.0 2.0 3.0 2.0 3.0 2.0 3.0 
3.0 2.0 3.0 3.0 2.0 2.0 3.0 2.0 3.0 2.0 3.0 2.0 2.0 1.0 2.0 1.0 2.0 2.0 2.0 2.0 2.0 3.0 2.0 3.0 2.0 3.0 2.0 3.0 3.0 3.0 3.0 3.0 2.0 2.0 2.0 3.0 2.0 2.0 2.0 3.0 3.0 3.0 3.0 3.0 2.0 2.0 2.0 2.0 3.0 2.0 3.0 2.0 3.0 2.0 3.0 3.0 3.0 3.0 2.0 1.0 2.0 1.0 2.0 2.0 1.0 2.0 2.0 3.0 2.0 3.0 2.0 3.0 2.0 2.0 2.0 3.0 2.0 1.0 0 2.0 3.0 3.0 2.0 2.0 3.0 2.0 2.0 2.0 2.0 2.0 3.0 
1.0 2.0 2.0 3.0 3.0 3.0 2.0 2.0 2.0 2.0 2.0 2.0 2.0 2.0 3.0 2.0 2.0 2.0 2.0 2.0 3.0 2.0 2.0 2.0 2.0 2.0 2.0 2.0 1.0 2.0 2.0 2.0 1.0 2.0 3.0 2.0 3.0 2.0 3.0 3.0 2.0 2.0 1.0 2.0 2.0 3.0 2.0 2.0 1.0 2.0 3.0 2.0 2.0 1.0 2.0 2.0 3.0 2.0 2.0 3.0 3.0 2.0 3.0 2.0 1.0 2.0 3.0 2.0 2.0 2.0 2.0 1.0 2.0 2.0 2.0 2.0 3.0 3.0 2.0 0 1.0 2.0 3.0 2.0 1.0 2.0 2.0 1.0 2.0 2.0 2.0 
2.0 2.0 2.0 2.0 2.0 3.0 2.0 2.0 2.0 3.0 3.0 2.0 2.0 2.0 2.0 2.0 2.0 2.0 1.0 2.0 3.0 2.0 3.0 2.0 2.0 3.0 2.0 3.0 2.0 3.0 3.0 2.0 2.0 2.0 2.0 2.0 2.0 3.0 2.0 2.0 3.0 2.0 2.0 2.0 2.0 3.0 2.0 3.0 2.0 3.0 3.0 2.0 3.0 2.0 3.0 3.0 2.0 2.0 3.0 2.0 2.0 2.0 2.0 2.0 2.0 2.0 2.0 2.0 2.0 2.0 3.0 2.0 3.0 3.0 2.0 2.0 3.0 3.0 3.0 1.0 0 2.0 2.0 2.0 2.0 2.0 1.0 2.0 3.0 1.0 3.0 
2.0 1.0 2.0 2.0 1.0 2.0 3.0 2.0 3.0 3.0 3.0 2.0 2.0 2.0 2.0 3.0 2.0 2.0 2.0 3.0 3.0 2.0 2.0 2.0 2.0 2.0 1.0 2.0 3.0 2.0 2.0 3.0 2.0 2.0 2.0 2.0 2.0 2.0 2.0 2.0 2.0 2.0 2.0 2.0 2.0 2.0 2.0 2.0 3.0 2.0 2.0 2.0 2.0 3.0 2.0 2.0 2.0 2.0 3.0 2.0 2.0 2.0 2.0 2.0 2.0 2.0 2.0 2.0 2.0 1.0 2.0 3.0 2.0 2.0 2.0 2.0 2.0 3.0 3.0 2.0 2.0 0 1.0 3.0 2.0 2.0 2.0 2.0 2.0 2.0 2.0 
3.0 2.0 3.0 3.0 2.0 2.0 3.0 2.0 2.0 3.0 2.0 2.0 2.0 3.0 2.0 2.0 2.0 3.0 3.0 2.0 2.0 2.0 2.0 3.0 3.0 3.0 2.0 3.0 3.0 2.0 3.0 2.0 2.0 2.0 1.0 2.0 2.0 1.0 2.0 2.0 3.0 2.0 2.0 2.0 2.0 2.0 2.0 2.0 2.0 2.0 2.0 1.0 2.0 2.0 1.0 2.0 1.0 1.0 2.0 3.0 2.0 2.0 2.0 2.0 3.0 2.0 2.0 1.0 2.0 2.0 2.0 3.0 2.0 2.0 2.0 2.0 3.0 3.0 2.0 3.0 2.0 1.0 0 2.0 2.0 3.0 2.0 2.0 3.0 2.0 3.0 
3.0 2.0 2.0 3.0 2.0 1.0 2.0 2.0 2.0 2.0 2.0 2.0 1.0 2.0 2.0 2.0 2.0 2.0 2.0 2.0 3.0 3.0 2.0 3.0 3.0 2.0 2.0 3.0 2.0 2.0 2.0 3.0 2.0 1.0 2.0 2.0 2.0 2.0 2.0 3.0 3.0 2.0 2.0 3.0 3.0 1.0 2.0 3.0 2.0 2.0 2.0 2.0 2.0 2.0 2.0 2.0 2.0 2.0 2.0 2.0 2.0 2.0 2.0 2.0 2.0 3.0 2.0 2.0 2.0 3.0 2.0 2.0 3.0 3.0 2.0 2.0 3.0 3.0 2.0 2.0 2.0 3.0 2.0 0 1.0 3.0 2.0 2.0 3.0 3.0 3.0 
2.0 1.0 2.0 2.0 2.0 2.0 3.0 2.0 2.0 1.0 2.0 3.0 2.0 2.0 2.0 2.0 1.0 2.0 3.0 2.0 3.0 2.0 3.0 2.0 2.0 3.0 2.0 2.0 2.0 2.0 2.0 2.0 2.0 2.0 3.0 3.0 2.0 2.0 3.0 2.0 2.0 2.0 1.0 2.0 3.0 2.0 3.0 2.0 2.0 3.0 2.0 3.0 2.0 2.0 2.0 2.0 2.0 1.0 2.0 3.0 3.0 2.0 3.0 3.0 2.0 2.0 2.0 3.0 2.0 3.0 3.0 2.0 2.0 2.0 3.0 3.0 3.0 3.0 3.0 1.0 2.0 2.0 2.0 1.0 0 2.0 3.0 2.0 2.0 2.0 2.0 
2.0 2.0 3.0 2.0 2.0 2.0 2.0 2.0 2.0 2.0 3.0 3.0 2.0 2.0 2.0 3.0 3.0 2.0 2.0 2.0 2.0 1.0 2.0 3.0 2.0 3.0 2.0 2.0 3.0 3.0 2.0 2.0 1.0 2.0 3.0 2.0 3.0 3.0 3.0 2.0 2.0 2.0 2.0 2.0 3.0 2.0 3.0 2.0 2.0 3.0 2.0 2.0 2.0 2.0 2.0 2.0 2.0 3.0 3.0 2.0 1.0 2.0 1.0 2.0 2.0 3.0 2.0 2.0 3.0 1.0 2.0 2.0 3.0 2.0 3.0 3.0 2.0 2.0 2.0 2.0 2.0 2.0 3.0 3.0 2.0 0 2.0 2.0 2.0 3.0 1.0 
3.0 2.0 2.0 3.0 3.0 2.0 1.0 2.0 3.0 3.0 2.0 3.0 3.0 3.0 2.0 3.0 2.0 2.0 2.0 2.0 3.0 2.0 2.0 3.0 2.0 2.0 2.0 2.0 2.0 2.0 2.0 3.0 2.0 1.0 2.0 3.0 1.0 2.0 3.0 3.0 3.0 3.0 2.0 1.0 2.0 3.0 2.0 2.0 3.0 2.0 2.0 2.0 2.0 2.0 3.0 2.0 2.0 2.0 2.0 2.0 1.0 2.0 3.0 2.0 2.0 2.0 2.0 2.0 3.0 2.0 3.0 3.0 2.0 2.0 2.0 2.0 3.0 3.0 2.0 2.0 1.0 2.0 2.0 2.0 3.0 2.0 0 1.0 2.0 2.0 2.0 
2.0 2.0 3.0 2.0 2.0 2.0 2.0 2.0 2.0 2.0 1.0 2.0 2.0 2.0 2.0 2.0 1.0 2.0 2.0 3.0 2.0 2.0 1.0 2.0 2.0 1.0 2.0 1.0 2.0 2.0 1.0 2.0 2.0 2.0 2.0 2.0 2.0 2.0 3.0 2.0 2.0 2.0 2.0 2.0 2.0 2.0 1.0 2.0 2.0 2.0 2.0 3.0 2.0 2.0 2.0 2.0 2.0 2.0 3.0 2.0 2.0 1.0 2.0 3.0 2.0 2.0 2.0 1.0 2.0 1.0 2.0 2.0 2.0 2.0 3.0 2.0 2.0 2.0 2.0 1.0 2.0 2.0 2.0 2.0 2.0 2.0 1.0 0 1.0 2.0 2.0 
3.0 2.0 2.0 3.0 2.0 2.0 1.0 2.0 2.0 1.0 2.0 2.0 3.0 2.0 2.0 3.0 2.0 2.0 3.0 2.0 2.0 2.0 2.0 2.0 3.0 2.0 2.0 2.0 3.0 2.0 2.0 3.0 3.0 2.0 3.0 3.0 2.0 2.0 2.0 3.0 2.0 2.0 2.0 2.0 2.0 2.0 2.0 2.0 2.0 3.0 3.0 3.0 2.0 3.0 3.0 3.0 2.0 3.0 2.0 1.0 1.0 2.0 3.0 2.0 2.0 3.0 2.0 2.0 3.0 2.0 3.0 2.0 3.0 2.0 2.0 1.0 2.0 3.0 2.0 2.0 3.0 2.0 3.0 3.0 2.0 2.0 2.0 1.0 0 2.0 2.0 
2.0 1.0 2.0 2.0 3.0 2.0 2.0 3.0 2.0 2.0 2.0 3.0 2.0 2.0 2.0 2.0 2.0 2.0 2.0 2.0 3.0 2.0 3.0 2.0 2.0 2.0 2.0 3.0 2.0 2.0 2.0 2.0 2.0 2.0 3.0 3.0 2.0 2.0 3.0 2.0 2.0 2.0 1.0 2.0 2.0 3.0 2.0 2.0 2.0 2.0 2.0 1.0 2.0 2.0 2.0 2.0 2.0 2.0 2.0 3.0 2.0 2.0 3.0 2.0 1.0 1.0 2.0 3.0 2.0 2.0 2.0 2.0 3.0 2.0 1.0 2.0 2.0 2.0 2.0 2.0 1.0 2.0 2.0 3.0 2.0 3.0 2.0 2.0 2.0 0 2.0 
1.0 2.0 3.0 2.0 1.0 2.0 2.0 2.0 2.0 3.0 3.0 2.0 2.0 2.0 3.0 3.0 2.0 3.0 2.0 2.0 3.0 2.0 3.0 2.0 2.0 2.0 2.0 2.0 2.0 2.0 2.0 3.0 2.0 2.0 2.0 1.0 2.0 2.0 2.0 2.0 2.0 3.0 3.0 2.0 2.0 3.0 3.0 2.0 3.0 2.0 3.0 3.0 2.0 1.0 2.0 2.0 3.0 2.0 3.0 3.0 2.0 2.0 2.0 2.0 3.0 3.0 3.0 3.0 2.0 2.0 2.0 3.0 3.0 2.0 3.0 3.0 3.0 3.0 3.0 2.0 3.0 2.0 3.0 3.0 2.0 1.0 2.0 2.0 2.0 2.0 0 
