20
Cheit Boalt Dwinelle Haste LifeSciences Jacobs Hildebrand Stern Moses Wheeler Blackwell DoeLibrary Bowles Foothill HaasPavilion Hertz Koshland McCone Morgan Soda
0 1.0 1.0 1.0 1.0 1.0 2.0 1.0 1.0 1.0 2.0 2.0 2.0 1.0 1.0 1.0 1.0 1.0 1.0 1.0 
1.0 0 1.0 1.0 1.0 2.0 2.0 2.0 2.0 1.0 1.0 1.0 1.0 2.0 1.0 2.0 1.0 1.0 1.0 2.0 
1.0 1.0 0 1.0 1.0 1.0 1.0 1.0 2.0 1.0 2.0 1.0 1.0 1.0 1.0 1.0 1.0 1.0 1.0 2.0 
1.0 1.0 1.0 0 1.0 1.0 1.0 1.0 1.0 1.0 2.0 1.0 2.0 1.0 1.0 2.0 1.0 1.0 1.0 1.0 
1.0 1.0 1.0 1.0 0 1.0 1.0 1.0 1.0 1.0 1.0 1.0 2.0 1.0 1.0 1.0 2.0 1.0 1.0 2.0 
1.0 2.0 1.0 1.0 1.0 0 1.0 2.0 2.0 1.0 2.0 1.0 1.0 1.0 1.0 1.0 1.0 2.0 1.0 1.0 
2.0 2.0 1.0 1.0 1.0 1.0 0 1.0 2.0 1.0 1.0 1.0 1.0 1.0 1.0 1.0 1.0 1.0 1.0 1.0 
1.0 2.0 1.0 1.0 1.0 2.0 1.0 0 1.0 2.0 1.0 1.0 1.0 1.0 1.0 2.0 1.0 1.0 1.0 1.0 
1.0 2.0 2.0 1.0 1.0 2.0 2.0 1.0 0 1.0 1.0 1.0 1.0 2.0 1.0 1.0 1.0 2.0 1.0 2.0 
1.0 1.0 1.0 1.0 1.0 1.0 1.0 2.0 1.0 0 1.0 2.0 1.0 1.0 2.0 1.0 2.0 1.0 2.0 1.0 
2.0 1.0 2.0 2.0 1.0 2.0 1.0 1.0 1.0 1.0 0 1.0 2.0 2.0 2.0 2.0 1.0 1.0 1.0 1.0 
2.0 1.0 1.0 1.0 1.0 1.0 1.0 1.0 1.0 2.0 1.0 0 1.0 1.0 2.0 1.0 1.0 1.0 1.0 1.0 
2.0 1.0 1.0 2.0 2.0 1.0 1.0 1.0 1.0 1.0 2.0 1.0 0 1.0 1.0 1.0 2.0 1.0 1.0 1.0 
1.0 2.0 1.0 1.0 1.0 1.0 1.0 1.0 2.0 1.0 2.0 1.0 1.0 0 1.0 2.0 1.0 2.0 1.0 1.0 
1.0 1.0 1.0 1.0 1.0 1.0 1.0 1.0 1.0 2.0 2.0 2.0 1.0 1.0 0 1.0 1.0 1.0 2.0 1.0 
1.0 2.0 1.0 2.0 1.0 1.0 1.0 2.0 1.0 1.0 2.0 1.0 1.0 2.0 1.0 0 1.0 1.0 1.0 1.0 
1.0 1.0 1.0 1.0 2.0 1.0 1.0 1.0 1.0 2.0 1.0 1.0 2.0 1.0 1.0 1.0 0 1.0 1.0 1.0 
1.0 1.0 1.0 1.0 1.0 2.0 1.0 1.0 2.0 1.0 1.0 1.0 1.0 2.0 1.0 1.0 1.0 0 1.0 1.0 
1.0 1.0 1.0 1.0 1.0 1.0 1.0 1.0 1.0 2.0 1.0 1.0 1.0 1.0 2.0 1.0 1.0 1.0 0 1.0 
1.0 2.0 2.0 1.0 2.0 1.0 1.0 1.0 2.0 1.0 1.0 1.0 1.0 1.0 1.0 1.0 1.0 1.0 1.0 0 
