45
stop1 stop2 stop5 stop4 stop8 stop7 stop12 stop18 stop16 stop9 stop19 stop28 stop27 stop15 stop30 stop29 stop23 stop33 stop35 stop37 stop38 stop43 stop42 stop73 stop50 stop44 stop52 stop46 stop61 stop60 stop62 stop67 stop65 stop75 stop70 stop78 stop77 stop79 stop80 stop81 stop90 stop95 stop93 stop94 stop0
0 1.0 1.0 1.0 2.0 1.0 1.0 1.0 1.0 1.0 1.0 2.0 2.0 1.0 2.0 2.0 1.0 2.0 2.0 1.0 1.0 1.0 1.0 1.0 2.0 1.0 2.0 2.0 1.0 2.0 1.0 2.0 1.0 1.0 2.0 1.0 2.0 2.0 1.0 2.0 1.0 1.0 1.0 1.0 1.0 
1.0 0 1.0 2.0 2.0 1.0 1.0 2.0 1.0 1.0 2.0 2.0 2.0 2.0 1.0 2.0 1.0 2.0 2.0 1.0 1.0 1.0 1.0 2.0 2.0 1.0 1.0 2.0 2.0 2.0 2.0 1.0 2.0 2.0 1.0 2.0 1.0 1.0 1.0 1.0 2.0 1.0 2.0 2.0 1.0 
1.0 1.0 0 1.0 2.0 2.0 2.0 2.0 1.0 1.0 2.0 1.0 2.0 1.0 2.0 2.0 1.0 2.0 2.0 2.0 2.0 1.0 2.0 2.0 1.0 1.0 1.0 2.0 2.0 2.0 2.0 1.0 2.0 1.0 2.0 1.0 2.0 2.0 2.0 1.0 2.0 1.0 2.0 1.0 1.0 
1.0 2.0 1.0 0 1.0 2.0 1.0 1.0 1.0 2.0 2.0 2.0 1.0 1.0 2.0 2.0 2.0 1.0 2.0 2.0 1.0 2.0 2.0 1.0 2.0 1.0 2.0 1.0 2.0 2.0 1.0 2.0 2.0 2.0 1.0 2.0 2.0 1.0 1.0 2.0 1.0 2.0 2.0 2.0 1.0 
2.0 2.0 2.0 1.0 0 1.0 2.0 2.0 1.0 1.0 1.0 2.0 1.0 2.0 1.0 1.0 1.0 1.0 2.0 1.0 1.0 2.0 2.0 2.0 1.0 2.0 1.0 2.0 1.0 1.0 1.0 1.0 2.0 2.0 1.0 1.0 1.0 1.0 2.0 2.0 1.0 1.0 2.0 1.0 1.0 
1.0 1.0 2.0 2.0 1.0 0 1.0 1.0 1.0 2.0 1.0 1.0 2.0 1.0 2.0 2.0 1.0 2.0 1.0 1.0 2.0 2.0 1.0 1.0 1.0 2.0 2.0 1.0 1.0 2.0 1.0 1.0 2.0 2.0 1.0 1.0 1.0 2.0 1.0 1.0 1.0 1.0 2.0 2.0 1.0 
1.0 1.0 2.0 1.0 2.0 1.0 0 1.0 2.0 2.0 2.0 2.0 2.0 2.0 2.0 2.0 1.0 1.0 2.0 1.0 1.0 2.0 2.0 2.0 2.0 2.0 2.0 1.0 1.0 2.0 1.0 1.0 2.0 2.0 1.0 1.0 1.0 1.0 1.0 2.0 2.0 1.0 2.0 2.0 2.0 
1.0 2.0 2.0 1.0 2.0 1.0 1.0 0 1.0 2.0 1.0 2.0 1.0 2.0 1.0 1.0 2.0 1.0 1.0 1.0 2.0 2.0 1.0 2.0 1.0 1.0 1.0 1.0 1.0 2.0 2.0 1.0 1.0 2.0 2.0 1.0 1.0 2.0 2.0 1.0 2.0 2.0 2.0 1.0 2.0 
1.0 1.0 1.0 1.0 1.0 1.0 2.0 1.0 0 1.0 2.0 2.0 1.0 1.0 1.0 2.0 2.0 1.0 2.0 2.0 1.0 1.0 2.0 2.0 1.0 1.0 2.0 2.0 1.0 2.0 1.0 2.0 2.0 1.0 2.0 2.0 1.0 1.0 1.0 1.0 1.0 2.0 2.0 1.0 1.0 
1.0 1.0 1.0 2.0 1.0 2.0 2.0 2.0 1.0 0 1.0 1.0 2.0 2.0 2.0 2.0 2.0 1.0 2.0 1.0 1.0 1.0 1.0 2.0 2.0 1.0 1.0 2.0 1.0 1.0 2.0 2.0 2.0 1.0 1.0 2.0 2.0 1.0 1.0 2.0 2.0 2.0 1.0 2.0 2.0 
1.0 2.0 2.0 2.0 1.0 1.0 2.0 1.0 2.0 1.0 0 1.0 2.0 2.0 2.0 1.0 2.0 2.0 1.0 1.0 2.0 1.0 1.0 1.0 1.0 1.0 2.0 1.0 1.0 1.0 1.0 2.0 2.0 1.0 2.0 2.0 2.0 1.0 2.0 2.0 1.0 1.0 2.0 1.0 1.0 
2.0 2.0 1.0 2.0 2.0 1.0 2.0 2.0 2.0 1.0 1.0 0 1.0 2.0 2.0 1.0 2.0 1.0 1.0 1.0 2.0 1.0 1.0 2.0 2.0 2.0 1.0 1.0 2.0 1.0 2.0 2.0 2.0 2.0 1.0 1.0 1.0 2.0 1.0 2.0 1.0 2.0 1.0 2.0 2.0 
2.0 2.0 2.0 1.0 1.0 2.0 2.0 1.0 1.0 2.0 2.0 1.0 0 1.0 2.0 2.0 2.0 2.0 1.0 2.0 2.0 1.0 1.0 2.0 1.0 2.0 1.0 2.0 1.0 1.0 2.0 2.0 1.0 2.0 2.0 2.0 1.0 2.0 2.0 1.0 2.0 2.0 2.0 1.0 2.0 
1.0 2.0 1.0 1.0 2.0 1.0 2.0 2.0 1.0 2.0 2.0 2.0 1.0 0 1.0 2.0 2.0 2.0 2.0 2.0 1.0 1.0 1.0 2.0 1.0 1.0 1.0 1.0 1.0 1.0 2.0 2.0 1.0 2.0 2.0 2.0 1.0 2.0 2.0 1.0 1.0 1.0 1.0 2.0 2.0 
2.0 1.0 2.0 2.0 1.0 2.0 2.0 1.0 1.0 2.0 2.0 2.0 2.0 1.0 0 1.0 2.0 2.0 2.0 1.0 1.0 2.0 2.0 2.0 2.0 2.0 1.0 2.0 1.0 2.0 2.0 2.0 2.0 1.0 1.0 2.0 2.0 2.0 1.0 1.0 2.0 2.0 2.0 1.0 2.0 
2.0 2.0 2.0 2.0 1.0 2.0 2.0 1.0 2.0 2.0 1.0 1.0 2.0 2.0 1.0 0 1.0 2.0 1.0 2.0 1.0 1.0 2.0 2.0 2.0 2.0 2.0 2.0 1.0 1.0 2.0 2.0 2.0 2.0 1.0 1.0 2.0 1.0 2.0 1.0 1.0 1.0 2.0 2.0 2.0 
1.0 1.0 1.0 2.0 1.0 1.0 1.0 2.0 2.0 2.0 2.0 2.0 2.0 2.0 2.0 1.0 0 1.0 1.0 1.0 1.0 1.0 2.0 2.0 1.0 1.0 2.0 1.0 2.0 1.0 1.0 1.0 1.0 1.0 1.0 2.0 2.0 2.0 1.0 2.0 1.0 2.0 2.0 2.0 1.0 
2.0 2.0 2.0 1.0 1.0 2.0 1.0 1.0 1.0 1.0 2.0 1.0 2.0 2.0 2.0 2.0 1.0 0 1.0 2.0 2.0 2.0 2.0 1.0 1.0 1.0 2.0 2.0 2.0 1.0 1.0 2.0 1.0 2.0 2.0 2.0 2.0 2.0 2.0 2.0 2.0 2.0 1.0 2.0 1.0 
2.0 2.0 2.0 2.0 2.0 1.0 2.0 1.0 2.0 2.0 1.0 1.0 1.0 2.0 2.0 1.0 1.0 1.0 0 1.0 1.0 2.0 1.0 1.0 2.0 1.0 2.0 1.0 2.0 2.0 1.0 2.0 1.0 1.0 1.0 2.0 1.0 2.0 2.0 2.0 1.0 1.0 2.0 1.0 1.0 
1.0 1.0 2.0 2.0 1.0 1.0 1.0 1.0 2.0 1.0 1.0 1.0 2.0 2.0 1.0 2.0 1.0 2.0 1.0 0 1.0 1.0 2.0 2.0 1.0 1.0 2.0 1.0 2.0 1.0 1.0 1.0 1.0 1.0 2.0 2.0 1.0 2.0 1.0 1.0 2.0 1.0 1.0 2.0 2.0 
1.0 1.0 2.0 1.0 1.0 2.0 1.0 2.0 1.0 1.0 2.0 2.0 2.0 1.0 1.0 1.0 1.0 2.0 1.0 1.0 0 1.0 2.0 1.0 1.0 1.0 2.0 1.0 1.0 2.0 1.0 1.0 2.0 1.0 1.0 2.0 1.0 2.0 1.0 1.0 2.0 1.0 1.0 1.0 1.0 
1.0 1.0 1.0 2.0 2.0 2.0 2.0 2.0 1.0 1.0 1.0 1.0 1.0 1.0 2.0 1.0 1.0 2.0 2.0 1.0 1.0 0 1.0 2.0 2.0 1.0 1.0 2.0 1.0 2.0 1.0 1.0 2.0 1.0 1.0 1.0 1.0 2.0 2.0 1.0 2.0 2.0 1.0 1.0 1.0 
1.0 1.0 2.0 2.0 2.0 1.0 2.0 1.0 2.0 1.0 1.0 1.0 1.0 1.0 2.0 2.0 2.0 2.0 1.0 2.0 2.0 1.0 0 1.0 2.0 2.0 2.0 2.0 2.0 2.0 2.0 2.0 2.0 1.0 2.0 1.0 1.0 2.0 2.0 2.0 2.0 1.0 1.0 1.0 2.0 
1.0 2.0 2.0 1.0 2.0 1.0 2.0 2.0 2.0 2.0 1.0 2.0 2.0 2.0 2.0 2.0 2.0 1.0 1.0 2.0 1.0 2.0 1.0 0 1.0 2.0 1.0 2.0 1.0 1.0 2.0 2.0 2.0 1.0 1.0 2.0 2.0 2.0 1.0 1.0 2.0 2.0 2.0 2.0 2.0 
2.0 2.0 1.0 2.0 1.0 1.0 2.0 1.0 1.0 2.0 1.0 2.0 1.0 1.0 2.0 2.0 1.0 1.0 2.0 1.0 1.0 2.0 2.0 1.0 0 1.0 2.0 1.0 1.0 1.0 2.0 2.0 1.0 2.0 2.0 2.0 2.0 1.0 2.0 1.0 1.0 1.0 2.0 2.0 1.0 
1.0 1.0 1.0 1.0 2.0 2.0 2.0 1.0 1.0 1.0 1.0 2.0 2.0 1.0 2.0 2.0 1.0 1.0 1.0 1.0 1.0 1.0 2.0 2.0 1.0 0 1.0 2.0 2.0 2.0 1.0 2.0 1.0 1.0 1.0 2.0 1.0 2.0 2.0 2.0 2.0 2.0 1.0 2.0 1.0 
2.0 1.0 1.0 2.0 1.0 2.0 2.0 1.0 2.0 1.0 2.0 1.0 1.0 1.0 1.0 2.0 2.0 2.0 2.0 2.0 2.0 1.0 2.0 1.0 2.0 1.0 0 1.0 2.0 1.0 2.0 1.0 2.0 2.0 1.0 2.0 1.0 1.0 1.0 1.0 2.0 2.0 1.0 1.0 1.0 
2.0 2.0 2.0 1.0 2.0 1.0 1.0 1.0 2.0 2.0 1.0 1.0 2.0 1.0 2.0 2.0 1.0 2.0 1.0 1.0 1.0 2.0 2.0 2.0 1.0 2.0 1.0 0 1.0 2.0 1.0 2.0 1.0 2.0 1.0 1.0 2.0 1.0 1.0 2.0 2.0 2.0 2.0 1.0 2.0 
1.0 2.0 2.0 2.0 1.0 1.0 1.0 1.0 1.0 1.0 1.0 2.0 1.0 1.0 1.0 1.0 2.0 2.0 2.0 2.0 1.0 1.0 2.0 1.0 1.0 2.0 2.0 1.0 0 1.0 1.0 1.0 2.0 1.0 2.0 2.0 2.0 2.0 2.0 1.0 2.0 1.0 1.0 1.0 1.0 
2.0 2.0 2.0 2.0 1.0 2.0 2.0 2.0 2.0 1.0 1.0 1.0 1.0 1.0 2.0 1.0 1.0 1.0 2.0 1.0 2.0 2.0 2.0 1.0 1.0 2.0 1.0 2.0 1.0 0 1.0 1.0 2.0 1.0 2.0 2.0 2.0 2.0 1.0 1.0 2.0 1.0 2.0 1.0 1.0 
1.0 2.0 2.0 1.0 1.0 1.0 1.0 2.0 1.0 2.0 1.0 2.0 2.0 2.0 2.0 2.0 1.0 1.0 1.0 1.0 1.0 1.0 2.0 2.0 2.0 1.0 2.0 1.0 1.0 1.0 0 1.0 2.0 1.0 1.0 1.0 1.0 2.0 1.0 1.0 1.0 2.0 2.0 1.0 1.0 
2.0 1.0 1.0 2.0 1.0 1.0 1.0 1.0 2.0 2.0 2.0 2.0 2.0 2.0 2.0 2.0 1.0 2.0 2.0 1.0 1.0 1.0 2.0 2.0 2.0 2.0 1.0 2.0 1.0 1.0 1.0 0 1.0 2.0 2.0 2.0 1.0 1.0 2.0 2.0 2.0 1.0 1.0 1.0 1.0 
1.0 2.0 2.0 2.0 2.0 2.0 2.0 1.0 2.0 2.0 2.0 2.0 1.0 1.0 2.0 2.0 1.0 1.0 1.0 1.0 2.0 2.0 2.0 2.0 1.0 1.0 2.0 1.0 2.0 2.0 2.0 1.0 0 1.0 2.0 2.0 1.0 2.0 2.0 2.0 2.0 1.0 2.0 2.0 1.0 
1.0 2.0 1.0 2.0 2.0 2.0 2.0 2.0 1.0 1.0 1.0 2.0 2.0 2.0 1.0 2.0 1.0 2.0 1.0 1.0 1.0 1.0 1.0 1.0 2.0 1.0 2.0 2.0 1.0 1.0 1.0 2.0 1.0 0 1.0 1.0 1.0 2.0 1.0 2.0 2.0 2.0 1.0 1.0 1.0 
2.0 1.0 2.0 1.0 1.0 1.0 1.0 2.0 2.0 1.0 2.0 1.0 2.0 2.0 1.0 1.0 1.0 2.0 1.0 2.0 1.0 1.0 2.0 1.0 2.0 1.0 1.0 1.0 2.0 2.0 1.0 2.0 2.0 1.0 0 1.0 2.0 1.0 2.0 2.0 2.0 2.0 1.0 1.0 2.0 
1.0 2.0 1.0 2.0 1.0 1.0 1.0 1.0 2.0 2.0 2.0 1.0 2.0 2.0 2.0 1.0 2.0 2.0 2.0 2.0 2.0 1.0 1.0 2.0 2.0 2.0 2.0 1.0 2.0 2.0 1.0 2.0 2.0 1.0 1.0 0 1.0 1.0 2.0 1.0 2.0 1.0 1.0 2.0 1.0 
2.0 1.0 2.0 2.0 1.0 1.0 1.0 1.0 1.0 2.0 2.0 1.0 1.0 1.0 2.0 2.0 2.0 2.0 1.0 1.0 1.0 1.0 1.0 2.0 2.0 1.0 1.0 2.0 2.0 2.0 1.0 1.0 1.0 1.0 2.0 1.0 0 1.0 2.0 2.0 1.0 2.0 2.0 2.0 1.0 
2.0 1.0 2.0 1.0 1.0 2.0 1.0 2.0 1.0 1.0 1.0 2.0 2.0 2.0 2.0 1.0 2.0 2.0 2.0 2.0 2.0 2.0 2.0 2.0 1.0 2.0 1.0 1.0 2.0 2.0 2.0 1.0 2.0 2.0 1.0 1.0 1.0 0 1.0 2.0 1.0 1.0 2.0 2.0 2.0 
1.0 1.0 2.0 1.0 2.0 1.0 1.0 2.0 1.0 1.0 2.0 1.0 2.0 2.0 1.0 2.0 1.0 2.0 2.0 1.0 1.0 2.0 2.0 1.0 2.0 2.0 1.0 1.0 2.0 1.0 1.0 2.0 2.0 1.0 2.0 2.0 2.0 1.0 0 1.0 2.0 1.0 1.0 2.0 2.0 
2.0 1.0 1.0 2.0 2.0 1.0 2.0 1.0 1.0 2.0 2.0 2.0 1.0 1.0 1.0 1.0 2.0 2.0 2.0 1.0 1.0 1.0 2.0 1.0 1.0 2.0 1.0 2.0 1.0 1.0 1.0 2.0 2.0 2.0 2.0 1.0 2.0 2.0 1.0 0 1.0 2.0 1.0 1.0 1.0 
1.0 2.0 2.0 1.0 1.0 1.0 2.0 2.0 1.0 2.0 1.0 1.0 2.0 1.0 2.0 1.0 1.0 2.0 1.0 2.0 2.0 2.0 2.0 2.0 1.0 2.0 2.0 2.0 2.0 2.0 1.0 2.0 2.0 2.0 2.0 2.0 1.0 1.0 2.0 1.0 0 1.0 2.0 2.0 1.0 
1.0 1.0 1.0 2.0 1.0 1.0 1.0 2.0 2.0 2.0 1.0 2.0 2.0 1.0 2.0 1.0 2.0 2.0 1.0 1.0 1.0 2.0 1.0 2.0 1.0 2.0 2.0 2.0 1.0 1.0 2.0 1.0 1.0 2.0 2.0 1.0 2.0 1.0 1.0 2.0 1.0 0 1.0 2.0 2.0 
1.0 2.0 2.0 2.0 2.0 2.0 2.0 2.0 2.0 1.0 2.0 1.0 2.0 1.0 2.0 2.0 2.0 1.0 2.0 1.0 1.0 1.0 1.0 2.0 2.0 1.0 1.0 2.0 1.0 2.0 2.0 1.0 2.0 1.0 1.0 1.0 2.0 2.0 1.0 1.0 2.0 1.0 0 1.0 1.0 
1.0 2.0 1.0 2.0 1.0 2.0 2.0 1.0 1.0 2.0 1.0 2.0 1.0 2.0 1.0 2.0 2.0 2.0 1.0 2.0 1.0 1.0 1.0 2.0 2.0 2.0 1.0 1.0 1.0 1.0 1.0 1.0 2.0 1.0 1.0 2.0 2.0 2.0 2.0 1.0 2.0 2.0 1.0 0 2.0 
1.0 1.0 1.0 1.0 1.0 1.0 2.0 2.0 1.0 2.0 1.0 2.0 2.0 2.0 2.0 2.0 1.0 1.0 1.0 2.0 1.0 1.0 2.0 2.0 1.0 1.0 1.0 2.0 1.0 1.0 1.0 1.0 1.0 1.0 2.0 1.0 1.0 2.0 2.0 1.0 1.0 2.0 1.0 2.0 0 
