21
15 31 47 63 18 4 5 20 36 52 68 23 9 10 25 41 57 73 28 12 0
0 5.0 9.0 9.0 7.0 8.0 10.0 12.0 17.0 21.0 19.0 15.0 16.0 18.0 20.0 25.0 29.0 27.0 23.0 20.0 2.0 
5.0 0 4.0 7.0 12.0 13.0 15.0 17.0 22.0 26.0 24.0 20.0 21.0 23.0 25.0 30.0 34.0 32.0 28.0 25.0 7.0 
9.0 4.0 0 3.0 8.0 10.0 12.0 14.0 19.0 23.0 21.0 17.0 18.0 20.0 22.0 27.0 31.0 29.0 25.0 22.0 10.0 
9.0 7.0 3.0 0 5.0 7.0 9.0 11.0 16.0 20.0 18.0 14.0 15.0 17.0 19.0 24.0 28.0 26.0 22.0 19.0 7.0 
7.0 12.0 8.0 5.0 0 2.0 4.0 6.0 11.0 15.0 13.0 9.0 10.0 12.0 14.0 19.0 23.0 21.0 17.0 14.0 5.0 
8.0 13.0 10.0 7.0 2.0 0 2.0 4.0 9.0 13.0 11.0 7.0 8.0 10.0 12.0 17.0 21.0 19.0 15.0 12.0 6.0 
10.0 15.0 12.0 9.0 4.0 2.0 0 2.0 7.0 11.0 9.0 5.0 6.0 8.0 10.0 15.0 19.0 17.0 13.0 10.0 8.0 
12.0 17.0 14.0 11.0 6.0 4.0 2.0 0 5.0 9.0 11.0 7.0 8.0 10.0 12.0 17.0 21.0 19.0 15.0 12.0 10.0 
17.0 22.0 19.0 16.0 11.0 9.0 7.0 5.0 0 4.0 7.0 12.0 13.0 15.0 14.0 19.0 23.0 24.0 20.0 17.0 15.0 
21.0 26.0 23.0 20.0 15.0 13.0 11.0 9.0 4.0 0 3.0 8.0 10.0 12.0 10.0 15.0 19.0 21.0 17.0 14.0 19.0 
19.0 24.0 21.0 18.0 13.0 11.0 9.0 11.0 7.0 3.0 0 5.0 7.0 9.0 7.0 12.0 16.0 18.0 14.0 11.0 17.0 
15.0 20.0 17.0 14.0 9.0 7.0 5.0 7.0 12.0 8.0 5.0 0 2.0 4.0 6.0 11.0 15.0 13.0 9.0 6.0 13.0 
16.0 21.0 18.0 15.0 10.0 8.0 6.0 8.0 13.0 10.0 7.0 2.0 0 2.0 4.0 9.0 13.0 11.0 7.0 4.0 14.0 
18.0 23.0 20.0 17.0 12.0 10.0 8.0 10.0 15.0 12.0 9.0 4.0 2.0 0 2.0 7.0 11.0 9.0 5.0 2.0 16.0 
20.0 25.0 22.0 19.0 14.0 12.0 10.0 12.0 14.0 10.0 7.0 6.0 4.0 2.0 0 5.0 9.0 11.0 7.0 4.0 18.0 
25.0 30.0 27.0 24.0 19.0 17.0 15.0 17.0 19.0 15.0 12.0 11.0 9.0 7.0 5.0 0 4.0 7.0 12.0 9.0 23.0 
29.0 34.0 31.0 28.0 23.0 21.0 19.0 21.0 23.0 19.0 16.0 15.0 13.0 11.0 9.0 4.0 0 3.0 8.0 10.0 27.0 
27.0 32.0 29.0 26.0 21.0 19.0 17.0 19.0 24.0 21.0 18.0 13.0 11.0 9.0 11.0 7.0 3.0 0 5.0 7.0 25.0 
23.0 28.0 25.0 22.0 17.0 15.0 13.0 15.0 20.0 17.0 14.0 9.0 7.0 5.0 7.0 12.0 8.0 5.0 0 3.0 21.0 
20.0 25.0 22.0 19.0 14.0 12.0 10.0 12.0 17.0 14.0 11.0 6.0 4.0 2.0 4.0 9.0 10.0 7.0 3.0 0 18.0 
2.0 7.0 10.0 7.0 5.0 6.0 8.0 10.0 15.0 19.0 17.0 13.0 14.0 16.0 18.0 23.0 27.0 25.0 21.0 18.0 0 
