23
5 29 37 47 12 8 11 1 42 21 2 6 7 45 22 39 48 17 14 15 19 23 0
0 16.49531 68.56829 70.30445 63.16929999999999 85.33977999999999 84.44922 58.08981 86.97063 75.34501999999999 57.154 42.981260000000006 41.15565 57.52526 76.6907 61.3004 97.74936 84.3365 132.56814 75.95951 59.12998 89.85481 12.7364 
16.49531 0 52.50536 64.83734 74.14456 81.64726999999999 78.17513 74.58512 98.8399 86.62342000000001 64.28956000000001 59.476569999999995 57.65096 74.02056999999999 93.18601000000001 77.79571 103.95150999999998 95.26719000000001 116.50521 70.26417 43.06705 73.79188 29.23171 
68.56829 52.50536 0 31.208599999999997 40.51582 70.51521 69.0985 89.69391 68.92429 68.59627 84.287 90.09022 49.920230000000004 64.65873 94.91125 75.99038999999999 85.25462 114.64330999999999 67.25861 73.93156 9.43831 40.16314 78.33948000000001 
70.30445 64.83734 31.208599999999997 0 9.30722 40.40813 55.39871 64.22015 58.171929999999996 39.48317 90.43647 81.95217 74.38777999999999 65.7904 109.42402 44.78179 61.88453 83.43471 95.20845 63.08937 21.77029 52.49512 77.75635 
63.16929999999999 74.14456 40.51582 9.30722 0 31.10091 51.56635 57.085 67.47915 48.79039 94.37261000000001 80.19987 65.08055999999999 72.31534 100.1168 54.08901 53.19966 89.88786999999999 104.51567 56.54138 31.077509999999997 61.80234 68.44913 
85.33977999999999 81.64726999999999 70.51521 40.40813 31.10091 0 20.46544 35.08213 41.13021 53.6447 70.60112 66.61314 63.19498 101.75825 69.01589 43.61426 22.30424 91.26789000000001 95.21922 37.10178 61.0769 91.80173 74.28557 
84.44922 78.17513 69.0985 55.39871 51.56635 20.46544 0 31.609990000000003 37.65807 33.950109999999995 74.49194 60.3192 66.81403 93.6543 84.22944 23.14882 42.76968 76.7758 78.0288 19.91136 77.169 80.17907 76.0344 
58.08981 74.58512 89.69391 64.22015 57.085 35.08213 31.609990000000003 0 28.88082 65.5601 59.982229999999994 45.80949 39.77368 81.19397000000001 104.09801999999999 54.758810000000004 57.38637 87.16472999999999 109.63879 51.52135 85.99044 62.3463 50.33229 
86.97063 98.8399 68.92429 58.171929999999996 67.47914999999999 41.13021 37.65807 28.88082 0 51.559419999999996 88.86305 74.69031 68.6545 110.07479000000001 110.14609999999999 60.80689 63.43445 111.32082 105.17784 57.56943 78.3626 91.01675 79.21311 
75.34501999999999 86.62342000000001 68.59627 39.48317 48.79039 53.6447 33.950109999999995 65.5601 51.559419999999996 0 50.9533 65.12604 77.15385 95.89908 118.17954999999999 57.098929999999996 59.89794 81.93093 87.0663 53.86147 61.253460000000004 79.68042 82.96142 
57.153999999999996 64.28956000000001 84.287 90.43647 94.37261000000001 70.60112 74.49194 59.982229999999994 88.86304999999999 50.9533 0 14.17274 54.34273 62.970189999999995 96.96909 51.34312 86.09051000000001 30.97763 90.33355 69.6507 93.72531000000001 120.34159000000001 44.4176 
42.981260000000006 59.47657000000001 90.09022 81.95217 80.19987 66.61314 60.3192 45.80949 74.69031 65.12604 14.17274 0 40.16999 48.79745 94.19916 37.17038 71.91777 41.35524 100.21153000000001 55.47796 99.52853 106.16885 30.244860000000003 
41.155649999999994 57.65096 49.920230000000004 74.38777999999999 65.08055999999999 63.19498 66.81403 39.77368 68.6545 77.15385 54.342729999999996 40.16999 0 41.42029 92.37355 62.81071 79.44555 81.52523 117.17884000000001 61.47182 59.358540000000005 74.55458999999999 28.419249999999998 
57.52526 74.02057 64.65873 65.7904 72.31534 101.75825 93.6543 81.19397000000001 110.07479000000001 95.89908000000001 62.970189999999995 48.79745 41.42029 0 68.97072 79.18032 106.63725 90.15269 131.91734000000002 97.4879 74.09704 97.59519 44.78886 
76.6907 93.18601000000001 94.91125 109.42402 100.1168 69.01589 84.22944 104.09801999999999 110.14609999999999 118.17954999999999 96.96909 94.19916 92.37355000000001 68.97072 0 107.37826 91.32013 127.94672 162.16986 104.1408 104.34956 127.84771 63.9543 
61.3004 77.79571 75.99039 44.78179 54.08901 43.61426 23.14882 54.758810000000004 60.80689 57.098929999999996 51.34312 37.17038 62.81071 79.18032 107.37826 0 36.44896 75.17202 76.42502 18.30758 66.55208 77.79508 52.88558 
97.74936 103.95150999999998 85.25462 61.88453 53.19966 22.30424 42.76968 57.38637 63.43445 59.89794 86.09051000000001 71.91777 79.44555 106.63725 91.32013 36.44896 0 102.01695000000001 112.87398 54.75654 83.38114 93.08561 87.10749 
84.33650000000002 95.26719 114.64331 83.43471 89.88786999999999 91.26789000000001 76.7758 87.16472999999999 111.32082 81.93093 30.97763 41.35524 81.52523000000001 90.15269 127.94672 75.17202 102.01695000000001 0 59.35592 56.86444 105.205 116.45132 71.60010000000001 
132.56814 116.50521 67.25861 95.20845 104.51567 95.21922 78.0288 109.63879 105.17784 87.0663 90.33355 100.21153000000001 117.17884000000001 131.91734000000002 162.16986000000003 76.42502 112.87398 59.35592 0 58.11744 73.43816 104.16299 127.87001000000001 
75.95951 70.26417 73.93156 63.08937 56.54138 37.10178 19.91136 51.52135 57.56943 53.86147 69.6507 55.47796 61.47182 97.4879 104.1408 18.30758 54.75654 56.864439999999995 58.11744 0 83.36987 93.13722 71.19316 
59.12998 43.06705 9.43831 21.77029 31.077509999999997 61.0769 77.169 85.99044 78.3626 61.253460000000004 93.72531000000001 99.52853 59.35854 74.09704 104.34956 66.55208 83.38114 105.205 73.43816 83.36986999999999 0 30.72483 71.86638 
89.85481 73.79188 40.16314 52.49512 61.80234 91.80173 80.17907 62.3463 91.01675 79.68042 120.34159000000001 106.16885 74.55458999999999 97.59519 127.84771 77.79508 93.08561 116.45132 104.16299 93.13722 30.72483 0 102.59121 
12.7364 29.23171 78.33948 77.75635 68.44913 74.28557 76.0344 50.33229 79.21311 82.96141999999999 44.4176 30.244860000000003 28.419249999999998 44.78886 63.9543 52.88558 87.10749 71.6001 127.87001000000001 71.19316 71.86638 102.59121 0 
