23
location2 location6 location10 location14 location11 location25 location8 location4 location17 location15 location7 location1 location21 location20 location16 location3 location22 location12 location36 location23 location24 location5 location0
0 33.0 69.0 78.0 96.0 91.0 65.0 91.0 101.0 73.0 100.0 75.0 96.0 101.0 119.0 79.0 40.0 38.0 25.0 53.0 87.0 101.0 47.0 
33.0 0 36.0 63.0 94.0 118.0 92.0 66.0 68.0 79.0 69.0 42.0 70.0 95.0 142.0 97.0 73.0 71.0 58.0 86.0 97.0 118.0 80.0 
69.0 36.0 0 27.0 58.0 82.0 56.0 30.0 32.0 64.0 91.0 78.0 87.0 112.0 115.0 119.0 97.0 83.0 94.0 122.0 133.0 93.0 116.0 
78.0 63.0 27.0 0 31.0 65.0 83.0 57.0 32.0 64.0 91.0 67.0 95.0 107.0 98.0 112.0 97.0 110.0 101.0 126.0 160.0 98.0 125.0 
96.0 94.0 58.0 31.0 0 34.0 60.0 86.0 63.0 95.0 109.0 98.0 91.0 114.0 67.0 81.0 111.0 87.0 71.0 99.0 133.0 97.0 143.0 
91.0 118.0 82.0 65.0 34.0 0 26.0 52.0 97.0 102.0 75.0 85.0 57.0 80.0 33.0 47.0 77.0 53.0 75.0 103.0 137.0 63.0 117.0 
65.0 92.0 56.0 83.0 60.0 26.0 0 26.0 75.0 96.0 86.0 59.0 31.0 56.0 59.0 71.0 63.0 27.0 49.0 77.0 111.0 37.0 91.0 
91.0 66.0 30.0 57.0 86.0 52.0 26.0 0 49.0 81.0 108.0 85.0 57.0 82.0 85.0 97.0 89.0 53.0 75.0 100.0 113.0 63.0 117.0 
101.0 68.0 32.0 32.0 63.0 97.0 75.0 49.0 0 32.0 59.0 86.0 106.0 131.0 130.0 87.0 65.0 101.0 120.0 125.0 134.0 112.0 105.0 
73.0 79.0 64.0 64.0 95.0 102.0 96.0 81.0 32.0 0 27.0 54.0 82.0 107.0 119.0 55.0 33.0 69.0 88.0 93.0 102.0 108.0 73.0 
100.0 69.0 91.0 91.0 109.0 75.0 86.0 108.0 59.0 27.0 0 27.0 55.0 80.0 92.0 28.0 60.0 92.0 106.0 78.0 112.0 81.0 100.0 
75.0 42.0 78.0 67.0 98.0 85.0 59.0 85.0 86.0 54.0 27.0 0 28.0 53.0 100.0 55.0 87.0 75.0 100.0 88.0 122.0 96.0 120.0 
96.0 70.0 87.0 95.0 91.0 57.0 31.0 57.0 106.0 82.0 55.0 28.0 0 25.0 72.0 40.0 79.0 58.0 80.0 73.0 107.0 68.0 122.0 
101.0 95.0 112.0 107.0 114.0 80.0 56.0 82.0 131.0 107.0 80.0 53.0 25.0 0 47.0 65.0 104.0 83.0 76.0 48.0 82.0 93.0 120.0 
119.0 142.0 115.0 98.0 67.0 33.0 59.0 85.0 130.0 119.0 92.0 100.0 72.0 47.0 0 80.0 110.0 86.0 108.0 95.0 129.0 81.0 135.0 
79.0 97.0 119.0 112.0 81.0 47.0 71.0 97.0 87.0 55.0 28.0 55.0 40.0 65.0 80.0 0 39.0 75.0 79.0 106.0 108.0 108.0 126.0 
40.0 73.0 97.0 97.0 111.0 77.0 63.0 89.0 65.0 33.0 60.0 87.0 79.0 104.0 110.0 39.0 0 36.0 55.0 83.0 69.0 85.0 87.0 
38.0 71.0 83.0 110.0 87.0 53.0 27.0 53.0 101.0 69.0 92.0 75.0 58.0 83.0 86.0 75.0 36.0 0 30.0 58.0 92.0 64.0 85.0 
25.0 58.0 94.0 101.0 71.0 75.0 49.0 75.0 120.0 88.0 106.0 100.0 80.0 76.0 108.0 79.0 55.0 30.0 0 28.0 62.0 86.0 72.0 
53.0 86.0 122.0 126.0 99.0 103.0 77.0 100.0 125.0 93.0 78.0 88.0 73.0 48.0 95.0 106.0 83.0 58.0 28.0 0 34.0 76.0 72.0 
87.0 97.0 133.0 160.0 133.0 137.0 111.0 113.0 134.0 102.0 112.0 122.0 107.0 82.0 129.0 108.0 69.0 92.0 62.0 34.0 0 110.0 106.0 
101.0 118.0 93.0 98.0 97.0 63.0 37.0 63.0 112.0 108.0 81.0 96.0 68.0 93.0 81.0 108.0 85.0 64.0 86.0 76.0 110.0 0 54.0 
47.0 80.0 116.0 125.0 143.0 117.0 91.0 117.0 105.0 73.0 100.0 120.0 122.0 120.0 135.0 126.0 87.0 85.0 72.0 72.0 106.0 54.0 0 
