64
A4 A12 A5 A20 A21 A24 A25 A29 A37 A30 A45 A46 A49 A50 A54 A62 A55 A70 A71 A74 A75 A79 A87 A80 A95 A96 A99 A100 A104 A112 A105 A120 A121 A124 A125 A129 A137 A130 A145 A146 A149 A150 A154 A162 A155 A170 A171 A174 A175 A179 A187 A180 A195 A196 A199 A190 A165 A140 A115 A90 A65 A40 A15 A0
0 38.0 10.0 113.0 117.0 104.0 229.0 241.0 279.0 251.0 354.0 358.0 345.0 422.0 434.0 472.0 444.0 547.0 551.0 538.0 663.0 675.0 713.0 685.0 788.0 792.0 779.0 790.0 802.0 840.0 812.0 896.0 900.0 887.0 762.0 750.0 742.0 740.0 655.0 659.0 646.0 569.0 557.0 549.0 547.0 462.0 466.0 453.0 328.0 316.0 308.0 306.0 221.0 225.0 212.0 281.0 522.0 715.0 837.0 710.0 469.0 276.0 35.0 12.0 
38.0 0 28.0 105.0 109.0 96.0 221.0 233.0 271.0 243.0 346.0 350.0 337.0 414.0 426.0 464.0 436.0 539.0 543.0 530.0 655.0 667.0 705.0 677.0 780.0 784.0 771.0 782.0 794.0 832.0 804.0 907.0 911.0 898.0 800.0 788.0 780.0 778.0 693.0 697.0 684.0 607.0 595.0 587.0 585.0 500.0 504.0 491.0 366.0 354.0 346.0 344.0 259.0 263.0 250.0 319.0 560.0 753.0 829.0 702.0 461.0 268.0 27.0 50.0 
10.0 28.0 0 103.0 107.0 94.0 219.0 231.0 269.0 241.0 344.0 348.0 335.0 412.0 424.0 462.0 434.0 537.0 541.0 528.0 653.0 665.0 703.0 675.0 778.0 782.0 769.0 780.0 792.0 830.0 802.0 905.0 909.0 896.0 772.0 760.0 752.0 750.0 665.0 669.0 656.0 579.0 567.0 559.0 557.0 472.0 476.0 463.0 338.0 326.0 318.0 316.0 231.0 235.0 222.0 291.0 532.0 725.0 827.0 700.0 459.0 266.0 25.0 22.0 
113.0 105.0 103.0 0 12.0 9.0 134.0 146.0 184.0 156.0 259.0 263.0 250.0 327.0 339.0 377.0 349.0 452.0 456.0 443.0 568.0 580.0 618.0 590.0 693.0 697.0 684.0 695.0 707.0 745.0 717.0 820.0 824.0 811.0 875.0 863.0 855.0 853.0 768.0 772.0 759.0 682.0 670.0 662.0 660.0 575.0 579.0 566.0 441.0 429.0 421.0 419.0 334.0 338.0 325.0 394.0 635.0 828.0 742.0 615.0 374.0 181.0 78.0 125.0 
117.0 109.0 107.0 12.0 0 13.0 138.0 150.0 188.0 160.0 263.0 267.0 254.0 331.0 343.0 381.0 353.0 456.0 460.0 447.0 572.0 584.0 622.0 594.0 697.0 701.0 688.0 699.0 711.0 749.0 721.0 824.0 828.0 815.0 879.0 867.0 859.0 857.0 772.0 776.0 763.0 686.0 674.0 666.0 664.0 579.0 583.0 570.0 445.0 433.0 425.0 423.0 338.0 342.0 329.0 398.0 639.0 832.0 746.0 619.0 378.0 185.0 82.0 129.0 
104.0 96.0 94.0 9.0 13.0 0 125.0 137.0 175.0 147.0 250.0 254.0 241.0 318.0 330.0 368.0 340.0 443.0 447.0 434.0 559.0 571.0 609.0 581.0 684.0 688.0 675.0 686.0 698.0 736.0 708.0 811.0 815.0 802.0 866.0 854.0 846.0 844.0 759.0 763.0 750.0 673.0 661.0 653.0 651.0 566.0 570.0 557.0 432.0 420.0 412.0 410.0 325.0 329.0 316.0 385.0 626.0 819.0 733.0 606.0 365.0 172.0 69.0 116.0 
229.0 221.0 219.0 134.0 138.0 125.0 0 12.0 50.0 22.0 125.0 129.0 116.0 193.0 205.0 243.0 215.0 318.0 322.0 309.0 434.0 446.0 484.0 456.0 559.0 563.0 550.0 561.0 573.0 611.0 583.0 686.0 690.0 677.0 802.0 814.0 852.0 824.0 884.0 888.0 875.0 798.0 786.0 778.0 776.0 691.0 695.0 682.0 557.0 545.0 537.0 535.0 450.0 454.0 441.0 510.0 751.0 849.0 608.0 481.0 240.0 47.0 194.0 241.0 
241.0 233.0 231.0 146.0 150.0 137.0 12.0 0 38.0 10.0 113.0 117.0 104.0 181.0 193.0 231.0 203.0 306.0 310.0 297.0 422.0 434.0 472.0 444.0 547.0 551.0 538.0 549.0 561.0 599.0 571.0 674.0 678.0 665.0 790.0 802.0 840.0 812.0 896.0 900.0 887.0 810.0 798.0 790.0 788.0 703.0 707.0 694.0 569.0 557.0 549.0 547.0 462.0 466.0 453.0 522.0 763.0 837.0 596.0 469.0 228.0 35.0 206.0 253.0 
279.0 271.0 269.0 184.0 188.0 175.0 50.0 38.0 0 28.0 105.0 109.0 96.0 173.0 185.0 223.0 195.0 298.0 302.0 289.0 414.0 426.0 464.0 436.0 539.0 543.0 530.0 541.0 553.0 591.0 563.0 666.0 670.0 657.0 782.0 794.0 832.0 804.0 907.0 911.0 898.0 848.0 836.0 828.0 826.0 741.0 745.0 732.0 607.0 595.0 587.0 585.0 500.0 504.0 491.0 560.0 801.0 829.0 588.0 461.0 220.0 27.0 244.0 291.0 
251.0 243.0 241.0 156.0 160.0 147.0 22.0 10.0 28.0 0 103.0 107.0 94.0 171.0 183.0 221.0 193.0 296.0 300.0 287.0 412.0 424.0 462.0 434.0 537.0 541.0 528.0 539.0 551.0 589.0 561.0 664.0 668.0 655.0 780.0 792.0 830.0 802.0 905.0 909.0 896.0 820.0 808.0 800.0 798.0 713.0 717.0 704.0 579.0 567.0 559.0 557.0 472.0 476.0 463.0 532.0 773.0 827.0 586.0 459.0 218.0 25.0 216.0 263.0 
354.0 346.0 344.0 259.0 263.0 250.0 125.0 113.0 105.0 103.0 0 12.0 9.0 86.0 98.0 136.0 108.0 211.0 215.0 202.0 327.0 339.0 377.0 349.0 452.0 456.0 443.0 454.0 466.0 504.0 476.0 579.0 583.0 570.0 695.0 707.0 745.0 717.0 820.0 824.0 811.0 888.0 900.0 903.0 901.0 816.0 820.0 807.0 682.0 670.0 662.0 660.0 575.0 579.0 566.0 635.0 876.0 742.0 501.0 374.0 133.0 78.0 319.0 366.0 
358.0 350.0 348.0 263.0 267.0 254.0 129.0 117.0 109.0 107.0 12.0 0 13.0 90.0 102.0 140.0 112.0 215.0 219.0 206.0 331.0 343.0 381.0 353.0 456.0 460.0 447.0 458.0 470.0 508.0 480.0 583.0 587.0 574.0 699.0 711.0 749.0 721.0 824.0 828.0 815.0 892.0 904.0 907.0 905.0 820.0 824.0 811.0 686.0 674.0 666.0 664.0 579.0 583.0 570.0 639.0 880.0 746.0 505.0 378.0 137.0 82.0 323.0 370.0 
345.0 337.0 335.0 250.0 254.0 241.0 116.0 104.0 96.0 94.0 9.0 13.0 0 77.0 89.0 127.0 99.0 202.0 206.0 193.0 318.0 330.0 368.0 340.0 443.0 447.0 434.0 445.0 457.0 495.0 467.0 570.0 574.0 561.0 686.0 698.0 736.0 708.0 811.0 815.0 802.0 879.0 891.0 894.0 892.0 807.0 811.0 798.0 673.0 661.0 653.0 651.0 566.0 570.0 557.0 626.0 867.0 733.0 492.0 365.0 124.0 69.0 310.0 357.0 
422.0 414.0 412.0 327.0 331.0 318.0 193.0 181.0 173.0 171.0 86.0 90.0 77.0 0 12.0 50.0 22.0 125.0 129.0 116.0 241.0 253.0 291.0 263.0 366.0 370.0 357.0 368.0 380.0 418.0 390.0 493.0 497.0 484.0 609.0 621.0 659.0 631.0 734.0 738.0 725.0 802.0 814.0 852.0 824.0 884.0 888.0 875.0 750.0 738.0 730.0 728.0 643.0 647.0 634.0 703.0 849.0 656.0 415.0 288.0 47.0 146.0 387.0 434.0 
434.0 426.0 424.0 339.0 343.0 330.0 205.0 193.0 185.0 183.0 98.0 102.0 89.0 12.0 0 38.0 10.0 113.0 117.0 104.0 229.0 241.0 279.0 251.0 354.0 358.0 345.0 356.0 368.0 406.0 378.0 481.0 485.0 472.0 597.0 609.0 647.0 619.0 722.0 726.0 713.0 790.0 802.0 840.0 812.0 896.0 900.0 887.0 762.0 750.0 742.0 740.0 655.0 659.0 646.0 715.0 837.0 644.0 403.0 276.0 35.0 158.0 399.0 446.0 
472.0 464.0 462.0 377.0 381.0 368.0 243.0 231.0 223.0 221.0 136.0 140.0 127.0 50.0 38.0 0 28.0 105.0 109.0 96.0 221.0 233.0 271.0 243.0 346.0 350.0 337.0 348.0 360.0 398.0 370.0 473.0 477.0 464.0 589.0 601.0 639.0 611.0 714.0 718.0 705.0 782.0 794.0 832.0 804.0 907.0 911.0 898.0 800.0 788.0 780.0 778.0 693.0 697.0 684.0 753.0 829.0 636.0 395.0 268.0 27.0 196.0 437.0 484.0 
444.0 436.0 434.0 349.0 353.0 340.0 215.0 203.0 195.0 193.0 108.0 112.0 99.0 22.0 10.0 28.0 0 103.0 107.0 94.0 219.0 231.0 269.0 241.0 344.0 348.0 335.0 346.0 358.0 396.0 368.0 471.0 475.0 462.0 587.0 599.0 637.0 609.0 712.0 716.0 703.0 780.0 792.0 830.0 802.0 905.0 909.0 896.0 772.0 760.0 752.0 750.0 665.0 669.0 656.0 725.0 827.0 634.0 393.0 266.0 25.0 168.0 409.0 456.0 
547.0 539.0 537.0 452.0 456.0 443.0 318.0 306.0 298.0 296.0 211.0 215.0 202.0 125.0 113.0 105.0 103.0 0 12.0 9.0 134.0 146.0 184.0 156.0 259.0 263.0 250.0 261.0 273.0 311.0 283.0 386.0 390.0 377.0 502.0 514.0 552.0 524.0 627.0 631.0 618.0 695.0 707.0 745.0 717.0 820.0 824.0 811.0 875.0 863.0 855.0 853.0 768.0 772.0 759.0 828.0 742.0 549.0 308.0 181.0 78.0 271.0 512.0 559.0 
551.0 543.0 541.0 456.0 460.0 447.0 322.0 310.0 302.0 300.0 215.0 219.0 206.0 129.0 117.0 109.0 107.0 12.0 0 13.0 138.0 150.0 188.0 160.0 263.0 267.0 254.0 265.0 277.0 315.0 287.0 390.0 394.0 381.0 506.0 518.0 556.0 528.0 631.0 635.0 622.0 699.0 711.0 749.0 721.0 824.0 828.0 815.0 879.0 867.0 859.0 857.0 772.0 776.0 763.0 832.0 746.0 553.0 312.0 185.0 82.0 275.0 516.0 563.0 
538.0 530.0 528.0 443.0 447.0 434.0 309.0 297.0 289.0 287.0 202.0 206.0 193.0 116.0 104.0 96.0 94.0 9.0 13.0 0 125.0 137.0 175.0 147.0 250.0 254.0 241.0 252.0 264.0 302.0 274.0 377.0 381.0 368.0 493.0 505.0 543.0 515.0 618.0 622.0 609.0 686.0 698.0 736.0 708.0 811.0 815.0 802.0 866.0 854.0 846.0 844.0 759.0 763.0 750.0 819.0 733.0 540.0 299.0 172.0 69.0 262.0 503.0 550.0 
663.0 655.0 653.0 568.0 572.0 559.0 434.0 422.0 414.0 412.0 327.0 331.0 318.0 241.0 229.0 221.0 219.0 134.0 138.0 125.0 0 12.0 50.0 22.0 125.0 129.0 116.0 127.0 139.0 177.0 149.0 252.0 256.0 243.0 368.0 380.0 418.0 390.0 493.0 497.0 484.0 561.0 573.0 611.0 583.0 686.0 690.0 677.0 802.0 814.0 852.0 824.0 884.0 888.0 875.0 849.0 608.0 415.0 174.0 47.0 194.0 387.0 628.0 675.0 
675.0 667.0 665.0 580.0 584.0 571.0 446.0 434.0 426.0 424.0 339.0 343.0 330.0 253.0 241.0 233.0 231.0 146.0 150.0 137.0 12.0 0 38.0 10.0 113.0 117.0 104.0 115.0 127.0 165.0 137.0 240.0 244.0 231.0 356.0 368.0 406.0 378.0 481.0 485.0 472.0 549.0 561.0 599.0 571.0 674.0 678.0 665.0 790.0 802.0 840.0 812.0 896.0 900.0 887.0 837.0 596.0 403.0 162.0 35.0 206.0 399.0 640.0 687.0 
713.0 705.0 703.0 618.0 622.0 609.0 484.0 472.0 464.0 462.0 377.0 381.0 368.0 291.0 279.0 271.0 269.0 184.0 188.0 175.0 50.0 38.0 0 28.0 105.0 109.0 96.0 107.0 119.0 157.0 129.0 232.0 236.0 223.0 348.0 360.0 398.0 370.0 473.0 477.0 464.0 541.0 553.0 591.0 563.0 666.0 670.0 657.0 782.0 794.0 832.0 804.0 907.0 911.0 898.0 829.0 588.0 395.0 154.0 27.0 244.0 437.0 678.0 725.0 
685.0 677.0 675.0 590.0 594.0 581.0 456.0 444.0 436.0 434.0 349.0 353.0 340.0 263.0 251.0 243.0 241.0 156.0 160.0 147.0 22.0 10.0 28.0 0 103.0 107.0 94.0 105.0 117.0 155.0 127.0 230.0 234.0 221.0 346.0 358.0 396.0 368.0 471.0 475.0 462.0 539.0 551.0 589.0 561.0 664.0 668.0 655.0 780.0 792.0 830.0 802.0 905.0 909.0 896.0 827.0 586.0 393.0 152.0 25.0 216.0 409.0 650.0 697.0 
788.0 780.0 778.0 693.0 697.0 684.0 559.0 547.0 539.0 537.0 452.0 456.0 443.0 366.0 354.0 346.0 344.0 259.0 263.0 250.0 125.0 113.0 105.0 103.0 0 12.0 9.0 20.0 32.0 70.0 42.0 145.0 149.0 136.0 261.0 273.0 311.0 283.0 386.0 390.0 377.0 454.0 466.0 504.0 476.0 579.0 583.0 570.0 695.0 707.0 745.0 717.0 820.0 824.0 811.0 742.0 501.0 308.0 67.0 78.0 319.0 512.0 753.0 800.0 
792.0 784.0 782.0 697.0 701.0 688.0 563.0 551.0 543.0 541.0 456.0 460.0 447.0 370.0 358.0 350.0 348.0 263.0 267.0 254.0 129.0 117.0 109.0 107.0 12.0 0 13.0 24.0 36.0 74.0 46.0 149.0 153.0 140.0 265.0 277.0 315.0 287.0 390.0 394.0 381.0 458.0 470.0 508.0 480.0 583.0 587.0 574.0 699.0 711.0 749.0 721.0 824.0 828.0 815.0 746.0 505.0 312.0 71.0 82.0 323.0 516.0 757.0 804.0 
779.0 771.0 769.0 684.0 688.0 675.0 550.0 538.0 530.0 528.0 443.0 447.0 434.0 357.0 345.0 337.0 335.0 250.0 254.0 241.0 116.0 104.0 96.0 94.0 9.0 13.0 0 11.0 23.0 61.0 33.0 136.0 140.0 127.0 252.0 264.0 302.0 274.0 377.0 381.0 368.0 445.0 457.0 495.0 467.0 570.0 574.0 561.0 686.0 698.0 736.0 708.0 811.0 815.0 802.0 733.0 492.0 299.0 58.0 69.0 310.0 503.0 744.0 791.0 
790.0 782.0 780.0 695.0 699.0 686.0 561.0 549.0 541.0 539.0 454.0 458.0 445.0 368.0 356.0 348.0 346.0 261.0 265.0 252.0 127.0 115.0 107.0 105.0 20.0 24.0 11.0 0 12.0 50.0 22.0 125.0 129.0 116.0 241.0 253.0 291.0 263.0 366.0 370.0 357.0 434.0 446.0 484.0 456.0 559.0 563.0 550.0 675.0 687.0 725.0 697.0 800.0 804.0 791.0 722.0 481.0 288.0 47.0 80.0 321.0 514.0 755.0 802.0 
802.0 794.0 792.0 707.0 711.0 698.0 573.0 561.0 553.0 551.0 466.0 470.0 457.0 380.0 368.0 360.0 358.0 273.0 277.0 264.0 139.0 127.0 119.0 117.0 32.0 36.0 23.0 12.0 0 38.0 10.0 113.0 117.0 104.0 229.0 241.0 279.0 251.0 354.0 358.0 345.0 422.0 434.0 472.0 444.0 547.0 551.0 538.0 663.0 675.0 713.0 685.0 788.0 792.0 779.0 710.0 469.0 276.0 35.0 92.0 333.0 526.0 767.0 814.0 
840.0 832.0 830.0 745.0 749.0 736.0 611.0 599.0 591.0 589.0 504.0 508.0 495.0 418.0 406.0 398.0 396.0 311.0 315.0 302.0 177.0 165.0 157.0 155.0 70.0 74.0 61.0 50.0 38.0 0 28.0 105.0 109.0 96.0 221.0 233.0 271.0 243.0 346.0 350.0 337.0 414.0 426.0 464.0 436.0 539.0 543.0 530.0 655.0 667.0 705.0 677.0 780.0 784.0 771.0 702.0 461.0 268.0 27.0 130.0 371.0 564.0 805.0 852.0 
812.0 804.0 802.0 717.0 721.0 708.0 583.0 571.0 563.0 561.0 476.0 480.0 467.0 390.0 378.0 370.0 368.0 283.0 287.0 274.0 149.0 137.0 129.0 127.0 42.0 46.0 33.0 22.0 10.0 28.0 0 103.0 107.0 94.0 219.0 231.0 269.0 241.0 344.0 348.0 335.0 412.0 424.0 462.0 434.0 537.0 541.0 528.0 653.0 665.0 703.0 675.0 778.0 782.0 769.0 700.0 459.0 266.0 25.0 102.0 343.0 536.0 777.0 824.0 
896.0 907.0 905.0 820.0 824.0 811.0 686.0 674.0 666.0 664.0 579.0 583.0 570.0 493.0 481.0 473.0 471.0 386.0 390.0 377.0 252.0 240.0 232.0 230.0 145.0 149.0 136.0 125.0 113.0 105.0 103.0 0 12.0 9.0 134.0 146.0 184.0 156.0 259.0 263.0 250.0 327.0 339.0 377.0 349.0 452.0 456.0 443.0 568.0 580.0 618.0 590.0 693.0 697.0 684.0 615.0 374.0 181.0 78.0 205.0 446.0 639.0 880.0 884.0 
900.0 911.0 909.0 824.0 828.0 815.0 690.0 678.0 670.0 668.0 583.0 587.0 574.0 497.0 485.0 477.0 475.0 390.0 394.0 381.0 256.0 244.0 236.0 234.0 149.0 153.0 140.0 129.0 117.0 109.0 107.0 12.0 0 13.0 138.0 150.0 188.0 160.0 263.0 267.0 254.0 331.0 343.0 381.0 353.0 456.0 460.0 447.0 572.0 584.0 622.0 594.0 697.0 701.0 688.0 619.0 378.0 185.0 82.0 209.0 450.0 643.0 884.0 888.0 
887.0 898.0 896.0 811.0 815.0 802.0 677.0 665.0 657.0 655.0 570.0 574.0 561.0 484.0 472.0 464.0 462.0 377.0 381.0 368.0 243.0 231.0 223.0 221.0 136.0 140.0 127.0 116.0 104.0 96.0 94.0 9.0 13.0 0 125.0 137.0 175.0 147.0 250.0 254.0 241.0 318.0 330.0 368.0 340.0 443.0 447.0 434.0 559.0 571.0 609.0 581.0 684.0 688.0 675.0 606.0 365.0 172.0 69.0 196.0 437.0 630.0 871.0 875.0 
762.0 800.0 772.0 875.0 879.0 866.0 802.0 790.0 782.0 780.0 695.0 699.0 686.0 609.0 597.0 589.0 587.0 502.0 506.0 493.0 368.0 356.0 348.0 346.0 261.0 265.0 252.0 241.0 229.0 221.0 219.0 134.0 138.0 125.0 0 12.0 50.0 22.0 125.0 129.0 116.0 193.0 205.0 243.0 215.0 318.0 322.0 309.0 434.0 446.0 484.0 456.0 559.0 563.0 550.0 481.0 240.0 47.0 194.0 321.0 562.0 755.0 797.0 750.0 
750.0 788.0 760.0 863.0 867.0 854.0 814.0 802.0 794.0 792.0 707.0 711.0 698.0 621.0 609.0 601.0 599.0 514.0 518.0 505.0 380.0 368.0 360.0 358.0 273.0 277.0 264.0 253.0 241.0 233.0 231.0 146.0 150.0 137.0 12.0 0 38.0 10.0 113.0 117.0 104.0 181.0 193.0 231.0 203.0 306.0 310.0 297.0 422.0 434.0 472.0 444.0 547.0 551.0 538.0 469.0 228.0 35.0 206.0 333.0 574.0 767.0 785.0 738.0 
742.0 780.0 752.0 855.0 859.0 846.0 852.0 840.0 832.0 830.0 745.0 749.0 736.0 659.0 647.0 639.0 637.0 552.0 556.0 543.0 418.0 406.0 398.0 396.0 311.0 315.0 302.0 291.0 279.0 271.0 269.0 184.0 188.0 175.0 50.0 38.0 0 28.0 105.0 109.0 96.0 173.0 185.0 223.0 195.0 298.0 302.0 289.0 414.0 426.0 464.0 436.0 539.0 543.0 530.0 461.0 220.0 27.0 244.0 371.0 612.0 805.0 777.0 730.0 
740.0 778.0 750.0 853.0 857.0 844.0 824.0 812.0 804.0 802.0 717.0 721.0 708.0 631.0 619.0 611.0 609.0 524.0 528.0 515.0 390.0 378.0 370.0 368.0 283.0 287.0 274.0 263.0 251.0 243.0 241.0 156.0 160.0 147.0 22.0 10.0 28.0 0 103.0 107.0 94.0 171.0 183.0 221.0 193.0 296.0 300.0 287.0 412.0 424.0 462.0 434.0 537.0 541.0 528.0 459.0 218.0 25.0 216.0 343.0 584.0 777.0 775.0 728.0 
655.0 693.0 665.0 768.0 772.0 759.0 884.0 896.0 907.0 905.0 820.0 824.0 811.0 734.0 722.0 714.0 712.0 627.0 631.0 618.0 493.0 481.0 473.0 471.0 386.0 390.0 377.0 366.0 354.0 346.0 344.0 259.0 263.0 250.0 125.0 113.0 105.0 103.0 0 12.0 9.0 86.0 98.0 136.0 108.0 211.0 215.0 202.0 327.0 339.0 377.0 349.0 452.0 456.0 443.0 374.0 133.0 78.0 319.0 446.0 687.0 880.0 690.0 643.0 
659.0 697.0 669.0 772.0 776.0 763.0 888.0 900.0 911.0 909.0 824.0 828.0 815.0 738.0 726.0 718.0 716.0 631.0 635.0 622.0 497.0 485.0 477.0 475.0 390.0 394.0 381.0 370.0 358.0 350.0 348.0 263.0 267.0 254.0 129.0 117.0 109.0 107.0 12.0 0 13.0 90.0 102.0 140.0 112.0 215.0 219.0 206.0 331.0 343.0 381.0 353.0 456.0 460.0 447.0 378.0 137.0 82.0 323.0 450.0 691.0 884.0 694.0 647.0 
646.0 684.0 656.0 759.0 763.0 750.0 875.0 887.0 898.0 896.0 811.0 815.0 802.0 725.0 713.0 705.0 703.0 618.0 622.0 609.0 484.0 472.0 464.0 462.0 377.0 381.0 368.0 357.0 345.0 337.0 335.0 250.0 254.0 241.0 116.0 104.0 96.0 94.0 9.0 13.0 0 77.0 89.0 127.0 99.0 202.0 206.0 193.0 318.0 330.0 368.0 340.0 443.0 447.0 434.0 365.0 124.0 69.0 310.0 437.0 678.0 871.0 681.0 634.0 
569.0 607.0 579.0 682.0 686.0 673.0 798.0 810.0 848.0 820.0 888.0 892.0 879.0 802.0 790.0 782.0 780.0 695.0 699.0 686.0 561.0 549.0 541.0 539.0 454.0 458.0 445.0 434.0 422.0 414.0 412.0 327.0 331.0 318.0 193.0 181.0 173.0 171.0 86.0 90.0 77.0 0 12.0 50.0 22.0 125.0 129.0 116.0 241.0 253.0 291.0 263.0 366.0 370.0 357.0 288.0 47.0 146.0 387.0 514.0 755.0 845.0 604.0 557.0 
557.0 595.0 567.0 670.0 674.0 661.0 786.0 798.0 836.0 808.0 900.0 904.0 891.0 814.0 802.0 794.0 792.0 707.0 711.0 698.0 573.0 561.0 553.0 551.0 466.0 470.0 457.0 446.0 434.0 426.0 424.0 339.0 343.0 330.0 205.0 193.0 185.0 183.0 98.0 102.0 89.0 12.0 0 38.0 10.0 113.0 117.0 104.0 229.0 241.0 279.0 251.0 354.0 358.0 345.0 276.0 35.0 158.0 399.0 526.0 767.0 833.0 592.0 545.0 
549.0 587.0 559.0 662.0 666.0 653.0 778.0 790.0 828.0 800.0 903.0 907.0 894.0 852.0 840.0 832.0 830.0 745.0 749.0 736.0 611.0 599.0 591.0 589.0 504.0 508.0 495.0 484.0 472.0 464.0 462.0 377.0 381.0 368.0 243.0 231.0 223.0 221.0 136.0 140.0 127.0 50.0 38.0 0 28.0 105.0 109.0 96.0 221.0 233.0 271.0 243.0 346.0 350.0 337.0 268.0 27.0 196.0 437.0 564.0 805.0 825.0 584.0 537.0 
547.0 585.0 557.0 660.0 664.0 651.0 776.0 788.0 826.0 798.0 901.0 905.0 892.0 824.0 812.0 804.0 802.0 717.0 721.0 708.0 583.0 571.0 563.0 561.0 476.0 480.0 467.0 456.0 444.0 436.0 434.0 349.0 353.0 340.0 215.0 203.0 195.0 193.0 108.0 112.0 99.0 22.0 10.0 28.0 0 103.0 107.0 94.0 219.0 231.0 269.0 241.0 344.0 348.0 335.0 266.0 25.0 168.0 409.0 536.0 777.0 823.0 582.0 535.0 
462.0 500.0 472.0 575.0 579.0 566.0 691.0 703.0 741.0 713.0 816.0 820.0 807.0 884.0 896.0 907.0 905.0 820.0 824.0 811.0 686.0 674.0 666.0 664.0 579.0 583.0 570.0 559.0 547.0 539.0 537.0 452.0 456.0 443.0 318.0 306.0 298.0 296.0 211.0 215.0 202.0 125.0 113.0 105.0 103.0 0 12.0 9.0 134.0 146.0 184.0 156.0 259.0 263.0 250.0 181.0 78.0 271.0 512.0 639.0 880.0 738.0 497.0 450.0 
466.0 504.0 476.0 579.0 583.0 570.0 695.0 707.0 745.0 717.0 820.0 824.0 811.0 888.0 900.0 911.0 909.0 824.0 828.0 815.0 690.0 678.0 670.0 668.0 583.0 587.0 574.0 563.0 551.0 543.0 541.0 456.0 460.0 447.0 322.0 310.0 302.0 300.0 215.0 219.0 206.0 129.0 117.0 109.0 107.0 12.0 0 13.0 138.0 150.0 188.0 160.0 263.0 267.0 254.0 185.0 82.0 275.0 516.0 643.0 884.0 742.0 501.0 454.0 
453.0 491.0 463.0 566.0 570.0 557.0 682.0 694.0 732.0 704.0 807.0 811.0 798.0 875.0 887.0 898.0 896.0 811.0 815.0 802.0 677.0 665.0 657.0 655.0 570.0 574.0 561.0 550.0 538.0 530.0 528.0 443.0 447.0 434.0 309.0 297.0 289.0 287.0 202.0 206.0 193.0 116.0 104.0 96.0 94.0 9.0 13.0 0 125.0 137.0 175.0 147.0 250.0 254.0 241.0 172.0 69.0 262.0 503.0 630.0 871.0 729.0 488.0 441.0 
328.0 366.0 338.0 441.0 445.0 432.0 557.0 569.0 607.0 579.0 682.0 686.0 673.0 750.0 762.0 800.0 772.0 875.0 879.0 866.0 802.0 790.0 782.0 780.0 695.0 699.0 686.0 675.0 663.0 655.0 653.0 568.0 572.0 559.0 434.0 422.0 414.0 412.0 327.0 331.0 318.0 241.0 229.0 221.0 219.0 134.0 138.0 125.0 0 12.0 50.0 22.0 125.0 129.0 116.0 47.0 194.0 387.0 628.0 755.0 797.0 604.0 363.0 316.0 
316.0 354.0 326.0 429.0 433.0 420.0 545.0 557.0 595.0 567.0 670.0 674.0 661.0 738.0 750.0 788.0 760.0 863.0 867.0 854.0 814.0 802.0 794.0 792.0 707.0 711.0 698.0 687.0 675.0 667.0 665.0 580.0 584.0 571.0 446.0 434.0 426.0 424.0 339.0 343.0 330.0 253.0 241.0 233.0 231.0 146.0 150.0 137.0 12.0 0 38.0 10.0 113.0 117.0 104.0 35.0 206.0 399.0 640.0 767.0 785.0 592.0 351.0 304.0 
308.0 346.0 318.0 421.0 425.0 412.0 537.0 549.0 587.0 559.0 662.0 666.0 653.0 730.0 742.0 780.0 752.0 855.0 859.0 846.0 852.0 840.0 832.0 830.0 745.0 749.0 736.0 725.0 713.0 705.0 703.0 618.0 622.0 609.0 484.0 472.0 464.0 462.0 377.0 381.0 368.0 291.0 279.0 271.0 269.0 184.0 188.0 175.0 50.0 38.0 0 28.0 105.0 109.0 96.0 27.0 244.0 437.0 678.0 805.0 777.0 584.0 343.0 296.0 
306.0 344.0 316.0 419.0 423.0 410.0 535.0 547.0 585.0 557.0 660.0 664.0 651.0 728.0 740.0 778.0 750.0 853.0 857.0 844.0 824.0 812.0 804.0 802.0 717.0 721.0 708.0 697.0 685.0 677.0 675.0 590.0 594.0 581.0 456.0 444.0 436.0 434.0 349.0 353.0 340.0 263.0 251.0 243.0 241.0 156.0 160.0 147.0 22.0 10.0 28.0 0 103.0 107.0 94.0 25.0 216.0 409.0 650.0 777.0 775.0 582.0 341.0 294.0 
221.0 259.0 231.0 334.0 338.0 325.0 450.0 462.0 500.0 472.0 575.0 579.0 566.0 643.0 655.0 693.0 665.0 768.0 772.0 759.0 884.0 896.0 907.0 905.0 820.0 824.0 811.0 800.0 788.0 780.0 778.0 693.0 697.0 684.0 559.0 547.0 539.0 537.0 452.0 456.0 443.0 366.0 354.0 346.0 344.0 259.0 263.0 250.0 125.0 113.0 105.0 103.0 0 12.0 9.0 78.0 319.0 512.0 753.0 880.0 690.0 497.0 256.0 209.0 
225.0 263.0 235.0 338.0 342.0 329.0 454.0 466.0 504.0 476.0 579.0 583.0 570.0 647.0 659.0 697.0 669.0 772.0 776.0 763.0 888.0 900.0 911.0 909.0 824.0 828.0 815.0 804.0 792.0 784.0 782.0 697.0 701.0 688.0 563.0 551.0 543.0 541.0 456.0 460.0 447.0 370.0 358.0 350.0 348.0 263.0 267.0 254.0 129.0 117.0 109.0 107.0 12.0 0 13.0 82.0 323.0 516.0 757.0 884.0 694.0 501.0 260.0 213.0 
212.0 250.0 222.0 325.0 329.0 316.0 441.0 453.0 491.0 463.0 566.0 570.0 557.0 634.0 646.0 684.0 656.0 759.0 763.0 750.0 875.0 887.0 898.0 896.0 811.0 815.0 802.0 791.0 779.0 771.0 769.0 684.0 688.0 675.0 550.0 538.0 530.0 528.0 443.0 447.0 434.0 357.0 345.0 337.0 335.0 250.0 254.0 241.0 116.0 104.0 96.0 94.0 9.0 13.0 0 69.0 310.0 503.0 744.0 871.0 681.0 488.0 247.0 200.0 
281.0 319.0 291.0 394.0 398.0 385.0 510.0 522.0 560.0 532.0 635.0 639.0 626.0 703.0 715.0 753.0 725.0 828.0 832.0 819.0 849.0 837.0 829.0 827.0 742.0 746.0 733.0 722.0 710.0 702.0 700.0 615.0 619.0 606.0 481.0 469.0 461.0 459.0 374.0 378.0 365.0 288.0 276.0 268.0 266.0 181.0 185.0 172.0 47.0 35.0 27.0 25.0 78.0 82.0 69.0 0 241.0 434.0 675.0 802.0 750.0 557.0 316.0 269.0 
522.0 560.0 532.0 635.0 639.0 626.0 751.0 763.0 801.0 773.0 876.0 880.0 867.0 849.0 837.0 829.0 827.0 742.0 746.0 733.0 608.0 596.0 588.0 586.0 501.0 505.0 492.0 481.0 469.0 461.0 459.0 374.0 378.0 365.0 240.0 228.0 220.0 218.0 133.0 137.0 124.0 47.0 35.0 27.0 25.0 78.0 82.0 69.0 194.0 206.0 244.0 216.0 319.0 323.0 310.0 241.0 0 193.0 434.0 561.0 802.0 798.0 557.0 510.0 
715.0 753.0 725.0 828.0 832.0 819.0 849.0 837.0 829.0 827.0 742.0 746.0 733.0 656.0 644.0 636.0 634.0 549.0 553.0 540.0 415.0 403.0 395.0 393.0 308.0 312.0 299.0 288.0 276.0 268.0 266.0 181.0 185.0 172.0 47.0 35.0 27.0 25.0 78.0 82.0 69.0 146.0 158.0 196.0 168.0 271.0 275.0 262.0 387.0 399.0 437.0 409.0 512.0 516.0 503.0 434.0 193.0 0 241.0 368.0 609.0 802.0 750.0 703.0 
837.0 829.0 827.0 742.0 746.0 733.0 608.0 596.0 588.0 586.0 501.0 505.0 492.0 415.0 403.0 395.0 393.0 308.0 312.0 299.0 174.0 162.0 154.0 152.0 67.0 71.0 58.0 47.0 35.0 27.0 25.0 78.0 82.0 69.0 194.0 206.0 244.0 216.0 319.0 323.0 310.0 387.0 399.0 437.0 409.0 512.0 516.0 503.0 628.0 640.0 678.0 650.0 753.0 757.0 744.0 675.0 434.0 241.0 0 127.0 368.0 561.0 802.0 849.0 
710.0 702.0 700.0 615.0 619.0 606.0 481.0 469.0 461.0 459.0 374.0 378.0 365.0 288.0 276.0 268.0 266.0 181.0 185.0 172.0 47.0 35.0 27.0 25.0 78.0 82.0 69.0 80.0 92.0 130.0 102.0 205.0 209.0 196.0 321.0 333.0 371.0 343.0 446.0 450.0 437.0 514.0 526.0 564.0 536.0 639.0 643.0 630.0 755.0 767.0 805.0 777.0 880.0 884.0 871.0 802.0 561.0 368.0 127.0 0 241.0 434.0 675.0 722.0 
469.0 461.0 459.0 374.0 378.0 365.0 240.0 228.0 220.0 218.0 133.0 137.0 124.0 47.0 35.0 27.0 25.0 78.0 82.0 69.0 194.0 206.0 244.0 216.0 319.0 323.0 310.0 321.0 333.0 371.0 343.0 446.0 450.0 437.0 562.0 574.0 612.0 584.0 687.0 691.0 678.0 755.0 767.0 805.0 777.0 880.0 884.0 871.0 797.0 785.0 777.0 775.0 690.0 694.0 681.0 750.0 802.0 609.0 368.0 241.0 0 193.0 434.0 481.0 
276.0 268.0 266.0 181.0 185.0 172.0 47.0 35.0 27.0 25.0 78.0 82.0 69.0 146.0 158.0 196.0 168.0 271.0 275.0 262.0 387.0 399.0 437.0 409.0 512.0 516.0 503.0 514.0 526.0 564.0 536.0 639.0 643.0 630.0 755.0 767.0 805.0 777.0 880.0 884.0 871.0 845.0 833.0 825.0 823.0 738.0 742.0 729.0 604.0 592.0 584.0 582.0 497.0 501.0 488.0 557.0 798.0 802.0 561.0 434.0 193.0 0 241.0 288.0 
35.0 27.0 25.0 78.0 82.0 69.0 194.0 206.0 244.0 216.0 319.0 323.0 310.0 387.0 399.0 437.0 409.0 512.0 516.0 503.0 628.0 640.0 678.0 650.0 753.0 757.0 744.0 755.0 767.0 805.0 777.0 880.0 884.0 871.0 797.0 785.0 777.0 775.0 690.0 694.0 681.0 604.0 592.0 584.0 582.0 497.0 501.0 488.0 363.0 351.0 343.0 341.0 256.0 260.0 247.0 316.0 557.0 750.0 802.0 675.0 434.0 241.0 0 47.0 
12.0 50.0 22.0 125.0 129.0 116.0 241.0 253.0 291.0 263.0 366.0 370.0 357.0 434.0 446.0 484.0 456.0 559.0 563.0 550.0 675.0 687.0 725.0 697.0 800.0 804.0 791.0 802.0 814.0 852.0 824.0 884.0 888.0 875.0 750.0 738.0 730.0 728.0 643.0 647.0 634.0 557.0 545.0 537.0 535.0 450.0 454.0 441.0 316.0 304.0 296.0 294.0 209.0 213.0 200.0 269.0 510.0 703.0 849.0 722.0 481.0 288.0 47.0 0 
