24
Biscayne Cuyahoga Channel Indiana Crater Badlands Basin Gunnison Glacier Brycecanyon Canyonlands Isle Guadalupe Arches Gateway Teton Haleakala Denali Bend Everglades Congaree Caverns Rocky Acadia
0 7896.77893 15763.88822 23576.149770000004 16681.51193 22010.24246 28608.021119999998 22769.47772 29659.597309999997 27487.535490000002 21176.92568 21588.70683 12618.49599 27071.7214 24761.1222 31564.29239 28458.43245 30616.83996 23437.55067 22636.56178 17761.95561 13195.34158 7447.64389 5750.76729 
7896.77893 0 7867.10929 16659.2109 19593.21019 14113.46353 22471.53542 28310.07882 25219.83844 19590.75656 13280.14675 21652.32951 20515.27492 33806.40434 16864.34327 26809.33911 20561.65352 31444.84333 31334.329599999997 17210.53392 9865.17668 18034.81451 15344.42282 13647.54622 
15763.88822 7867.10929 0 8792.10161 16120.18176 21599.92842 27129.147979999994 24324.645000000004 17434.525410000002 21209.2241 21147.25604 14353.935549999998 23324.146389999998 30333.37591 8997.23398 18942.22982 18346.676659999997 31699.78765 25857.93139 25077.643210000002 17732.28597 25901.9238 23211.53211 21514.65551 
23576.14977 16659.2109 8792.10161 0 9265.68219 14745.42885 23018.4207 17179.8773 24069.996890000002 27641.746450000002 26101.174610000002 20786.4579 29756.66874 23478.87634 17789.335590000002 18324.71585 9554.57505 25346.7793 26023.178079999998 31317.42377 26524.38758 21876.20357 16128.50588 29326.91706 
16681.51193 19593.210189999998 16120.18176 9265.68219 0 5479.74666 13837.81855 19676.36195 26046.277889999998 21451.12918 16835.492420000002 14595.840629999999 23566.05147 14213.19415 17608.98646 24571.42619 13505.164639999999 29297.368889999998 24304.306529999998 24422.78593 23151.203559999998 14981.565729999998 9233.86804 22432.27922 
22010.24246 14113.46353 21599.92842 14745.42885 5479.74666 0 8358.07189 14196.615289999998 21086.734879999996 17666.35557 11355.745760000002 13652.24662 22622.457459999998 19692.94081 23088.73312 23627.832179999998 12561.57063 28353.77488 23039.91607 29902.53259 23978.64021 20461.31239 14713.614699999998 27761.00975 
28608.02112 22471.53542 27129.147979999998 23018.4207 13837.81855 8358.07189 0 5838.5434 12728.66299 18357.744870000002 19713.817649999997 12775.21243 21745.42327 28051.0127 21165.954420000002 21787.383629999997 17429.43691 21935.20193 14681.84418 22654.04928 29999.40652 28819.38428 23071.686589999998 22857.25383 
22769.47772 28310.078819999995 24324.645 17179.8773 19676.36195 14196.615289999998 5838.5434 0 6890.11959 12519.20147 18829.81128 18410.582280000002 23886.43913 30839.63089 15327.41102 15948.840229999998 23064.80676 16096.65853 8843.30078 16815.50588 24160.86312 26256.72608 28910.22999 17018.71043 
29659.59731 25219.83844 17434.525410000002 24069.99689 26046.277889999998 21086.73488 12728.66299 6890.11959 0 5629.08188 11939.69169 12484.370429999999 21454.58127 30157.610259999998 8437.29143 18382.28727 26073.815759999998 22986.77812 15733.42037 23705.62547 31050.98271 33146.845669999995 35280.14593 23908.83002 
27487.535490000002 19590.75656 21209.2241 27641.74645 21451.12918 17666.35557 18357.74487 12519.20147 5629.08188 0 6310.60981 6855.28855 15825.49939 30278.7248 14066.373309999999 16830.87411 20444.73388 28615.859999999997 21362.502249999998 29334.707349999997 29455.933240000002 36432.69491 30684.997219999997 22693.22809 
21176.92568 13280.14675 21147.25604 26101.174610000002 16835.492420000002 11355.745760000002 19713.81765 18829.81128 11939.69169 6310.60981 0 13165.89836 22136.1092 31048.68657 20376.983119999997 23141.48392 17803.93575 23291.91088 27673.11206 30490.68067 23145.32343 31314.96126 26069.360460000004 17256.966529999998 
21588.70683 21652.32951 14353.935549999998 20786.4579 14595.840629999999 13652.24662 12775.21243 18410.58228 12484.370429999999 6855.28855 13165.89836 0 8970.21084 23423.43625 19920.5814 9975.58556 13589.44533 28544.45649 16237.15787 27254.320180000002 31517.50619 29577.40636 23829.70867 15837.93954 
12618.49599 20515.27492 23324.146389999998 29756.66874 23566.05147 22622.457459999998 21745.42327 23886.43913 21454.581270000002 15825.49939 22136.1092 8970.21084 0 14453.22541 28890.79224 18945.7964 22559.65617 19574.24565 23115.691369999997 18284.109340000003 25629.466580000004 25813.83757 20066.13988 6867.7287 
27071.7214 33806.40434 30333.37591 23478.87634 14213.19415 19692.94081 28051.0127 30839.63089 30157.61026 30278.7248 31048.686569999998 23423.43625 14453.22541 0 21720.31883 31665.31467 27693.13989 23507.99952 21996.33011 32737.33475 37364.39771 29194.759879999998 23447.062189999997 21320.95411 
24761.1222 16864.34327 8997.23398 17789.335590000002 17608.98646 23088.73312 21165.95442 15327.41102 8437.29143 14066.373309999999 20376.983119999997 19920.5814 28890.79224 21720.31883 0 9944.99584 27343.910640000002 22702.55367 16860.69741 29310.320659999998 26729.51995 32590.552190000002 26842.8545 30511.88949 
31564.29239 26809.33911 18942.22982 18324.71585 24571.42619 23627.832179999998 21787.383629999997 15948.840229999998 18382.28727 16830.87411 23141.48392 9975.58556 18945.7964 31665.31467 9944.99584 0 23565.030889999998 32045.49876 24792.14101 32764.34611 36674.515790000005 39552.99192 33805.29423 25813.5251 
28458.43245 20561.65352 18346.676659999997 9554.57505 13505.164639999999 12561.57063 17429.43691 23064.80676 26073.815759999998 20444.73388 17803.93575 13589.44533 22559.656170000002 27693.13989 27343.91064 23565.03089 0 15792.204249999999 20891.38235 30026.513659999997 30426.8302 28486.730369999997 22739.032679999997 22911.587939999998 
30616.83996 31444.84333 31699.78765 25346.7793 29297.368889999998 28353.774879999997 21935.20193 16096.65853 22986.778120000003 28615.86 23291.91088 28544.45649 19574.24565 23507.99952 22702.553669999998 32045.498760000002 15792.204249999999 0 13765.17749 14234.30941 21579.66665 23675.529609999998 29423.2273 24866.07267 
23437.55067 31334.3296 25857.93139 26023.178079999998 24304.30653 23039.91607 14681.84418 8843.30078 15733.42037 21362.502249999998 27673.11206 16237.157870000001 23115.69137 21996.330110000003 16860.69741 24792.14101 20891.38235 13765.17749 0 22450.695610000002 29796.052850000004 31891.915810000002 28638.72837 17686.78338 
22636.56178 17210.53392 25077.643210000002 31317.42377 24422.78593 29902.53259 22654.04928 16815.50588 23705.62547 29334.707349999997 30490.68067 27254.320180000002 18284.109340000003 32737.33475 29310.32066 32764.34611 30026.513659999997 14234.30941 22450.69561 0 7345.35724 9441.2202 15188.91789 25151.838040000002 
17761.95561 9865.17668 17732.28597 26524.387580000002 23151.20356 23978.640209999998 29999.40652 24160.86312 31050.982710000004 29455.93324 23145.323429999997 31517.506189999996 25629.46658 37364.397710000005 26729.51995 36674.515790000005 30426.830199999997 21579.66665 29796.052849999996 7345.35724 0 8169.63783 13917.33552 23512.7229 
13195.34158 18034.81451 25901.9238 21876.203569999998 14981.565729999998 20461.31239 28819.38428 26256.72608 33146.84567 36432.69491 31314.961259999996 29577.406359999997 25813.83757 29194.759879999998 32590.55219 39552.99192 28486.730369999997 23675.529609999998 31891.915809999995 9441.2202 8169.63783 0 5747.69769 18946.10887 
7447.64389 15344.42282 23211.53211 16128.50588 9233.86804 14713.614699999998 23071.686589999998 28910.229989999996 35280.14593 30684.997219999997 26069.360459999996 23829.708669999996 20066.13988 23447.062189999997 26842.854499999998 33805.29423 22739.032679999997 29423.2273 28638.728369999997 15188.91789 13917.33552 5747.69769 0 13198.41118 
5750.76729 13647.54622 21514.65551 29326.91706 22432.279219999997 27761.009749999997 22857.253829999998 17018.71043 23908.83002 22693.22809 17256.966529999998 15837.93954 6867.7287 21320.95411 30511.88949 25813.5251 22911.58794 24866.07267 17686.78338 25151.838040000002 23512.7229 18946.10887 13198.41118 0 
