22
h3 h2 h1 h4 h5 h11 h6 h32 h7 h9 h8 h14 h12 h40 h16 h19 h21 h24 h25 h47 h23 h0
0 4.0 9.0 19.0 22.0 24.0 28.0 32.0 45.0 52.0 46.0 51.0 54.0 47.0 37.0 47.0 36.0 30.0 27.0 25.0 33.0 7.0 
4.0 0 5.0 15.0 18.0 20.0 24.0 28.0 41.0 48.0 42.0 52.0 57.0 51.0 41.0 51.0 40.0 34.0 31.0 29.0 37.0 11.0 
9.0 5.0 0 10.0 23.0 25.0 29.0 33.0 46.0 53.0 47.0 57.0 62.0 56.0 46.0 56.0 45.0 39.0 36.0 34.0 42.0 16.0 
19.0 15.0 10.0 0 14.0 16.0 20.0 24.0 37.0 44.0 38.0 48.0 53.0 60.0 56.0 66.0 55.0 49.0 46.0 44.0 52.0 26.0 
22.0 18.0 23.0 14.0 0 18.0 22.0 26.0 39.0 46.0 40.0 50.0 55.0 56.0 46.0 56.0 45.0 39.0 36.0 34.0 42.0 16.0 
24.0 20.0 25.0 16.0 18.0 0 4.0 8.0 21.0 28.0 22.0 32.0 37.0 44.0 54.0 67.0 60.0 54.0 51.0 49.0 57.0 31.0 
28.0 24.0 29.0 20.0 22.0 4.0 0 4.0 17.0 24.0 18.0 28.0 33.0 40.0 50.0 63.0 56.0 58.0 55.0 53.0 61.0 35.0 
32.0 28.0 33.0 24.0 26.0 8.0 4.0 0 14.0 21.0 15.0 25.0 30.0 37.0 47.0 60.0 53.0 59.0 56.0 57.0 60.0 39.0 
45.0 41.0 46.0 37.0 39.0 21.0 17.0 14.0 0 7.0 15.0 29.0 34.0 41.0 51.0 64.0 57.0 63.0 60.0 63.0 64.0 45.0 
52.0 48.0 53.0 44.0 46.0 28.0 24.0 21.0 7.0 0 8.0 28.0 33.0 40.0 50.0 63.0 56.0 62.0 59.0 67.0 63.0 52.0 
46.0 42.0 47.0 38.0 40.0 22.0 18.0 15.0 15.0 8.0 0 20.0 25.0 32.0 42.0 55.0 48.0 54.0 51.0 59.0 55.0 46.0 
51.0 52.0 57.0 48.0 50.0 32.0 28.0 25.0 29.0 28.0 20.0 0 5.0 12.0 22.0 35.0 28.0 34.0 37.0 43.0 35.0 44.0 
54.0 57.0 62.0 53.0 55.0 37.0 33.0 30.0 34.0 33.0 25.0 5.0 0 7.0 17.0 30.0 23.0 29.0 32.0 38.0 30.0 47.0 
47.0 51.0 56.0 60.0 56.0 44.0 40.0 37.0 41.0 40.0 32.0 12.0 7.0 0 10.0 23.0 16.0 22.0 25.0 31.0 23.0 40.0 
37.0 41.0 46.0 56.0 46.0 54.0 50.0 47.0 51.0 50.0 42.0 22.0 17.0 10.0 0 13.0 24.0 29.0 26.0 34.0 31.0 30.0 
47.0 51.0 56.0 66.0 56.0 67.0 63.0 60.0 64.0 63.0 55.0 35.0 30.0 23.0 13.0 0 11.0 17.0 20.0 26.0 18.0 40.0 
36.0 40.0 45.0 55.0 45.0 60.0 56.0 53.0 57.0 56.0 48.0 28.0 23.0 16.0 24.0 11.0 0 6.0 9.0 15.0 7.0 29.0 
30.0 34.0 39.0 49.0 39.0 54.0 58.0 59.0 63.0 62.0 54.0 34.0 29.0 22.0 29.0 17.0 6.0 0 3.0 11.0 4.0 23.0 
27.0 31.0 36.0 46.0 36.0 51.0 55.0 56.0 60.0 59.0 51.0 37.0 32.0 25.0 26.0 20.0 9.0 3.0 0 8.0 7.0 20.0 
25.0 29.0 34.0 44.0 34.0 49.0 53.0 57.0 63.0 67.0 59.0 43.0 38.0 31.0 34.0 26.0 15.0 11.0 8.0 0 8.0 18.0 
33.0 37.0 42.0 52.0 42.0 57.0 61.0 60.0 64.0 63.0 55.0 35.0 30.0 23.0 31.0 18.0 7.0 4.0 7.0 8.0 0 26.0 
7.0 11.0 16.0 26.0 16.0 31.0 35.0 39.0 45.0 52.0 46.0 44.0 47.0 40.0 30.0 40.0 29.0 23.0 20.0 18.0 26.0 0 
