50
voice financial bitter rob tablet cigarette demand pain class exclusive buffet guarantee king figure paper mystery circulation output autonomy glasses tool prison likely enhance dough linger vegetarian tolerate solve injury shy nationalist title sunrise page imposter throne discriminate dip seize sign legislation thumb other swear deposit quality headline skeleton pace
0 13.32913 22.445990000000002 42.45767 63.92062 69.81465 51.525400000000005 57.20403 35.9632 43.82138 53.24972 36.63112 32.64231 52.03614 67.95752999999999 64.90429 75.00881 64.95913 86.10753000000001 60.07349000000001 61.2702 56.65356 54.89926 43.09102 54.836909999999996 73.58731999999999 79.70457 64.20732000000001 46.5998 39.88288 63.670139999999996 64.87867 57.98509 63.63575 55.694599999999994 63.17779 43.049620000000004 31.73239 42.02318 57.88535 56.32878 58.276360000000004 58.06187 68.51947 45.395469999999996 60.27233 58.412049999999994 64.83744999999999 48.63052 13.56677 
13.32913 0 9.116859999999999 29.128539999999997 50.59148999999999 62.159389999999995 51.75918 46.08055 22.63407 30.492250000000002 41.11161 36.94385 40.93266 41.79083 54.6284 51.57516 61.67968 51.629999999999995 76.68 50.64596 61.58293 46.28801 52.16227 29.76189 41.50778 60.25819 66.37544 50.878190000000004 33.27067 26.55375 58.21234 59.42087 44.65596 50.306619999999995 42.36547 57.097409999999996 36.96924 18.40326 38.80377 55.018739999999994 42.99965 44.947230000000005 44.73274 55.19033999999999 32.06634 47.75073 45.08292 65.47925000000001 35.30139 26.895899999999997 
22.44599 9.116859999999999 0 20.01168 43.828689999999995 55.396589999999996 53.96242 48.28379 24.837310000000002 32.69549 43.31485 27.82699 31.8158 43.99407000000001 47.18603 51.3365 60.206579999999995 54.25955 78.88324 52.849199999999996 52.466069999999995 47.84943 50.051219999999994 31.965130000000002 43.81626 62.56667 75.4923 59.99505 42.38753 28.756990000000002 60.415580000000006 61.62411000000001 46.8592 52.50986 51.482330000000005 60.68900000000001 40.56083000000001 27.52012 44.80522 49.08122 49.8042 35.83037 46.93598 64.3072 41.1832 55.2959 54.19978 62.15567 37.50463 24.42434 
42.45766999999999 29.128539999999997 20.01168 0 23.81701 35.38491 53.67416 59.35279 44.84899 52.70717 63.32653 47.83866999999999 51.827479999999994 64.00575 59.89051 60.61773999999999 40.1949 50.24458 78.77959 72.86088 72.47774999999999 67.86111 70.0629 51.97681 63.82794 79.44211 72.84818999999999 80.00673 62.39921 48.76867 48.35226 49.560790000000004 54.0642 60.742869999999996 41.89427 52.18523999999999 32.057069999999996 32.1292 52.529709999999994 68.74467999999999 69.81587999999999 55.84205 55.46297 65.46616 42.34216 58.02655 58.808859999999996 42.14399 57.51631 44.43602 
63.92061999999999 50.59148999999999 43.828689999999995 23.81701 0 11.5679 29.857149999999997 35.535779999999995 49.39428 57.25246 51.94992 35.33132 39.32013 55.128679999999996 36.073499999999996 40.22397 55.664770000000004 65.71445 68.12194 57.68547 59.9704 46.6362 57.55555 64.23686 67.45978 55.6251 50.31425 61.47598 59.65354000000001 56.19384 24.53525 25.74378 30.24719 36.92586 50.15804 54.50016000000001 47.61971 55.94621 50.02145 56.58555 60.01594 73.98977 49.266009999999994 41.64915 18.52515 34.209540000000004 54.70314 65.961 55.40051 58.395669999999996 
69.81465 62.159389999999995 55.396589999999996 35.38491 11.5679 0 18.28925 23.96788 47.41436 50.56328 61.18264 46.89922 50.88803 49.13908 47.6414 51.533379999999994 64.15195 74.20163 79.68984 69.25336999999999 69.59394 46.18394 65.46687 54.510490000000004 66.36162 67.193 38.74635 49.90808 59.20128 51.544200000000004 36.10315 37.31168 41.81509 48.493759999999995 38.59014 53.750389999999996 59.18761 58.854060000000004 38.45355 60.91538 71.58384 73.05005 60.83391 53.21705 30.093049999999998 45.77744 66.27104 75.40505999999999 49.41091 56.24788 
51.5254 51.75918 53.96242 53.67416 29.857149999999997 18.28925 0 5.67863 29.12511 32.274029999999996 42.89339 39.624700000000004 43.613510000000005 30.84983 37.042429999999996 33.24413 45.8627 55.91238 83.17104 57.137 64.26378 57.65575 47.17762 36.22124 48.07237 66.82278 57.0356 68.19733 70.67309 33.25495 48.452149999999996 47.24361999999999 42.63318 44.71702 20.30089 35.46114 55.58931 40.564809999999994 20.164299999999997 42.62613 62.05478 54.7608 51.19209 56.88861 38.48312 45.1523 56.37177 57.115809999999996 31.12166 37.95863 
57.204029999999996 46.08055 48.28379 59.35279 35.53578 23.96788 5.67863 0 23.44648 31.304660000000002 41.92402 45.30333 44.56503 25.1712 31.363799999999998 38.92276 40.18407 50.23375 77.49241 51.45837 68.65295 51.97712 50.31113 30.54261 42.39374 61.144149999999996 62.71423 73.87595999999999 64.99446 27.57632 54.13078000000001 52.922250000000005 48.31181 50.39565 25.97952 29.78251 49.91068 46.24344000000001 25.842930000000003 47.80668 56.37615 49.082170000000005 45.51346 51.20998 32.80449 39.47367 54.76025 58.60598 25.44303 43.63726 
35.9632 22.63407 24.837310000000002 44.84899 49.39428 47.41436 29.12511 23.44648 0 7.85818 18.47754 35.096140000000005 35.925110000000004 25.801730000000003 31.99433 28.94109 49.363929999999996 54.60367000000001 54.04593 28.01189 45.206469999999996 42.576750000000004 37.53542 45.48234 57.33347 57.9991 79.21106 63.71381 55.59409000000001 18.17595 48.25576 47.04723 60.37641000000001 63.1135 49.426 40.85729 42.93238 40.36842 19.96791 48.43721000000001 32.92967 46.9035 60.45319 55.86687 50.09656 40.104200000000006 55.792930000000005 56.317629999999994 12.66732 48.42432 
43.821380000000005 30.492250000000002 32.69549 52.70717 57.25246 50.56327999999999 32.274029999999996 31.304660000000002 7.85818 0 10.61936 27.23796 31.226770000000002 33.659909999999996 39.852509999999995 36.79927 57.22211 62.461850000000005 61.90411 35.87007 51.87704 47.260400000000004 45.3936 53.34052 65.19165 65.85728 75.86532 71.13988 60.27774000000001 26.034129999999998 40.397580000000005 39.18905 54.329910000000005 61.00858000000001 52.57491999999999 48.715469999999996 35.0742 32.51024 12.10973 48.49219000000001 40.35574 54.32957 53.29347 63.72505 42.23838 47.962379999999996 50.40957 59.72332 20.5255 40.566140000000004 
53.24972 41.11161 43.31485 63.32653 51.94992 61.18263999999999 42.89339 41.92402 18.47754 10.61936 0 16.6186 20.60741 40.00124 50.471869999999996 47.41863000000001 67.84147 73.08121 72.52347 46.48943 41.25768 36.641040000000004 38.84283 46.443979999999996 58.295109999999994 76.47664 82.76315000000001 67.26590000000002 49.65838000000001 36.653490000000005 51.01694 49.808409999999995 64.94927 70.29609 63.19427999999999 59.33483 45.693560000000005 43.129599999999996 22.72909 37.87283000000001 45.103010000000005 53.8545 42.67411 56.944469999999995 48.24059 58.581739999999996 39.79021 52.983729999999994 31.14486 39.682950000000005 
36.63112 36.94385 27.82699 47.83866999999999 35.33132 46.89922 39.624700000000004 45.30333 35.09614 27.23796 16.6186 0 3.98881 23.382640000000002 42.43782 63.583729999999996 61.128530000000005 58.011770000000006 57.45403 31.419990000000002 24.63908 20.02244 22.22423 44.62461 56.475739999999995 75.22614999999999 66.14455 50.6473 33.03978 38.55393 58.41033000000001 57.201800000000006 60.35616 53.67749 48.49476 52.982530000000004 52.547200000000004 50.52299000000001 30.122480000000003 21.25423 34.333569999999995 48.307399999999994 44.06834 47.42767 53.85647 50.54769 44.70257 65.0989 27.2466 23.06435 
32.64231 40.93266 31.8158 51.827479999999994 39.32013 50.88803 43.61351 44.56503 35.92511 31.226770000000002 20.60741 3.98881 0 19.39383 38.44901 59.594919999999995 57.139720000000004 54.022960000000005 53.46522 27.43118 28.62789 24.01125 26.21304 48.61342 60.464549999999996 79.21495999999999 70.13336 54.63611 37.02859 34.56512 62.399139999999996 61.19060999999999 64.34497 57.6663 52.48357 56.971340000000005 48.55839 54.511799999999994 34.11129 25.24304 30.344759999999997 44.31859 40.07953 51.41648 57.84528 46.55888 48.69138 66.90809999999999 23.25779 19.07554 
52.036139999999996 41.79083 43.99407 64.00575 55.12868 49.13907999999999 30.849829999999997 25.1712 25.80173 33.659909999999996 40.00124 23.382640000000002 19.39383 0 19.05518 40.29786 48.62028 58.66996 59.22179 33.18775 48.02172 43.40508 38.00251 55.713809999999995 67.56493999999999 70.79024 81.24106 66.88547 56.42242 24.441740000000003 47.640190000000004 48.84872000000001 55.08976 52.39897 51.15071999999999 45.93024 40.449940000000005 59.01592000000001 45.769639999999995 35.49806 36.10133 50.07516 45.8361 65.70861 42.84944 27.16505 58.96459 56.78471999999999 13.134409999999999 38.46937 
67.95752999999999 54.6284 47.186029999999995 59.89050999999999 36.073499999999996 47.6414 37.042429999999996 31.363799999999998 31.994329999999998 39.852509999999995 50.471869999999996 42.43782 38.44901 19.05518 0 21.24268 29.5651 39.61478 65.66686 39.632819999999995 56.8274 42.74616 44.19511 61.906409999999994 63.569739999999996 51.73506 84.17545 68.6782 55.76350000000001 30.63434 49.966910000000006 51.17544000000001 36.034580000000005 33.80991 42.77107000000001 26.87506 43.72967 62.295649999999995 51.962239999999994 41.69066 37.894059999999996 51.867889999999996 64.89128 46.65343 23.79426 8.10987 59.97225 62.97732 19.32701 54.81543 
64.90429 51.57516 51.3365 60.61774 40.22397 51.533379999999994 33.24413 38.92276 28.94109 36.79927 47.41863 63.583729999999996 59.594919999999995 40.29785999999999 21.24268 0 20.42284 30.472520000000003 51.70659 56.95298 59.36595 46.89663 61.20522999999999 69.46537 67.72021000000001 50.785470000000004 72.88497000000001 77.52149 59.913970000000006 41.84576 30.918010000000002 32.126540000000006 44.85034 51.52901 46.787859999999995 48.11774 32.09385 50.65983 48.909 62.93334 59.13674 73.11057 63.20429000000001 26.92578 45.03694 29.35255 65.40076 75.4291 36.337129999999995 56.27192 
75.00881000000001 61.679680000000005 60.206579999999995 40.1949 55.664770000000004 64.15195 45.8627 40.18407 49.363929999999996 57.222109999999994 67.84146999999999 61.128530000000005 57.139720000000004 48.62028 29.5651 20.42284 0 10.04968 38.58469 44.823220000000006 38.94311 62.35311 64.5549 60.54816 72.39929000000001 71.20831 83.7251 82.02356 75.37045 56.9866 51.34085 52.549380000000006 49.379940000000005 47.15527 57.64186000000001 41.745850000000004 42.933980000000005 43.27642 63.67693 71.25576000000001 51.239419999999996 65.21324999999999 45.577310000000004 42.14329 37.13962 21.45523 69.95608 82.33888999999999 48.89211 62.38001 
64.95912999999999 51.629999999999995 54.25955 50.24458 65.71445 74.20163 55.91238 50.23375 54.60367000000001 62.461850000000005 73.08121 58.011770000000006 54.022960000000005 58.669959999999996 39.61478 30.472519999999996 10.04968 0 28.53501 40.66373 48.99279 72.40279 72.89886 50.49848 62.34961 81.10002 92.58384 92.07324 84.90066999999999 55.93211 61.39053 62.59906 59.42962 57.204950000000004 57.188950000000006 51.79553 51.792719999999996 33.22674 53.627250000000004 69.84222 61.289100000000005 69.03804 35.52763 52.192969999999995 47.1893 31.504910000000002 59.9064 80.30273 50.42348 72.42969000000001 
86.10753000000001 76.67999999999999 78.88323999999999 78.77959 68.12194000000001 79.68984 83.17104 77.49241 54.04593 61.904109999999996 72.52347 57.45403 53.46522 59.221790000000006 65.66686 51.70659 38.58469 28.53501 0 26.03404 43.22862 66.63862 68.84041 79.03349 81.15851 99.38107 112.76073000000001 97.26348000000002 79.65596000000001 72.22188 43.586690000000004 44.79522000000001 57.519020000000005 64.19769000000001 80.58393000000001 80.33054 79.81344000000001 61.76175 71.87454000000001 78.70826000000001 70.17272 84.14654999999999 64.06264 60.72185 75.72431 60.03992 88.44140999999999 106.73606000000001 63.085750000000004 72.54076 
60.07349 50.64596 52.8492 72.86088000000001 57.685469999999995 69.25336999999999 57.137 51.45837 28.01189 35.87007 46.48943 31.41999 27.431179999999998 33.18775 39.632819999999995 56.95298 44.823220000000006 40.66373 26.03404 0 17.19458 40.60458 42.80637 65.20675 55.12447 73.34702999999999 86.72669 71.22944000000001 53.62192 46.18784 50.410450000000004 51.61898000000001 51.30075 57.979420000000005 77.43789 63.76852 60.47392000000001 68.38031 47.9798 52.674220000000005 44.138679999999994 58.11250999999999 53.87345 67.54561000000001 51.407669999999996 47.742689999999996 65.28471 80.70202 37.05171 46.50672 
61.270199999999996 61.58293 52.46607 72.47775 59.9704 69.59394 64.26378 68.65295 45.206469999999996 51.87704 41.25768 24.63908 28.62789 48.02172 56.8274 59.36594999999999 38.94311 48.99279 43.22862 17.19458 0 23.41 25.61179 48.01217 46.41429 65.1647 69.53211 54.03486 36.42734 47.8108 67.60503 68.81356 63.76491 70.44358 60.651790000000005 65.13956 72.54432 74.76979 54.76156 45.89331 40.64715 54.62098 62.983019999999996 72.06675 66.71766 60.39834 48.09013 68.48646 50.47989 47.70343 
56.65356 46.28801 47.84943 67.86111 46.6362 46.18394 57.65575 51.97712 42.57675 47.260400000000004 36.641040000000004 20.02244 24.01125 43.40508 42.74616 46.89663 62.35311 72.40279 66.63862 40.60458 23.41 0 20.995150000000002 43.39553 55.24666 62.29776 46.122110000000006 30.62486 13.01734 24.4008 54.28724 55.49577 40.35491 47.03358 56.03515 59.18277 54.292370000000005 64.69127 50.14492 41.276669999999996 36.03051 50.00434 50.71325 67.45011 62.10102 50.856030000000004 43.47349 63.86982 35.70813 43.08679 
54.89926 52.16227 50.05122 70.0629 57.55555 65.46687 47.177620000000005 50.31112999999999 37.535419999999995 45.39359999999999 38.84283 22.22423 26.21304 38.002509999999994 44.19511 61.20522999999999 64.5549 72.89886 68.84041 42.80637 25.61179 20.995150000000002 0 22.40038 34.251509999999996 53.00192 67.11726 51.62001 34.01249 36.17543 59.322359999999996 60.53089 61.35006 66.52483000000001 54.01272 62.72471 70.81534 58.07591000000001 37.6754 43.47846 38.2323 40.93994 37.37123 69.6519 64.30281 52.30498 45.67528 60.48967 24.8681 41.33249 
43.09102 29.76189 31.965130000000002 51.97681 64.23686000000001 54.510490000000004 36.22124 30.54261 45.48234 53.34052 46.443979999999996 44.62461 48.61342 55.713809999999995 61.906409999999994 69.46537000000001 60.54816 50.49848 79.03349 65.20675 48.01217 43.395529999999994 22.40038 0 11.85113 30.60154 62.82361 47.32636 56.41287 49.40202 47.257130000000004 46.0486 61.189460000000004 67.86813000000001 56.522130000000004 60.32512 56.32513 48.16515 56.385540000000006 65.87884 32.51339 18.53956 14.97085 52.67837 58.36959 62.297579999999996 55.376650000000005 63.11273 47.26848 56.38947 
54.836909999999996 41.50778 43.81626 63.82794 67.45978 66.36162 48.07237 42.39374 57.333470000000005 65.19165000000001 58.295109999999994 56.475739999999995 60.464549999999996 67.56494 63.569739999999996 67.72021 72.39929 62.34961 81.15851 55.12447 46.41429 55.24665999999999 34.251509999999996 11.85113 0 18.75041 61.744519999999994 59.17749 68.264 61.253150000000005 59.10826000000001 57.899730000000005 61.07506 67.75373 68.37326 72.17625 68.17626 59.91104 68.23667 77.72997 44.36452 30.39069 26.82198 64.5295 70.22072 71.67961 67.22778 74.96386 59.119609999999994 68.2406 
73.58732 60.25819 62.56667 79.44211 55.6251 67.193 66.82278 61.144149999999996 57.9991 65.85728 76.47664 75.22615 79.21496 70.79024 51.73506 50.785470000000004 71.20831 81.10002 99.38107 73.34702999999999 65.1647 62.29776 53.00192 30.60154 18.75041 0 42.99411 58.49136 75.3151 76.17505 77.65107 76.65014 79.29762 85.54497 87.12366999999999 78.61012 63.28127 78.66145 77.96701 93.27802 63.11493 49.1411 45.57239 77.71125 74.15025 59.84493 85.97818999999998 93.71427 70.66642 76.03403 
79.70456999999999 66.37544 75.4923 72.84819 50.31425 38.74635 57.0356 62.71423 79.21106 75.86532 82.76315000000001 66.14455000000001 70.13336000000001 81.24106 84.17545 72.88497000000001 83.7251 92.58384000000001 112.76073000000002 86.72669000000002 69.53211000000002 46.122110000000006 67.11726000000002 62.82361 61.744519999999994 42.99411 0 15.49725 33.10477 70.52291000000001 74.8495 76.05803 80.56144 87.24011 76.81530000000001 60.919290000000004 40.79112 59.3571 77.1999 81.43554999999999 46.28139 59.59192 77.79446 91.9634 68.8394 76.06558 69.14465000000001 89.54098000000002 81.83024 70.27397 
64.20732000000001 50.878190000000004 59.99505 80.00673 61.47598 49.90808 68.19733 73.87595999999999 63.71381 71.13988 67.2659 50.6473 54.63611 66.88547 68.6782 77.52149 82.02356 92.07324 97.26348 71.22944 54.03486 30.62486 51.62001 47.32636 59.17749 58.49136 15.49725 0 17.60752 55.02566 84.91210000000001 86.12063 70.97977 75.73219 66.5199 76.41654 56.28837 69.28145 80.76978 65.9383 30.78414 44.09467 62.29721 92.98258 72.27493000000001 60.56833 53.647400000000005 74.04373000000001 66.33299000000001 73.71165 
46.5998 33.27067 42.38753 62.39921 59.65354000000001 59.20128 70.67309 64.99446 55.59409 60.27774 49.65838 33.03978 37.02859 56.42242 55.7635 59.913970000000006 75.37045 84.90066999999999 79.65596000000001 53.62192 36.42734 13.01734 34.01249 56.41287 68.264 75.3151 33.10477 17.60752 0 37.41814 67.30457999999999 68.51310999999998 53.372249999999994 60.05091999999999 69.05249 72.20011 55.85561 51.67393 63.16226 48.330780000000004 48.39166 61.70219 63.73059000000001 80.46745 65.33700999999999 63.87337 56.49083 76.88716 48.72547 56.10413 
39.88288 26.553750000000004 28.756990000000002 48.76867 56.19384 51.544200000000004 33.25495 27.57632 18.17595 26.03413 36.653490000000005 38.55393 34.56512 24.44174 30.634339999999998 41.84576 56.986599999999996 55.93211 72.22188 46.187839999999994 47.8108 24.4008 36.17543 49.40202000000001 61.253150000000005 76.17505 70.52291 55.02566 37.41814 0 31.65859 32.86712 45.59092 52.269589999999994 53.55584 52.11901 57.997720000000015 44.957010000000004 38.143860000000004 47.07722 35.11796 49.091789999999996 61.00739 63.56621 54.428599999999996 38.744209999999995 57.98122 54.95764 11.30733 53.18133 
63.670139999999996 58.21234 60.41558 48.35226 24.53525 36.10315 48.45215 54.13078 48.255759999999995 40.39758 51.01694 58.41033 62.39914 47.640190000000004 49.96691 30.918010000000002 51.34085 61.390530000000005 43.586690000000004 50.410450000000004 67.60503 54.28724 59.322359999999996 47.257130000000004 59.10826 77.65107 74.8495 84.91210000000001 67.30458 31.65859 0 1.20853 13.93233 20.611 45.02713 56.35492000000001 36.22675 48.68836 28.28785 53.03426 66.77655 65.79669000000001 32.286280000000005 43.63678 43.0604 41.85704 65.89417 69.26055 42.96592 50.10337 
64.87867 59.42087 61.62411 49.56079 25.74378 37.31168 47.24361999999999 52.92224999999999 47.04723 39.18905 49.80841 57.2018 61.19061 48.84872 51.17544 32.12654 52.54938 62.59906 44.79522 51.61898000000001 68.81356000000001 55.49576999999999 60.53089 46.0486 57.89973 76.65014 76.05803 86.12063 68.51311 32.86712 1.20853 0 15.14086 21.81953 46.23566 57.56345 37.435280000000006 47.47983 27.07932 54.24279 67.98508 64.58816 31.07775 44.845310000000005 44.26893 43.06557 67.1027 70.46907999999999 44.17445 51.3119 
57.98509 44.65596 46.8592 54.0642 30.24719 41.81509 42.63318 48.31181 60.37641000000001 54.32991 64.94927 60.35616 64.34497 55.089760000000005 36.034580000000005 44.85034 49.379940000000005 59.42962000000001 57.51902 51.30075 63.76490999999999 40.35491 61.35005999999999 61.18946 61.07506 79.29762 80.56144 70.97977 53.372249999999994 45.59092 13.93233 15.14086 0 6.67867 31.0948 46.990809999999996 49.2315 40.28884 42.22018 39.101929999999996 57.7089 69.37422 46.21861 57.56911 43.6091 27.92471 51.961839999999995 72.35817 55.36159000000001 63.98451000000001 
63.635749999999994 50.306619999999995 52.509859999999996 60.742869999999996 36.92586 48.49376 44.71702 50.395649999999996 63.1135 61.008579999999995 70.29609 53.677490000000006 57.66630000000001 52.39897 33.80991 51.52901 47.15527 57.204950000000004 64.19769 57.97942 70.44358 47.03358 66.52483000000001 67.86813000000001 67.75372999999999 85.54497 87.24011 75.73219 60.050920000000005 52.26959 20.611 21.81953 6.67867 0 24.41613 40.31214 48.96573 46.96751 48.898849999999996 32.42326 52.503040000000006 62.69555 52.89728 64.24778 41.38443 25.70004 45.28317 65.67949999999999 53.13692 57.30584 
55.6946 42.36547 51.48233 41.89427 50.15804 38.59014 20.30089 25.97952 49.426 52.57492 63.19428 48.49476 52.48357 51.15072 42.77107 46.787859999999995 57.64186 57.18895 80.58393 77.43789 60.65179 56.03515 54.01272 56.522130000000004 68.37326 87.12367 76.81530000000001 66.5199 69.05249 53.55584 45.02713 46.23566 31.0948 24.41613 0 15.89601 36.02418 23.96221 40.46519 56.839389999999995 43.29075 57.26458 65.08278 45.93716 51.87102 36.18663 36.07088 56.46721 51.42255 44.79373 
63.177789999999995 57.097409999999996 60.68900000000001 52.18524 54.500159999999994 53.750389999999996 35.46114 29.78251 40.85729 48.715469999999996 59.33483 52.982530000000004 56.971340000000005 45.93024 26.87506 48.11774 41.745850000000004 51.79553000000001 80.33054000000001 63.76852 65.13956 59.18277 62.72471 60.32512 72.17625 78.61012 60.919290000000004 76.41654 72.20011 52.11901 56.35492000000001 57.56345000000001 46.990809999999996 40.31214 15.89601 0 20.12817 38.69415 55.62544 68.56572 50.07481 64.04864 61.48245 59.09900999999999 35.97501 20.29062 48.36233 68.75865999999999 46.20207 49.611019999999996 
43.04962 36.96924 40.560829999999996 32.057069999999996 47.61971 59.18761 55.58931 49.91068 42.932379999999995 35.0742 45.69356 52.547200000000004 48.55839 40.44994 43.72967 32.09385 42.933980000000005 51.79272 79.81344 60.47392 72.54432 54.292370000000005 70.81533999999999 56.32513 68.17626 63.28127 40.79112 56.28837 55.85561 57.99772 36.22675 37.435280000000006 49.2315 48.96572999999999 36.02418 20.12817 0 18.56598 38.96649 55.18146 52.168000000000006 50.20015 41.35428 52.04266 56.10318 40.41879 33.30691 53.70324 53.58434999999999 29.48285 
31.73239 18.40326 27.52012 32.1292 55.946209999999994 58.85405999999999 40.564809999999994 46.24343999999999 40.36842 32.51024 43.1296 50.52299 54.5118 59.01592000000001 62.295649999999995 50.65983 43.27642 33.22674 61.76175 68.38031 74.76979 64.69127 58.07591 48.16515 59.91104 78.66145 59.3571 69.28145 51.67393 44.957010000000004 48.68836 47.47983 40.28884 46.967510000000004 23.96221 38.69415 18.56598 0 20.40051 36.61548 49.54292 53.15227 41.97188 56.242239999999995 50.4696 58.98477 26.67966 47.07599 53.03574 45.29916 
42.02318 38.80377 44.80522 52.529709999999994 50.021449999999994 38.45354999999999 20.164299999999997 25.842929999999996 19.96791 12.10973 22.72909 30.122480000000003 34.111290000000004 45.769639999999995 51.962239999999994 48.909000000000006 63.676930000000006 53.627250000000004 71.87454 47.9798 54.76156 50.14492 37.675399999999996 56.38553999999999 68.23666999999999 77.96701 77.19989999999999 80.76978 63.16226 38.143860000000004 28.28785 27.07932 42.22018 48.898849999999996 40.46518999999999 55.62544 38.96649 20.40051 0 46.351789999999994 52.465469999999996 66.4393 58.157070000000004 71.92463000000001 54.34811 60.072109999999995 47.080169999999995 47.61359 32.63523 28.45641 
57.885349999999995 55.018739999999994 49.08122 68.74468 56.58555 60.91538 42.62613 47.80668 48.43721 48.49219 37.87283 21.25423 25.24304 35.49806 41.69066 62.93334 71.25576000000001 69.84222 78.70826000000001 52.674220000000005 45.89331 41.276669999999996 43.47846 65.87884 77.72997 93.27802 81.43554999999999 65.9383 48.330780000000004 47.077220000000004 53.034259999999996 54.24279 39.101929999999996 32.42326 56.83939 68.56572 55.181459999999994 36.61548 46.35179 0 55.5878 69.56163000000001 65.32257 63.834019999999995 65.48492 49.80053 63.295139999999996 69.16605999999999 35.769890000000004 44.31858 
56.32878 42.99965 49.8042 69.81587999999999 60.01594 71.58384 62.05478 56.37615 32.92967 40.35574 45.10301 34.333569999999995 30.344759999999997 36.10133 37.894059999999996 59.136739999999996 51.239419999999996 61.2891 70.17272 44.138679999999994 40.647149999999996 36.03051 38.2323 32.51339 44.36452 63.11493 46.28139 30.78414 48.39166 35.11796 66.77655 67.98508 57.7089 52.50304 43.29075 50.07481 52.168000000000006 49.542919999999995 52.465469999999996 55.5878 0 13.97383 47.48424 62.86174 41.490790000000004 29.78419 22.86326 43.25959 39.965289999999996 49.4203 
58.27636 44.94723 35.83037 55.84205 73.98977 73.05005 54.7608 49.082170000000005 46.9035 54.32957 53.8545 48.3074 44.31859 50.075160000000004 51.86789 73.11057 65.21325 69.03804 84.14655 58.11251 54.620979999999996 50.00434 40.93994 18.53956 30.39069 49.141099999999994 59.59192 44.09467 61.70219 49.091789999999996 65.79669 64.58816 69.37422 62.69555 57.26458 64.04864 50.20015000000001 53.15227 66.4393 69.56163000000001 13.97383 0 33.51041 48.88791 55.46462 43.75802 36.83709 57.23342 53.93912 60.25471 
58.06187 44.73274 46.93598 55.46297 49.266009999999994 60.833909999999996 51.19209 45.51346 60.453190000000006 53.29347 42.67411 44.06834 40.07953 45.8361 64.89128 63.20429000000001 45.577310000000004 35.52763 64.06264 53.873450000000005 62.983019999999996 50.71325 37.37123 14.97085 26.82198 45.57239 77.79446 62.29721 63.73059000000001 61.00739 32.286280000000005 31.07775 46.218610000000005 52.89728000000001 65.08277999999999 61.48245 41.354279999999996 41.97188 58.157070000000004 65.32257 47.48424 33.51041 0 37.70752 60.83152 67.03254000000001 68.65154 78.08358 49.70006 59.155069999999995 
68.51946999999998 55.19033999999999 64.3072 65.46616 41.64915 53.21705 56.88861 51.20998 55.86687 63.725049999999996 56.944469999999995 47.42767 51.41648 65.70861000000001 46.65343 26.92578 42.14328999999999 52.192969999999995 60.72185 67.54561000000001 72.06675 67.45011 69.6519 52.67837 64.5295 77.71125 91.96340000000001 92.98258 80.46745 63.56621 43.63678 44.845310000000005 57.56911 64.24778 45.93716 59.09901000000001 52.04266 56.242239999999995 71.92463000000001 63.834019999999995 62.86174 48.88791 37.70752 0 23.124 38.80839 59.301989999999996 79.69832 58.057579999999994 70.49202 
45.395469999999996 32.06634 41.18319999999999 42.34216 18.52515 30.093049999999998 38.48312 32.80449 50.09656 42.23838 48.24059 53.856469999999995 57.845279999999995 42.849439999999994 23.79426 45.03694 37.13962 47.1893 75.72431 51.407669999999996 66.71766 62.101020000000005 64.30281000000001 58.36959 70.22072 74.15025 68.8394 72.27493000000001 65.33700999999999 54.428599999999996 43.0604 44.268930000000005 43.6091 41.38443 51.87102 35.97501 56.103179999999995 50.4696 54.34811 65.48492 41.490790000000004 55.464620000000004 60.83152 23.124 0 15.68439 36.17799 56.57432 43.121269999999996 58.962239999999994 
60.27233 47.75073 55.295899999999996 58.02655 34.209540000000004 45.777440000000006 45.1523 39.47367 40.1042 47.962379999999996 58.581739999999996 50.54769 46.55888 27.16505 8.10987 29.35255 21.45523 31.504910000000002 60.03992 47.742689999999996 60.39834 50.856030000000004 52.30498 62.29758 71.67961 59.84493 76.06558 60.56833 63.87337000000001 38.74421 41.85704 43.06557 27.92471 25.70004 36.18663 20.29062 40.41879 58.98477 60.072109999999995 49.80053 29.78419 43.75802 67.03254000000001 38.80839 15.68439 0 51.86238 71.08718999999999 27.436880000000002 46.70556 
58.41205 45.08292 54.19978 58.808859999999996 54.703140000000005 66.27104 56.37177 54.76025 55.79293 50.40957 39.79021 44.70257 48.69138 58.96459 59.97225 65.40076 69.95608 59.9064 88.44140999999999 65.28471 48.09013 43.47349 45.67528 55.376650000000005 67.22778000000001 85.97819000000001 69.14465 53.647400000000005 56.49083 57.98121999999999 65.89417 67.1027 51.961839999999995 45.28317 36.07088 48.36233 33.30691 26.67966 47.080169999999995 63.295139999999996 22.86326 36.83709 68.65154 59.30199 36.17799 51.86238 0 20.39633 62.82855 62.78976 
64.83745 65.47925 62.15567 42.14399 65.961 75.40505999999999 57.115809999999996 58.605979999999995 56.317629999999994 59.72332 52.983729999999994 65.0989 66.9081 56.78471999999999 62.97731999999999 75.4291 82.33888999999999 80.30273 106.73606 80.70201999999999 68.48646 63.869820000000004 60.48967 63.11273 74.96386 93.71427 89.54098 74.04373000000001 76.88716000000001 54.95764 69.26055 70.46907999999999 72.35817 65.6795 56.46721 68.75865999999999 53.70324 47.07599 47.61359 69.16605999999999 43.25959 57.23342 78.08358 79.69832 56.57432 71.08718999999999 20.39633 0 43.65031 51.27068 
48.63052 35.30139 37.50463 57.51631 55.40051 49.41091 31.12166 25.44303 12.66732 20.5255 31.14486 27.2466 23.25779 13.134409999999999 19.32701 36.337129999999995 48.89211 50.42348 63.085750000000004 37.05171 50.47989 35.70813 24.8681 47.26848 59.119609999999994 70.66642 81.83023999999999 66.33299 48.72547 11.30733 42.96592 44.17445 55.36159000000001 53.13692 51.42255 46.202070000000006 53.58435 53.035740000000004 32.63523 35.769890000000004 39.965289999999996 53.939119999999996 49.70006 58.057579999999994 43.12127 27.436880000000002 62.82855 43.65031 0 42.333330000000004 
13.56677 26.895899999999997 24.42434 44.43602 58.395669999999996 56.247879999999995 37.95863 43.63726 48.424319999999994 40.56614 39.682950000000005 23.06435 19.07554 38.46937 54.81543 56.27192000000001 62.38001 72.42969 72.54076 46.50672 47.703430000000004 43.08679000000001 41.33249 56.38947 68.2406 76.03403 70.27396999999999 73.71165000000002 56.10413000000001 53.18133 50.10337 51.3119 63.98451 57.30584 44.79373 49.611019999999996 29.48285 45.29916 28.456409999999998 44.31858 49.4203 60.25471 59.155069999999995 70.49202 58.962239999999994 46.70556 62.78976 51.27068 42.333330000000004 0 
