67
C107 C165 C100 C137 C101 C146 C104 C103 C105 C141 C132 C123 C122 C114 C119 C121 C97 C134 C124 C129 C127 C139 C152 C160 C144 C120 C145 C110 C161 C149 C164 C154 C166 C168 C169 C153 C172 C167 C190 C181 C171 C179 C182 C185 C192 C193 C196 C187 C194 C198 C184 C157 C159 C68 C108 C162 C177 C125 C126 C151 C191 C195 C183 C82 C142 C156 C0
0 1e-05 2e-05 2e-05 2e-05 2e-05 2e-05 3e-05 3e-05 2e-05 2e-05 2e-05 2e-05 2e-05 2e-05 2e-05 2e-05 2e-05 2e-05 2e-05 2e-05 2e-05 2e-05 2e-05 2e-05 2e-05 2e-05 2e-05 2e-05 2e-05 2e-05 2e-05 2e-05 2e-05 2e-05 2e-05 2e-05 2e-05 1e-05 2e-05 2e-05 1e-05 2e-05 2e-05 2e-05 2e-05 2e-05 1e-05 2e-05 2e-05 2e-05 2e-05 2e-05 0.005189999999999999 2e-05 2e-05 2e-05 2e-05 2e-05 2e-05 2e-05 2e-05 2e-05 4e-05 2e-05 1e-05 20604772.47167 
1e-05 0 1e-05 2e-05 2e-05 2e-05 2e-05 2e-05 2e-05 2e-05 1e-05 1e-05 1e-05 1e-05 1e-05 1e-05 2e-05 1e-05 2e-05 1e-05 2e-05 2e-05 2e-05 2e-05 2e-05 2e-05 1e-05 2e-05 1e-05 2e-05 2e-05 1e-05 1e-05 1e-05 1e-05 1e-05 2e-05 2e-05 1e-05 2e-05 1e-05 2e-05 2e-05 1e-05 2e-05 2e-05 1e-05 2e-05 1e-05 1e-05 2e-05 2e-05 2e-05 0.00518 1e-05 2e-05 1e-05 2e-05 1e-05 1e-05 1e-05 1e-05 1e-05 5e-05 2e-05 1e-05 20604772.47168 
2e-05 1e-05 0 1e-05 2e-05 2e-05 3.0000000000000004e-05 3e-05 2e-05 2e-05 2e-05 2e-05 2e-05 2e-05 2e-05 2e-05 2e-05 2e-05 2e-05 2e-05 2e-05 2e-05 2e-05 2e-05 2e-05 3.0000000000000004e-05 2e-05 3e-05 2e-05 2e-05 2e-05 2e-05 2e-05 2e-05 2e-05 2e-05 2e-05 2e-05 2e-05 2e-05 2e-05 2e-05 2e-05 1e-05 2e-05 2e-05 2e-05 2e-05 2e-05 2e-05 2e-05 2e-05 2e-05 0.005189999999999999 2e-05 2e-05 2e-05 2e-05 2e-05 2e-05 2e-05 2e-05 2e-05 5e-05 2e-05 2e-05 20604772.47169 
2e-05 2e-05 1e-05 0 1e-05 1e-05 2e-05 2e-05 2e-05 2e-05 2e-05 1e-05 2e-05 2e-05 1e-05 2e-05 2e-05 1e-05 2e-05 2e-05 2e-05 2e-05 2e-05 1e-05 2e-05 2e-05 2e-05 2e-05 2e-05 2e-05 1e-05 1e-05 1e-05 1e-05 2e-05 2e-05 2e-05 1e-05 2e-05 1e-05 2e-05 1e-05 2e-05 2e-05 1e-05 1e-05 1e-05 1e-05 1e-05 1e-05 1e-05 1e-05 2e-05 0.005189999999999999 2e-05 2e-05 2e-05 2e-05 2e-05 2e-05 2e-05 2e-05 2e-05 4e-05 2e-05 2e-05 20604772.47169 
2e-05 2e-05 2e-05 1e-05 0 1e-05 2e-05 2e-05 2e-05 2e-05 2e-05 2e-05 2e-05 2e-05 2e-05 2e-05 2e-05 2e-05 2e-05 2e-05 2e-05 2e-05 2e-05 2e-05 2e-05 2e-05 2e-05 2e-05 2e-05 2e-05 2e-05 1e-05 2e-05 2e-05 1e-05 2e-05 2e-05 1e-05 2e-05 2e-05 2e-05 2e-05 2e-05 2e-05 2e-05 2e-05 2e-05 1e-05 2e-05 2e-05 2e-05 1e-05 2e-05 0.00518 2e-05 2e-05 1e-05 2e-05 2e-05 1e-05 2e-05 2e-05 1e-05 4e-05 2e-05 2e-05 20604772.471690003 
2e-05 2e-05 2e-05 1e-05 1e-05 0 1e-05 2e-05 2e-05 1e-05 2e-05 2e-05 2e-05 2e-05 2e-05 2e-05 2e-05 1e-05 2e-05 1e-05 1e-05 2e-05 2e-05 2e-05 1e-05 1e-05 1e-05 2e-05 2e-05 2e-05 1e-05 1e-05 2e-05 1e-05 1e-05 1e-05 2e-05 2e-05 1e-05 1e-05 1e-05 2e-05 2e-05 1e-05 2e-05 1e-05 1e-05 2e-05 2e-05 1e-05 1e-05 2e-05 2e-05 0.005189999999999999 2e-05 1e-05 1e-05 1e-05 1e-05 2e-05 2e-05 2e-05 2e-05 5e-05 1e-05 1e-05 20604772.47169 
2e-05 2e-05 3.0000000000000004e-05 2e-05 2e-05 1e-05 0 1e-05 2e-05 1e-05 1e-05 1e-05 2e-05 2e-05 2e-05 2e-05 2e-05 2e-05 2e-05 2e-05 2e-05 2e-05 2e-05 2e-05 2e-05 2e-05 2e-05 2e-05 2e-05 2e-05 2e-05 2e-05 2e-05 2e-05 2e-05 2e-05 2e-05 1e-05 2e-05 2e-05 1e-05 1e-05 2e-05 2e-05 2e-05 2e-05 1e-05 2e-05 2e-05 2e-05 2e-05 1e-05 2e-05 0.00518 2e-05 1e-05 2e-05 2e-05 2e-05 1e-05 2e-05 2e-05 1e-05 5e-05 2e-05 2e-05 20604772.47169 
3e-05 2e-05 3e-05 2e-05 2e-05 2e-05 1e-05 0 1e-05 2e-05 1e-05 1e-05 2e-05 2e-05 2e-05 2e-05 3.0000000000000004e-05 2e-05 2e-05 2e-05 2e-05 2e-05 2e-05 2e-05 2e-05 2e-05 2e-05 2e-05 2e-05 2e-05 2e-05 2e-05 2e-05 1e-05 2e-05 2e-05 2e-05 2e-05 2e-05 2e-05 1e-05 2e-05 2e-05 2e-05 2e-05 1e-05 1e-05 2e-05 2e-05 2e-05 2e-05 2e-05 1e-05 0.005189999999999999 1e-05 1e-05 1e-05 2e-05 2e-05 1e-05 2e-05 1e-05 2e-05 5e-05 2e-05 2e-05 20604772.471699998 
3e-05 2e-05 2e-05 2e-05 2e-05 2e-05 2e-05 1e-05 0 1e-05 2e-05 2e-05 2e-05 2e-05 2e-05 2e-05 3e-05 2e-05 2e-05 2e-05 2e-05 2e-05 2e-05 2e-05 2e-05 2e-05 2e-05 2e-05 2e-05 2e-05 2e-05 2e-05 2e-05 2e-05 2e-05 1e-05 2e-05 2e-05 2e-05 2e-05 1e-05 2e-05 2e-05 2e-05 1e-05 1e-05 1e-05 2e-05 2e-05 2e-05 2e-05 2e-05 1e-05 0.005189999999999999 2e-05 2e-05 1e-05 2e-05 2e-05 2e-05 1e-05 2e-05 2e-05 5e-05 2e-05 2e-05 20604772.471699998 
2e-05 2e-05 2e-05 2e-05 2e-05 1e-05 1e-05 2e-05 1e-05 0 1e-05 2e-05 2e-05 2e-05 2e-05 2e-05 2e-05 1e-05 2e-05 2e-05 2e-05 2e-05 2e-05 2e-05 1e-05 2e-05 2e-05 2e-05 2e-05 1e-05 1e-05 1e-05 1e-05 2e-05 1e-05 2e-05 2e-05 1e-05 1e-05 1e-05 1e-05 1e-05 2e-05 2e-05 2e-05 2e-05 2e-05 1e-05 1e-05 1e-05 2e-05 2e-05 1e-05 0.005189999999999999 2e-05 2e-05 2e-05 2e-05 2e-05 1e-05 1e-05 2e-05 2e-05 4e-05 1e-05 1e-05 20604772.47169 
2e-05 1e-05 2e-05 2e-05 2e-05 2e-05 1e-05 1e-05 2e-05 1e-05 0 1e-05 2e-05 2e-05 2e-05 2e-05 2e-05 1e-05 1e-05 1e-05 1e-05 1e-05 1e-05 2e-05 1e-05 2e-05 2e-05 2e-05 1e-05 2e-05 2e-05 1e-05 1e-05 1e-05 1e-05 1e-05 2e-05 2e-05 2e-05 2e-05 1e-05 2e-05 1e-05 2e-05 1e-05 1e-05 1e-05 2e-05 2e-05 1e-05 2e-05 2e-05 2e-05 0.005189999999999999 1e-05 2e-05 1e-05 2e-05 1e-05 1e-05 2e-05 2e-05 2e-05 5e-05 2e-05 2e-05 20604772.47169 
2e-05 1e-05 2e-05 1e-05 2e-05 2e-05 1e-05 1e-05 2e-05 2e-05 1e-05 0 1e-05 2e-05 2e-05 2e-05 2e-05 1e-05 1e-05 1e-05 1e-05 1e-05 2e-05 2e-05 2e-05 2e-05 1e-05 2e-05 2e-05 2e-05 1e-05 1e-05 2e-05 1e-05 2e-05 1e-05 2e-05 2e-05 1e-05 1e-05 2e-05 2e-05 1e-05 1e-05 1e-05 2e-05 2e-05 1e-05 2e-05 2e-05 2e-05 2e-05 1e-05 0.005189999999999999 1e-05 1e-05 2e-05 2e-05 2e-05 2e-05 2e-05 1e-05 2e-05 4e-05 2e-05 2e-05 20604772.47169 
2e-05 1e-05 2e-05 2e-05 2e-05 2e-05 2e-05 2e-05 2e-05 2e-05 2e-05 1e-05 0 1e-05 2e-05 2e-05 2e-05 1e-05 1e-05 1e-05 1e-05 2e-05 2e-05 2e-05 2e-05 2e-05 1e-05 2e-05 2e-05 2e-05 1e-05 2e-05 2e-05 1e-05 2e-05 2e-05 2e-05 2e-05 1e-05 2e-05 2e-05 2e-05 2e-05 1e-05 2e-05 1e-05 1e-05 2e-05 2e-05 2e-05 2e-05 1e-05 2e-05 0.005189999999999999 2e-05 2e-05 2e-05 2e-05 1e-05 2e-05 2e-05 2e-05 2e-05 5e-05 2e-05 1e-05 20604772.47169 
2e-05 1e-05 2e-05 2e-05 2e-05 2e-05 2e-05 2e-05 2e-05 2e-05 2e-05 2e-05 1e-05 0 1e-05 2e-05 2e-05 1e-05 2e-05 1e-05 2e-05 1e-05 1e-05 2e-05 2e-05 2e-05 2e-05 2e-05 2e-05 1e-05 2e-05 1e-05 2e-05 2e-05 1e-05 2e-05 2e-05 1e-05 2e-05 2e-05 2e-05 2e-05 2e-05 2e-05 1e-05 1e-05 2e-05 2e-05 2e-05 2e-05 2e-05 2e-05 1e-05 0.005189999999999999 2e-05 2e-05 1e-05 2e-05 1e-05 2e-05 1e-05 2e-05 2e-05 5e-05 2e-05 1e-05 20604772.47169 
2e-05 1e-05 2e-05 1e-05 2e-05 2e-05 2e-05 2e-05 2e-05 2e-05 2e-05 2e-05 2e-05 1e-05 0 1e-05 2e-05 1e-05 2e-05 2e-05 2e-05 1e-05 1e-05 2e-05 1e-05 2e-05 2e-05 2e-05 2e-05 2e-05 2e-05 2e-05 2e-05 2e-05 1e-05 2e-05 2e-05 2e-05 1e-05 2e-05 2e-05 2e-05 1e-05 2e-05 1e-05 2e-05 2e-05 2e-05 2e-05 1e-05 2e-05 2e-05 1e-05 0.00518 2e-05 1e-05 2e-05 2e-05 2e-05 1e-05 1e-05 1e-05 1e-05 5e-05 2e-05 2e-05 20604772.47169 
2e-05 1e-05 2e-05 2e-05 2e-05 2e-05 2e-05 2e-05 2e-05 2e-05 2e-05 2e-05 2e-05 2e-05 1e-05 0 1e-05 1e-05 2e-05 2e-05 2e-05 1e-05 2e-05 2e-05 1e-05 2e-05 1e-05 2e-05 2e-05 1e-05 2e-05 2e-05 2e-05 2e-05 1e-05 2e-05 1e-05 1e-05 2e-05 2e-05 2e-05 2e-05 1e-05 1e-05 2e-05 2e-05 2e-05 2e-05 1e-05 1e-05 2e-05 2e-05 2e-05 0.00518 2e-05 1e-05 1e-05 2e-05 2e-05 2e-05 1e-05 1e-05 1e-05 5e-05 2e-05 2e-05 20604772.47169 
2e-05 2e-05 2e-05 2e-05 2e-05 2e-05 2e-05 3.0000000000000004e-05 3e-05 2e-05 2e-05 2e-05 2e-05 2e-05 2e-05 1e-05 0 1e-05 2e-05 3e-05 2e-05 2e-05 2e-05 2e-05 2e-05 2e-05 2e-05 3e-05 2e-05 2e-05 2e-05 2e-05 2e-05 2e-05 2e-05 2e-05 2e-05 1e-05 2e-05 3e-05 2e-05 2e-05 2e-05 2e-05 2e-05 2e-05 2e-05 1e-05 2e-05 2e-05 2e-05 2e-05 2e-05 0.005189999999999999 2e-05 2e-05 2e-05 2e-05 2e-05 2e-05 2e-05 2e-05 2e-05 4e-05 2e-05 2e-05 20604772.471690003 
2e-05 1e-05 2e-05 1e-05 2e-05 1e-05 2e-05 2e-05 2e-05 1e-05 1e-05 1e-05 1e-05 1e-05 1e-05 1e-05 1e-05 0 1e-05 2e-05 2e-05 2e-05 1e-05 1e-05 1e-05 2e-05 1e-05 2e-05 2e-05 1e-05 2e-05 1e-05 1e-05 2e-05 2e-05 1e-05 1e-05 2e-05 2e-05 2e-05 2e-05 1e-05 1e-05 1e-05 1e-05 1e-05 1e-05 2e-05 1e-05 2e-05 1e-05 2e-05 2e-05 0.005189999999999999 2e-05 2e-05 1e-05 2e-05 1e-05 2e-05 1e-05 1e-05 2e-05 5e-05 2e-05 2e-05 20604772.47169 
2e-05 2e-05 2e-05 2e-05 2e-05 2e-05 2e-05 2e-05 2e-05 2e-05 1e-05 1e-05 1e-05 2e-05 2e-05 2e-05 2e-05 1e-05 0 1e-05 2e-05 2e-05 2e-05 2e-05 2e-05 2e-05 2e-05 2e-05 2e-05 1e-05 2e-05 1e-05 2e-05 1e-05 1e-05 1e-05 2e-05 2e-05 1e-05 2e-05 2e-05 1e-05 1e-05 2e-05 1e-05 2e-05 2e-05 2e-05 1e-05 2e-05 2e-05 1e-05 1e-05 0.005189999999999999 1e-05 2e-05 1e-05 2e-05 2e-05 2e-05 2e-05 2e-05 2e-05 5e-05 2e-05 1e-05 20604772.47169 
2e-05 1e-05 2e-05 2e-05 2e-05 1e-05 2e-05 2e-05 2e-05 2e-05 1e-05 1e-05 1e-05 1e-05 2e-05 2e-05 3e-05 2e-05 1e-05 0 1e-05 2e-05 1e-05 2e-05 2e-05 2e-05 2e-05 2e-05 2e-05 2e-05 1e-05 2e-05 1e-05 1e-05 1e-05 2e-05 2e-05 2e-05 2e-05 2e-05 2e-05 1e-05 1e-05 2e-05 2e-05 2e-05 2e-05 2e-05 1e-05 2e-05 2e-05 1e-05 1e-05 0.005189999999999999 2e-05 1e-05 2e-05 2e-05 2e-05 1e-05 1e-05 2e-05 2e-05 5e-05 2e-05 2e-05 20604772.47169 
2e-05 2e-05 2e-05 2e-05 2e-05 1e-05 2e-05 2e-05 2e-05 2e-05 1e-05 1e-05 1e-05 2e-05 2e-05 2e-05 2e-05 2e-05 2e-05 1e-05 0 1e-05 2e-05 2e-05 2e-05 2e-05 2e-05 2e-05 1e-05 2e-05 2e-05 1e-05 2e-05 1e-05 2e-05 1e-05 2e-05 1e-05 1e-05 1e-05 2e-05 1e-05 2e-05 2e-05 1e-05 2e-05 1e-05 1e-05 1e-05 2e-05 2e-05 1e-05 2e-05 0.005189999999999999 2e-05 2e-05 2e-05 1e-05 2e-05 2e-05 2e-05 2e-05 2e-05 4e-05 1e-05 2e-05 20604772.47169 
2e-05 2e-05 2e-05 2e-05 2e-05 2e-05 2e-05 2e-05 2e-05 2e-05 1e-05 1e-05 2e-05 1e-05 1e-05 1e-05 2e-05 2e-05 2e-05 2e-05 1e-05 0 1e-05 2e-05 2e-05 2e-05 2e-05 2e-05 2e-05 2e-05 2e-05 2e-05 1e-05 1e-05 2e-05 2e-05 2e-05 1e-05 1e-05 2e-05 1e-05 2e-05 2e-05 1e-05 2e-05 2e-05 2e-05 2e-05 1e-05 2e-05 1e-05 1e-05 1e-05 0.00518 2e-05 1e-05 1e-05 2e-05 2e-05 2e-05 2e-05 2e-05 1e-05 5e-05 1e-05 2e-05 20604772.471690003 
2e-05 2e-05 2e-05 2e-05 2e-05 2e-05 2e-05 2e-05 2e-05 2e-05 1e-05 2e-05 2e-05 1e-05 1e-05 2e-05 2e-05 1e-05 2e-05 1e-05 2e-05 1e-05 0 1e-05 2e-05 2e-05 2e-05 2e-05 1e-05 2e-05 2e-05 2e-05 1e-05 1e-05 1e-05 2e-05 1e-05 2e-05 1e-05 1e-05 1e-05 2e-05 2e-05 2e-05 1e-05 1e-05 1e-05 2e-05 2e-05 1e-05 2e-05 1e-05 2e-05 0.00518 2e-05 2e-05 2e-05 2e-05 1e-05 1e-05 2e-05 2e-05 1e-05 5e-05 2e-05 1e-05 20604772.47169 
2e-05 2e-05 2e-05 1e-05 2e-05 2e-05 2e-05 2e-05 2e-05 2e-05 2e-05 2e-05 2e-05 2e-05 2e-05 2e-05 2e-05 1e-05 2e-05 2e-05 2e-05 2e-05 1e-05 0 1e-05 2e-05 1e-05 2e-05 1e-05 1e-05 1e-05 2e-05 1e-05 2e-05 1e-05 2e-05 2e-05 1e-05 2e-05 1e-05 1e-05 1e-05 1e-05 2e-05 2e-05 2e-05 2e-05 1e-05 1e-05 1e-05 2e-05 1e-05 2e-05 0.005189999999999999 2e-05 2e-05 2e-05 2e-05 2e-05 1e-05 1e-05 2e-05 2e-05 4e-05 2e-05 1e-05 20604772.47169 
2e-05 2e-05 2e-05 2e-05 2e-05 1e-05 2e-05 2e-05 2e-05 1e-05 1e-05 2e-05 2e-05 2e-05 1e-05 1e-05 2e-05 1e-05 2e-05 2e-05 2e-05 2e-05 2e-05 1e-05 0 1e-05 2e-05 2e-05 1e-05 1e-05 2e-05 1e-05 2e-05 1e-05 1e-05 1e-05 1e-05 1e-05 1e-05 1e-05 2e-05 2e-05 2e-05 1e-05 2e-05 2e-05 1e-05 2e-05 2e-05 2e-05 1e-05 1e-05 2e-05 0.00518 2e-05 1e-05 2e-05 1e-05 1e-05 1e-05 1e-05 1e-05 1e-05 5e-05 2e-05 2e-05 20604772.47169 
2e-05 2e-05 3.0000000000000004e-05 2e-05 2e-05 1e-05 2e-05 2e-05 2e-05 2e-05 2e-05 2e-05 2e-05 2e-05 2e-05 2e-05 2e-05 2e-05 2e-05 2e-05 2e-05 2e-05 2e-05 2e-05 1e-05 0 1e-05 2e-05 2e-05 2e-05 1e-05 1e-05 2e-05 2e-05 2e-05 1e-05 2e-05 2e-05 2e-05 1e-05 2e-05 2e-05 1e-05 2e-05 2e-05 2e-05 2e-05 1e-05 2e-05 2e-05 2e-05 2e-05 2e-05 0.005189999999999999 2e-05 2e-05 2e-05 1e-05 1e-05 1e-05 2e-05 2e-05 2e-05 4e-05 2e-05 2e-05 20604772.47169 
2e-05 1e-05 2e-05 2e-05 2e-05 1e-05 2e-05 2e-05 2e-05 2e-05 2e-05 1e-05 1e-05 2e-05 2e-05 1e-05 2e-05 1e-05 2e-05 2e-05 2e-05 2e-05 2e-05 1e-05 2e-05 1e-05 0 1e-05 1e-05 2e-05 2e-05 2e-05 2e-05 2e-05 1e-05 1e-05 2e-05 1e-05 1e-05 2e-05 2e-05 1e-05 1e-05 1e-05 2e-05 1e-05 2e-05 1e-05 1e-05 1e-05 1e-05 2e-05 2e-05 0.005189999999999999 1e-05 2e-05 1e-05 2e-05 2e-05 2e-05 1e-05 1e-05 2e-05 4e-05 2e-05 1e-05 20604772.47169 
2e-05 2e-05 3e-05 2e-05 2e-05 2e-05 2e-05 2e-05 2e-05 2e-05 2e-05 2e-05 2e-05 2e-05 2e-05 2e-05 3e-05 2e-05 2e-05 2e-05 2e-05 2e-05 2e-05 2e-05 2e-05 2e-05 1e-05 0 1e-05 2e-05 2e-05 2e-05 2e-05 1e-05 2e-05 2e-05 2e-05 2e-05 2e-05 2e-05 1e-05 2e-05 2e-05 2e-05 2e-05 2e-05 2e-05 2e-05 1e-05 1e-05 2e-05 2e-05 2e-05 0.005189999999999999 2e-05 2e-05 2e-05 2e-05 2e-05 2e-05 2e-05 2e-05 2e-05 5e-05 2e-05 1e-05 20604772.47169 
2e-05 1e-05 2e-05 2e-05 2e-05 2e-05 2e-05 2e-05 2e-05 2e-05 1e-05 2e-05 2e-05 2e-05 2e-05 2e-05 2e-05 2e-05 2e-05 2e-05 1e-05 2e-05 1e-05 1e-05 1e-05 2e-05 1e-05 1e-05 0 1e-05 1e-05 2e-05 2e-05 2e-05 2e-05 1e-05 2e-05 2e-05 1e-05 2e-05 1e-05 1e-05 1e-05 1e-05 1e-05 1e-05 1e-05 1e-05 2e-05 1e-05 2e-05 2e-05 1e-05 0.00518 2e-05 1e-05 2e-05 2e-05 2e-05 2e-05 1e-05 1e-05 1e-05 4e-05 1e-05 2e-05 20604772.47169 
2e-05 2e-05 2e-05 2e-05 2e-05 2e-05 2e-05 2e-05 2e-05 1e-05 2e-05 2e-05 2e-05 1e-05 2e-05 1e-05 2e-05 1e-05 1e-05 2e-05 2e-05 2e-05 2e-05 1e-05 1e-05 2e-05 2e-05 2e-05 1e-05 0 1e-05 2e-05 2e-05 2e-05 1e-05 2e-05 1e-05 2e-05 2e-05 1e-05 2e-05 2e-05 1e-05 2e-05 1e-05 1e-05 2e-05 2e-05 2e-05 1e-05 2e-05 1e-05 1e-05 0.00518 2e-05 2e-05 2e-05 2e-05 2e-05 2e-05 2e-05 2e-05 1e-05 5e-05 1e-05 1e-05 20604772.47169 
2e-05 2e-05 2e-05 1e-05 2e-05 1e-05 2e-05 2e-05 2e-05 1e-05 2e-05 1e-05 1e-05 2e-05 2e-05 2e-05 2e-05 2e-05 2e-05 1e-05 2e-05 2e-05 2e-05 1e-05 2e-05 1e-05 2e-05 2e-05 1e-05 1e-05 0 1e-05 2e-05 1e-05 2e-05 2e-05 2e-05 2e-05 1e-05 1e-05 1e-05 1e-05 2e-05 1e-05 1e-05 1e-05 2e-05 2e-05 2e-05 1e-05 2e-05 2e-05 1e-05 0.005189999999999999 2e-05 1e-05 2e-05 2e-05 2e-05 1e-05 2e-05 1e-05 2e-05 5e-05 2e-05 1e-05 20604772.47169 
2e-05 1e-05 2e-05 1e-05 1e-05 1e-05 2e-05 2e-05 2e-05 1e-05 1e-05 1e-05 2e-05 1e-05 2e-05 2e-05 2e-05 1e-05 1e-05 2e-05 1e-05 2e-05 2e-05 2e-05 1e-05 1e-05 2e-05 2e-05 2e-05 2e-05 1e-05 0 1e-05 1e-05 1e-05 2e-05 2e-05 1e-05 1e-05 2e-05 2e-05 2e-05 1e-05 1e-05 2e-05 2e-05 2e-05 1e-05 1e-05 2e-05 1e-05 2e-05 1e-05 0.00518 2e-05 2e-05 2e-05 2e-05 1e-05 1e-05 2e-05 2e-05 1e-05 4e-05 2e-05 1e-05 20604772.47169 
2e-05 1e-05 2e-05 1e-05 2e-05 2e-05 2e-05 2e-05 2e-05 1e-05 1e-05 2e-05 2e-05 2e-05 2e-05 2e-05 2e-05 1e-05 2e-05 1e-05 2e-05 1e-05 1e-05 1e-05 2e-05 2e-05 2e-05 2e-05 2e-05 2e-05 2e-05 1e-05 0 1e-05 2e-05 2e-05 1e-05 2e-05 1e-05 1e-05 2e-05 2e-05 2e-05 1e-05 2e-05 2e-05 1e-05 1e-05 1e-05 2e-05 2e-05 1e-05 1e-05 0.00518 2e-05 2e-05 2e-05 2e-05 2e-05 1e-05 1e-05 1e-05 1e-05 4e-05 1e-05 1e-05 20604772.47169 
2e-05 1e-05 2e-05 1e-05 2e-05 1e-05 2e-05 1e-05 2e-05 2e-05 1e-05 1e-05 1e-05 2e-05 2e-05 2e-05 2e-05 2e-05 1e-05 1e-05 1e-05 1e-05 1e-05 2e-05 1e-05 2e-05 2e-05 1e-05 2e-05 2e-05 1e-05 1e-05 1e-05 0 1e-05 2e-05 2e-05 2e-05 1e-05 1e-05 2e-05 1e-05 2e-05 1e-05 1e-05 2e-05 1e-05 1e-05 1e-05 2e-05 1e-05 2e-05 2e-05 0.005189999999999999 2e-05 2e-05 2e-05 2e-05 2e-05 2e-05 2e-05 2e-05 2e-05 4e-05 2e-05 1e-05 20604772.47169 
2e-05 1e-05 2e-05 2e-05 1e-05 1e-05 2e-05 2e-05 2e-05 1e-05 1e-05 2e-05 2e-05 1e-05 1e-05 1e-05 2e-05 2e-05 1e-05 1e-05 2e-05 2e-05 1e-05 1e-05 1e-05 2e-05 1e-05 2e-05 2e-05 1e-05 2e-05 1e-05 2e-05 1e-05 0 1e-05 1e-05 2e-05 1e-05 1e-05 2e-05 1e-05 2e-05 1e-05 1e-05 2e-05 2e-05 1e-05 2e-05 1e-05 1e-05 1e-05 1e-05 0.00518 2e-05 1e-05 1e-05 1e-05 2e-05 1e-05 1e-05 1e-05 1e-05 4e-05 2e-05 1e-05 20604772.47169 
2e-05 1e-05 2e-05 2e-05 2e-05 1e-05 2e-05 2e-05 1e-05 2e-05 1e-05 1e-05 2e-05 2e-05 2e-05 2e-05 2e-05 1e-05 1e-05 2e-05 1e-05 2e-05 2e-05 2e-05 1e-05 1e-05 1e-05 2e-05 1e-05 2e-05 2e-05 2e-05 2e-05 2e-05 1e-05 0 1e-05 2e-05 2e-05 1e-05 2e-05 2e-05 2e-05 2e-05 2e-05 1e-05 2e-05 1e-05 1e-05 1e-05 2e-05 2e-05 1e-05 0.00518 2e-05 1e-05 1e-05 2e-05 2e-05 2e-05 1e-05 2e-05 1e-05 4e-05 2e-05 1e-05 20604772.47169 
2e-05 2e-05 2e-05 2e-05 2e-05 2e-05 2e-05 2e-05 2e-05 2e-05 2e-05 2e-05 2e-05 2e-05 2e-05 1e-05 2e-05 1e-05 2e-05 2e-05 2e-05 2e-05 1e-05 2e-05 1e-05 2e-05 2e-05 2e-05 2e-05 1e-05 2e-05 2e-05 1e-05 2e-05 1e-05 1e-05 0 1e-05 2e-05 2e-05 2e-05 2e-05 2e-05 1e-05 1e-05 2e-05 1e-05 1e-05 2e-05 2e-05 2e-05 2e-05 2e-05 0.00518 2e-05 2e-05 1e-05 2e-05 2e-05 2e-05 1e-05 2e-05 1e-05 4e-05 1e-05 1e-05 20604772.471690003 
2e-05 2e-05 2e-05 1e-05 1e-05 2e-05 1e-05 2e-05 2e-05 1e-05 2e-05 2e-05 2e-05 1e-05 2e-05 1e-05 1e-05 2e-05 2e-05 2e-05 1e-05 1e-05 2e-05 1e-05 1e-05 2e-05 1e-05 2e-05 2e-05 2e-05 2e-05 1e-05 2e-05 2e-05 2e-05 2e-05 1e-05 0 1e-05 2e-05 2e-05 2e-05 2e-05 2e-05 1e-05 1e-05 2e-05 2e-05 1e-05 2e-05 1e-05 1e-05 1e-05 0.00518 2e-05 1e-05 2e-05 1e-05 2e-05 1e-05 2e-05 2e-05 1e-05 5e-05 2e-05 1e-05 20604772.471690003 
1e-05 1e-05 2e-05 2e-05 2e-05 1e-05 2e-05 2e-05 2e-05 1e-05 2e-05 1e-05 1e-05 2e-05 1e-05 2e-05 2e-05 2e-05 1e-05 2e-05 1e-05 1e-05 1e-05 2e-05 1e-05 2e-05 1e-05 2e-05 1e-05 2e-05 1e-05 1e-05 1e-05 1e-05 1e-05 2e-05 2e-05 1e-05 0 1e-05 2e-05 2e-05 1e-05 1e-05 1e-05 1e-05 1e-05 1e-05 2e-05 2e-05 2e-05 2e-05 2e-05 0.00518 2e-05 1e-05 2e-05 2e-05 1e-05 1e-05 2e-05 1e-05 1e-05 4e-05 1e-05 1e-05 20604772.47168 
2e-05 2e-05 2e-05 1e-05 2e-05 1e-05 2e-05 2e-05 2e-05 1e-05 2e-05 1e-05 2e-05 2e-05 2e-05 2e-05 3e-05 2e-05 2e-05 2e-05 1e-05 2e-05 1e-05 1e-05 1e-05 1e-05 2e-05 2e-05 2e-05 1e-05 1e-05 2e-05 1e-05 1e-05 1e-05 1e-05 2e-05 2e-05 1e-05 0 1e-05 2e-05 2e-05 2e-05 1e-05 1e-05 2e-05 2e-05 2e-05 2e-05 1e-05 1e-05 2e-05 0.00518 2e-05 2e-05 1e-05 1e-05 1e-05 1e-05 1e-05 2e-05 1e-05 5e-05 1e-05 2e-05 20604772.47169 
2e-05 1e-05 2e-05 2e-05 2e-05 1e-05 1e-05 1e-05 1e-05 1e-05 1e-05 2e-05 2e-05 2e-05 2e-05 2e-05 2e-05 2e-05 2e-05 2e-05 2e-05 1e-05 1e-05 1e-05 2e-05 2e-05 2e-05 1e-05 1e-05 2e-05 1e-05 2e-05 2e-05 2e-05 2e-05 2e-05 2e-05 2e-05 2e-05 1e-05 0 1e-05 1e-05 1e-05 2e-05 1e-05 1e-05 1e-05 1e-05 2e-05 1e-05 2e-05 2e-05 0.005189999999999999 2e-05 1e-05 1e-05 2e-05 2e-05 2e-05 1e-05 1e-05 2e-05 4e-05 2e-05 2e-05 20604772.47169 
1e-05 2e-05 2e-05 1e-05 2e-05 2e-05 1e-05 2e-05 2e-05 1e-05 2e-05 2e-05 2e-05 2e-05 2e-05 2e-05 2e-05 1e-05 1e-05 1e-05 1e-05 2e-05 2e-05 1e-05 2e-05 2e-05 1e-05 2e-05 1e-05 2e-05 1e-05 2e-05 2e-05 1e-05 1e-05 2e-05 2e-05 2e-05 2e-05 2e-05 1e-05 0 1e-05 1e-05 2e-05 1e-05 2e-05 2e-05 2e-05 2e-05 1e-05 2e-05 2e-05 0.00518 1e-05 2e-05 1e-05 2e-05 2e-05 1e-05 2e-05 2e-05 1e-05 5e-05 2e-05 1e-05 20604772.47168 
2e-05 2e-05 2e-05 2e-05 2e-05 2e-05 2e-05 2e-05 2e-05 2e-05 1e-05 1e-05 2e-05 2e-05 1e-05 1e-05 2e-05 1e-05 1e-05 1e-05 2e-05 2e-05 2e-05 1e-05 2e-05 1e-05 1e-05 2e-05 1e-05 1e-05 2e-05 1e-05 2e-05 2e-05 2e-05 2e-05 2e-05 2e-05 1e-05 2e-05 1e-05 1e-05 0 1e-05 2e-05 2e-05 1e-05 1e-05 1e-05 2e-05 2e-05 1e-05 1e-05 0.00518 1e-05 1e-05 1e-05 1e-05 1e-05 2e-05 1e-05 1e-05 1e-05 4e-05 2e-05 2e-05 20604772.47169 
2e-05 1e-05 1e-05 2e-05 2e-05 1e-05 2e-05 2e-05 2e-05 2e-05 2e-05 1e-05 1e-05 2e-05 2e-05 1e-05 2e-05 1e-05 2e-05 2e-05 2e-05 1e-05 2e-05 2e-05 1e-05 2e-05 1e-05 2e-05 1e-05 2e-05 1e-05 1e-05 1e-05 1e-05 1e-05 2e-05 1e-05 2e-05 1e-05 2e-05 1e-05 1e-05 1e-05 0 1e-05 2e-05 2e-05 2e-05 1e-05 2e-05 2e-05 2e-05 1e-05 0.005189999999999999 2e-05 1e-05 1e-05 1e-05 1e-05 1e-05 2e-05 2e-05 2e-05 5e-05 2e-05 2e-05 20604772.47169 
2e-05 2e-05 2e-05 1e-05 2e-05 2e-05 2e-05 2e-05 1e-05 2e-05 1e-05 1e-05 2e-05 1e-05 1e-05 2e-05 2e-05 1e-05 1e-05 2e-05 1e-05 2e-05 1e-05 2e-05 2e-05 2e-05 2e-05 2e-05 1e-05 1e-05 1e-05 2e-05 2e-05 1e-05 1e-05 2e-05 1e-05 1e-05 1e-05 1e-05 2e-05 2e-05 2e-05 1e-05 0 1e-05 2e-05 1e-05 2e-05 2e-05 2e-05 2e-05 2e-05 0.00518 2e-05 2e-05 1e-05 2e-05 2e-05 1e-05 1e-05 2e-05 1e-05 4e-05 1e-05 1e-05 20604772.471690003 
2e-05 2e-05 2e-05 1e-05 2e-05 1e-05 2e-05 1e-05 1e-05 2e-05 1e-05 2e-05 1e-05 1e-05 2e-05 2e-05 2e-05 1e-05 2e-05 2e-05 2e-05 2e-05 1e-05 2e-05 2e-05 2e-05 1e-05 2e-05 1e-05 1e-05 1e-05 2e-05 2e-05 2e-05 2e-05 1e-05 2e-05 1e-05 1e-05 1e-05 1e-05 1e-05 2e-05 2e-05 1e-05 0 1e-05 2e-05 2e-05 1e-05 2e-05 2e-05 1e-05 0.005189999999999999 1e-05 1e-05 1e-05 1e-05 2e-05 2e-05 1e-05 1e-05 2e-05 5e-05 2e-05 2e-05 20604772.47169 
2e-05 1e-05 2e-05 1e-05 2e-05 1e-05 1e-05 1e-05 1e-05 2e-05 1e-05 2e-05 1e-05 2e-05 2e-05 2e-05 2e-05 1e-05 2e-05 2e-05 1e-05 2e-05 1e-05 2e-05 1e-05 2e-05 2e-05 2e-05 1e-05 2e-05 2e-05 2e-05 1e-05 1e-05 2e-05 2e-05 1e-05 2e-05 1e-05 2e-05 1e-05 2e-05 1e-05 2e-05 2e-05 1e-05 0 1e-05 2e-05 2e-05 2e-05 1e-05 2e-05 0.005189999999999999 1e-05 2e-05 1e-05 1e-05 2e-05 1e-05 2e-05 2e-05 2e-05 4e-05 2e-05 1e-05 20604772.47169 
1e-05 2e-05 2e-05 1e-05 1e-05 2e-05 2e-05 2e-05 2e-05 1e-05 2e-05 1e-05 2e-05 2e-05 2e-05 2e-05 1e-05 2e-05 2e-05 2e-05 1e-05 2e-05 2e-05 1e-05 2e-05 1e-05 1e-05 2e-05 1e-05 2e-05 2e-05 1e-05 1e-05 1e-05 1e-05 1e-05 1e-05 2e-05 1e-05 2e-05 1e-05 2e-05 1e-05 2e-05 1e-05 2e-05 1e-05 0 2e-05 2e-05 1e-05 2e-05 1e-05 0.005189999999999999 1e-05 2e-05 1e-05 1e-05 2e-05 1e-05 2e-05 1e-05 2e-05 3e-05 2e-05 1e-05 20604772.47168 
2e-05 1e-05 2e-05 1e-05 2e-05 2e-05 2e-05 2e-05 2e-05 1e-05 2e-05 2e-05 2e-05 2e-05 2e-05 1e-05 2e-05 1e-05 1e-05 1e-05 1e-05 1e-05 2e-05 1e-05 2e-05 2e-05 1e-05 1e-05 2e-05 2e-05 2e-05 1e-05 1e-05 1e-05 2e-05 1e-05 2e-05 1e-05 2e-05 2e-05 1e-05 2e-05 1e-05 1e-05 2e-05 2e-05 2e-05 2e-05 0 2e-05 1e-05 1e-05 2e-05 0.00518 2e-05 1e-05 1e-05 1e-05 2e-05 2e-05 1e-05 2e-05 1e-05 5e-05 2e-05 1e-05 20604772.47169 
2e-05 1e-05 2e-05 1e-05 2e-05 1e-05 2e-05 2e-05 2e-05 1e-05 1e-05 2e-05 2e-05 2e-05 1e-05 1e-05 2e-05 2e-05 2e-05 2e-05 2e-05 2e-05 1e-05 1e-05 2e-05 2e-05 1e-05 1e-05 1e-05 1e-05 1e-05 2e-05 2e-05 2e-05 1e-05 1e-05 2e-05 2e-05 2e-05 2e-05 2e-05 2e-05 2e-05 2e-05 2e-05 1e-05 2e-05 2e-05 2e-05 0 2e-05 1e-05 1e-05 0.005189999999999999 2e-05 2e-05 2e-05 1e-05 2e-05 2e-05 2e-05 1e-05 2e-05 5e-05 1e-05 2e-05 20604772.47169 
2e-05 2e-05 2e-05 1e-05 2e-05 1e-05 2e-05 2e-05 2e-05 2e-05 2e-05 2e-05 2e-05 2e-05 2e-05 2e-05 2e-05 1e-05 2e-05 2e-05 2e-05 1e-05 2e-05 2e-05 1e-05 2e-05 1e-05 2e-05 2e-05 2e-05 2e-05 1e-05 2e-05 1e-05 1e-05 2e-05 2e-05 1e-05 2e-05 1e-05 1e-05 1e-05 2e-05 2e-05 2e-05 2e-05 2e-05 1e-05 1e-05 2e-05 0 2e-05 1e-05 0.00518 2e-05 1e-05 2e-05 2e-05 1e-05 1e-05 1e-05 2e-05 1e-05 4e-05 1e-05 1e-05 20604772.47169 
2e-05 2e-05 2e-05 1e-05 1e-05 2e-05 1e-05 2e-05 2e-05 2e-05 2e-05 2e-05 1e-05 2e-05 2e-05 2e-05 2e-05 2e-05 1e-05 1e-05 1e-05 1e-05 1e-05 1e-05 1e-05 2e-05 2e-05 2e-05 2e-05 1e-05 2e-05 2e-05 1e-05 2e-05 1e-05 2e-05 2e-05 1e-05 2e-05 1e-05 2e-05 2e-05 1e-05 2e-05 2e-05 2e-05 1e-05 2e-05 1e-05 1e-05 2e-05 0 2e-05 0.005189999999999999 2e-05 1e-05 1e-05 2e-05 2e-05 2e-05 2e-05 1e-05 2e-05 5e-05 2e-05 1e-05 20604772.47169 
2e-05 2e-05 2e-05 2e-05 2e-05 2e-05 2e-05 1e-05 1e-05 1e-05 2e-05 1e-05 2e-05 1e-05 1e-05 2e-05 2e-05 2e-05 1e-05 1e-05 2e-05 1e-05 2e-05 2e-05 2e-05 2e-05 2e-05 2e-05 1e-05 1e-05 1e-05 1e-05 1e-05 2e-05 1e-05 1e-05 2e-05 1e-05 2e-05 2e-05 2e-05 2e-05 1e-05 1e-05 2e-05 1e-05 2e-05 1e-05 2e-05 1e-05 1e-05 2e-05 0 0.00518 1e-05 2e-05 2e-05 1e-05 2e-05 1e-05 1e-05 2e-05 1e-05 4e-05 1e-05 2e-05 20604772.471690003 
0.005189999999999999 0.00518 0.005189999999999999 0.005189999999999999 0.00518 0.005189999999999999 0.00518 0.005189999999999999 0.005189999999999999 0.005189999999999999 0.005189999999999999 0.005189999999999999 0.005189999999999999 0.005189999999999999 0.00518 0.00518 0.005189999999999999 0.005189999999999999 0.005189999999999999 0.005189999999999999 0.005189999999999999 0.00518 0.00518 0.005189999999999999 0.00518 0.005189999999999999 0.005189999999999999 0.005189999999999999 0.00518 0.00518 0.005189999999999999 0.00518 0.00518 0.005189999999999999 0.00518 0.00518 0.00518 0.00518 0.00518 0.00518 0.005189999999999999 0.00518 0.00518 0.005189999999999999 0.00518 0.005189999999999999 0.005189999999999999 0.005189999999999999 0.00518 0.005189999999999999 0.00518 0.005189999999999999 0.00518 0 0.005189999999999999 0.005189999999999999 0.00518 0.005189999999999999 0.005189999999999999 0.00518 0.00518 0.00518 0.00517 0.005219999999999999 0.005189999999999999 0.00518 20604772.476859998 
2e-05 1e-05 2e-05 2e-05 2e-05 2e-05 2e-05 1e-05 2e-05 2e-05 1e-05 1e-05 2e-05 2e-05 2e-05 2e-05 2e-05 2e-05 1e-05 2e-05 2e-05 2e-05 2e-05 2e-05 2e-05 2e-05 1e-05 2e-05 2e-05 2e-05 2e-05 2e-05 2e-05 2e-05 2e-05 2e-05 2e-05 2e-05 2e-05 2e-05 2e-05 1e-05 1e-05 2e-05 2e-05 1e-05 1e-05 1e-05 2e-05 2e-05 2e-05 2e-05 1e-05 0.005189999999999999 0 1e-05 2e-05 2e-05 2e-05 1e-05 2e-05 1e-05 2e-05 4e-05 2e-05 2e-05 20604772.47169 
2e-05 2e-05 2e-05 2e-05 2e-05 1e-05 1e-05 1e-05 2e-05 2e-05 2e-05 1e-05 2e-05 2e-05 1e-05 1e-05 2e-05 2e-05 2e-05 1e-05 2e-05 1e-05 2e-05 2e-05 1e-05 2e-05 2e-05 2e-05 1e-05 2e-05 1e-05 2e-05 2e-05 2e-05 1e-05 1e-05 2e-05 1e-05 1e-05 2e-05 1e-05 2e-05 1e-05 1e-05 2e-05 1e-05 2e-05 2e-05 1e-05 2e-05 1e-05 1e-05 2e-05 0.005189999999999999 1e-05 0 1e-05 2e-05 2e-05 1e-05 1e-05 1e-05 2e-05 5e-05 2e-05 1e-05 20604772.471690003 
2e-05 1e-05 2e-05 2e-05 1e-05 1e-05 2e-05 1e-05 1e-05 2e-05 1e-05 2e-05 2e-05 1e-05 2e-05 1e-05 2e-05 1e-05 1e-05 2e-05 2e-05 1e-05 2e-05 2e-05 2e-05 2e-05 1e-05 2e-05 2e-05 2e-05 2e-05 2e-05 2e-05 2e-05 1e-05 1e-05 1e-05 2e-05 2e-05 1e-05 1e-05 1e-05 1e-05 1e-05 1e-05 1e-05 1e-05 1e-05 1e-05 2e-05 2e-05 1e-05 2e-05 0.00518 2e-05 1e-05 0 1e-05 1e-05 1e-05 1e-05 1e-05 1e-05 4e-05 1e-05 1e-05 20604772.47169 
2e-05 2e-05 2e-05 2e-05 2e-05 1e-05 2e-05 2e-05 2e-05 2e-05 2e-05 2e-05 2e-05 2e-05 2e-05 2e-05 2e-05 2e-05 2e-05 2e-05 1e-05 2e-05 2e-05 2e-05 1e-05 1e-05 2e-05 2e-05 2e-05 2e-05 2e-05 2e-05 2e-05 2e-05 1e-05 2e-05 2e-05 1e-05 2e-05 1e-05 2e-05 2e-05 1e-05 1e-05 2e-05 1e-05 1e-05 1e-05 1e-05 1e-05 2e-05 2e-05 1e-05 0.005189999999999999 2e-05 2e-05 1e-05 0 2e-05 2e-05 1e-05 1e-05 2e-05 4e-05 2e-05 1e-05 20604772.47169 
2e-05 1e-05 2e-05 2e-05 2e-05 1e-05 2e-05 2e-05 2e-05 2e-05 1e-05 2e-05 1e-05 1e-05 2e-05 2e-05 2e-05 1e-05 2e-05 2e-05 2e-05 2e-05 1e-05 2e-05 1e-05 1e-05 2e-05 2e-05 2e-05 2e-05 2e-05 1e-05 2e-05 2e-05 2e-05 2e-05 2e-05 2e-05 1e-05 1e-05 2e-05 2e-05 1e-05 1e-05 2e-05 2e-05 2e-05 2e-05 2e-05 2e-05 1e-05 2e-05 2e-05 0.005189999999999999 2e-05 2e-05 1e-05 2e-05 0 1e-05 2e-05 2e-05 2e-05 5e-05 2e-05 1e-05 20604772.47169 
2e-05 1e-05 2e-05 2e-05 1e-05 2e-05 1e-05 1e-05 2e-05 1e-05 1e-05 2e-05 2e-05 2e-05 1e-05 2e-05 2e-05 2e-05 2e-05 1e-05 2e-05 2e-05 1e-05 1e-05 1e-05 1e-05 2e-05 2e-05 2e-05 2e-05 1e-05 1e-05 1e-05 2e-05 1e-05 2e-05 2e-05 1e-05 1e-05 1e-05 2e-05 1e-05 2e-05 1e-05 1e-05 2e-05 1e-05 1e-05 2e-05 2e-05 1e-05 2e-05 1e-05 0.00518 1e-05 1e-05 1e-05 2e-05 1e-05 0 2e-05 1e-05 1e-05 4e-05 2e-05 2e-05 20604772.47169 
2e-05 1e-05 2e-05 2e-05 2e-05 2e-05 2e-05 2e-05 1e-05 1e-05 2e-05 2e-05 2e-05 1e-05 1e-05 1e-05 2e-05 1e-05 2e-05 1e-05 2e-05 2e-05 2e-05 1e-05 1e-05 2e-05 1e-05 2e-05 1e-05 2e-05 2e-05 2e-05 1e-05 2e-05 1e-05 1e-05 1e-05 2e-05 2e-05 1e-05 1e-05 2e-05 1e-05 2e-05 1e-05 1e-05 2e-05 2e-05 1e-05 2e-05 1e-05 2e-05 1e-05 0.00518 2e-05 1e-05 1e-05 1e-05 2e-05 2e-05 0 2e-05 1e-05 5e-05 2e-05 2e-05 20604772.47169 
2e-05 1e-05 2e-05 2e-05 2e-05 2e-05 2e-05 1e-05 2e-05 2e-05 2e-05 1e-05 2e-05 2e-05 1e-05 1e-05 2e-05 1e-05 2e-05 2e-05 2e-05 2e-05 2e-05 2e-05 1e-05 2e-05 1e-05 2e-05 1e-05 2e-05 1e-05 2e-05 1e-05 2e-05 1e-05 2e-05 2e-05 2e-05 1e-05 2e-05 1e-05 2e-05 1e-05 2e-05 2e-05 1e-05 2e-05 1e-05 2e-05 1e-05 2e-05 1e-05 2e-05 0.00518 1e-05 1e-05 1e-05 1e-05 2e-05 1e-05 2e-05 0 1e-05 4e-05 1e-05 1e-05 20604772.47169 
2e-05 1e-05 2e-05 2e-05 1e-05 2e-05 1e-05 2e-05 2e-05 2e-05 2e-05 2e-05 2e-05 2e-05 1e-05 1e-05 2e-05 2e-05 2e-05 2e-05 2e-05 1e-05 1e-05 2e-05 1e-05 2e-05 2e-05 2e-05 1e-05 1e-05 2e-05 1e-05 1e-05 2e-05 1e-05 1e-05 1e-05 1e-05 1e-05 1e-05 2e-05 1e-05 1e-05 2e-05 1e-05 2e-05 2e-05 2e-05 1e-05 2e-05 1e-05 2e-05 1e-05 0.00517 2e-05 2e-05 1e-05 2e-05 2e-05 1e-05 1e-05 1e-05 0 5e-05 2e-05 1e-05 20604772.47169 
4e-05 5e-05 5e-05 4e-05 4e-05 5e-05 5e-05 5e-05 5e-05 4e-05 5e-05 4e-05 5e-05 5e-05 5e-05 5e-05 4e-05 5e-05 5e-05 5e-05 4e-05 5e-05 5e-05 4e-05 5e-05 4e-05 4e-05 5e-05 4e-05 5e-05 5e-05 4e-05 4e-05 4e-05 4e-05 4e-05 4e-05 5e-05 4e-05 5e-05 4e-05 5e-05 4e-05 5e-05 4e-05 5e-05 4e-05 3e-05 5e-05 5e-05 4e-05 5e-05 4e-05 0.00522 4e-05 5e-05 4e-05 4e-05 5e-05 4e-05 5e-05 4e-05 5e-05 0 5e-05 4e-05 20604772.47171 
2e-05 2e-05 2e-05 2e-05 2e-05 1e-05 2e-05 2e-05 2e-05 1e-05 2e-05 2e-05 2e-05 2e-05 2e-05 2e-05 2e-05 2e-05 2e-05 2e-05 1e-05 1e-05 2e-05 2e-05 2e-05 2e-05 2e-05 2e-05 1e-05 1e-05 2e-05 2e-05 1e-05 2e-05 2e-05 2e-05 1e-05 2e-05 1e-05 1e-05 2e-05 2e-05 2e-05 2e-05 1e-05 2e-05 2e-05 2e-05 2e-05 1e-05 1e-05 2e-05 1e-05 0.005189999999999999 2e-05 2e-05 1e-05 2e-05 2e-05 2e-05 2e-05 1e-05 2e-05 5e-05 0 1e-05 20604772.471690003 
1e-05 1e-05 2e-05 2e-05 2e-05 1e-05 2e-05 2e-05 2e-05 1e-05 2e-05 2e-05 1e-05 1e-05 2e-05 2e-05 2e-05 2e-05 1e-05 2e-05 2e-05 2e-05 1e-05 1e-05 2e-05 2e-05 1e-05 1e-05 2e-05 1e-05 1e-05 1e-05 1e-05 1e-05 1e-05 1e-05 1e-05 1e-05 1e-05 2e-05 2e-05 1e-05 2e-05 2e-05 1e-05 2e-05 1e-05 1e-05 1e-05 2e-05 1e-05 1e-05 2e-05 0.00518 2e-05 1e-05 1e-05 1e-05 1e-05 2e-05 2e-05 1e-05 1e-05 4e-05 1e-05 0 20604772.47168 
20604772.47167 20604772.47168 20604772.47169 20604772.47169 20604772.47169 20604772.47169 20604772.47169 20604772.471699998 20604772.471699998 20604772.47169 20604772.47169 20604772.47169 20604772.47169 20604772.47169 20604772.47169 20604772.47169 20604772.47169 20604772.47169 20604772.47169 20604772.47169 20604772.47169 20604772.47169 20604772.47169 20604772.47169 20604772.47169 20604772.47169 20604772.47169 20604772.47169 20604772.47169 20604772.47169 20604772.47169 20604772.47169 20604772.47169 20604772.47169 20604772.47169 20604772.47169 20604772.47169 20604772.47169 20604772.47168 20604772.47169 20604772.47169 20604772.47168 20604772.47169 20604772.47169 20604772.47169 20604772.47169 20604772.47169 20604772.47168 20604772.47169 20604772.47169 20604772.47169 20604772.47169 20604772.47169 20604772.476859998 20604772.47169 20604772.47169 20604772.47169 20604772.47169 20604772.47169 20604772.47169 20604772.47169 20604772.47169 20604772.47169 20604772.47171 20604772.47169 20604772.47168 0 
