85
Alivia Alexus Ashley Aniya Aryana Jamiya Alexia Baylee Alia Ariel Carlee Brooklyn Arielle Carleigh Chasity Avni Dayami Camilla Carlie Christine Carly Bryanna Iyana Dana Gillian Aubree Elianna Denisse Emma Emilie Claire Jillian Jade Melina Jasmin Kimberly Ciara Ingrid Haven Jimena Jaden Janiya Diana Lindsay Imani Keyla Madilynn Kaley Kayden Lacey Kenzie Kaydence Juliette Kiley Lilyana Lilia Lainey Kira Matilda Mira Mckayla Kristina Kiana Laylah Maggie Natalee Jazmyn Leila Kristin Mireya Nia Zion Myah Mya Parker Zaria Neveah Lucille Mckinley Shyanne Rylee Taniyah Riley Sharon Abbey
0 7.0 14.0 14.0 9.0 9.0 14.0 14.0 14.0 14.0 15.0 14.0 9.0 8.0 9.0 7.0 9.0 9.0 14.0 14.0 14.0 14.0 14.0 7.0 9.0 9.0 9.0 14.0 7.0 14.0 9.0 14.0 14.0 14.0 8.0 14.0 14.0 14.0 8.0 7.0 8.0 14.0 7.0 14.0 8.0 7.0 7.0 8.0 9.0 14.0 8.0 8.0 14.0 14.0 14.0 7.0 8.0 9.0 8.0 9.0 7.0 14.0 7.0 9.0 8.0 14.0 14.0 9.0 8.0 14.0 8.0 14.0 7.0 8.0 8.0 7.0 7.0 9.0 9.0 14.0 14.0 14.0 8.0 8.0 7.0 
7.0 0 7.0 14.0 14.0 7.0 8.0 14.0 9.0 14.0 9.0 14.0 14.0 7.0 7.0 8.0 14.0 7.0 7.0 9.0 8.0 9.0 7.0 9.0 9.0 9.0 14.0 7.0 8.0 8.0 7.0 14.0 14.0 7.0 14.0 14.0 14.0 14.0 14.0 14.0 8.0 8.0 14.0 8.0 7.0 7.0 14.0 8.0 8.0 14.0 7.0 8.0 14.0 7.0 14.0 14.0 9.0 7.0 8.0 14.0 7.0 14.0 8.0 14.0 7.0 14.0 7.0 14.0 14.0 14.0 14.0 8.0 7.0 14.0 8.0 7.0 14.0 14.0 7.0 14.0 9.0 8.0 14.0 14.0 8.0 
14.0 7.0 0 7.0 14.0 9.0 14.0 9.0 14.0 7.0 14.0 14.0 14.0 14.0 14.0 14.0 14.0 14.0 14.0 14.0 8.0 14.0 14.0 14.0 14.0 9.0 8.0 8.0 9.0 14.0 14.0 9.0 9.0 14.0 14.0 8.0 8.0 14.0 14.0 14.0 8.0 14.0 14.0 7.0 14.0 14.0 14.0 7.0 7.0 7.0 14.0 14.0 14.0 7.0 14.0 8.0 8.0 14.0 14.0 14.0 8.0 14.0 9.0 14.0 8.0 14.0 14.0 14.0 14.0 14.0 7.0 14.0 9.0 8.0 14.0 8.0 7.0 9.0 7.0 9.0 8.0 14.0 14.0 14.0 7.0 
14.0 14.0 7.0 0 7.0 9.0 8.0 14.0 14.0 14.0 14.0 14.0 8.0 9.0 7.0 14.0 14.0 8.0 14.0 14.0 14.0 14.0 14.0 9.0 7.0 7.0 14.0 14.0 8.0 14.0 8.0 8.0 14.0 14.0 7.0 14.0 7.0 9.0 9.0 9.0 14.0 8.0 7.0 8.0 14.0 14.0 14.0 8.0 9.0 7.0 14.0 14.0 14.0 14.0 14.0 14.0 14.0 14.0 14.0 8.0 14.0 14.0 14.0 8.0 9.0 14.0 7.0 14.0 9.0 8.0 14.0 14.0 14.0 9.0 8.0 14.0 14.0 7.0 9.0 14.0 14.0 14.0 14.0 9.0 14.0 
9.0 14.0 14.0 7.0 0 7.0 14.0 14.0 8.0 9.0 14.0 14.0 14.0 9.0 8.0 9.0 14.0 9.0 14.0 14.0 14.0 9.0 14.0 14.0 14.0 8.0 14.0 14.0 9.0 14.0 8.0 9.0 14.0 14.0 8.0 9.0 9.0 14.0 14.0 14.0 14.0 7.0 9.0 14.0 14.0 14.0 8.0 9.0 7.0 14.0 14.0 14.0 14.0 9.0 14.0 14.0 14.0 9.0 14.0 14.0 7.0 8.0 7.0 9.0 14.0 7.0 8.0 9.0 8.0 7.0 9.0 14.0 9.0 14.0 14.0 14.0 14.0 14.0 9.0 9.0 8.0 7.0 8.0 14.0 7.0 
9.0 7.0 9.0 9.0 7.0 0 7.0 9.0 8.0 7.0 14.0 14.0 14.0 9.0 14.0 14.0 9.0 9.0 14.0 14.0 7.0 14.0 14.0 14.0 7.0 14.0 14.0 14.0 8.0 14.0 8.0 7.0 14.0 14.0 9.0 14.0 14.0 14.0 14.0 9.0 8.0 14.0 7.0 14.0 9.0 7.0 14.0 8.0 9.0 8.0 14.0 14.0 14.0 8.0 8.0 14.0 14.0 7.0 14.0 9.0 14.0 9.0 14.0 14.0 7.0 14.0 14.0 14.0 7.0 8.0 14.0 14.0 14.0 14.0 8.0 9.0 9.0 8.0 14.0 9.0 14.0 14.0 8.0 7.0 9.0 
14.0 8.0 14.0 8.0 14.0 7.0 0 7.0 8.0 14.0 8.0 7.0 14.0 7.0 14.0 14.0 9.0 14.0 9.0 15.0 8.0 14.0 14.0 8.0 7.0 14.0 14.0 14.0 8.0 9.0 14.0 7.0 9.0 8.0 14.0 14.0 8.0 8.0 14.0 14.0 9.0 7.0 14.0 8.0 14.0 14.0 7.0 8.0 14.0 9.0 9.0 7.0 14.0 7.0 14.0 7.0 9.0 14.0 14.0 14.0 8.0 14.0 8.0 14.0 14.0 14.0 14.0 8.0 14.0 9.0 14.0 14.0 9.0 14.0 14.0 14.0 14.0 9.0 9.0 14.0 9.0 9.0 8.0 7.0 14.0 
14.0 14.0 9.0 14.0 14.0 9.0 7.0 0 7.0 9.0 8.0 9.0 9.0 14.0 8.0 8.0 14.0 14.0 14.0 14.0 14.0 8.0 14.0 14.0 7.0 9.0 14.0 9.0 9.0 14.0 7.0 14.0 14.0 9.0 14.0 9.0 14.0 14.0 14.0 14.0 7.0 7.0 8.0 14.0 7.0 8.0 14.0 14.0 14.0 14.0 8.0 9.0 14.0 14.0 14.0 14.0 8.0 14.0 14.0 14.0 14.0 14.0 14.0 14.0 14.0 14.0 8.0 14.0 14.0 8.0 9.0 14.0 14.0 8.0 14.0 8.0 9.0 14.0 7.0 14.0 7.0 14.0 9.0 14.0 14.0 
14.0 9.0 14.0 14.0 8.0 8.0 8.0 7.0 0 7.0 7.0 9.0 14.0 14.0 7.0 14.0 14.0 14.0 9.0 14.0 14.0 14.0 14.0 9.0 7.0 9.0 14.0 14.0 8.0 8.0 14.0 7.0 8.0 8.0 7.0 14.0 8.0 14.0 9.0 14.0 14.0 14.0 14.0 8.0 14.0 8.0 14.0 8.0 7.0 14.0 14.0 14.0 9.0 8.0 8.0 8.0 7.0 8.0 8.0 7.0 9.0 7.0 14.0 8.0 14.0 14.0 8.0 9.0 14.0 14.0 14.0 14.0 14.0 14.0 14.0 8.0 14.0 9.0 8.0 7.0 14.0 14.0 7.0 14.0 8.0 
14.0 14.0 7.0 14.0 9.0 7.0 14.0 9.0 7.0 0 7.0 8.0 14.0 14.0 7.0 9.0 9.0 14.0 14.0 7.0 14.0 8.0 14.0 9.0 14.0 14.0 14.0 8.0 14.0 9.0 14.0 9.0 9.0 9.0 7.0 8.0 9.0 14.0 14.0 9.0 14.0 14.0 8.0 7.0 8.0 14.0 14.0 7.0 8.0 14.0 14.0 14.0 8.0 7.0 9.0 14.0 7.0 14.0 14.0 9.0 9.0 14.0 14.0 8.0 8.0 9.0 14.0 8.0 7.0 7.0 14.0 7.0 14.0 14.0 14.0 14.0 9.0 7.0 14.0 9.0 8.0 14.0 14.0 14.0 14.0 
15.0 9.0 14.0 14.0 14.0 14.0 8.0 8.0 7.0 7.0 0 7.0 9.0 15.0 9.0 9.0 14.0 14.0 14.0 9.0 9.0 14.0 8.0 14.0 9.0 14.0 14.0 8.0 8.0 14.0 8.0 14.0 14.0 9.0 8.0 14.0 14.0 9.0 7.0 14.0 7.0 7.0 14.0 7.0 9.0 14.0 9.0 14.0 14.0 14.0 14.0 7.0 14.0 14.0 9.0 8.0 8.0 14.0 9.0 8.0 14.0 8.0 14.0 8.0 7.0 14.0 14.0 14.0 8.0 14.0 8.0 7.0 8.0 14.0 9.0 14.0 14.0 14.0 9.0 14.0 8.0 8.0 14.0 14.0 8.0 
14.0 14.0 14.0 14.0 14.0 14.0 7.0 9.0 9.0 8.0 7.0 0 7.0 14.0 9.0 8.0 14.0 9.0 7.0 14.0 7.0 9.0 8.0 9.0 14.0 14.0 14.0 8.0 14.0 14.0 7.0 14.0 14.0 8.0 7.0 14.0 14.0 14.0 14.0 14.0 14.0 14.0 7.0 8.0 8.0 9.0 14.0 9.0 7.0 14.0 14.0 8.0 9.0 14.0 14.0 14.0 14.0 14.0 8.0 14.0 8.0 14.0 8.0 14.0 9.0 14.0 8.0 8.0 14.0 14.0 8.0 7.0 14.0 14.0 8.0 14.0 7.0 14.0 9.0 14.0 14.0 14.0 9.0 7.0 9.0 
9.0 14.0 14.0 8.0 14.0 14.0 14.0 9.0 14.0 14.0 9.0 7.0 0 7.0 14.0 14.0 8.0 14.0 7.0 14.0 14.0 14.0 14.0 14.0 14.0 8.0 14.0 14.0 9.0 7.0 14.0 14.0 14.0 14.0 9.0 9.0 9.0 14.0 14.0 14.0 7.0 14.0 9.0 8.0 9.0 14.0 9.0 14.0 8.0 14.0 8.0 14.0 9.0 14.0 7.0 14.0 7.0 9.0 7.0 7.0 14.0 14.0 9.0 9.0 14.0 8.0 14.0 8.0 14.0 8.0 14.0 9.0 14.0 8.0 14.0 9.0 14.0 14.0 14.0 14.0 14.0 14.0 14.0 7.0 7.0 
8.0 7.0 14.0 9.0 9.0 9.0 7.0 14.0 14.0 14.0 15.0 14.0 7.0 0 7.0 9.0 8.0 8.0 14.0 9.0 14.0 14.0 9.0 14.0 14.0 14.0 9.0 14.0 14.0 14.0 14.0 8.0 7.0 14.0 14.0 9.0 14.0 8.0 14.0 9.0 8.0 14.0 14.0 8.0 14.0 7.0 7.0 14.0 9.0 7.0 7.0 14.0 8.0 14.0 7.0 14.0 7.0 7.0 7.0 14.0 8.0 7.0 14.0 14.0 14.0 14.0 14.0 8.0 8.0 14.0 8.0 9.0 9.0 8.0 14.0 14.0 8.0 7.0 7.0 14.0 14.0 14.0 14.0 9.0 9.0 
9.0 7.0 14.0 7.0 8.0 14.0 14.0 8.0 7.0 7.0 9.0 9.0 14.0 7.0 0 7.0 7.0 9.0 14.0 14.0 8.0 9.0 14.0 14.0 14.0 14.0 14.0 9.0 14.0 9.0 14.0 14.0 14.0 8.0 7.0 7.0 8.0 9.0 14.0 14.0 14.0 14.0 14.0 14.0 9.0 7.0 14.0 9.0 8.0 7.0 8.0 9.0 14.0 7.0 7.0 8.0 9.0 14.0 7.0 9.0 14.0 14.0 14.0 14.0 14.0 8.0 8.0 7.0 14.0 14.0 9.0 14.0 8.0 14.0 14.0 14.0 9.0 14.0 14.0 14.0 14.0 9.0 14.0 14.0 14.0 
7.0 8.0 14.0 14.0 9.0 14.0 14.0 8.0 14.0 9.0 9.0 8.0 14.0 9.0 7.0 0 7.0 14.0 15.0 8.0 14.0 14.0 14.0 8.0 7.0 14.0 8.0 14.0 14.0 14.0 14.0 9.0 14.0 14.0 7.0 9.0 14.0 14.0 14.0 14.0 8.0 14.0 14.0 7.0 8.0 7.0 14.0 8.0 7.0 14.0 9.0 8.0 14.0 14.0 7.0 7.0 9.0 14.0 9.0 9.0 9.0 9.0 8.0 14.0 14.0 9.0 14.0 14.0 14.0 7.0 14.0 9.0 7.0 14.0 7.0 14.0 9.0 9.0 8.0 14.0 14.0 14.0 7.0 14.0 14.0 
9.0 14.0 14.0 14.0 14.0 9.0 9.0 14.0 14.0 9.0 14.0 14.0 8.0 8.0 7.0 7.0 0 7.0 8.0 9.0 9.0 14.0 14.0 7.0 7.0 9.0 8.0 8.0 14.0 14.0 14.0 8.0 14.0 9.0 14.0 8.0 14.0 8.0 14.0 9.0 7.0 14.0 7.0 8.0 9.0 14.0 8.0 14.0 14.0 8.0 14.0 14.0 14.0 9.0 14.0 9.0 8.0 9.0 14.0 14.0 14.0 14.0 14.0 8.0 14.0 14.0 14.0 7.0 8.0 8.0 14.0 7.0 7.0 14.0 14.0 7.0 14.0 14.0 14.0 14.0 14.0 14.0 14.0 9.0 14.0 
9.0 7.0 14.0 8.0 9.0 9.0 14.0 14.0 14.0 14.0 14.0 9.0 14.0 8.0 9.0 14.0 7.0 0 7.0 14.0 8.0 14.0 14.0 9.0 7.0 14.0 8.0 14.0 14.0 14.0 9.0 14.0 7.0 14.0 14.0 8.0 14.0 7.0 8.0 9.0 7.0 8.0 14.0 8.0 14.0 14.0 14.0 7.0 9.0 14.0 14.0 14.0 8.0 8.0 14.0 14.0 7.0 14.0 7.0 7.0 9.0 14.0 9.0 14.0 14.0 8.0 8.0 7.0 9.0 14.0 7.0 8.0 8.0 8.0 14.0 14.0 14.0 8.0 9.0 7.0 14.0 14.0 14.0 14.0 7.0 
14.0 7.0 14.0 14.0 14.0 14.0 9.0 14.0 9.0 14.0 14.0 7.0 7.0 14.0 14.0 15.0 8.0 7.0 0 7.0 14.0 14.0 8.0 8.0 14.0 14.0 14.0 14.0 14.0 14.0 14.0 9.0 14.0 8.0 9.0 7.0 8.0 7.0 14.0 14.0 9.0 8.0 14.0 8.0 7.0 14.0 14.0 9.0 14.0 14.0 14.0 14.0 14.0 7.0 14.0 8.0 14.0 8.0 9.0 8.0 9.0 14.0 14.0 8.0 14.0 9.0 14.0 14.0 8.0 9.0 14.0 14.0 14.0 14.0 14.0 8.0 9.0 9.0 9.0 14.0 14.0 14.0 14.0 14.0 14.0 
14.0 9.0 14.0 14.0 14.0 14.0 15.0 14.0 14.0 7.0 9.0 14.0 14.0 9.0 14.0 8.0 9.0 14.0 7.0 0 7.0 9.0 14.0 14.0 14.0 14.0 14.0 14.0 7.0 14.0 14.0 14.0 14.0 7.0 7.0 14.0 9.0 8.0 9.0 14.0 14.0 14.0 14.0 14.0 14.0 14.0 9.0 14.0 8.0 8.0 14.0 9.0 7.0 8.0 9.0 9.0 7.0 14.0 7.0 7.0 7.0 9.0 9.0 7.0 8.0 14.0 14.0 9.0 14.0 7.0 8.0 14.0 14.0 9.0 7.0 8.0 9.0 14.0 7.0 9.0 14.0 14.0 14.0 9.0 8.0 
14.0 8.0 8.0 14.0 14.0 7.0 8.0 14.0 14.0 14.0 9.0 7.0 14.0 14.0 8.0 14.0 9.0 8.0 14.0 7.0 0 7.0 14.0 8.0 7.0 9.0 9.0 9.0 7.0 9.0 8.0 8.0 14.0 8.0 14.0 14.0 9.0 14.0 14.0 9.0 14.0 8.0 14.0 8.0 9.0 14.0 14.0 14.0 14.0 14.0 8.0 8.0 7.0 8.0 9.0 8.0 14.0 9.0 14.0 8.0 14.0 14.0 14.0 14.0 7.0 9.0 8.0 8.0 14.0 8.0 14.0 14.0 14.0 9.0 8.0 14.0 14.0 14.0 14.0 14.0 14.0 8.0 14.0 14.0 7.0 
14.0 9.0 14.0 14.0 9.0 14.0 14.0 8.0 14.0 8.0 14.0 9.0 14.0 14.0 9.0 14.0 14.0 14.0 14.0 9.0 7.0 0 7.0 14.0 8.0 14.0 9.0 14.0 14.0 8.0 14.0 8.0 8.0 14.0 8.0 8.0 14.0 8.0 14.0 14.0 14.0 14.0 9.0 14.0 14.0 9.0 9.0 14.0 8.0 7.0 14.0 14.0 14.0 8.0 9.0 9.0 14.0 7.0 14.0 8.0 14.0 7.0 14.0 8.0 9.0 14.0 8.0 14.0 7.0 14.0 7.0 14.0 14.0 14.0 14.0 14.0 14.0 8.0 8.0 15.0 8.0 14.0 8.0 14.0 9.0 
14.0 7.0 14.0 14.0 14.0 14.0 14.0 14.0 14.0 14.0 8.0 8.0 14.0 9.0 14.0 14.0 14.0 14.0 8.0 14.0 14.0 7.0 0 7.0 14.0 9.0 9.0 14.0 9.0 9.0 8.0 7.0 14.0 7.0 14.0 7.0 14.0 14.0 7.0 7.0 14.0 7.0 14.0 9.0 9.0 14.0 9.0 7.0 14.0 8.0 14.0 14.0 14.0 14.0 7.0 14.0 9.0 14.0 14.0 14.0 9.0 9.0 14.0 9.0 14.0 9.0 14.0 14.0 7.0 14.0 14.0 9.0 14.0 14.0 9.0 14.0 8.0 14.0 9.0 9.0 14.0 14.0 7.0 14.0 9.0 
7.0 9.0 14.0 9.0 14.0 14.0 8.0 14.0 9.0 9.0 14.0 9.0 14.0 14.0 14.0 8.0 7.0 9.0 8.0 14.0 8.0 14.0 7.0 0 7.0 9.0 14.0 14.0 9.0 14.0 8.0 9.0 9.0 7.0 14.0 14.0 9.0 9.0 14.0 8.0 9.0 7.0 14.0 7.0 9.0 9.0 9.0 14.0 8.0 7.0 8.0 7.0 14.0 8.0 14.0 14.0 14.0 8.0 14.0 14.0 9.0 14.0 14.0 9.0 9.0 14.0 14.0 14.0 14.0 14.0 14.0 8.0 9.0 8.0 8.0 8.0 14.0 8.0 14.0 14.0 8.0 14.0 8.0 14.0 8.0 
9.0 9.0 14.0 7.0 14.0 7.0 7.0 7.0 7.0 14.0 9.0 14.0 14.0 14.0 14.0 7.0 7.0 7.0 14.0 14.0 7.0 8.0 14.0 7.0 0 7.0 7.0 8.0 7.0 14.0 7.0 14.0 7.0 9.0 14.0 7.0 14.0 7.0 14.0 14.0 14.0 14.0 7.0 14.0 14.0 8.0 14.0 14.0 7.0 14.0 14.0 14.0 14.0 14.0 8.0 7.0 14.0 9.0 14.0 9.0 7.0 8.0 14.0 14.0 14.0 8.0 14.0 14.0 14.0 7.0 7.0 8.0 14.0 14.0 9.0 7.0 8.0 14.0 14.0 14.0 9.0 14.0 14.0 9.0 8.0 
9.0 9.0 9.0 7.0 8.0 14.0 14.0 9.0 9.0 14.0 14.0 14.0 8.0 14.0 14.0 14.0 9.0 14.0 14.0 14.0 9.0 14.0 9.0 9.0 7.0 0 7.0 9.0 14.0 9.0 14.0 8.0 14.0 14.0 14.0 14.0 9.0 14.0 14.0 9.0 7.0 14.0 9.0 8.0 7.0 14.0 8.0 9.0 14.0 8.0 14.0 8.0 9.0 9.0 14.0 8.0 9.0 9.0 7.0 14.0 7.0 7.0 9.0 9.0 14.0 7.0 14.0 14.0 14.0 9.0 8.0 14.0 8.0 14.0 7.0 7.0 14.0 7.0 14.0 7.0 9.0 14.0 14.0 8.0 7.0 
9.0 14.0 8.0 14.0 14.0 14.0 14.0 14.0 14.0 14.0 14.0 14.0 14.0 9.0 14.0 8.0 8.0 8.0 14.0 14.0 9.0 9.0 9.0 14.0 7.0 7.0 0 7.0 8.0 7.0 14.0 9.0 14.0 9.0 8.0 7.0 14.0 8.0 14.0 8.0 9.0 14.0 9.0 9.0 14.0 14.0 14.0 9.0 9.0 8.0 14.0 14.0 7.0 14.0 8.0 14.0 9.0 9.0 7.0 8.0 8.0 9.0 14.0 8.0 14.0 14.0 14.0 9.0 8.0 14.0 7.0 9.0 14.0 14.0 9.0 14.0 14.0 9.0 7.0 7.0 14.0 7.0 8.0 9.0 9.0 
14.0 7.0 8.0 14.0 14.0 14.0 14.0 9.0 14.0 8.0 8.0 8.0 14.0 14.0 9.0 14.0 8.0 14.0 14.0 14.0 9.0 14.0 14.0 14.0 8.0 9.0 7.0 0 7.0 14.0 9.0 7.0 14.0 14.0 14.0 14.0 14.0 14.0 7.0 14.0 14.0 14.0 9.0 14.0 14.0 14.0 9.0 8.0 7.0 8.0 14.0 14.0 14.0 14.0 8.0 14.0 14.0 9.0 14.0 7.0 9.0 8.0 14.0 9.0 14.0 8.0 14.0 14.0 7.0 9.0 8.0 14.0 7.0 7.0 14.0 9.0 14.0 14.0 7.0 8.0 14.0 7.0 9.0 14.0 7.0 
7.0 8.0 9.0 8.0 9.0 8.0 8.0 9.0 8.0 14.0 8.0 14.0 9.0 14.0 14.0 14.0 14.0 14.0 14.0 7.0 7.0 14.0 9.0 9.0 7.0 14.0 8.0 7.0 0 7.0 14.0 7.0 14.0 8.0 14.0 9.0 9.0 14.0 8.0 14.0 14.0 14.0 8.0 8.0 8.0 14.0 14.0 14.0 8.0 14.0 14.0 14.0 9.0 14.0 14.0 7.0 7.0 14.0 7.0 9.0 8.0 14.0 9.0 9.0 9.0 14.0 14.0 7.0 8.0 8.0 14.0 8.0 9.0 9.0 14.0 14.0 14.0 14.0 14.0 8.0 9.0 14.0 14.0 14.0 14.0 
14.0 8.0 14.0 14.0 14.0 14.0 9.0 14.0 8.0 9.0 14.0 14.0 7.0 14.0 9.0 14.0 14.0 14.0 14.0 14.0 9.0 8.0 9.0 14.0 14.0 9.0 7.0 14.0 7.0 0 7.0 8.0 7.0 14.0 14.0 14.0 8.0 7.0 14.0 14.0 14.0 14.0 7.0 8.0 8.0 14.0 8.0 9.0 9.0 14.0 14.0 14.0 7.0 9.0 7.0 14.0 9.0 14.0 7.0 8.0 14.0 15.0 14.0 14.0 9.0 14.0 9.0 9.0 7.0 7.0 9.0 8.0 9.0 9.0 14.0 8.0 7.0 14.0 14.0 8.0 14.0 8.0 14.0 7.0 14.0 
9.0 7.0 14.0 8.0 8.0 8.0 14.0 7.0 14.0 14.0 8.0 7.0 14.0 14.0 14.0 14.0 14.0 9.0 14.0 14.0 8.0 14.0 8.0 8.0 7.0 14.0 14.0 9.0 14.0 7.0 0 7.0 14.0 8.0 8.0 9.0 8.0 8.0 8.0 8.0 9.0 14.0 14.0 7.0 14.0 14.0 7.0 8.0 14.0 9.0 8.0 8.0 7.0 14.0 14.0 8.0 7.0 9.0 14.0 7.0 7.0 14.0 14.0 9.0 8.0 14.0 9.0 14.0 7.0 9.0 14.0 8.0 9.0 8.0 7.0 8.0 9.0 14.0 14.0 8.0 8.0 14.0 14.0 14.0 14.0 
14.0 14.0 9.0 8.0 9.0 7.0 7.0 14.0 7.0 9.0 14.0 14.0 14.0 8.0 14.0 9.0 8.0 14.0 9.0 14.0 8.0 8.0 7.0 9.0 14.0 8.0 9.0 7.0 7.0 8.0 7.0 0 7.0 7.0 8.0 9.0 14.0 9.0 9.0 9.0 14.0 14.0 8.0 14.0 9.0 14.0 14.0 9.0 7.0 14.0 14.0 14.0 14.0 7.0 14.0 7.0 9.0 14.0 9.0 7.0 7.0 14.0 8.0 14.0 8.0 14.0 14.0 7.0 8.0 14.0 14.0 8.0 14.0 14.0 7.0 7.0 14.0 8.0 8.0 14.0 8.0 14.0 14.0 9.0 8.0 
14.0 14.0 9.0 14.0 14.0 14.0 9.0 14.0 8.0 9.0 14.0 14.0 14.0 7.0 14.0 14.0 14.0 7.0 14.0 14.0 14.0 8.0 14.0 9.0 7.0 14.0 14.0 14.0 14.0 7.0 14.0 7.0 0 7.0 9.0 8.0 14.0 14.0 8.0 14.0 9.0 9.0 9.0 14.0 8.0 8.0 14.0 8.0 14.0 8.0 14.0 14.0 9.0 14.0 14.0 8.0 14.0 14.0 14.0 14.0 14.0 14.0 14.0 14.0 14.0 14.0 8.0 14.0 14.0 8.0 7.0 14.0 8.0 9.0 14.0 9.0 8.0 8.0 14.0 14.0 14.0 14.0 14.0 8.0 14.0 
14.0 7.0 14.0 14.0 14.0 14.0 8.0 9.0 8.0 9.0 9.0 8.0 14.0 14.0 8.0 14.0 9.0 14.0 8.0 7.0 8.0 14.0 7.0 7.0 9.0 14.0 9.0 14.0 8.0 14.0 8.0 7.0 7.0 0 7.0 14.0 14.0 14.0 14.0 8.0 8.0 9.0 14.0 9.0 8.0 14.0 8.0 14.0 7.0 8.0 14.0 8.0 14.0 14.0 7.0 14.0 7.0 9.0 8.0 14.0 14.0 14.0 14.0 14.0 7.0 14.0 14.0 14.0 9.0 14.0 9.0 14.0 9.0 7.0 7.0 14.0 14.0 14.0 14.0 14.0 14.0 14.0 8.0 9.0 9.0 
8.0 14.0 14.0 7.0 8.0 9.0 14.0 14.0 7.0 7.0 8.0 7.0 9.0 14.0 7.0 7.0 14.0 14.0 9.0 7.0 14.0 8.0 14.0 14.0 14.0 14.0 8.0 14.0 14.0 14.0 8.0 8.0 9.0 7.0 0 7.0 14.0 14.0 14.0 8.0 9.0 8.0 14.0 9.0 14.0 8.0 14.0 8.0 14.0 14.0 14.0 9.0 9.0 14.0 8.0 8.0 14.0 14.0 14.0 14.0 8.0 14.0 14.0 7.0 7.0 14.0 14.0 14.0 8.0 14.0 14.0 9.0 14.0 8.0 8.0 7.0 8.0 9.0 8.0 14.0 8.0 14.0 14.0 9.0 7.0 
14.0 14.0 8.0 14.0 9.0 14.0 14.0 9.0 14.0 8.0 14.0 14.0 9.0 9.0 7.0 9.0 8.0 8.0 7.0 14.0 14.0 8.0 7.0 14.0 7.0 14.0 7.0 14.0 9.0 14.0 9.0 9.0 8.0 14.0 7.0 0 7.0 14.0 8.0 14.0 7.0 14.0 7.0 8.0 7.0 7.0 9.0 8.0 7.0 8.0 14.0 9.0 7.0 9.0 7.0 8.0 14.0 14.0 8.0 8.0 14.0 14.0 7.0 14.0 14.0 14.0 14.0 14.0 8.0 14.0 7.0 14.0 8.0 9.0 14.0 8.0 14.0 14.0 8.0 14.0 9.0 9.0 8.0 14.0 8.0 
14.0 14.0 8.0 7.0 9.0 14.0 8.0 14.0 8.0 9.0 14.0 14.0 9.0 14.0 8.0 14.0 14.0 14.0 8.0 9.0 9.0 14.0 14.0 9.0 14.0 9.0 14.0 14.0 9.0 8.0 8.0 14.0 14.0 14.0 14.0 7.0 0 7.0 14.0 14.0 9.0 8.0 14.0 8.0 14.0 14.0 14.0 8.0 14.0 8.0 8.0 14.0 8.0 8.0 8.0 14.0 7.0 14.0 9.0 7.0 14.0 14.0 14.0 14.0 14.0 8.0 14.0 14.0 8.0 9.0 8.0 7.0 14.0 7.0 8.0 7.0 8.0 14.0 8.0 7.0 7.0 7.0 8.0 14.0 9.0 
14.0 14.0 14.0 9.0 14.0 14.0 8.0 14.0 14.0 14.0 9.0 14.0 14.0 8.0 9.0 14.0 8.0 7.0 7.0 8.0 14.0 8.0 14.0 9.0 7.0 14.0 8.0 14.0 14.0 7.0 8.0 9.0 14.0 14.0 14.0 14.0 7.0 0 7.0 14.0 8.0 7.0 8.0 14.0 7.0 7.0 8.0 14.0 14.0 9.0 8.0 9.0 14.0 9.0 14.0 14.0 14.0 9.0 9.0 8.0 14.0 14.0 14.0 14.0 14.0 14.0 7.0 7.0 14.0 7.0 14.0 7.0 9.0 14.0 9.0 7.0 14.0 7.0 8.0 7.0 14.0 9.0 9.0 14.0 14.0 
8.0 14.0 14.0 9.0 14.0 14.0 14.0 14.0 9.0 14.0 7.0 14.0 14.0 14.0 14.0 14.0 14.0 8.0 14.0 9.0 14.0 14.0 7.0 14.0 14.0 14.0 14.0 7.0 8.0 14.0 8.0 9.0 8.0 14.0 14.0 8.0 14.0 7.0 0 7.0 14.0 9.0 14.0 14.0 14.0 8.0 14.0 14.0 7.0 14.0 14.0 14.0 7.0 14.0 14.0 14.0 8.0 7.0 7.0 8.0 7.0 8.0 14.0 7.0 8.0 14.0 14.0 7.0 14.0 14.0 14.0 14.0 14.0 8.0 14.0 9.0 14.0 14.0 9.0 9.0 9.0 7.0 14.0 7.0 14.0 
7.0 14.0 14.0 9.0 14.0 9.0 14.0 14.0 14.0 9.0 14.0 14.0 14.0 9.0 14.0 14.0 9.0 9.0 14.0 14.0 9.0 14.0 7.0 8.0 14.0 9.0 8.0 14.0 14.0 14.0 8.0 9.0 14.0 8.0 8.0 14.0 14.0 14.0 7.0 0 7.0 9.0 8.0 14.0 8.0 14.0 14.0 14.0 9.0 7.0 14.0 14.0 14.0 7.0 9.0 8.0 7.0 14.0 9.0 14.0 8.0 14.0 9.0 14.0 14.0 14.0 14.0 14.0 8.0 8.0 7.0 14.0 14.0 14.0 14.0 7.0 14.0 7.0 14.0 8.0 7.0 14.0 14.0 14.0 14.0 
8.0 8.0 8.0 14.0 14.0 8.0 9.0 7.0 14.0 14.0 7.0 14.0 7.0 8.0 14.0 8.0 7.0 7.0 9.0 14.0 14.0 14.0 14.0 9.0 14.0 7.0 9.0 14.0 14.0 14.0 9.0 14.0 9.0 8.0 9.0 7.0 9.0 8.0 14.0 7.0 0 7.0 14.0 9.0 14.0 14.0 7.0 14.0 14.0 14.0 14.0 9.0 9.0 14.0 7.0 14.0 14.0 14.0 8.0 9.0 8.0 8.0 14.0 7.0 14.0 14.0 14.0 14.0 8.0 14.0 7.0 14.0 14.0 14.0 9.0 7.0 14.0 8.0 14.0 8.0 14.0 14.0 14.0 9.0 14.0 
14.0 8.0 14.0 8.0 7.0 14.0 7.0 7.0 14.0 14.0 7.0 14.0 14.0 14.0 14.0 14.0 14.0 8.0 8.0 14.0 8.0 14.0 7.0 7.0 14.0 14.0 14.0 14.0 14.0 14.0 14.0 14.0 9.0 9.0 8.0 14.0 8.0 7.0 9.0 9.0 7.0 0 7.0 14.0 7.0 14.0 7.0 14.0 14.0 14.0 9.0 8.0 14.0 14.0 14.0 8.0 8.0 14.0 14.0 14.0 14.0 9.0 14.0 9.0 8.0 7.0 7.0 14.0 14.0 14.0 14.0 14.0 9.0 14.0 14.0 14.0 9.0 8.0 14.0 7.0 14.0 9.0 14.0 9.0 14.0 
7.0 14.0 14.0 7.0 9.0 7.0 14.0 8.0 14.0 8.0 14.0 7.0 9.0 14.0 14.0 14.0 7.0 14.0 14.0 14.0 14.0 9.0 14.0 14.0 7.0 9.0 9.0 9.0 8.0 7.0 14.0 8.0 9.0 14.0 14.0 7.0 14.0 8.0 14.0 8.0 14.0 7.0 0 7.0 9.0 14.0 14.0 8.0 9.0 14.0 9.0 9.0 8.0 14.0 9.0 8.0 14.0 8.0 9.0 7.0 14.0 9.0 8.0 14.0 14.0 7.0 8.0 8.0 14.0 9.0 8.0 14.0 9.0 14.0 14.0 8.0 14.0 9.0 9.0 9.0 7.0 7.0 14.0 7.0 14.0 
14.0 8.0 7.0 8.0 14.0 14.0 8.0 14.0 8.0 7.0 7.0 8.0 8.0 8.0 14.0 7.0 8.0 8.0 8.0 14.0 8.0 14.0 9.0 7.0 14.0 8.0 9.0 14.0 8.0 8.0 7.0 14.0 14.0 9.0 9.0 8.0 8.0 14.0 14.0 14.0 9.0 14.0 7.0 0 7.0 8.0 14.0 7.0 14.0 14.0 9.0 8.0 9.0 9.0 14.0 9.0 9.0 8.0 9.0 14.0 14.0 8.0 7.0 9.0 8.0 9.0 9.0 14.0 14.0 14.0 9.0 14.0 14.0 9.0 14.0 14.0 8.0 14.0 14.0 14.0 7.0 9.0 14.0 14.0 7.0 
8.0 7.0 14.0 14.0 14.0 9.0 14.0 7.0 14.0 8.0 9.0 8.0 9.0 14.0 9.0 8.0 9.0 14.0 7.0 14.0 9.0 14.0 9.0 9.0 14.0 7.0 14.0 14.0 8.0 8.0 14.0 9.0 8.0 8.0 14.0 7.0 14.0 7.0 14.0 8.0 14.0 7.0 9.0 7.0 0 7.0 14.0 14.0 8.0 14.0 9.0 9.0 14.0 9.0 9.0 8.0 14.0 7.0 9.0 14.0 14.0 9.0 7.0 9.0 8.0 7.0 14.0 9.0 14.0 14.0 14.0 7.0 8.0 14.0 14.0 14.0 14.0 14.0 14.0 14.0 14.0 7.0 14.0 14.0 14.0 
7.0 7.0 14.0 14.0 14.0 7.0 14.0 8.0 8.0 14.0 14.0 9.0 14.0 7.0 7.0 7.0 14.0 14.0 14.0 14.0 14.0 9.0 14.0 9.0 8.0 14.0 14.0 14.0 14.0 14.0 14.0 14.0 8.0 14.0 8.0 7.0 14.0 7.0 8.0 14.0 14.0 14.0 14.0 8.0 7.0 0 7.0 14.0 14.0 14.0 8.0 9.0 14.0 14.0 8.0 9.0 14.0 14.0 9.0 8.0 14.0 14.0 14.0 15.0 14.0 14.0 14.0 14.0 8.0 8.0 14.0 14.0 7.0 14.0 9.0 9.0 8.0 14.0 14.0 7.0 14.0 7.0 14.0 9.0 14.0 
7.0 14.0 14.0 14.0 8.0 14.0 7.0 14.0 14.0 14.0 9.0 14.0 9.0 7.0 14.0 14.0 8.0 14.0 14.0 9.0 14.0 9.0 9.0 9.0 14.0 8.0 14.0 9.0 14.0 8.0 7.0 14.0 14.0 8.0 14.0 9.0 14.0 8.0 14.0 14.0 7.0 7.0 14.0 14.0 14.0 7.0 0 7.0 8.0 14.0 9.0 9.0 8.0 14.0 14.0 9.0 9.0 14.0 9.0 7.0 14.0 14.0 8.0 9.0 8.0 14.0 14.0 7.0 14.0 7.0 14.0 9.0 9.0 14.0 14.0 9.0 14.0 9.0 9.0 7.0 14.0 14.0 14.0 14.0 14.0 
8.0 8.0 7.0 8.0 9.0 8.0 8.0 14.0 8.0 7.0 14.0 9.0 14.0 14.0 9.0 8.0 14.0 7.0 9.0 14.0 14.0 14.0 7.0 14.0 14.0 9.0 9.0 8.0 14.0 9.0 8.0 9.0 8.0 14.0 8.0 8.0 8.0 14.0 14.0 14.0 14.0 14.0 8.0 7.0 14.0 14.0 7.0 0 7.0 14.0 14.0 14.0 8.0 9.0 9.0 8.0 14.0 8.0 7.0 7.0 14.0 14.0 9.0 14.0 9.0 9.0 14.0 14.0 9.0 9.0 14.0 7.0 14.0 14.0 14.0 14.0 8.0 7.0 9.0 8.0 8.0 7.0 9.0 14.0 14.0 
9.0 8.0 7.0 9.0 7.0 9.0 14.0 14.0 7.0 8.0 14.0 7.0 8.0 9.0 8.0 7.0 14.0 9.0 14.0 8.0 14.0 8.0 14.0 8.0 7.0 14.0 9.0 7.0 8.0 9.0 14.0 7.0 14.0 7.0 14.0 7.0 14.0 14.0 7.0 9.0 14.0 14.0 9.0 14.0 8.0 14.0 8.0 7.0 0 7.0 14.0 14.0 9.0 9.0 9.0 14.0 14.0 14.0 8.0 14.0 7.0 9.0 14.0 14.0 14.0 14.0 14.0 14.0 9.0 14.0 8.0 8.0 8.0 7.0 14.0 9.0 7.0 14.0 14.0 14.0 14.0 8.0 14.0 14.0 9.0 
14.0 14.0 7.0 7.0 14.0 8.0 9.0 14.0 14.0 14.0 14.0 14.0 14.0 7.0 7.0 14.0 8.0 14.0 14.0 8.0 14.0 7.0 8.0 7.0 14.0 8.0 8.0 8.0 14.0 14.0 9.0 14.0 8.0 8.0 14.0 8.0 8.0 9.0 14.0 7.0 14.0 14.0 14.0 14.0 14.0 14.0 14.0 14.0 7.0 0 7.0 8.0 9.0 14.0 14.0 14.0 14.0 7.0 14.0 14.0 7.0 14.0 8.0 8.0 14.0 9.0 14.0 7.0 8.0 7.0 8.0 14.0 14.0 8.0 9.0 8.0 9.0 8.0 14.0 9.0 14.0 14.0 14.0 14.0 9.0 
8.0 7.0 14.0 14.0 14.0 14.0 9.0 8.0 14.0 14.0 14.0 14.0 8.0 7.0 8.0 9.0 14.0 14.0 14.0 14.0 8.0 14.0 14.0 8.0 14.0 14.0 14.0 14.0 14.0 14.0 8.0 14.0 14.0 14.0 14.0 14.0 8.0 8.0 14.0 14.0 14.0 9.0 9.0 9.0 9.0 8.0 9.0 14.0 14.0 7.0 0 7.0 14.0 14.0 7.0 9.0 8.0 14.0 9.0 14.0 14.0 8.0 8.0 8.0 14.0 7.0 14.0 7.0 14.0 8.0 9.0 7.0 14.0 14.0 7.0 14.0 14.0 14.0 8.0 7.0 7.0 8.0 7.0 7.0 8.0 
8.0 8.0 14.0 14.0 14.0 14.0 7.0 9.0 14.0 14.0 7.0 8.0 14.0 14.0 9.0 8.0 14.0 14.0 14.0 9.0 8.0 14.0 14.0 7.0 14.0 8.0 14.0 14.0 14.0 14.0 8.0 14.0 14.0 8.0 9.0 9.0 14.0 9.0 14.0 14.0 9.0 8.0 9.0 8.0 9.0 9.0 9.0 14.0 14.0 8.0 7.0 0 7.0 14.0 9.0 7.0 14.0 7.0 8.0 8.0 14.0 14.0 9.0 14.0 14.0 8.0 14.0 14.0 7.0 8.0 15.0 14.0 14.0 9.0 8.0 14.0 9.0 14.0 14.0 14.0 8.0 14.0 8.0 9.0 14.0 
14.0 14.0 14.0 14.0 14.0 14.0 14.0 14.0 9.0 8.0 14.0 9.0 9.0 8.0 14.0 14.0 14.0 8.0 14.0 7.0 7.0 14.0 14.0 14.0 14.0 9.0 7.0 14.0 9.0 7.0 7.0 14.0 9.0 14.0 9.0 7.0 8.0 14.0 7.0 14.0 9.0 14.0 8.0 9.0 14.0 14.0 8.0 8.0 9.0 9.0 14.0 7.0 0 7.0 8.0 9.0 14.0 9.0 7.0 8.0 9.0 14.0 9.0 14.0 14.0 14.0 14.0 8.0 8.0 14.0 9.0 9.0 9.0 14.0 7.0 8.0 14.0 8.0 8.0 8.0 7.0 14.0 7.0 9.0 14.0 
14.0 7.0 7.0 14.0 9.0 8.0 7.0 14.0 8.0 7.0 14.0 14.0 14.0 14.0 7.0 14.0 9.0 8.0 7.0 8.0 8.0 8.0 14.0 8.0 14.0 9.0 14.0 14.0 14.0 9.0 14.0 7.0 14.0 14.0 14.0 9.0 8.0 9.0 14.0 7.0 14.0 14.0 14.0 9.0 9.0 14.0 14.0 9.0 9.0 14.0 14.0 14.0 7.0 0 7.0 14.0 8.0 14.0 8.0 14.0 8.0 14.0 8.0 14.0 14.0 14.0 14.0 9.0 9.0 9.0 8.0 14.0 14.0 14.0 14.0 8.0 14.0 9.0 14.0 9.0 8.0 8.0 8.0 14.0 7.0 
14.0 14.0 14.0 14.0 14.0 8.0 14.0 14.0 8.0 9.0 9.0 14.0 7.0 7.0 7.0 7.0 14.0 14.0 14.0 9.0 9.0 9.0 7.0 14.0 8.0 14.0 8.0 8.0 14.0 7.0 14.0 14.0 14.0 7.0 8.0 7.0 8.0 14.0 14.0 9.0 7.0 14.0 9.0 14.0 9.0 8.0 14.0 9.0 9.0 14.0 7.0 9.0 8.0 7.0 0 7.0 9.0 14.0 9.0 9.0 8.0 8.0 14.0 14.0 8.0 7.0 9.0 14.0 8.0 14.0 14.0 14.0 8.0 9.0 7.0 7.0 9.0 14.0 7.0 14.0 7.0 14.0 8.0 14.0 14.0 
7.0 14.0 8.0 14.0 14.0 14.0 7.0 14.0 8.0 14.0 8.0 14.0 14.0 14.0 8.0 7.0 9.0 14.0 8.0 9.0 8.0 9.0 14.0 14.0 7.0 8.0 14.0 14.0 7.0 14.0 8.0 7.0 8.0 14.0 8.0 8.0 14.0 14.0 14.0 8.0 14.0 8.0 8.0 9.0 8.0 9.0 9.0 8.0 14.0 14.0 9.0 7.0 9.0 14.0 7.0 0 7.0 8.0 9.0 14.0 8.0 8.0 9.0 14.0 14.0 14.0 9.0 14.0 8.0 8.0 8.0 7.0 14.0 7.0 7.0 14.0 7.0 7.0 7.0 7.0 7.0 9.0 14.0 7.0 14.0 
8.0 9.0 8.0 14.0 14.0 14.0 9.0 8.0 7.0 7.0 8.0 14.0 7.0 7.0 9.0 9.0 8.0 7.0 14.0 7.0 14.0 14.0 9.0 14.0 14.0 9.0 9.0 14.0 7.0 9.0 7.0 9.0 14.0 7.0 14.0 14.0 7.0 14.0 8.0 7.0 14.0 8.0 14.0 9.0 14.0 14.0 9.0 14.0 14.0 14.0 8.0 14.0 14.0 8.0 9.0 7.0 0 7.0 7.0 8.0 7.0 9.0 14.0 14.0 14.0 14.0 8.0 14.0 8.0 8.0 14.0 9.0 14.0 9.0 9.0 14.0 8.0 7.0 14.0 7.0 14.0 14.0 9.0 7.0 7.0 
9.0 7.0 14.0 14.0 9.0 7.0 14.0 14.0 8.0 14.0 14.0 14.0 9.0 7.0 14.0 14.0 9.0 14.0 8.0 14.0 9.0 7.0 14.0 8.0 9.0 9.0 9.0 9.0 14.0 14.0 9.0 14.0 14.0 9.0 14.0 14.0 14.0 9.0 7.0 14.0 14.0 14.0 8.0 8.0 7.0 14.0 14.0 8.0 14.0 7.0 14.0 7.0 9.0 14.0 14.0 8.0 7.0 0 7.0 14.0 7.0 9.0 14.0 14.0 14.0 14.0 9.0 14.0 9.0 9.0 14.0 14.0 14.0 14.0 14.0 7.0 14.0 14.0 8.0 9.0 14.0 7.0 14.0 8.0 9.0 
8.0 8.0 14.0 14.0 14.0 14.0 14.0 14.0 8.0 14.0 9.0 8.0 7.0 7.0 7.0 9.0 14.0 7.0 9.0 7.0 14.0 14.0 14.0 14.0 14.0 7.0 7.0 14.0 7.0 7.0 14.0 9.0 14.0 8.0 14.0 8.0 9.0 9.0 7.0 9.0 8.0 14.0 9.0 9.0 9.0 9.0 9.0 7.0 8.0 14.0 9.0 8.0 7.0 8.0 9.0 9.0 7.0 7.0 0 7.0 14.0 8.0 9.0 8.0 14.0 14.0 14.0 9.0 9.0 7.0 7.0 14.0 7.0 7.0 14.0 8.0 9.0 14.0 8.0 8.0 9.0 9.0 14.0 7.0 7.0 
9.0 14.0 14.0 8.0 14.0 9.0 14.0 14.0 7.0 9.0 8.0 14.0 7.0 14.0 9.0 9.0 14.0 7.0 8.0 7.0 8.0 8.0 14.0 14.0 9.0 14.0 8.0 7.0 9.0 8.0 7.0 7.0 14.0 14.0 14.0 8.0 7.0 8.0 8.0 14.0 9.0 14.0 7.0 14.0 14.0 8.0 7.0 7.0 14.0 14.0 14.0 8.0 8.0 14.0 9.0 14.0 8.0 14.0 7.0 0 7.0 14.0 14.0 14.0 8.0 8.0 9.0 8.0 14.0 8.0 7.0 14.0 8.0 7.0 14.0 14.0 14.0 14.0 14.0 9.0 14.0 8.0 14.0 9.0 14.0 
7.0 7.0 8.0 14.0 7.0 14.0 8.0 14.0 9.0 9.0 14.0 8.0 14.0 8.0 14.0 9.0 14.0 9.0 9.0 7.0 14.0 14.0 9.0 9.0 7.0 7.0 8.0 9.0 8.0 14.0 7.0 7.0 14.0 14.0 8.0 14.0 14.0 14.0 7.0 8.0 8.0 14.0 14.0 14.0 14.0 14.0 14.0 14.0 7.0 7.0 14.0 14.0 9.0 8.0 8.0 8.0 7.0 7.0 14.0 7.0 0 7.0 8.0 14.0 14.0 14.0 14.0 14.0 8.0 14.0 14.0 14.0 14.0 8.0 14.0 14.0 7.0 8.0 14.0 14.0 14.0 14.0 7.0 14.0 14.0 
14.0 14.0 14.0 14.0 8.0 9.0 14.0 14.0 7.0 14.0 8.0 14.0 14.0 7.0 14.0 9.0 14.0 14.0 14.0 9.0 14.0 7.0 9.0 14.0 8.0 7.0 9.0 8.0 14.0 15.0 14.0 14.0 14.0 14.0 14.0 14.0 14.0 14.0 8.0 14.0 8.0 9.0 9.0 8.0 9.0 14.0 14.0 14.0 9.0 14.0 8.0 14.0 14.0 14.0 8.0 8.0 9.0 9.0 8.0 14.0 7.0 0 7.0 9.0 9.0 14.0 14.0 14.0 14.0 9.0 9.0 8.0 14.0 14.0 8.0 14.0 14.0 7.0 14.0 14.0 7.0 9.0 8.0 8.0 14.0 
7.0 8.0 9.0 14.0 7.0 14.0 8.0 14.0 14.0 14.0 14.0 8.0 9.0 14.0 14.0 8.0 14.0 9.0 14.0 9.0 14.0 14.0 14.0 14.0 14.0 9.0 14.0 14.0 9.0 14.0 14.0 8.0 14.0 14.0 14.0 7.0 14.0 14.0 14.0 9.0 14.0 14.0 8.0 7.0 7.0 14.0 8.0 9.0 14.0 8.0 8.0 9.0 9.0 8.0 14.0 9.0 14.0 14.0 9.0 14.0 8.0 7.0 0 7.0 9.0 14.0 14.0 8.0 14.0 7.0 14.0 14.0 14.0 14.0 14.0 14.0 8.0 14.0 14.0 14.0 14.0 7.0 14.0 7.0 14.0 
9.0 14.0 14.0 8.0 9.0 14.0 14.0 14.0 8.0 8.0 8.0 14.0 9.0 14.0 14.0 14.0 8.0 14.0 8.0 7.0 14.0 8.0 9.0 9.0 14.0 9.0 8.0 9.0 9.0 14.0 9.0 14.0 14.0 14.0 7.0 14.0 14.0 14.0 7.0 14.0 7.0 9.0 14.0 9.0 9.0 15.0 9.0 14.0 14.0 8.0 8.0 14.0 14.0 14.0 14.0 14.0 14.0 14.0 8.0 14.0 14.0 9.0 7.0 0 7.0 14.0 9.0 9.0 8.0 7.0 9.0 14.0 14.0 8.0 14.0 14.0 14.0 14.0 14.0 14.0 8.0 8.0 9.0 14.0 8.0 
8.0 7.0 8.0 9.0 14.0 7.0 14.0 14.0 14.0 8.0 7.0 9.0 14.0 14.0 14.0 14.0 14.0 14.0 14.0 8.0 7.0 9.0 14.0 9.0 14.0 14.0 14.0 14.0 9.0 9.0 8.0 8.0 14.0 7.0 7.0 14.0 14.0 14.0 8.0 14.0 14.0 8.0 14.0 8.0 8.0 14.0 8.0 9.0 14.0 14.0 14.0 14.0 14.0 14.0 8.0 14.0 14.0 14.0 14.0 8.0 14.0 9.0 9.0 7.0 0 7.0 9.0 14.0 14.0 14.0 7.0 14.0 14.0 14.0 14.0 8.0 14.0 14.0 14.0 14.0 9.0 14.0 14.0 14.0 14.0 
14.0 14.0 14.0 14.0 7.0 14.0 14.0 14.0 14.0 9.0 14.0 14.0 8.0 14.0 8.0 9.0 14.0 8.0 9.0 14.0 9.0 14.0 9.0 14.0 8.0 7.0 14.0 8.0 14.0 14.0 14.0 14.0 14.0 14.0 14.0 14.0 8.0 14.0 14.0 14.0 14.0 7.0 7.0 9.0 7.0 14.0 14.0 9.0 14.0 9.0 7.0 8.0 14.0 14.0 7.0 14.0 14.0 14.0 14.0 8.0 14.0 14.0 14.0 14.0 7.0 0 7.0 9.0 14.0 14.0 9.0 7.0 8.0 14.0 14.0 7.0 7.0 9.0 8.0 14.0 7.0 14.0 7.0 14.0 8.0 
14.0 7.0 14.0 7.0 8.0 14.0 14.0 8.0 8.0 14.0 14.0 8.0 14.0 14.0 8.0 14.0 14.0 8.0 14.0 14.0 8.0 8.0 14.0 14.0 14.0 14.0 14.0 14.0 14.0 9.0 9.0 14.0 8.0 14.0 14.0 14.0 14.0 7.0 14.0 14.0 14.0 7.0 8.0 9.0 14.0 14.0 14.0 14.0 14.0 14.0 14.0 14.0 14.0 14.0 9.0 9.0 8.0 9.0 14.0 9.0 14.0 14.0 14.0 9.0 9.0 7.0 0 7.0 9.0 14.0 8.0 14.0 7.0 14.0 14.0 9.0 7.0 14.0 9.0 7.0 9.0 9.0 14.0 8.0 9.0 
9.0 14.0 14.0 14.0 9.0 14.0 8.0 14.0 9.0 8.0 14.0 8.0 8.0 8.0 7.0 14.0 7.0 7.0 14.0 9.0 8.0 14.0 14.0 14.0 14.0 14.0 9.0 14.0 7.0 9.0 14.0 7.0 14.0 14.0 14.0 14.0 14.0 7.0 7.0 14.0 14.0 14.0 8.0 14.0 9.0 14.0 7.0 14.0 14.0 7.0 7.0 14.0 8.0 9.0 14.0 14.0 14.0 14.0 9.0 8.0 14.0 14.0 8.0 9.0 14.0 9.0 7.0 0 7.0 14.0 8.0 14.0 14.0 14.0 9.0 7.0 14.0 8.0 14.0 7.0 14.0 14.0 14.0 7.0 8.0 
8.0 14.0 14.0 9.0 8.0 7.0 14.0 14.0 14.0 7.0 8.0 14.0 14.0 8.0 14.0 14.0 8.0 9.0 8.0 14.0 14.0 7.0 7.0 14.0 14.0 14.0 8.0 7.0 8.0 7.0 7.0 8.0 14.0 9.0 8.0 8.0 8.0 14.0 14.0 8.0 8.0 14.0 14.0 14.0 14.0 8.0 14.0 9.0 9.0 8.0 14.0 7.0 8.0 9.0 8.0 8.0 8.0 9.0 9.0 14.0 8.0 14.0 14.0 8.0 14.0 14.0 9.0 7.0 0 7.0 14.0 14.0 14.0 14.0 14.0 9.0 8.0 8.0 8.0 8.0 14.0 8.0 7.0 9.0 7.0 
14.0 14.0 14.0 8.0 7.0 8.0 9.0 8.0 14.0 7.0 14.0 14.0 8.0 14.0 14.0 7.0 8.0 14.0 9.0 7.0 8.0 14.0 14.0 14.0 7.0 9.0 14.0 9.0 8.0 7.0 9.0 14.0 8.0 14.0 14.0 14.0 9.0 7.0 14.0 8.0 14.0 14.0 9.0 14.0 14.0 8.0 7.0 9.0 14.0 7.0 8.0 8.0 14.0 9.0 14.0 8.0 8.0 9.0 7.0 8.0 14.0 9.0 7.0 7.0 14.0 14.0 14.0 14.0 7.0 0 7.0 14.0 9.0 14.0 14.0 14.0 8.0 8.0 8.0 14.0 8.0 9.0 9.0 9.0 14.0 
8.0 14.0 7.0 14.0 9.0 14.0 14.0 9.0 14.0 14.0 8.0 8.0 14.0 8.0 9.0 14.0 14.0 7.0 14.0 8.0 14.0 7.0 14.0 14.0 7.0 8.0 7.0 8.0 14.0 9.0 14.0 14.0 7.0 9.0 14.0 7.0 8.0 14.0 14.0 7.0 7.0 14.0 8.0 9.0 14.0 14.0 14.0 14.0 8.0 8.0 9.0 15.0 9.0 8.0 14.0 8.0 14.0 14.0 7.0 7.0 14.0 9.0 14.0 9.0 7.0 9.0 8.0 8.0 14.0 7.0 0 7.0 9.0 14.0 14.0 9.0 14.0 14.0 14.0 8.0 14.0 14.0 14.0 14.0 7.0 
14.0 8.0 14.0 14.0 14.0 14.0 14.0 14.0 14.0 7.0 7.0 7.0 9.0 9.0 14.0 9.0 7.0 8.0 14.0 14.0 14.0 14.0 9.0 8.0 8.0 14.0 9.0 14.0 8.0 8.0 8.0 8.0 14.0 14.0 9.0 14.0 7.0 7.0 14.0 14.0 14.0 14.0 14.0 14.0 7.0 14.0 9.0 7.0 8.0 14.0 7.0 14.0 9.0 14.0 14.0 7.0 9.0 14.0 14.0 14.0 14.0 8.0 14.0 14.0 14.0 7.0 14.0 14.0 14.0 14.0 7.0 0 7.0 8.0 14.0 14.0 14.0 9.0 9.0 7.0 14.0 9.0 7.0 14.0 7.0 
7.0 7.0 9.0 14.0 9.0 14.0 9.0 14.0 14.0 14.0 8.0 14.0 14.0 9.0 8.0 7.0 7.0 8.0 14.0 14.0 14.0 14.0 14.0 9.0 14.0 8.0 14.0 7.0 9.0 9.0 9.0 14.0 8.0 9.0 14.0 8.0 14.0 9.0 14.0 14.0 14.0 9.0 9.0 14.0 8.0 7.0 9.0 14.0 8.0 14.0 14.0 14.0 9.0 14.0 8.0 14.0 14.0 14.0 7.0 8.0 14.0 14.0 14.0 14.0 14.0 8.0 7.0 14.0 14.0 9.0 9.0 7.0 0 7.0 8.0 7.0 14.0 14.0 9.0 7.0 8.0 7.0 9.0 14.0 14.0 
8.0 14.0 8.0 9.0 14.0 14.0 14.0 8.0 14.0 14.0 14.0 14.0 8.0 8.0 14.0 14.0 14.0 8.0 14.0 9.0 9.0 14.0 14.0 8.0 14.0 14.0 14.0 7.0 9.0 9.0 8.0 14.0 9.0 7.0 8.0 9.0 7.0 14.0 8.0 14.0 14.0 14.0 14.0 9.0 14.0 14.0 14.0 14.0 7.0 8.0 14.0 9.0 14.0 14.0 9.0 7.0 9.0 14.0 7.0 7.0 8.0 14.0 14.0 8.0 14.0 14.0 14.0 14.0 14.0 14.0 14.0 8.0 7.0 0 7.0 14.0 14.0 14.0 14.0 7.0 7.0 9.0 9.0 7.0 14.0 
8.0 8.0 14.0 8.0 14.0 8.0 14.0 14.0 14.0 14.0 9.0 8.0 14.0 14.0 14.0 7.0 14.0 14.0 14.0 7.0 8.0 14.0 9.0 8.0 9.0 7.0 9.0 14.0 14.0 14.0 7.0 7.0 14.0 7.0 8.0 14.0 8.0 9.0 14.0 14.0 9.0 14.0 14.0 14.0 14.0 9.0 14.0 14.0 14.0 9.0 7.0 8.0 7.0 14.0 7.0 7.0 9.0 14.0 14.0 14.0 14.0 8.0 14.0 14.0 14.0 14.0 14.0 9.0 14.0 14.0 14.0 14.0 8.0 7.0 0 7.0 14.0 8.0 8.0 9.0 14.0 14.0 14.0 14.0 8.0 
7.0 7.0 8.0 14.0 14.0 9.0 14.0 8.0 8.0 14.0 14.0 14.0 9.0 14.0 14.0 14.0 7.0 14.0 8.0 8.0 14.0 14.0 14.0 8.0 7.0 7.0 14.0 9.0 14.0 8.0 8.0 7.0 9.0 14.0 7.0 8.0 7.0 7.0 9.0 7.0 7.0 14.0 8.0 14.0 14.0 9.0 9.0 14.0 9.0 8.0 14.0 14.0 8.0 8.0 7.0 14.0 14.0 7.0 8.0 14.0 14.0 14.0 14.0 14.0 8.0 7.0 9.0 7.0 9.0 14.0 9.0 14.0 7.0 14.0 7.0 0 7.0 14.0 14.0 9.0 7.0 14.0 7.0 7.0 14.0 
7.0 14.0 7.0 14.0 14.0 9.0 14.0 9.0 14.0 9.0 14.0 7.0 14.0 8.0 9.0 9.0 14.0 14.0 9.0 9.0 14.0 14.0 8.0 14.0 8.0 14.0 14.0 14.0 14.0 7.0 9.0 14.0 8.0 14.0 8.0 14.0 8.0 14.0 14.0 14.0 14.0 9.0 14.0 8.0 14.0 8.0 14.0 8.0 7.0 9.0 14.0 9.0 14.0 14.0 9.0 7.0 8.0 14.0 9.0 14.0 7.0 14.0 8.0 14.0 14.0 7.0 7.0 14.0 8.0 8.0 14.0 14.0 14.0 14.0 14.0 7.0 0 7.0 8.0 8.0 14.0 14.0 9.0 8.0 14.0 
9.0 14.0 9.0 7.0 14.0 8.0 9.0 14.0 9.0 7.0 14.0 14.0 14.0 7.0 14.0 9.0 14.0 8.0 9.0 14.0 14.0 8.0 14.0 8.0 14.0 7.0 9.0 14.0 14.0 14.0 14.0 8.0 8.0 14.0 9.0 14.0 14.0 7.0 14.0 7.0 8.0 8.0 9.0 14.0 14.0 14.0 9.0 7.0 14.0 8.0 14.0 14.0 8.0 9.0 14.0 7.0 7.0 14.0 14.0 14.0 8.0 7.0 14.0 14.0 14.0 9.0 14.0 8.0 8.0 8.0 14.0 9.0 14.0 14.0 8.0 14.0 7.0 0 7.0 14.0 14.0 8.0 14.0 14.0 7.0 
9.0 7.0 7.0 9.0 9.0 14.0 9.0 7.0 8.0 14.0 9.0 9.0 14.0 7.0 14.0 8.0 14.0 9.0 9.0 7.0 14.0 8.0 9.0 14.0 14.0 14.0 7.0 7.0 14.0 14.0 14.0 8.0 14.0 14.0 8.0 8.0 8.0 8.0 9.0 14.0 14.0 14.0 9.0 14.0 14.0 14.0 9.0 9.0 14.0 14.0 8.0 14.0 8.0 14.0 7.0 7.0 14.0 8.0 8.0 14.0 14.0 14.0 14.0 14.0 14.0 8.0 9.0 14.0 8.0 8.0 14.0 9.0 9.0 14.0 8.0 14.0 8.0 7.0 0 7.0 9.0 14.0 14.0 14.0 14.0 
14.0 14.0 9.0 14.0 9.0 9.0 14.0 14.0 7.0 9.0 14.0 14.0 14.0 14.0 14.0 14.0 14.0 7.0 14.0 9.0 14.0 15.0 9.0 14.0 14.0 7.0 7.0 8.0 8.0 8.0 8.0 14.0 14.0 14.0 14.0 14.0 7.0 7.0 9.0 8.0 8.0 7.0 9.0 14.0 14.0 7.0 7.0 8.0 14.0 9.0 7.0 14.0 8.0 9.0 14.0 7.0 7.0 9.0 8.0 9.0 14.0 14.0 14.0 14.0 14.0 14.0 7.0 7.0 8.0 14.0 8.0 7.0 7.0 7.0 9.0 9.0 8.0 14.0 7.0 0 7.0 14.0 14.0 14.0 9.0 
14.0 9.0 8.0 14.0 8.0 14.0 9.0 7.0 14.0 8.0 8.0 14.0 14.0 14.0 14.0 14.0 14.0 14.0 14.0 14.0 14.0 8.0 14.0 8.0 9.0 9.0 14.0 14.0 9.0 14.0 8.0 8.0 14.0 14.0 8.0 9.0 7.0 14.0 9.0 7.0 14.0 14.0 7.0 7.0 14.0 14.0 14.0 8.0 14.0 14.0 7.0 8.0 7.0 8.0 7.0 7.0 14.0 14.0 9.0 14.0 14.0 7.0 14.0 8.0 9.0 7.0 9.0 14.0 14.0 8.0 14.0 14.0 8.0 7.0 14.0 7.0 14.0 14.0 9.0 7.0 0 7.0 14.0 14.0 9.0 
14.0 8.0 14.0 14.0 7.0 14.0 9.0 14.0 14.0 14.0 8.0 14.0 14.0 14.0 9.0 14.0 14.0 14.0 14.0 14.0 8.0 14.0 14.0 14.0 14.0 14.0 7.0 7.0 14.0 8.0 14.0 14.0 14.0 14.0 14.0 9.0 7.0 9.0 7.0 14.0 14.0 9.0 7.0 9.0 7.0 7.0 14.0 7.0 8.0 14.0 8.0 14.0 14.0 8.0 14.0 9.0 14.0 7.0 9.0 8.0 14.0 9.0 7.0 8.0 14.0 14.0 9.0 14.0 8.0 9.0 14.0 9.0 7.0 9.0 14.0 14.0 14.0 8.0 14.0 14.0 7.0 0 7.0 14.0 9.0 
8.0 14.0 14.0 14.0 8.0 8.0 8.0 9.0 7.0 14.0 14.0 9.0 14.0 14.0 14.0 7.0 14.0 14.0 14.0 14.0 14.0 8.0 7.0 8.0 14.0 14.0 8.0 9.0 14.0 14.0 14.0 14.0 14.0 8.0 14.0 8.0 8.0 9.0 14.0 14.0 14.0 14.0 14.0 14.0 14.0 14.0 14.0 9.0 14.0 14.0 7.0 8.0 7.0 8.0 8.0 14.0 9.0 14.0 14.0 14.0 7.0 8.0 14.0 9.0 14.0 7.0 14.0 14.0 7.0 9.0 14.0 7.0 9.0 9.0 14.0 7.0 9.0 14.0 14.0 14.0 14.0 7.0 0 9.0 9.0 
8.0 14.0 14.0 9.0 14.0 7.0 7.0 14.0 14.0 14.0 14.0 7.0 7.0 9.0 14.0 14.0 9.0 14.0 14.0 9.0 14.0 14.0 14.0 14.0 9.0 8.0 9.0 14.0 14.0 7.0 14.0 9.0 8.0 9.0 9.0 14.0 14.0 14.0 7.0 14.0 9.0 9.0 7.0 14.0 14.0 9.0 14.0 14.0 14.0 14.0 7.0 9.0 9.0 14.0 14.0 7.0 7.0 8.0 7.0 9.0 14.0 8.0 7.0 14.0 14.0 14.0 8.0 7.0 9.0 9.0 14.0 14.0 14.0 7.0 14.0 7.0 8.0 14.0 14.0 14.0 14.0 14.0 9.0 0 14.0 
7.0 8.0 7.0 14.0 7.0 9.0 14.0 14.0 8.0 14.0 8.0 9.0 7.0 9.0 14.0 14.0 14.0 7.0 14.0 8.0 7.0 9.0 9.0 8.0 8.0 7.0 9.0 7.0 14.0 14.0 14.0 8.0 14.0 9.0 7.0 8.0 9.0 14.0 14.0 14.0 14.0 14.0 14.0 7.0 14.0 14.0 14.0 14.0 9.0 9.0 8.0 14.0 14.0 7.0 14.0 14.0 7.0 9.0 7.0 14.0 14.0 14.0 14.0 8.0 14.0 8.0 9.0 8.0 7.0 14.0 7.0 7.0 14.0 14.0 8.0 14.0 14.0 7.0 14.0 9.0 9.0 9.0 9.0 14.0 0 
