74
location20 location83 location37 location72 location159 location141 location23 location6 location113 location60 location48 location93 location55 location63 location158 location19 location147 location125 location117 location155 location188 location122 location50 location127 location57 location90 location92 location74 location196 location140 location80 location183 location116 location46 location42 location129 location33 location14 location64 location144 location157 location189 location99 location2 location123 location160 location136 location168 location43 location120 location170 location110 location148 location25 location16 location68 location102 location100 location0 location10 location38 location181 location115 location190 location124 location185 location156 location56 location24 location191 location169 location118 location171 location4
0 22.0 34.0 45.0 49.0 55.0 59.0 63.0 70.0 96.0 105.0 122.0 130.0 134.0 142.0 143.0 158.0 172.0 174.0 186.0 192.0 220.0 238.0 255.0 28.0 31.0 34.0 42.0 46.0 80.0 87.0 94.0 115.0 126.0 141.0 180.0 191.0 202.0 240.0 243.0 256.0 277.0 278.0 279.0 284.0 289.0 318.0 345.0 371.0 374.0 378.0 389.0 394.0 397.0 410.0 412.0 423.0 445.0 446.0 463.0 482.0 507.0 512.0 527.0 536.0 594.0 596.0 600.0 625.0 633.0 676.0 690.0 728.0 1.0 
22.0 0 12.0 23.0 27.0 33.0 37.0 41.0 48.0 74.0 83.0 100.0 108.0 112.0 120.0 121.0 136.0 150.0 152.0 164.0 170.0 198.0 216.0 233.0 50.0 53.0 56.0 64.0 68.0 102.0 109.0 116.0 137.0 148.0 163.0 202.0 213.0 224.0 262.0 265.0 278.0 299.0 300.0 301.0 306.0 311.0 340.0 367.0 393.0 396.0 400.0 411.0 416.0 419.0 432.0 434.0 445.0 467.0 468.0 485.0 504.0 529.0 534.0 549.0 558.0 616.0 618.0 622.0 647.0 655.0 698.0 712.0 750.0 21.0 
34.0 12.0 0 11.0 15.0 21.0 25.0 29.0 36.0 62.0 71.0 88.0 96.0 100.0 108.0 109.0 124.0 138.0 140.0 152.0 158.0 186.0 204.0 221.0 62.0 65.0 68.0 76.0 80.0 114.0 121.0 128.0 149.0 160.0 175.0 214.0 225.0 236.0 274.0 277.0 290.0 311.0 312.0 313.0 318.0 323.0 352.0 379.0 405.0 408.0 412.0 423.0 428.0 431.0 444.0 446.0 457.0 479.0 480.0 497.0 516.0 541.0 546.0 561.0 570.0 628.0 630.0 634.0 659.0 667.0 710.0 724.0 762.0 33.0 
45.0 23.0 11.0 0 4.0 10.0 14.0 18.0 25.0 51.0 60.0 77.0 85.0 89.0 97.0 98.0 113.0 127.0 129.0 141.0 147.0 175.0 193.0 210.0 73.0 76.0 79.0 87.0 91.0 125.0 132.0 139.0 160.0 171.0 186.0 225.0 236.0 247.0 285.0 288.0 301.0 322.0 323.0 324.0 329.0 334.0 363.0 390.0 416.0 419.0 423.0 434.0 439.0 442.0 455.0 457.0 468.0 490.0 491.0 508.0 527.0 552.0 557.0 572.0 581.0 639.0 641.0 645.0 670.0 678.0 721.0 735.0 773.0 44.0 
49.0 27.0 15.0 4.0 0 6.0 10.0 14.0 21.0 47.0 56.0 73.0 81.0 85.0 93.0 94.0 109.0 123.0 125.0 137.0 143.0 171.0 189.0 206.0 77.0 80.0 83.0 91.0 95.0 129.0 136.0 143.0 164.0 175.0 190.0 229.0 240.0 251.0 289.0 292.0 305.0 326.0 327.0 328.0 333.0 338.0 367.0 394.0 420.0 423.0 427.0 438.0 443.0 446.0 459.0 461.0 472.0 494.0 495.0 512.0 531.0 556.0 561.0 576.0 585.0 643.0 645.0 649.0 674.0 682.0 725.0 739.0 777.0 48.0 
55.0 33.0 21.0 10.0 6.0 0 4.0 8.0 15.0 41.0 50.0 67.0 75.0 79.0 87.0 88.0 103.0 117.0 119.0 131.0 137.0 165.0 183.0 200.0 83.0 86.0 89.0 97.0 101.0 135.0 142.0 149.0 170.0 181.0 196.0 235.0 246.0 257.0 295.0 298.0 311.0 332.0 333.0 334.0 339.0 344.0 373.0 400.0 426.0 429.0 433.0 444.0 449.0 452.0 465.0 467.0 478.0 500.0 501.0 518.0 537.0 562.0 567.0 582.0 591.0 649.0 651.0 655.0 680.0 688.0 731.0 745.0 783.0 54.0 
59.0 37.0 25.0 14.0 10.0 4.0 0 4.0 11.0 37.0 46.0 63.0 71.0 75.0 83.0 84.0 99.0 113.0 115.0 127.0 133.0 161.0 179.0 196.0 87.0 90.0 93.0 101.0 105.0 139.0 146.0 153.0 174.0 185.0 200.0 239.0 250.0 261.0 299.0 302.0 315.0 336.0 337.0 338.0 343.0 348.0 377.0 404.0 430.0 433.0 437.0 448.0 453.0 456.0 469.0 471.0 482.0 504.0 505.0 522.0 541.0 566.0 571.0 586.0 595.0 653.0 655.0 659.0 684.0 692.0 735.0 749.0 787.0 58.0 
63.0 41.0 29.0 18.0 14.0 8.0 4.0 0 7.0 33.0 42.0 59.0 67.0 71.0 79.0 80.0 95.0 109.0 111.0 123.0 129.0 157.0 175.0 192.0 91.0 94.0 97.0 105.0 109.0 143.0 150.0 157.0 178.0 189.0 204.0 243.0 254.0 265.0 303.0 306.0 319.0 340.0 341.0 342.0 347.0 352.0 381.0 408.0 434.0 437.0 441.0 452.0 457.0 460.0 473.0 475.0 486.0 508.0 509.0 526.0 545.0 570.0 575.0 590.0 599.0 657.0 659.0 663.0 688.0 696.0 739.0 753.0 791.0 62.0 
70.0 48.0 36.0 25.0 21.0 15.0 11.0 7.0 0 26.0 35.0 52.0 60.0 64.0 72.0 73.0 88.0 102.0 104.0 116.0 122.0 150.0 168.0 185.0 98.0 101.0 104.0 112.0 116.0 150.0 157.0 164.0 185.0 196.0 211.0 250.0 261.0 272.0 310.0 313.0 326.0 347.0 348.0 349.0 354.0 359.0 388.0 415.0 441.0 444.0 448.0 459.0 464.0 467.0 480.0 482.0 493.0 515.0 516.0 533.0 552.0 577.0 582.0 597.0 606.0 664.0 666.0 670.0 695.0 703.0 746.0 760.0 798.0 69.0 
96.0 74.0 62.0 51.0 47.0 41.0 37.0 33.0 26.0 0 9.0 26.0 34.0 38.0 46.0 47.0 62.0 76.0 78.0 90.0 96.0 124.0 142.0 159.0 124.0 127.0 130.0 138.0 142.0 176.0 183.0 190.0 211.0 222.0 237.0 276.0 287.0 298.0 336.0 339.0 352.0 373.0 374.0 375.0 380.0 385.0 414.0 441.0 467.0 470.0 474.0 485.0 490.0 493.0 506.0 508.0 519.0 541.0 542.0 559.0 578.0 603.0 608.0 623.0 632.0 690.0 692.0 696.0 721.0 729.0 772.0 786.0 824.0 95.0 
105.0 83.0 71.0 60.0 56.0 50.0 46.0 42.0 35.0 9.0 0 17.0 25.0 29.0 37.0 38.0 53.0 67.0 69.0 81.0 87.0 115.0 133.0 150.0 133.0 136.0 139.0 147.0 151.0 185.0 192.0 199.0 220.0 231.0 246.0 285.0 296.0 307.0 345.0 348.0 361.0 382.0 383.0 384.0 389.0 394.0 423.0 450.0 476.0 479.0 483.0 494.0 499.0 502.0 515.0 517.0 528.0 550.0 551.0 568.0 587.0 612.0 617.0 632.0 641.0 699.0 701.0 705.0 730.0 738.0 781.0 795.0 833.0 104.0 
122.0 100.0 88.0 77.0 73.0 67.0 63.0 59.0 52.0 26.0 17.0 0 8.0 12.0 20.0 21.0 36.0 50.0 52.0 64.0 70.0 98.0 116.0 133.0 150.0 153.0 156.0 164.0 168.0 202.0 209.0 216.0 237.0 248.0 263.0 302.0 313.0 324.0 362.0 365.0 378.0 399.0 400.0 401.0 406.0 411.0 440.0 467.0 493.0 496.0 500.0 511.0 516.0 519.0 532.0 534.0 545.0 567.0 568.0 585.0 604.0 629.0 634.0 649.0 658.0 716.0 718.0 722.0 747.0 755.0 798.0 812.0 850.0 121.0 
130.0 108.0 96.0 85.0 81.0 75.0 71.0 67.0 60.0 34.0 25.0 8.0 0 4.0 12.0 13.0 28.0 42.0 44.0 56.0 62.0 90.0 108.0 125.0 158.0 161.0 164.0 172.0 176.0 210.0 217.0 224.0 245.0 256.0 271.0 310.0 321.0 332.0 370.0 373.0 386.0 407.0 408.0 409.0 414.0 419.0 448.0 475.0 501.0 504.0 508.0 519.0 524.0 527.0 540.0 542.0 553.0 575.0 576.0 593.0 612.0 637.0 642.0 657.0 666.0 724.0 726.0 730.0 755.0 763.0 806.0 820.0 858.0 129.0 
134.0 112.0 100.0 89.0 85.0 79.0 75.0 71.0 64.0 38.0 29.0 12.0 4.0 0 8.0 9.0 24.0 38.0 40.0 52.0 58.0 86.0 104.0 121.0 162.0 165.0 168.0 176.0 180.0 214.0 221.0 228.0 249.0 260.0 275.0 314.0 325.0 336.0 374.0 377.0 390.0 411.0 412.0 413.0 418.0 423.0 452.0 479.0 505.0 508.0 512.0 523.0 528.0 531.0 544.0 546.0 557.0 579.0 580.0 597.0 616.0 641.0 646.0 661.0 670.0 728.0 730.0 734.0 759.0 767.0 810.0 824.0 862.0 133.0 
142.0 120.0 108.0 97.0 93.0 87.0 83.0 79.0 72.0 46.0 37.0 20.0 12.0 8.0 0 1.0 16.0 30.0 32.0 44.0 50.0 78.0 96.0 113.0 170.0 173.0 176.0 184.0 188.0 222.0 229.0 236.0 257.0 268.0 283.0 322.0 333.0 344.0 382.0 385.0 398.0 419.0 420.0 421.0 426.0 431.0 460.0 487.0 513.0 516.0 520.0 531.0 536.0 539.0 552.0 554.0 565.0 587.0 588.0 605.0 624.0 649.0 654.0 669.0 678.0 736.0 738.0 742.0 767.0 775.0 818.0 832.0 870.0 141.0 
143.0 121.0 109.0 98.0 94.0 88.0 84.0 80.0 73.0 47.0 38.0 21.0 13.0 9.0 1.0 0 15.0 29.0 31.0 43.0 49.0 77.0 95.0 112.0 171.0 174.0 177.0 185.0 189.0 223.0 230.0 237.0 258.0 269.0 284.0 323.0 334.0 345.0 383.0 386.0 399.0 420.0 421.0 422.0 427.0 432.0 461.0 488.0 514.0 517.0 521.0 532.0 537.0 540.0 553.0 555.0 566.0 588.0 589.0 606.0 625.0 650.0 655.0 670.0 679.0 737.0 739.0 743.0 768.0 776.0 819.0 833.0 871.0 142.0 
158.0 136.0 124.0 113.0 109.0 103.0 99.0 95.0 88.0 62.0 53.0 36.0 28.0 24.0 16.0 15.0 0 14.0 16.0 28.0 34.0 62.0 80.0 97.0 186.0 189.0 192.0 200.0 204.0 238.0 245.0 252.0 273.0 284.0 299.0 338.0 349.0 360.0 398.0 401.0 414.0 435.0 436.0 437.0 442.0 447.0 476.0 503.0 529.0 532.0 536.0 547.0 552.0 555.0 568.0 570.0 581.0 603.0 604.0 621.0 640.0 665.0 670.0 685.0 694.0 752.0 754.0 758.0 783.0 791.0 834.0 848.0 886.0 157.0 
172.0 150.0 138.0 127.0 123.0 117.0 113.0 109.0 102.0 76.0 67.0 50.0 42.0 38.0 30.0 29.0 14.0 0 2.0 14.0 20.0 48.0 66.0 83.0 200.0 203.0 206.0 214.0 218.0 252.0 259.0 266.0 287.0 298.0 313.0 352.0 363.0 374.0 412.0 415.0 428.0 449.0 450.0 451.0 456.0 461.0 490.0 517.0 543.0 546.0 550.0 561.0 566.0 569.0 582.0 584.0 595.0 617.0 618.0 635.0 654.0 679.0 684.0 699.0 708.0 766.0 768.0 772.0 797.0 805.0 848.0 862.0 900.0 171.0 
174.0 152.0 140.0 129.0 125.0 119.0 115.0 111.0 104.0 78.0 69.0 52.0 44.0 40.0 32.0 31.0 16.0 2.0 0 12.0 18.0 46.0 64.0 81.0 202.0 205.0 208.0 216.0 220.0 254.0 261.0 268.0 289.0 300.0 315.0 354.0 365.0 376.0 414.0 417.0 430.0 451.0 452.0 453.0 458.0 463.0 492.0 519.0 545.0 548.0 552.0 563.0 568.0 571.0 584.0 586.0 597.0 619.0 620.0 637.0 656.0 681.0 686.0 701.0 710.0 768.0 770.0 774.0 799.0 807.0 850.0 864.0 902.0 173.0 
186.0 164.0 152.0 141.0 137.0 131.0 127.0 123.0 116.0 90.0 81.0 64.0 56.0 52.0 44.0 43.0 28.0 14.0 12.0 0 6.0 34.0 52.0 69.0 214.0 217.0 220.0 228.0 232.0 266.0 273.0 280.0 301.0 312.0 327.0 366.0 377.0 388.0 426.0 429.0 442.0 463.0 464.0 465.0 470.0 475.0 504.0 531.0 557.0 560.0 564.0 575.0 580.0 583.0 596.0 598.0 609.0 631.0 632.0 649.0 668.0 693.0 698.0 713.0 722.0 780.0 782.0 786.0 811.0 819.0 862.0 876.0 914.0 185.0 
192.0 170.0 158.0 147.0 143.0 137.0 133.0 129.0 122.0 96.0 87.0 70.0 62.0 58.0 50.0 49.0 34.0 20.0 18.0 6.0 0 28.0 46.0 63.0 220.0 223.0 226.0 234.0 238.0 272.0 279.0 286.0 307.0 318.0 333.0 372.0 383.0 394.0 432.0 435.0 448.0 469.0 470.0 471.0 476.0 481.0 510.0 537.0 563.0 566.0 570.0 581.0 586.0 589.0 602.0 604.0 615.0 637.0 638.0 655.0 674.0 699.0 704.0 719.0 728.0 786.0 788.0 792.0 817.0 825.0 868.0 882.0 920.0 191.0 
220.0 198.0 186.0 175.0 171.0 165.0 161.0 157.0 150.0 124.0 115.0 98.0 90.0 86.0 78.0 77.0 62.0 48.0 46.0 34.0 28.0 0 18.0 35.0 248.0 251.0 254.0 262.0 266.0 300.0 307.0 314.0 335.0 346.0 361.0 400.0 411.0 422.0 460.0 463.0 476.0 497.0 498.0 499.0 504.0 509.0 538.0 565.0 591.0 594.0 598.0 609.0 614.0 617.0 630.0 632.0 643.0 665.0 666.0 683.0 702.0 727.0 732.0 747.0 756.0 814.0 816.0 820.0 845.0 853.0 896.0 910.0 948.0 219.0 
238.0 216.0 204.0 193.0 189.0 183.0 179.0 175.0 168.0 142.0 133.0 116.0 108.0 104.0 96.0 95.0 80.0 66.0 64.0 52.0 46.0 18.0 0 17.0 266.0 269.0 272.0 280.0 284.0 318.0 325.0 332.0 353.0 364.0 379.0 418.0 429.0 440.0 478.0 481.0 494.0 515.0 516.0 517.0 522.0 527.0 556.0 583.0 609.0 612.0 616.0 627.0 632.0 635.0 648.0 650.0 661.0 683.0 684.0 701.0 720.0 745.0 750.0 765.0 774.0 832.0 834.0 838.0 863.0 871.0 914.0 928.0 966.0 237.0 
255.0 233.0 221.0 210.0 206.0 200.0 196.0 192.0 185.0 159.0 150.0 133.0 125.0 121.0 113.0 112.0 97.0 83.0 81.0 69.0 63.0 35.0 17.0 0 283.0 286.0 289.0 297.0 301.0 335.0 342.0 349.0 370.0 381.0 396.0 435.0 446.0 457.0 495.0 498.0 511.0 532.0 533.0 534.0 539.0 544.0 573.0 600.0 626.0 629.0 633.0 644.0 649.0 652.0 665.0 667.0 678.0 700.0 701.0 718.0 737.0 762.0 767.0 782.0 791.0 849.0 851.0 855.0 880.0 888.0 931.0 945.0 983.0 254.0 
28.0 50.0 62.0 73.0 77.0 83.0 87.0 91.0 98.0 124.0 133.0 150.0 158.0 162.0 170.0 171.0 186.0 200.0 202.0 214.0 220.0 248.0 266.0 283.0 0 3.0 6.0 14.0 18.0 52.0 59.0 66.0 87.0 98.0 113.0 152.0 163.0 174.0 212.0 215.0 228.0 249.0 250.0 251.0 256.0 261.0 290.0 317.0 343.0 346.0 350.0 361.0 366.0 369.0 382.0 384.0 395.0 417.0 418.0 435.0 454.0 479.0 484.0 499.0 508.0 566.0 568.0 572.0 597.0 605.0 648.0 662.0 700.0 29.0 
31.0 53.0 65.0 76.0 80.0 86.0 90.0 94.0 101.0 127.0 136.0 153.0 161.0 165.0 173.0 174.0 189.0 203.0 205.0 217.0 223.0 251.0 269.0 286.0 3.0 0 3.0 11.0 15.0 49.0 56.0 63.0 84.0 95.0 110.0 149.0 160.0 171.0 209.0 212.0 225.0 246.0 247.0 248.0 253.0 258.0 287.0 314.0 340.0 343.0 347.0 358.0 363.0 366.0 379.0 381.0 392.0 414.0 415.0 432.0 451.0 476.0 481.0 496.0 505.0 563.0 565.0 569.0 594.0 602.0 645.0 659.0 697.0 32.0 
34.0 56.0 68.0 79.0 83.0 89.0 93.0 97.0 104.0 130.0 139.0 156.0 164.0 168.0 176.0 177.0 192.0 206.0 208.0 220.0 226.0 254.0 272.0 289.0 6.0 3.0 0 8.0 12.0 46.0 53.0 60.0 81.0 92.0 107.0 146.0 157.0 168.0 206.0 209.0 222.0 243.0 244.0 245.0 250.0 255.0 284.0 311.0 337.0 340.0 344.0 355.0 360.0 363.0 376.0 378.0 389.0 411.0 412.0 429.0 448.0 473.0 478.0 493.0 502.0 560.0 562.0 566.0 591.0 599.0 642.0 656.0 694.0 35.0 
42.0 64.0 76.0 87.0 91.0 97.0 101.0 105.0 112.0 138.0 147.0 164.0 172.0 176.0 184.0 185.0 200.0 214.0 216.0 228.0 234.0 262.0 280.0 297.0 14.0 11.0 8.0 0 4.0 38.0 45.0 52.0 73.0 84.0 99.0 138.0 149.0 160.0 198.0 201.0 214.0 235.0 236.0 237.0 242.0 247.0 276.0 303.0 329.0 332.0 336.0 347.0 352.0 355.0 368.0 370.0 381.0 403.0 404.0 421.0 440.0 465.0 470.0 485.0 494.0 552.0 554.0 558.0 583.0 591.0 634.0 648.0 686.0 43.0 
46.0 68.0 80.0 91.0 95.0 101.0 105.0 109.0 116.0 142.0 151.0 168.0 176.0 180.0 188.0 189.0 204.0 218.0 220.0 232.0 238.0 266.0 284.0 301.0 18.0 15.0 12.0 4.0 0 34.0 41.0 48.0 69.0 80.0 95.0 134.0 145.0 156.0 194.0 197.0 210.0 231.0 232.0 233.0 238.0 243.0 272.0 299.0 325.0 328.0 332.0 343.0 348.0 351.0 364.0 366.0 377.0 399.0 400.0 417.0 436.0 461.0 466.0 481.0 490.0 548.0 550.0 554.0 579.0 587.0 630.0 644.0 682.0 47.0 
80.0 102.0 114.0 125.0 129.0 135.0 139.0 143.0 150.0 176.0 185.0 202.0 210.0 214.0 222.0 223.0 238.0 252.0 254.0 266.0 272.0 300.0 318.0 335.0 52.0 49.0 46.0 38.0 34.0 0 7.0 14.0 35.0 46.0 61.0 100.0 111.0 122.0 160.0 163.0 176.0 197.0 198.0 199.0 204.0 209.0 238.0 265.0 291.0 294.0 298.0 309.0 314.0 317.0 330.0 332.0 343.0 365.0 366.0 383.0 402.0 427.0 432.0 447.0 456.0 514.0 516.0 520.0 545.0 553.0 596.0 610.0 648.0 81.0 
87.0 109.0 121.0 132.0 136.0 142.0 146.0 150.0 157.0 183.0 192.0 209.0 217.0 221.0 229.0 230.0 245.0 259.0 261.0 273.0 279.0 307.0 325.0 342.0 59.0 56.0 53.0 45.0 41.0 7.0 0 7.0 28.0 39.0 54.0 93.0 104.0 115.0 153.0 156.0 169.0 190.0 191.0 192.0 197.0 202.0 231.0 258.0 284.0 287.0 291.0 302.0 307.0 310.0 323.0 325.0 336.0 358.0 359.0 376.0 395.0 420.0 425.0 440.0 449.0 507.0 509.0 513.0 538.0 546.0 589.0 603.0 641.0 88.0 
94.0 116.0 128.0 139.0 143.0 149.0 153.0 157.0 164.0 190.0 199.0 216.0 224.0 228.0 236.0 237.0 252.0 266.0 268.0 280.0 286.0 314.0 332.0 349.0 66.0 63.0 60.0 52.0 48.0 14.0 7.0 0 21.0 32.0 47.0 86.0 97.0 108.0 146.0 149.0 162.0 183.0 184.0 185.0 190.0 195.0 224.0 251.0 277.0 280.0 284.0 295.0 300.0 303.0 316.0 318.0 329.0 351.0 352.0 369.0 388.0 413.0 418.0 433.0 442.0 500.0 502.0 506.0 531.0 539.0 582.0 596.0 634.0 95.0 
115.0 137.0 149.0 160.0 164.0 170.0 174.0 178.0 185.0 211.0 220.0 237.0 245.0 249.0 257.0 258.0 273.0 287.0 289.0 301.0 307.0 335.0 353.0 370.0 87.0 84.0 81.0 73.0 69.0 35.0 28.0 21.0 0 11.0 26.0 65.0 76.0 87.0 125.0 128.0 141.0 162.0 163.0 164.0 169.0 174.0 203.0 230.0 256.0 259.0 263.0 274.0 279.0 282.0 295.0 297.0 308.0 330.0 331.0 348.0 367.0 392.0 397.0 412.0 421.0 479.0 481.0 485.0 510.0 518.0 561.0 575.0 613.0 116.0 
126.0 148.0 160.0 171.0 175.0 181.0 185.0 189.0 196.0 222.0 231.0 248.0 256.0 260.0 268.0 269.0 284.0 298.0 300.0 312.0 318.0 346.0 364.0 381.0 98.0 95.0 92.0 84.0 80.0 46.0 39.0 32.0 11.0 0 15.0 54.0 65.0 76.0 114.0 117.0 130.0 151.0 152.0 153.0 158.0 163.0 192.0 219.0 245.0 248.0 252.0 263.0 268.0 271.0 284.0 286.0 297.0 319.0 320.0 337.0 356.0 381.0 386.0 401.0 410.0 468.0 470.0 474.0 499.0 507.0 550.0 564.0 602.0 127.0 
141.0 163.0 175.0 186.0 190.0 196.0 200.0 204.0 211.0 237.0 246.0 263.0 271.0 275.0 283.0 284.0 299.0 313.0 315.0 327.0 333.0 361.0 379.0 396.0 113.0 110.0 107.0 99.0 95.0 61.0 54.0 47.0 26.0 15.0 0 39.0 50.0 61.0 99.0 102.0 115.0 136.0 137.0 138.0 143.0 148.0 177.0 204.0 230.0 233.0 237.0 248.0 253.0 256.0 269.0 271.0 282.0 304.0 305.0 322.0 341.0 366.0 371.0 386.0 395.0 453.0 455.0 459.0 484.0 492.0 535.0 549.0 587.0 142.0 
180.0 202.0 214.0 225.0 229.0 235.0 239.0 243.0 250.0 276.0 285.0 302.0 310.0 314.0 322.0 323.0 338.0 352.0 354.0 366.0 372.0 400.0 418.0 435.0 152.0 149.0 146.0 138.0 134.0 100.0 93.0 86.0 65.0 54.0 39.0 0 11.0 22.0 60.0 63.0 76.0 97.0 98.0 99.0 104.0 109.0 138.0 165.0 191.0 194.0 198.0 209.0 214.0 217.0 230.0 232.0 243.0 265.0 266.0 283.0 302.0 327.0 332.0 347.0 356.0 414.0 416.0 420.0 445.0 453.0 496.0 510.0 548.0 181.0 
191.0 213.0 225.0 236.0 240.0 246.0 250.0 254.0 261.0 287.0 296.0 313.0 321.0 325.0 333.0 334.0 349.0 363.0 365.0 377.0 383.0 411.0 429.0 446.0 163.0 160.0 157.0 149.0 145.0 111.0 104.0 97.0 76.0 65.0 50.0 11.0 0 11.0 49.0 52.0 65.0 86.0 87.0 88.0 93.0 98.0 127.0 154.0 180.0 183.0 187.0 198.0 203.0 206.0 219.0 221.0 232.0 254.0 255.0 272.0 291.0 316.0 321.0 336.0 345.0 403.0 405.0 409.0 434.0 442.0 485.0 499.0 537.0 192.0 
202.0 224.0 236.0 247.0 251.0 257.0 261.0 265.0 272.0 298.0 307.0 324.0 332.0 336.0 344.0 345.0 360.0 374.0 376.0 388.0 394.0 422.0 440.0 457.0 174.0 171.0 168.0 160.0 156.0 122.0 115.0 108.0 87.0 76.0 61.0 22.0 11.0 0 38.0 41.0 54.0 75.0 76.0 77.0 82.0 87.0 116.0 143.0 169.0 172.0 176.0 187.0 192.0 195.0 208.0 210.0 221.0 243.0 244.0 261.0 280.0 305.0 310.0 325.0 334.0 392.0 394.0 398.0 423.0 431.0 474.0 488.0 526.0 203.0 
240.0 262.0 274.0 285.0 289.0 295.0 299.0 303.0 310.0 336.0 345.0 362.0 370.0 374.0 382.0 383.0 398.0 412.0 414.0 426.0 432.0 460.0 478.0 495.0 212.0 209.0 206.0 198.0 194.0 160.0 153.0 146.0 125.0 114.0 99.0 60.0 49.0 38.0 0 3.0 16.0 37.0 38.0 39.0 44.0 49.0 78.0 105.0 131.0 134.0 138.0 149.0 154.0 157.0 170.0 172.0 183.0 205.0 206.0 223.0 242.0 267.0 272.0 287.0 296.0 354.0 356.0 360.0 385.0 393.0 436.0 450.0 488.0 241.0 
243.0 265.0 277.0 288.0 292.0 298.0 302.0 306.0 313.0 339.0 348.0 365.0 373.0 377.0 385.0 386.0 401.0 415.0 417.0 429.0 435.0 463.0 481.0 498.0 215.0 212.0 209.0 201.0 197.0 163.0 156.0 149.0 128.0 117.0 102.0 63.0 52.0 41.0 3.0 0 13.0 34.0 35.0 36.0 41.0 46.0 75.0 102.0 128.0 131.0 135.0 146.0 151.0 154.0 167.0 169.0 180.0 202.0 203.0 220.0 239.0 264.0 269.0 284.0 293.0 351.0 353.0 357.0 382.0 390.0 433.0 447.0 485.0 244.0 
256.0 278.0 290.0 301.0 305.0 311.0 315.0 319.0 326.0 352.0 361.0 378.0 386.0 390.0 398.0 399.0 414.0 428.0 430.0 442.0 448.0 476.0 494.0 511.0 228.0 225.0 222.0 214.0 210.0 176.0 169.0 162.0 141.0 130.0 115.0 76.0 65.0 54.0 16.0 13.0 0 21.0 22.0 23.0 28.0 33.0 62.0 89.0 115.0 118.0 122.0 133.0 138.0 141.0 154.0 156.0 167.0 189.0 190.0 207.0 226.0 251.0 256.0 271.0 280.0 338.0 340.0 344.0 369.0 377.0 420.0 434.0 472.0 257.0 
277.0 299.0 311.0 322.0 326.0 332.0 336.0 340.0 347.0 373.0 382.0 399.0 407.0 411.0 419.0 420.0 435.0 449.0 451.0 463.0 469.0 497.0 515.0 532.0 249.0 246.0 243.0 235.0 231.0 197.0 190.0 183.0 162.0 151.0 136.0 97.0 86.0 75.0 37.0 34.0 21.0 0 1.0 2.0 7.0 12.0 41.0 68.0 94.0 97.0 101.0 112.0 117.0 120.0 133.0 135.0 146.0 168.0 169.0 186.0 205.0 230.0 235.0 250.0 259.0 317.0 319.0 323.0 348.0 356.0 399.0 413.0 451.0 278.0 
278.0 300.0 312.0 323.0 327.0 333.0 337.0 341.0 348.0 374.0 383.0 400.0 408.0 412.0 420.0 421.0 436.0 450.0 452.0 464.0 470.0 498.0 516.0 533.0 250.0 247.0 244.0 236.0 232.0 198.0 191.0 184.0 163.0 152.0 137.0 98.0 87.0 76.0 38.0 35.0 22.0 1.0 0 1.0 6.0 11.0 40.0 67.0 93.0 96.0 100.0 111.0 116.0 119.0 132.0 134.0 145.0 167.0 168.0 185.0 204.0 229.0 234.0 249.0 258.0 316.0 318.0 322.0 347.0 355.0 398.0 412.0 450.0 279.0 
279.0 301.0 313.0 324.0 328.0 334.0 338.0 342.0 349.0 375.0 384.0 401.0 409.0 413.0 421.0 422.0 437.0 451.0 453.0 465.0 471.0 499.0 517.0 534.0 251.0 248.0 245.0 237.0 233.0 199.0 192.0 185.0 164.0 153.0 138.0 99.0 88.0 77.0 39.0 36.0 23.0 2.0 1.0 0 5.0 10.0 39.0 66.0 92.0 95.0 99.0 110.0 115.0 118.0 131.0 133.0 144.0 166.0 167.0 184.0 203.0 228.0 233.0 248.0 257.0 315.0 317.0 321.0 346.0 354.0 397.0 411.0 449.0 280.0 
284.0 306.0 318.0 329.0 333.0 339.0 343.0 347.0 354.0 380.0 389.0 406.0 414.0 418.0 426.0 427.0 442.0 456.0 458.0 470.0 476.0 504.0 522.0 539.0 256.0 253.0 250.0 242.0 238.0 204.0 197.0 190.0 169.0 158.0 143.0 104.0 93.0 82.0 44.0 41.0 28.0 7.0 6.0 5.0 0 5.0 34.0 61.0 87.0 90.0 94.0 105.0 110.0 113.0 126.0 128.0 139.0 161.0 162.0 179.0 198.0 223.0 228.0 243.0 252.0 310.0 312.0 316.0 341.0 349.0 392.0 406.0 444.0 285.0 
289.0 311.0 323.0 334.0 338.0 344.0 348.0 352.0 359.0 385.0 394.0 411.0 419.0 423.0 431.0 432.0 447.0 461.0 463.0 475.0 481.0 509.0 527.0 544.0 261.0 258.0 255.0 247.0 243.0 209.0 202.0 195.0 174.0 163.0 148.0 109.0 98.0 87.0 49.0 46.0 33.0 12.0 11.0 10.0 5.0 0 29.0 56.0 82.0 85.0 89.0 100.0 105.0 108.0 121.0 123.0 134.0 156.0 157.0 174.0 193.0 218.0 223.0 238.0 247.0 305.0 307.0 311.0 336.0 344.0 387.0 401.0 439.0 290.0 
318.0 340.0 352.0 363.0 367.0 373.0 377.0 381.0 388.0 414.0 423.0 440.0 448.0 452.0 460.0 461.0 476.0 490.0 492.0 504.0 510.0 538.0 556.0 573.0 290.0 287.0 284.0 276.0 272.0 238.0 231.0 224.0 203.0 192.0 177.0 138.0 127.0 116.0 78.0 75.0 62.0 41.0 40.0 39.0 34.0 29.0 0 27.0 53.0 56.0 60.0 71.0 76.0 79.0 92.0 94.0 105.0 127.0 128.0 145.0 164.0 189.0 194.0 209.0 218.0 276.0 278.0 282.0 307.0 315.0 358.0 372.0 410.0 319.0 
345.0 367.0 379.0 390.0 394.0 400.0 404.0 408.0 415.0 441.0 450.0 467.0 475.0 479.0 487.0 488.0 503.0 517.0 519.0 531.0 537.0 565.0 583.0 600.0 317.0 314.0 311.0 303.0 299.0 265.0 258.0 251.0 230.0 219.0 204.0 165.0 154.0 143.0 105.0 102.0 89.0 68.0 67.0 66.0 61.0 56.0 27.0 0 26.0 29.0 33.0 44.0 49.0 52.0 65.0 67.0 78.0 100.0 101.0 118.0 137.0 162.0 167.0 182.0 191.0 249.0 251.0 255.0 280.0 288.0 331.0 345.0 383.0 346.0 
371.0 393.0 405.0 416.0 420.0 426.0 430.0 434.0 441.0 467.0 476.0 493.0 501.0 505.0 513.0 514.0 529.0 543.0 545.0 557.0 563.0 591.0 609.0 626.0 343.0 340.0 337.0 329.0 325.0 291.0 284.0 277.0 256.0 245.0 230.0 191.0 180.0 169.0 131.0 128.0 115.0 94.0 93.0 92.0 87.0 82.0 53.0 26.0 0 3.0 7.0 18.0 23.0 26.0 39.0 41.0 52.0 74.0 75.0 92.0 111.0 136.0 141.0 156.0 165.0 223.0 225.0 229.0 254.0 262.0 305.0 319.0 357.0 372.0 
374.0 396.0 408.0 419.0 423.0 429.0 433.0 437.0 444.0 470.0 479.0 496.0 504.0 508.0 516.0 517.0 532.0 546.0 548.0 560.0 566.0 594.0 612.0 629.0 346.0 343.0 340.0 332.0 328.0 294.0 287.0 280.0 259.0 248.0 233.0 194.0 183.0 172.0 134.0 131.0 118.0 97.0 96.0 95.0 90.0 85.0 56.0 29.0 3.0 0 4.0 15.0 20.0 23.0 36.0 38.0 49.0 71.0 72.0 89.0 108.0 133.0 138.0 153.0 162.0 220.0 222.0 226.0 251.0 259.0 302.0 316.0 354.0 375.0 
378.0 400.0 412.0 423.0 427.0 433.0 437.0 441.0 448.0 474.0 483.0 500.0 508.0 512.0 520.0 521.0 536.0 550.0 552.0 564.0 570.0 598.0 616.0 633.0 350.0 347.0 344.0 336.0 332.0 298.0 291.0 284.0 263.0 252.0 237.0 198.0 187.0 176.0 138.0 135.0 122.0 101.0 100.0 99.0 94.0 89.0 60.0 33.0 7.0 4.0 0 11.0 16.0 19.0 32.0 34.0 45.0 67.0 68.0 85.0 104.0 129.0 134.0 149.0 158.0 216.0 218.0 222.0 247.0 255.0 298.0 312.0 350.0 379.0 
389.0 411.0 423.0 434.0 438.0 444.0 448.0 452.0 459.0 485.0 494.0 511.0 519.0 523.0 531.0 532.0 547.0 561.0 563.0 575.0 581.0 609.0 627.0 644.0 361.0 358.0 355.0 347.0 343.0 309.0 302.0 295.0 274.0 263.0 248.0 209.0 198.0 187.0 149.0 146.0 133.0 112.0 111.0 110.0 105.0 100.0 71.0 44.0 18.0 15.0 11.0 0 5.0 8.0 21.0 23.0 34.0 56.0 57.0 74.0 93.0 118.0 123.0 138.0 147.0 205.0 207.0 211.0 236.0 244.0 287.0 301.0 339.0 390.0 
394.0 416.0 428.0 439.0 443.0 449.0 453.0 457.0 464.0 490.0 499.0 516.0 524.0 528.0 536.0 537.0 552.0 566.0 568.0 580.0 586.0 614.0 632.0 649.0 366.0 363.0 360.0 352.0 348.0 314.0 307.0 300.0 279.0 268.0 253.0 214.0 203.0 192.0 154.0 151.0 138.0 117.0 116.0 115.0 110.0 105.0 76.0 49.0 23.0 20.0 16.0 5.0 0 3.0 16.0 18.0 29.0 51.0 52.0 69.0 88.0 113.0 118.0 133.0 142.0 200.0 202.0 206.0 231.0 239.0 282.0 296.0 334.0 395.0 
397.0 419.0 431.0 442.0 446.0 452.0 456.0 460.0 467.0 493.0 502.0 519.0 527.0 531.0 539.0 540.0 555.0 569.0 571.0 583.0 589.0 617.0 635.0 652.0 369.0 366.0 363.0 355.0 351.0 317.0 310.0 303.0 282.0 271.0 256.0 217.0 206.0 195.0 157.0 154.0 141.0 120.0 119.0 118.0 113.0 108.0 79.0 52.0 26.0 23.0 19.0 8.0 3.0 0 13.0 15.0 26.0 48.0 49.0 66.0 85.0 110.0 115.0 130.0 139.0 197.0 199.0 203.0 228.0 236.0 279.0 293.0 331.0 398.0 
410.0 432.0 444.0 455.0 459.0 465.0 469.0 473.0 480.0 506.0 515.0 532.0 540.0 544.0 552.0 553.0 568.0 582.0 584.0 596.0 602.0 630.0 648.0 665.0 382.0 379.0 376.0 368.0 364.0 330.0 323.0 316.0 295.0 284.0 269.0 230.0 219.0 208.0 170.0 167.0 154.0 133.0 132.0 131.0 126.0 121.0 92.0 65.0 39.0 36.0 32.0 21.0 16.0 13.0 0 2.0 13.0 35.0 36.0 53.0 72.0 97.0 102.0 117.0 126.0 184.0 186.0 190.0 215.0 223.0 266.0 280.0 318.0 411.0 
412.0 434.0 446.0 457.0 461.0 467.0 471.0 475.0 482.0 508.0 517.0 534.0 542.0 546.0 554.0 555.0 570.0 584.0 586.0 598.0 604.0 632.0 650.0 667.0 384.0 381.0 378.0 370.0 366.0 332.0 325.0 318.0 297.0 286.0 271.0 232.0 221.0 210.0 172.0 169.0 156.0 135.0 134.0 133.0 128.0 123.0 94.0 67.0 41.0 38.0 34.0 23.0 18.0 15.0 2.0 0 11.0 33.0 34.0 51.0 70.0 95.0 100.0 115.0 124.0 182.0 184.0 188.0 213.0 221.0 264.0 278.0 316.0 413.0 
423.0 445.0 457.0 468.0 472.0 478.0 482.0 486.0 493.0 519.0 528.0 545.0 553.0 557.0 565.0 566.0 581.0 595.0 597.0 609.0 615.0 643.0 661.0 678.0 395.0 392.0 389.0 381.0 377.0 343.0 336.0 329.0 308.0 297.0 282.0 243.0 232.0 221.0 183.0 180.0 167.0 146.0 145.0 144.0 139.0 134.0 105.0 78.0 52.0 49.0 45.0 34.0 29.0 26.0 13.0 11.0 0 22.0 23.0 40.0 59.0 84.0 89.0 104.0 113.0 171.0 173.0 177.0 202.0 210.0 253.0 267.0 305.0 424.0 
445.0 467.0 479.0 490.0 494.0 500.0 504.0 508.0 515.0 541.0 550.0 567.0 575.0 579.0 587.0 588.0 603.0 617.0 619.0 631.0 637.0 665.0 683.0 700.0 417.0 414.0 411.0 403.0 399.0 365.0 358.0 351.0 330.0 319.0 304.0 265.0 254.0 243.0 205.0 202.0 189.0 168.0 167.0 166.0 161.0 156.0 127.0 100.0 74.0 71.0 67.0 56.0 51.0 48.0 35.0 33.0 22.0 0 1.0 18.0 37.0 62.0 67.0 82.0 91.0 149.0 151.0 155.0 180.0 188.0 231.0 245.0 283.0 446.0 
446.0 468.0 480.0 491.0 495.0 501.0 505.0 509.0 516.0 542.0 551.0 568.0 576.0 580.0 588.0 589.0 604.0 618.0 620.0 632.0 638.0 666.0 684.0 701.0 418.0 415.0 412.0 404.0 400.0 366.0 359.0 352.0 331.0 320.0 305.0 266.0 255.0 244.0 206.0 203.0 190.0 169.0 168.0 167.0 162.0 157.0 128.0 101.0 75.0 72.0 68.0 57.0 52.0 49.0 36.0 34.0 23.0 1.0 0 17.0 36.0 61.0 66.0 81.0 90.0 148.0 150.0 154.0 179.0 187.0 230.0 244.0 282.0 447.0 
463.0 485.0 497.0 508.0 512.0 518.0 522.0 526.0 533.0 559.0 568.0 585.0 593.0 597.0 605.0 606.0 621.0 635.0 637.0 649.0 655.0 683.0 701.0 718.0 435.0 432.0 429.0 421.0 417.0 383.0 376.0 369.0 348.0 337.0 322.0 283.0 272.0 261.0 223.0 220.0 207.0 186.0 185.0 184.0 179.0 174.0 145.0 118.0 92.0 89.0 85.0 74.0 69.0 66.0 53.0 51.0 40.0 18.0 17.0 0 19.0 44.0 49.0 64.0 73.0 131.0 133.0 137.0 162.0 170.0 213.0 227.0 265.0 464.0 
482.0 504.0 516.0 527.0 531.0 537.0 541.0 545.0 552.0 578.0 587.0 604.0 612.0 616.0 624.0 625.0 640.0 654.0 656.0 668.0 674.0 702.0 720.0 737.0 454.0 451.0 448.0 440.0 436.0 402.0 395.0 388.0 367.0 356.0 341.0 302.0 291.0 280.0 242.0 239.0 226.0 205.0 204.0 203.0 198.0 193.0 164.0 137.0 111.0 108.0 104.0 93.0 88.0 85.0 72.0 70.0 59.0 37.0 36.0 19.0 0 25.0 30.0 45.0 54.0 112.0 114.0 118.0 143.0 151.0 194.0 208.0 246.0 483.0 
507.0 529.0 541.0 552.0 556.0 562.0 566.0 570.0 577.0 603.0 612.0 629.0 637.0 641.0 649.0 650.0 665.0 679.0 681.0 693.0 699.0 727.0 745.0 762.0 479.0 476.0 473.0 465.0 461.0 427.0 420.0 413.0 392.0 381.0 366.0 327.0 316.0 305.0 267.0 264.0 251.0 230.0 229.0 228.0 223.0 218.0 189.0 162.0 136.0 133.0 129.0 118.0 113.0 110.0 97.0 95.0 84.0 62.0 61.0 44.0 25.0 0 5.0 20.0 29.0 87.0 89.0 93.0 118.0 126.0 169.0 183.0 221.0 508.0 
512.0 534.0 546.0 557.0 561.0 567.0 571.0 575.0 582.0 608.0 617.0 634.0 642.0 646.0 654.0 655.0 670.0 684.0 686.0 698.0 704.0 732.0 750.0 767.0 484.0 481.0 478.0 470.0 466.0 432.0 425.0 418.0 397.0 386.0 371.0 332.0 321.0 310.0 272.0 269.0 256.0 235.0 234.0 233.0 228.0 223.0 194.0 167.0 141.0 138.0 134.0 123.0 118.0 115.0 102.0 100.0 89.0 67.0 66.0 49.0 30.0 5.0 0 15.0 24.0 82.0 84.0 88.0 113.0 121.0 164.0 178.0 216.0 513.0 
527.0 549.0 561.0 572.0 576.0 582.0 586.0 590.0 597.0 623.0 632.0 649.0 657.0 661.0 669.0 670.0 685.0 699.0 701.0 713.0 719.0 747.0 765.0 782.0 499.0 496.0 493.0 485.0 481.0 447.0 440.0 433.0 412.0 401.0 386.0 347.0 336.0 325.0 287.0 284.0 271.0 250.0 249.0 248.0 243.0 238.0 209.0 182.0 156.0 153.0 149.0 138.0 133.0 130.0 117.0 115.0 104.0 82.0 81.0 64.0 45.0 20.0 15.0 0 9.0 67.0 69.0 73.0 98.0 106.0 149.0 163.0 201.0 528.0 
536.0 558.0 570.0 581.0 585.0 591.0 595.0 599.0 606.0 632.0 641.0 658.0 666.0 670.0 678.0 679.0 694.0 708.0 710.0 722.0 728.0 756.0 774.0 791.0 508.0 505.0 502.0 494.0 490.0 456.0 449.0 442.0 421.0 410.0 395.0 356.0 345.0 334.0 296.0 293.0 280.0 259.0 258.0 257.0 252.0 247.0 218.0 191.0 165.0 162.0 158.0 147.0 142.0 139.0 126.0 124.0 113.0 91.0 90.0 73.0 54.0 29.0 24.0 9.0 0 58.0 60.0 64.0 89.0 97.0 140.0 154.0 192.0 537.0 
594.0 616.0 628.0 639.0 643.0 649.0 653.0 657.0 664.0 690.0 699.0 716.0 724.0 728.0 736.0 737.0 752.0 766.0 768.0 780.0 786.0 814.0 832.0 849.0 566.0 563.0 560.0 552.0 548.0 514.0 507.0 500.0 479.0 468.0 453.0 414.0 403.0 392.0 354.0 351.0 338.0 317.0 316.0 315.0 310.0 305.0 276.0 249.0 223.0 220.0 216.0 205.0 200.0 197.0 184.0 182.0 171.0 149.0 148.0 131.0 112.0 87.0 82.0 67.0 58.0 0 2.0 6.0 31.0 39.0 82.0 96.0 134.0 595.0 
596.0 618.0 630.0 641.0 645.0 651.0 655.0 659.0 666.0 692.0 701.0 718.0 726.0 730.0 738.0 739.0 754.0 768.0 770.0 782.0 788.0 816.0 834.0 851.0 568.0 565.0 562.0 554.0 550.0 516.0 509.0 502.0 481.0 470.0 455.0 416.0 405.0 394.0 356.0 353.0 340.0 319.0 318.0 317.0 312.0 307.0 278.0 251.0 225.0 222.0 218.0 207.0 202.0 199.0 186.0 184.0 173.0 151.0 150.0 133.0 114.0 89.0 84.0 69.0 60.0 2.0 0 4.0 29.0 37.0 80.0 94.0 132.0 597.0 
600.0 622.0 634.0 645.0 649.0 655.0 659.0 663.0 670.0 696.0 705.0 722.0 730.0 734.0 742.0 743.0 758.0 772.0 774.0 786.0 792.0 820.0 838.0 855.0 572.0 569.0 566.0 558.0 554.0 520.0 513.0 506.0 485.0 474.0 459.0 420.0 409.0 398.0 360.0 357.0 344.0 323.0 322.0 321.0 316.0 311.0 282.0 255.0 229.0 226.0 222.0 211.0 206.0 203.0 190.0 188.0 177.0 155.0 154.0 137.0 118.0 93.0 88.0 73.0 64.0 6.0 4.0 0 25.0 33.0 76.0 90.0 128.0 601.0 
625.0 647.0 659.0 670.0 674.0 680.0 684.0 688.0 695.0 721.0 730.0 747.0 755.0 759.0 767.0 768.0 783.0 797.0 799.0 811.0 817.0 845.0 863.0 880.0 597.0 594.0 591.0 583.0 579.0 545.0 538.0 531.0 510.0 499.0 484.0 445.0 434.0 423.0 385.0 382.0 369.0 348.0 347.0 346.0 341.0 336.0 307.0 280.0 254.0 251.0 247.0 236.0 231.0 228.0 215.0 213.0 202.0 180.0 179.0 162.0 143.0 118.0 113.0 98.0 89.0 31.0 29.0 25.0 0 8.0 51.0 65.0 103.0 626.0 
633.0 655.0 667.0 678.0 682.0 688.0 692.0 696.0 703.0 729.0 738.0 755.0 763.0 767.0 775.0 776.0 791.0 805.0 807.0 819.0 825.0 853.0 871.0 888.0 605.0 602.0 599.0 591.0 587.0 553.0 546.0 539.0 518.0 507.0 492.0 453.0 442.0 431.0 393.0 390.0 377.0 356.0 355.0 354.0 349.0 344.0 315.0 288.0 262.0 259.0 255.0 244.0 239.0 236.0 223.0 221.0 210.0 188.0 187.0 170.0 151.0 126.0 121.0 106.0 97.0 39.0 37.0 33.0 8.0 0 43.0 57.0 95.0 634.0 
676.0 698.0 710.0 721.0 725.0 731.0 735.0 739.0 746.0 772.0 781.0 798.0 806.0 810.0 818.0 819.0 834.0 848.0 850.0 862.0 868.0 896.0 914.0 931.0 648.0 645.0 642.0 634.0 630.0 596.0 589.0 582.0 561.0 550.0 535.0 496.0 485.0 474.0 436.0 433.0 420.0 399.0 398.0 397.0 392.0 387.0 358.0 331.0 305.0 302.0 298.0 287.0 282.0 279.0 266.0 264.0 253.0 231.0 230.0 213.0 194.0 169.0 164.0 149.0 140.0 82.0 80.0 76.0 51.0 43.0 0 14.0 52.0 677.0 
690.0 712.0 724.0 735.0 739.0 745.0 749.0 753.0 760.0 786.0 795.0 812.0 820.0 824.0 832.0 833.0 848.0 862.0 864.0 876.0 882.0 910.0 928.0 945.0 662.0 659.0 656.0 648.0 644.0 610.0 603.0 596.0 575.0 564.0 549.0 510.0 499.0 488.0 450.0 447.0 434.0 413.0 412.0 411.0 406.0 401.0 372.0 345.0 319.0 316.0 312.0 301.0 296.0 293.0 280.0 278.0 267.0 245.0 244.0 227.0 208.0 183.0 178.0 163.0 154.0 96.0 94.0 90.0 65.0 57.0 14.0 0 38.0 691.0 
728.0 750.0 762.0 773.0 777.0 783.0 787.0 791.0 798.0 824.0 833.0 850.0 858.0 862.0 870.0 871.0 886.0 900.0 902.0 914.0 920.0 948.0 966.0 983.0 700.0 697.0 694.0 686.0 682.0 648.0 641.0 634.0 613.0 602.0 587.0 548.0 537.0 526.0 488.0 485.0 472.0 451.0 450.0 449.0 444.0 439.0 410.0 383.0 357.0 354.0 350.0 339.0 334.0 331.0 318.0 316.0 305.0 283.0 282.0 265.0 246.0 221.0 216.0 201.0 192.0 134.0 132.0 128.0 103.0 95.0 52.0 38.0 0 729.0 
1.0 21.0 33.0 44.0 48.0 54.0 58.0 62.0 69.0 95.0 104.0 121.0 129.0 133.0 141.0 142.0 157.0 171.0 173.0 185.0 191.0 219.0 237.0 254.0 29.0 32.0 35.0 43.0 47.0 81.0 88.0 95.0 116.0 127.0 142.0 181.0 192.0 203.0 241.0 244.0 257.0 278.0 279.0 280.0 285.0 290.0 319.0 346.0 372.0 375.0 379.0 390.0 395.0 398.0 411.0 413.0 424.0 446.0 447.0 464.0 483.0 508.0 513.0 528.0 537.0 595.0 597.0 601.0 626.0 634.0 677.0 691.0 729.0 0 
