14
29a 36a 41a 4a 17a 24a 23a 0a 10a 31a 21a 6a 11a 20a
0 2.2 18.9 21.299999999999997 19.7 22.8 25.8 28.200000000000003 29.4 30.1 25.6 25.200000000000003 24.0 3.6 
2.2 0 20.200000000000003 22.6 20.9 23.999999999999996 26.999999999999996 29.4 30.599999999999994 31.299999999999997 26.799999999999997 26.4 25.200000000000003 4.5 
18.9 20.2 0 5.0 14.4 18.4 21.4 23.799999999999997 23.6 24.3 19.8 19.4 22.9 15.7 
21.300000000000004 22.6 5.0 0 13.5 17.5 20.5 22.9 22.700000000000003 23.4 18.9 18.5 22.9 18.1 
19.7 20.9 14.399999999999999 13.5 0 4.0 7.0 9.4 11.5 12.2 8.6 8.2 9.9 16.4 
22.800000000000004 24.0 18.4 17.5 4.0 0 3.0 5.4 9.3 10.8 8.2 9.1 9.0 19.5 
25.799999999999997 27.0 21.4 20.5 7.0 3.0 0 2.8 6.3 10.8 9.0 10.8 11.1 22.5 
28.200000000000003 29.400000000000002 23.8 22.9 9.4 5.4 2.8 0 4.0 8.5 9.0 10.8 13.899999999999999 24.900000000000002 
29.400000000000006 30.6 23.6 22.700000000000003 11.5 9.3 6.3 4.0 0 4.5 6.3 9.3 17.4 26.1 
30.1 31.3 24.3 23.4 12.2 10.8 10.8 8.5 4.5 0 4.5 7.5 19.8 26.8 
25.6 26.8 19.8 18.9 8.6 8.2 9.0 9.0 6.3 4.5 0 3.0 17.2 22.3 
25.200000000000003 26.4 19.4 18.5 8.2 9.1 10.8 10.8 9.3 7.5 3.0 0 17.8 21.9 
24.0 25.2 22.9 22.9 9.9 9.0 11.1 13.899999999999999 17.4 19.8 17.2 17.799999999999997 0 20.7 
3.6 4.5 15.700000000000001 18.1 16.4 19.5 22.5 24.9 26.1 26.8 22.3 21.9 20.700000000000003 0 
