44
Australia Mongolia Armenia Kyrgyzstan UnitedKingdom CzechRepublic VaticanCity Tuvalu Peru Mali Tajikistan Tanzania RussianFederation GuineaBissau Gabon UAE Lebanon Mozambique Senegal Montenegro Guyana Liberia Kosovo CostaRica Danzig Belarus Georgia Morocco Angola Uzbekistan Albania France Andorra Nicaragua Pakistan Burundi SanMarino Belgium Singapore SaintLucia Estonia Uruguay DemofChina Qatar
0 1.0 2.0 2.0 2.0 1.0 2.0 2.0 2.0 2.0 2.0 2.0 1.0 2.0 1.0 2.0 2.0 2.0 2.0 1.0 2.0 2.0 2.0 2.0 2.0 2.0 2.0 2.0 1.0 2.0 3.0 3.0 3.0 3.0 1.0 1.0 1.0 1.0 1.0 2.0 1.0 2.0 3.0 1.0 
1.0 0 1.0 2.0 2.0 2.0 2.0 2.0 1.0 2.0 1.0 1.0 2.0 1.0 2.0 1.0 2.0 2.0 1.0 1.0 2.0 2.0 2.0 2.0 2.0 2.0 2.0 1.0 2.0 2.0 2.0 2.0 2.0 2.0 1.0 1.0 2.0 1.0 1.0 1.0 1.0 2.0 3.0 2.0 
2.0 1.0 0 1.0 1.0 2.0 2.0 2.0 1.0 1.0 2.0 1.0 2.0 2.0 2.0 2.0 2.0 1.0 2.0 1.0 2.0 2.0 2.0 2.0 2.0 2.0 2.0 1.0 2.0 2.0 2.0 3.0 3.0 3.0 2.0 2.0 2.0 2.0 1.0 2.0 2.0 1.0 2.0 2.0 
2.0 2.0 1.0 0 1.0 2.0 2.0 1.0 2.0 1.0 2.0 2.0 1.0 1.0 2.0 1.0 2.0 2.0 2.0 2.0 2.0 1.0 1.0 2.0 1.0 1.0 2.0 1.0 2.0 2.0 2.0 3.0 3.0 3.0 2.0 2.0 2.0 2.0 1.0 2.0 2.0 2.0 2.0 2.0 
2.0 2.0 1.0 1.0 0 1.0 2.0 2.0 1.0 1.0 2.0 1.0 2.0 2.0 2.0 2.0 2.0 1.0 1.0 2.0 2.0 1.0 1.0 2.0 1.0 2.0 1.0 1.0 2.0 1.0 2.0 2.0 2.0 3.0 2.0 2.0 2.0 2.0 1.0 1.0 1.0 1.0 3.0 2.0 
1.0 2.0 2.0 2.0 1.0 0 1.0 1.0 2.0 2.0 2.0 2.0 2.0 2.0 2.0 2.0 2.0 2.0 1.0 2.0 1.0 2.0 1.0 2.0 1.0 1.0 2.0 2.0 2.0 1.0 2.0 2.0 2.0 3.0 2.0 2.0 1.0 1.0 2.0 2.0 2.0 2.0 3.0 2.0 
2.0 2.0 2.0 2.0 2.0 1.0 0 1.0 2.0 2.0 2.0 2.0 2.0 1.0 2.0 1.0 1.0 2.0 2.0 2.0 1.0 1.0 2.0 2.0 2.0 2.0 1.0 1.0 2.0 2.0 3.0 3.0 3.0 3.0 2.0 1.0 2.0 2.0 2.0 2.0 2.0 2.0 3.0 2.0 
2.0 2.0 2.0 1.0 2.0 1.0 1.0 0 1.0 2.0 2.0 2.0 1.0 1.0 2.0 2.0 1.0 2.0 2.0 1.0 1.0 2.0 2.0 2.0 2.0 1.0 2.0 2.0 2.0 2.0 3.0 3.0 3.0 2.0 2.0 1.0 2.0 2.0 1.0 1.0 1.0 2.0 3.0 2.0 
2.0 1.0 1.0 2.0 1.0 2.0 2.0 1.0 0 1.0 2.0 2.0 2.0 1.0 2.0 2.0 2.0 1.0 2.0 2.0 2.0 1.0 1.0 2.0 2.0 1.0 2.0 2.0 2.0 1.0 3.0 2.0 3.0 2.0 1.0 2.0 2.0 2.0 1.0 1.0 2.0 1.0 3.0 2.0 
2.0 2.0 1.0 1.0 1.0 2.0 2.0 2.0 1.0 0 1.0 2.0 2.0 2.0 2.0 2.0 2.0 1.0 1.0 2.0 2.0 1.0 2.0 2.0 2.0 1.0 1.0 1.0 2.0 2.0 2.0 3.0 3.0 2.0 2.0 2.0 2.0 2.0 2.0 2.0 2.0 2.0 2.0 2.0 
2.0 1.0 2.0 2.0 2.0 2.0 2.0 2.0 2.0 1.0 0 1.0 2.0 2.0 2.0 2.0 2.0 1.0 1.0 2.0 2.0 2.0 2.0 2.0 1.0 2.0 2.0 1.0 2.0 2.0 3.0 2.0 2.0 3.0 2.0 1.0 2.0 1.0 1.0 1.0 2.0 1.0 3.0 1.0 
2.0 1.0 1.0 2.0 1.0 2.0 2.0 2.0 2.0 2.0 1.0 0 1.0 2.0 2.0 2.0 2.0 2.0 1.0 2.0 2.0 2.0 2.0 2.0 2.0 1.0 1.0 1.0 1.0 1.0 2.0 2.0 3.0 2.0 2.0 2.0 2.0 2.0 2.0 2.0 2.0 2.0 2.0 2.0 
1.0 2.0 2.0 1.0 2.0 2.0 2.0 1.0 2.0 2.0 2.0 1.0 0 1.0 2.0 2.0 2.0 2.0 1.0 1.0 2.0 2.0 2.0 2.0 1.0 1.0 2.0 2.0 2.0 1.0 3.0 2.0 2.0 3.0 2.0 2.0 2.0 1.0 2.0 2.0 2.0 2.0 3.0 2.0 
2.0 1.0 2.0 1.0 2.0 2.0 1.0 1.0 1.0 2.0 2.0 2.0 1.0 0 1.0 2.0 2.0 2.0 2.0 2.0 2.0 2.0 2.0 2.0 2.0 2.0 2.0 2.0 1.0 2.0 2.0 3.0 3.0 3.0 1.0 1.0 1.0 2.0 1.0 2.0 2.0 2.0 3.0 2.0 
1.0 2.0 2.0 2.0 2.0 2.0 2.0 2.0 2.0 2.0 2.0 2.0 2.0 1.0 0 1.0 2.0 2.0 1.0 1.0 1.0 1.0 2.0 2.0 1.0 2.0 2.0 2.0 1.0 2.0 3.0 2.0 2.0 3.0 1.0 2.0 1.0 2.0 2.0 2.0 2.0 2.0 3.0 2.0 
2.0 1.0 2.0 1.0 2.0 2.0 1.0 2.0 2.0 2.0 2.0 2.0 2.0 2.0 1.0 0 1.0 2.0 2.0 1.0 2.0 2.0 2.0 2.0 1.0 2.0 1.0 1.0 2.0 2.0 3.0 3.0 3.0 2.0 2.0 2.0 2.0 2.0 1.0 2.0 2.0 2.0 2.0 2.0 
2.0 2.0 2.0 2.0 2.0 2.0 1.0 1.0 2.0 2.0 2.0 2.0 2.0 2.0 2.0 1.0 0 1.0 1.0 2.0 2.0 1.0 2.0 2.0 2.0 1.0 1.0 2.0 2.0 2.0 3.0 3.0 2.0 2.0 2.0 2.0 2.0 2.0 2.0 1.0 1.0 2.0 2.0 2.0 
2.0 2.0 1.0 2.0 1.0 2.0 2.0 2.0 1.0 1.0 1.0 2.0 2.0 2.0 2.0 2.0 1.0 0 1.0 2.0 2.0 2.0 2.0 2.0 2.0 1.0 1.0 1.0 2.0 2.0 2.0 2.0 3.0 3.0 2.0 2.0 2.0 2.0 2.0 2.0 2.0 1.0 2.0 2.0 
2.0 1.0 2.0 2.0 1.0 1.0 2.0 2.0 2.0 1.0 1.0 1.0 1.0 2.0 1.0 2.0 1.0 1.0 0 1.0 2.0 2.0 2.0 2.0 1.0 1.0 1.0 1.0 1.0 2.0 2.0 3.0 2.0 3.0 2.0 2.0 2.0 2.0 1.0 2.0 2.0 1.0 3.0 1.0 
1.0 1.0 1.0 2.0 2.0 2.0 2.0 1.0 2.0 2.0 2.0 2.0 1.0 2.0 1.0 1.0 2.0 2.0 1.0 0 1.0 2.0 2.0 2.0 2.0 2.0 2.0 2.0 2.0 1.0 2.0 2.0 2.0 2.0 2.0 2.0 2.0 1.0 2.0 2.0 2.0 1.0 3.0 1.0 
2.0 2.0 2.0 2.0 2.0 1.0 1.0 1.0 2.0 2.0 2.0 2.0 2.0 2.0 1.0 2.0 2.0 2.0 2.0 1.0 0 1.0 2.0 2.0 2.0 2.0 2.0 2.0 2.0 2.0 3.0 3.0 3.0 2.0 1.0 2.0 1.0 2.0 1.0 2.0 1.0 2.0 3.0 2.0 
2.0 2.0 2.0 1.0 1.0 2.0 1.0 2.0 1.0 1.0 2.0 2.0 2.0 2.0 1.0 2.0 1.0 2.0 2.0 2.0 1.0 0 1.0 2.0 1.0 1.0 2.0 1.0 2.0 2.0 3.0 3.0 2.0 2.0 2.0 2.0 1.0 2.0 2.0 2.0 1.0 1.0 3.0 2.0 
2.0 2.0 2.0 1.0 1.0 1.0 2.0 2.0 1.0 2.0 2.0 2.0 2.0 2.0 2.0 2.0 2.0 2.0 2.0 2.0 2.0 1.0 0 1.0 2.0 2.0 2.0 2.0 2.0 2.0 3.0 3.0 3.0 3.0 2.0 2.0 2.0 2.0 2.0 2.0 2.0 1.0 2.0 2.0 
2.0 2.0 2.0 2.0 2.0 2.0 2.0 2.0 2.0 2.0 2.0 2.0 2.0 2.0 2.0 2.0 2.0 2.0 2.0 2.0 2.0 2.0 1.0 0 1.0 1.0 2.0 2.0 1.0 2.0 3.0 4.0 3.0 3.0 1.0 2.0 2.0 1.0 2.0 2.0 2.0 2.0 3.0 2.0 
2.0 2.0 2.0 1.0 1.0 1.0 2.0 2.0 2.0 2.0 1.0 2.0 1.0 2.0 1.0 1.0 2.0 2.0 1.0 2.0 2.0 1.0 2.0 1.0 0 1.0 2.0 1.0 2.0 2.0 3.0 3.0 2.0 3.0 1.0 2.0 2.0 2.0 1.0 1.0 2.0 1.0 3.0 2.0 
2.0 2.0 2.0 1.0 2.0 1.0 2.0 1.0 1.0 1.0 2.0 1.0 1.0 2.0 2.0 2.0 1.0 1.0 1.0 2.0 2.0 1.0 2.0 1.0 1.0 0 1.0 2.0 1.0 1.0 2.0 3.0 2.0 3.0 1.0 2.0 2.0 2.0 2.0 2.0 1.0 2.0 2.0 1.0 
2.0 2.0 2.0 2.0 1.0 2.0 1.0 2.0 2.0 1.0 2.0 1.0 2.0 2.0 2.0 1.0 1.0 1.0 1.0 2.0 2.0 2.0 2.0 2.0 2.0 1.0 0 1.0 2.0 1.0 3.0 2.0 2.0 2.0 1.0 2.0 1.0 2.0 1.0 1.0 2.0 2.0 3.0 1.0 
2.0 1.0 1.0 1.0 1.0 2.0 1.0 2.0 2.0 1.0 1.0 1.0 2.0 2.0 2.0 1.0 2.0 1.0 1.0 2.0 2.0 1.0 2.0 2.0 1.0 2.0 1.0 0 1.0 1.0 3.0 3.0 3.0 3.0 2.0 2.0 2.0 1.0 2.0 2.0 2.0 2.0 3.0 2.0 
1.0 2.0 2.0 2.0 2.0 2.0 2.0 2.0 2.0 2.0 2.0 1.0 2.0 1.0 1.0 2.0 2.0 2.0 1.0 2.0 2.0 2.0 2.0 1.0 2.0 1.0 2.0 1.0 0 1.0 2.0 3.0 2.0 3.0 2.0 2.0 2.0 2.0 2.0 2.0 2.0 2.0 3.0 2.0 
2.0 2.0 2.0 2.0 1.0 1.0 2.0 2.0 1.0 2.0 2.0 1.0 1.0 2.0 2.0 2.0 2.0 2.0 2.0 1.0 2.0 2.0 2.0 2.0 2.0 1.0 1.0 1.0 1.0 0 2.0 3.0 3.0 2.0 2.0 2.0 2.0 2.0 2.0 2.0 2.0 1.0 3.0 2.0 
3.0 2.0 2.0 2.0 2.0 2.0 3.0 3.0 3.0 2.0 3.0 2.0 3.0 2.0 3.0 3.0 3.0 2.0 2.0 2.0 3.0 3.0 3.0 3.0 3.0 2.0 3.0 3.0 2.0 2.0 0 1.0 2.0 1.0 3.0 2.0 3.0 3.0 3.0 3.0 3.0 3.0 3.0 2.0 
3.0 2.0 3.0 3.0 2.0 2.0 3.0 3.0 2.0 3.0 2.0 2.0 2.0 3.0 2.0 3.0 3.0 2.0 3.0 2.0 3.0 3.0 3.0 4.0 3.0 3.0 2.0 3.0 3.0 3.0 1.0 0 1.0 2.0 3.0 3.0 3.0 3.0 3.0 2.0 3.0 2.0 4.0 2.0 
3.0 2.0 3.0 3.0 2.0 2.0 3.0 3.0 3.0 3.0 2.0 3.0 2.0 3.0 2.0 3.0 2.0 3.0 2.0 2.0 3.0 2.0 3.0 3.0 2.0 2.0 2.0 3.0 2.0 3.0 2.0 1.0 0 1.0 3.0 3.0 3.0 2.0 3.0 2.0 3.0 2.0 4.0 2.0 
3.0 2.0 3.0 3.0 3.0 3.0 3.0 2.0 2.0 2.0 3.0 2.0 3.0 3.0 3.0 2.0 2.0 3.0 3.0 2.0 2.0 2.0 3.0 3.0 3.0 3.0 2.0 3.0 3.0 2.0 1.0 2.0 1.0 0 3.0 3.0 3.0 3.0 2.0 3.0 3.0 3.0 4.0 3.0 
1.0 1.0 2.0 2.0 2.0 2.0 2.0 2.0 1.0 2.0 2.0 2.0 2.0 1.0 1.0 2.0 2.0 2.0 2.0 2.0 1.0 2.0 2.0 1.0 1.0 1.0 1.0 2.0 2.0 2.0 3.0 3.0 3.0 3.0 0 1.0 1.0 1.0 2.0 2.0 2.0 2.0 3.0 2.0 
1.0 1.0 2.0 2.0 2.0 2.0 1.0 1.0 2.0 2.0 1.0 2.0 2.0 1.0 2.0 2.0 2.0 2.0 2.0 2.0 2.0 2.0 2.0 2.0 2.0 2.0 2.0 2.0 2.0 2.0 2.0 3.0 3.0 3.0 1.0 0 1.0 2.0 2.0 1.0 1.0 2.0 2.0 1.0 
1.0 2.0 2.0 2.0 2.0 1.0 2.0 2.0 2.0 2.0 2.0 2.0 2.0 1.0 1.0 2.0 2.0 2.0 2.0 2.0 1.0 1.0 2.0 2.0 2.0 2.0 1.0 2.0 2.0 2.0 3.0 3.0 3.0 3.0 1.0 1.0 0 1.0 2.0 1.0 1.0 2.0 3.0 1.0 
1.0 1.0 2.0 2.0 2.0 1.0 2.0 2.0 2.0 2.0 1.0 2.0 1.0 2.0 2.0 2.0 2.0 2.0 2.0 1.0 2.0 2.0 2.0 1.0 2.0 2.0 2.0 1.0 2.0 2.0 3.0 3.0 2.0 3.0 1.0 2.0 1.0 0 1.0 2.0 1.0 2.0 3.0 1.0 
1.0 1.0 1.0 1.0 1.0 2.0 2.0 1.0 1.0 2.0 1.0 2.0 2.0 1.0 2.0 1.0 2.0 2.0 1.0 2.0 1.0 2.0 2.0 2.0 1.0 2.0 1.0 2.0 2.0 2.0 3.0 3.0 3.0 2.0 2.0 2.0 2.0 1.0 0 1.0 1.0 2.0 2.0 1.0 
2.0 1.0 2.0 2.0 1.0 2.0 2.0 1.0 1.0 2.0 1.0 2.0 2.0 2.0 2.0 2.0 1.0 2.0 2.0 2.0 2.0 2.0 2.0 2.0 1.0 2.0 1.0 2.0 2.0 2.0 3.0 2.0 2.0 3.0 2.0 1.0 1.0 2.0 1.0 0 1.0 2.0 2.0 1.0 
1.0 1.0 2.0 2.0 1.0 2.0 2.0 1.0 2.0 2.0 2.0 2.0 2.0 2.0 2.0 2.0 1.0 2.0 2.0 2.0 1.0 1.0 2.0 2.0 2.0 1.0 2.0 2.0 2.0 2.0 3.0 3.0 3.0 3.0 2.0 1.0 1.0 1.0 1.0 1.0 0 2.0 3.0 2.0 
2.0 2.0 1.0 2.0 1.0 2.0 2.0 2.0 1.0 2.0 1.0 2.0 2.0 2.0 2.0 2.0 2.0 1.0 1.0 1.0 2.0 1.0 1.0 2.0 1.0 2.0 2.0 2.0 2.0 1.0 3.0 2.0 2.0 3.0 2.0 2.0 2.0 2.0 2.0 2.0 2.0 0 3.0 2.0 
3.0 3.0 2.0 2.0 3.0 3.0 3.0 3.0 3.0 2.0 3.0 2.0 3.0 3.0 3.0 2.0 2.0 2.0 3.0 3.0 3.0 3.0 2.0 3.0 3.0 2.0 3.0 3.0 3.0 3.0 3.0 4.0 4.0 4.0 3.0 2.0 3.0 3.0 2.0 2.0 3.0 3.0 0 2.0 
1.0 2.0 2.0 2.0 2.0 2.0 2.0 2.0 2.0 2.0 1.0 2.0 2.0 2.0 2.0 2.0 2.0 2.0 1.0 1.0 2.0 2.0 2.0 2.0 2.0 1.0 1.0 2.0 2.0 2.0 2.0 2.0 2.0 3.0 2.0 1.0 1.0 1.0 1.0 1.0 2.0 2.0 2.0 0 
